GDC_Aliquot	Chromosome	Start	End	Num_Probes	Segment_Mean
480f3e67-5fdd-4f9d-b703-418f94f1de4a	1	3301765	29100084	13677	0.046
480f3e67-5fdd-4f9d-b703-418f94f1de4a	1	29101382	29457831	194	-0.9425
480f3e67-5fdd-4f9d-b703-418f94f1de4a	1	29459234	39078476	5370	0.0526
480f3e67-5fdd-4f9d-b703-418f94f1de4a	1	39084949	39154947	32	-0.9361
480f3e67-5fdd-4f9d-b703-418f94f1de4a	1	39155106	39178926	12	0.1516
480f3e67-5fdd-4f9d-b703-418f94f1de4a	1	39183941	39440987	113	-0.9215
480f3e67-5fdd-4f9d-b703-418f94f1de4a	1	39442550	49372335	5451	0.0503
480f3e67-5fdd-4f9d-b703-418f94f1de4a	1	49373930	149907993	43116	0.0818
480f3e67-5fdd-4f9d-b703-418f94f1de4a	1	149909846	166816008	10194	-0.1746
480f3e67-5fdd-4f9d-b703-418f94f1de4a	1	166817454	174574509	5155	0.244
480f3e67-5fdd-4f9d-b703-418f94f1de4a	1	174574833	176995662	1169	0.1837
480f3e67-5fdd-4f9d-b703-418f94f1de4a	1	176999557	183415442	4287	0.263
480f3e67-5fdd-4f9d-b703-418f94f1de4a	1	183416309	183876598	350	0.0912
480f3e67-5fdd-4f9d-b703-418f94f1de4a	1	183877908	183957454	44	0.265
480f3e67-5fdd-4f9d-b703-418f94f1de4a	1	183960369	184546958	421	0.4189
480f3e67-5fdd-4f9d-b703-418f94f1de4a	1	184547928	185250548	333	0.2815
480f3e67-5fdd-4f9d-b703-418f94f1de4a	1	185250586	187965158	1744	0.0925
480f3e67-5fdd-4f9d-b703-418f94f1de4a	1	187966549	188901739	556	-0.018
480f3e67-5fdd-4f9d-b703-418f94f1de4a	1	188909265	189150554	159	0.0998
480f3e67-5fdd-4f9d-b703-418f94f1de4a	1	189151949	191256369	1084	0.2603
480f3e67-5fdd-4f9d-b703-418f94f1de4a	1	191256472	193243913	1266	0.046
480f3e67-5fdd-4f9d-b703-418f94f1de4a	1	193243928	193487245	154	-0.1665
480f3e67-5fdd-4f9d-b703-418f94f1de4a	1	193487462	199263959	3197	0.0561
480f3e67-5fdd-4f9d-b703-418f94f1de4a	1	199264072	200473990	819	0.3109
480f3e67-5fdd-4f9d-b703-418f94f1de4a	1	200474872	217250097	11248	0.0659
480f3e67-5fdd-4f9d-b703-418f94f1de4a	1	217250148	221411936	2740	0.1123
480f3e67-5fdd-4f9d-b703-418f94f1de4a	1	221414108	230864011	5662	0.0607
480f3e67-5fdd-4f9d-b703-418f94f1de4a	1	230865045	247650984	10867	-0.1702
480f3e67-5fdd-4f9d-b703-418f94f1de4a	2	480597	3722677	1381	0.3386
480f3e67-5fdd-4f9d-b703-418f94f1de4a	2	3726693	3727219	5	1.1934
480f3e67-5fdd-4f9d-b703-418f94f1de4a	2	3727258	4115248	319	0.3543
480f3e67-5fdd-4f9d-b703-418f94f1de4a	2	4121199	4663810	381	0.3223
480f3e67-5fdd-4f9d-b703-418f94f1de4a	2	4663901	4669604	3	-1.1133
480f3e67-5fdd-4f9d-b703-418f94f1de4a	2	4669925	6211048	1209	0.2929
480f3e67-5fdd-4f9d-b703-418f94f1de4a	2	6215243	12215657	4250	0.3664
480f3e67-5fdd-4f9d-b703-418f94f1de4a	2	12216159	12217340	3	-1.0649
480f3e67-5fdd-4f9d-b703-418f94f1de4a	2	12219634	14181603	1166	0.3937
480f3e67-5fdd-4f9d-b703-418f94f1de4a	2	14182276	16862625	1878	0.3073
480f3e67-5fdd-4f9d-b703-418f94f1de4a	2	16863227	45869664	16777	0.3696
480f3e67-5fdd-4f9d-b703-418f94f1de4a	2	45870758	55917975	5559	0.5332
480f3e67-5fdd-4f9d-b703-418f94f1de4a	2	55921599	77060064	12276	0.4897
480f3e67-5fdd-4f9d-b703-418f94f1de4a	2	77060662	77069842	10	0.8506
480f3e67-5fdd-4f9d-b703-418f94f1de4a	2	77071275	80951436	1988	0.3146
480f3e67-5fdd-4f9d-b703-418f94f1de4a	2	80952250	81055057	43	0.8565
480f3e67-5fdd-4f9d-b703-418f94f1de4a	2	81059869	86286898	2738	0.3539
480f3e67-5fdd-4f9d-b703-418f94f1de4a	2	86289861	106762140	6929	0.1679
480f3e67-5fdd-4f9d-b703-418f94f1de4a	2	106763022	107291849	397	-0.0257
480f3e67-5fdd-4f9d-b703-418f94f1de4a	2	107291944	110702511	1325	0.1662
480f3e67-5fdd-4f9d-b703-418f94f1de4a	2	110711561	122387280	6156	-0.0478
480f3e67-5fdd-4f9d-b703-418f94f1de4a	2	122390573	122572994	132	0.0649
480f3e67-5fdd-4f9d-b703-418f94f1de4a	2	122574519	125414453	1081	0.2543
480f3e67-5fdd-4f9d-b703-418f94f1de4a	2	125414499	149442926	12558	0.1383
480f3e67-5fdd-4f9d-b703-418f94f1de4a	2	149446814	173392888	14380	0.1736
480f3e67-5fdd-4f9d-b703-418f94f1de4a	2	173394711	173443880	52	0.0219
480f3e67-5fdd-4f9d-b703-418f94f1de4a	2	173443900	179709929	3845	0.2133
480f3e67-5fdd-4f9d-b703-418f94f1de4a	2	179710804	179715980	10	-0.4815
480f3e67-5fdd-4f9d-b703-418f94f1de4a	2	179718567	192170297	6429	0.2257
480f3e67-5fdd-4f9d-b703-418f94f1de4a	2	192170522	206876006	7579	0.0809
480f3e67-5fdd-4f9d-b703-418f94f1de4a	2	206876661	206906685	23	-0.9611
480f3e67-5fdd-4f9d-b703-418f94f1de4a	2	206916443	216006883	5450	0.0683
480f3e67-5fdd-4f9d-b703-418f94f1de4a	2	216007487	230482650	9101	0.0982
480f3e67-5fdd-4f9d-b703-418f94f1de4a	2	230484173	241537572	6478	0.0606
480f3e67-5fdd-4f9d-b703-418f94f1de4a	3	2170634	20208305	10834	0.2348
480f3e67-5fdd-4f9d-b703-418f94f1de4a	3	20214665	30602047	6085	0.277
480f3e67-5fdd-4f9d-b703-418f94f1de4a	3	30602723	41613732	6912	0.241
480f3e67-5fdd-4f9d-b703-418f94f1de4a	3	41614172	42732656	499	0.0599
480f3e67-5fdd-4f9d-b703-418f94f1de4a	3	42733291	43829152	602	0.3366
480f3e67-5fdd-4f9d-b703-418f94f1de4a	3	43831872	44365107	272	0.0342
480f3e67-5fdd-4f9d-b703-418f94f1de4a	3	44365634	50169642	2693	0.4292
480f3e67-5fdd-4f9d-b703-418f94f1de4a	3	50175537	53284850	1357	0.0758
480f3e67-5fdd-4f9d-b703-418f94f1de4a	3	53285185	62054315	5019	0.4307
480f3e67-5fdd-4f9d-b703-418f94f1de4a	3	62054834	67205199	3932	0.0738
480f3e67-5fdd-4f9d-b703-418f94f1de4a	3	67208619	67533458	265	0.2595
480f3e67-5fdd-4f9d-b703-418f94f1de4a	3	67533867	67966408	221	0.0294
480f3e67-5fdd-4f9d-b703-418f94f1de4a	3	67967730	73654929	4074	0.2605
480f3e67-5fdd-4f9d-b703-418f94f1de4a	3	73654990	90436812	8412	0.0927
480f3e67-5fdd-4f9d-b703-418f94f1de4a	3	90453712	133318249	22240	-0.5049
480f3e67-5fdd-4f9d-b703-418f94f1de4a	3	133319265	135346876	1336	-0.5714
480f3e67-5fdd-4f9d-b703-418f94f1de4a	3	135348544	135351326	6	0.5936
480f3e67-5fdd-4f9d-b703-418f94f1de4a	3	135355208	142008144	3617	-0.5545
480f3e67-5fdd-4f9d-b703-418f94f1de4a	3	142011676	152379804	5212	-0.5002
480f3e67-5fdd-4f9d-b703-418f94f1de4a	3	152385241	152508527	89	-0.9828
480f3e67-5fdd-4f9d-b703-418f94f1de4a	3	152512775	160616920	4397	-0.5233
480f3e67-5fdd-4f9d-b703-418f94f1de4a	3	160621402	161649631	579	0.7102
480f3e67-5fdd-4f9d-b703-418f94f1de4a	3	161650023	169257835	3368	-0.5336
480f3e67-5fdd-4f9d-b703-418f94f1de4a	3	169259082	169259116	2	-2.8107
480f3e67-5fdd-4f9d-b703-418f94f1de4a	3	169259251	171336837	1268	-0.5462
480f3e67-5fdd-4f9d-b703-418f94f1de4a	3	171337613	171339045	5	-2.5834
480f3e67-5fdd-4f9d-b703-418f94f1de4a	3	171340032	172416238	511	-0.528
480f3e67-5fdd-4f9d-b703-418f94f1de4a	3	172419695	173392554	597	0.0581
480f3e67-5fdd-4f9d-b703-418f94f1de4a	3	173392722	176972093	1561	0.4034
480f3e67-5fdd-4f9d-b703-418f94f1de4a	3	177177049	179751157	1539	0.0602
480f3e67-5fdd-4f9d-b703-418f94f1de4a	3	179752095	190735043	6231	0.3836
480f3e67-5fdd-4f9d-b703-418f94f1de4a	3	190739070	197812401	3159	-0.0611
480f3e67-5fdd-4f9d-b703-418f94f1de4a	4	1059384	1233681	100	-0.0966
480f3e67-5fdd-4f9d-b703-418f94f1de4a	4	1234891	1960908	192	-0.0431
480f3e67-5fdd-4f9d-b703-418f94f1de4a	4	1961731	9679677	4065	0.2154
480f3e67-5fdd-4f9d-b703-418f94f1de4a	4	9686390	14714217	3848	0.157
480f3e67-5fdd-4f9d-b703-418f94f1de4a	4	14715485	21081464	4189	0.2285
480f3e67-5fdd-4f9d-b703-418f94f1de4a	4	21081601	26457617	3610	0.134
480f3e67-5fdd-4f9d-b703-418f94f1de4a	4	26457674	26891234	218	0.2137
480f3e67-5fdd-4f9d-b703-418f94f1de4a	4	26891701	38030959	6806	0.0217
480f3e67-5fdd-4f9d-b703-418f94f1de4a	4	38031310	42006330	2300	0.0879
480f3e67-5fdd-4f9d-b703-418f94f1de4a	4	42008867	56245493	5865	0.0462
480f3e67-5fdd-4f9d-b703-418f94f1de4a	4	56245617	56245993	4	1.3627
480f3e67-5fdd-4f9d-b703-418f94f1de4a	4	56246196	59807108	2144	0.0407
480f3e67-5fdd-4f9d-b703-418f94f1de4a	4	59811948	61832639	1153	-0.2071
480f3e67-5fdd-4f9d-b703-418f94f1de4a	4	61832735	62030310	108	-0.5264
480f3e67-5fdd-4f9d-b703-418f94f1de4a	4	62030796	69533299	3408	-0.2197
480f3e67-5fdd-4f9d-b703-418f94f1de4a	4	69535633	84962553	9127	-0.1689
480f3e67-5fdd-4f9d-b703-418f94f1de4a	4	84964893	85739091	493	-0.4727
480f3e67-5fdd-4f9d-b703-418f94f1de4a	4	85741000	89410338	2226	-0.1684
480f3e67-5fdd-4f9d-b703-418f94f1de4a	4	89412778	122966040	18704	-0.257
480f3e67-5fdd-4f9d-b703-418f94f1de4a	4	122966190	128006558	2725	-0.2049
480f3e67-5fdd-4f9d-b703-418f94f1de4a	4	128010223	160894217	18047	-0.2619
480f3e67-5fdd-4f9d-b703-418f94f1de4a	4	160894402	160939779	22	-0.8052
480f3e67-5fdd-4f9d-b703-418f94f1de4a	4	161010744	162769474	1002	-0.2643
480f3e67-5fdd-4f9d-b703-418f94f1de4a	4	162769503	162787733	18	-0.5873
480f3e67-5fdd-4f9d-b703-418f94f1de4a	4	162791273	173990964	5956	-0.3208
480f3e67-5fdd-4f9d-b703-418f94f1de4a	4	173992405	173996392	2	-2.8979
480f3e67-5fdd-4f9d-b703-418f94f1de4a	4	173998379	186632775	6258	-0.3526
480f3e67-5fdd-4f9d-b703-418f94f1de4a	4	186632868	187842528	701	-0.6228
480f3e67-5fdd-4f9d-b703-418f94f1de4a	5	913983	1428688	128	-0.0886
480f3e67-5fdd-4f9d-b703-418f94f1de4a	5	1880474	2418752	438	0.868
480f3e67-5fdd-4f9d-b703-418f94f1de4a	5	2419669	2960153	475	-0.0886
480f3e67-5fdd-4f9d-b703-418f94f1de4a	5	2960676	3762242	705	0.8739
480f3e67-5fdd-4f9d-b703-418f94f1de4a	5	3764971	3783643	24	-0.2208
480f3e67-5fdd-4f9d-b703-418f94f1de4a	5	3783788	6490339	2204	-0.0936
480f3e67-5fdd-4f9d-b703-418f94f1de4a	5	6494336	6499657	11	0.7601
480f3e67-5fdd-4f9d-b703-418f94f1de4a	5	6500082	7794229	925	-0.0657
480f3e67-5fdd-4f9d-b703-418f94f1de4a	5	7794390	32375816	13987	-0.0012
480f3e67-5fdd-4f9d-b703-418f94f1de4a	5	32376211	57394342	11258	0.0399
480f3e67-5fdd-4f9d-b703-418f94f1de4a	5	57399777	57478957	69	-0.0875
480f3e67-5fdd-4f9d-b703-418f94f1de4a	5	57479796	59700777	1578	-0.1961
480f3e67-5fdd-4f9d-b703-418f94f1de4a	5	59702583	60694015	492	0.0411
480f3e67-5fdd-4f9d-b703-418f94f1de4a	5	60694030	61823481	676	-0.2504
480f3e67-5fdd-4f9d-b703-418f94f1de4a	5	61827184	63098186	717	-0.018
480f3e67-5fdd-4f9d-b703-418f94f1de4a	5	63099238	105995274	21741	-0.252
480f3e67-5fdd-4f9d-b703-418f94f1de4a	5	105998445	106031495	12	0.4701
480f3e67-5fdd-4f9d-b703-418f94f1de4a	5	106034083	107177620	462	0.7908
480f3e67-5fdd-4f9d-b703-418f94f1de4a	5	107177812	107177931	2	-1.2729
480f3e67-5fdd-4f9d-b703-418f94f1de4a	5	107183268	116362937	5879	0.7148
480f3e67-5fdd-4f9d-b703-418f94f1de4a	5	116363568	125753297	5574	0.5651
480f3e67-5fdd-4f9d-b703-418f94f1de4a	5	125759377	134575371	5060	0.3943
480f3e67-5fdd-4f9d-b703-418f94f1de4a	5	134576370	134727351	48	0.6716
480f3e67-5fdd-4f9d-b703-418f94f1de4a	5	134732464	143214625	4847	0.3773
480f3e67-5fdd-4f9d-b703-418f94f1de4a	5	143214956	143246695	32	0.7614
480f3e67-5fdd-4f9d-b703-418f94f1de4a	5	143249878	164812990	13869	0.3801
480f3e67-5fdd-4f9d-b703-418f94f1de4a	5	164813471	166317364	980	0.2283
480f3e67-5fdd-4f9d-b703-418f94f1de4a	5	166317428	180932733	8727	0.3831
480f3e67-5fdd-4f9d-b703-418f94f1de4a	5	180932926	180934240	4	0.8143
480f3e67-5fdd-4f9d-b703-418f94f1de4a	6	1011760	2220286	918	-0.2697
480f3e67-5fdd-4f9d-b703-418f94f1de4a	6	2220396	2942001	560	-0.5451
480f3e67-5fdd-4f9d-b703-418f94f1de4a	6	2942012	3112754	144	-0.1825
480f3e67-5fdd-4f9d-b703-418f94f1de4a	6	3118542	6054040	1963	-0.5756
480f3e67-5fdd-4f9d-b703-418f94f1de4a	6	6054108	17557843	8163	-0.2281
480f3e67-5fdd-4f9d-b703-418f94f1de4a	6	17561063	21636977	2798	0.0431
480f3e67-5fdd-4f9d-b703-418f94f1de4a	6	21645512	21648648	2	-1.7409
480f3e67-5fdd-4f9d-b703-418f94f1de4a	6	21650772	54800460	18100	0.0546
480f3e67-5fdd-4f9d-b703-418f94f1de4a	6	54803165	56734055	1159	0.129
480f3e67-5fdd-4f9d-b703-418f94f1de4a	6	56734919	77257900	9029	0.0509
480f3e67-5fdd-4f9d-b703-418f94f1de4a	6	77258067	80104500	1468	-0.2361
480f3e67-5fdd-4f9d-b703-418f94f1de4a	6	80104991	81517983	834	-0.1423
480f3e67-5fdd-4f9d-b703-418f94f1de4a	6	81518620	83363533	953	-0.2481
480f3e67-5fdd-4f9d-b703-418f94f1de4a	6	83365562	84894974	963	0.0177
480f3e67-5fdd-4f9d-b703-418f94f1de4a	6	84898000	85278711	276	0.2675
480f3e67-5fdd-4f9d-b703-418f94f1de4a	6	85278953	85431428	104	0.0482
480f3e67-5fdd-4f9d-b703-418f94f1de4a	6	85435761	86662067	530	0.2261
480f3e67-5fdd-4f9d-b703-418f94f1de4a	6	86676430	90759624	2553	0.0066
480f3e67-5fdd-4f9d-b703-418f94f1de4a	6	90762024	90762298	2	-1.7725
480f3e67-5fdd-4f9d-b703-418f94f1de4a	6	90762571	96033368	2273	-0.0178
480f3e67-5fdd-4f9d-b703-418f94f1de4a	6	96034321	99467487	2098	-0.6767
480f3e67-5fdd-4f9d-b703-418f94f1de4a	6	99468091	103037158	1978	-0.043
480f3e67-5fdd-4f9d-b703-418f94f1de4a	6	103039595	118817120	8945	-0.6132
480f3e67-5fdd-4f9d-b703-418f94f1de4a	6	118821899	119449741	338	0.3715
480f3e67-5fdd-4f9d-b703-418f94f1de4a	6	119450172	119614332	112	-0.3958
480f3e67-5fdd-4f9d-b703-418f94f1de4a	6	119622238	120082841	263	0.3899
480f3e67-5fdd-4f9d-b703-418f94f1de4a	6	120085179	122331866	1225	-0.5921
480f3e67-5fdd-4f9d-b703-418f94f1de4a	6	122337078	125063440	1618	-0.1272
480f3e67-5fdd-4f9d-b703-418f94f1de4a	6	125063442	125068153	4	-1.5092
480f3e67-5fdd-4f9d-b703-418f94f1de4a	6	125068484	127106581	1156	-0.1095
480f3e67-5fdd-4f9d-b703-418f94f1de4a	6	127111512	128054312	552	-0.5936
480f3e67-5fdd-4f9d-b703-418f94f1de4a	6	128057674	130175157	1408	0.0262
480f3e67-5fdd-4f9d-b703-418f94f1de4a	6	130177412	131594226	924	-0.6026
480f3e67-5fdd-4f9d-b703-418f94f1de4a	6	131595258	131636585	20	-0.0018
480f3e67-5fdd-4f9d-b703-418f94f1de4a	6	131636942	140421012	5726	-0.6441
480f3e67-5fdd-4f9d-b703-418f94f1de4a	6	140421932	140936436	38	-0.1683
480f3e67-5fdd-4f9d-b703-418f94f1de4a	6	140938357	143459207	1399	-0.6411
480f3e67-5fdd-4f9d-b703-418f94f1de4a	6	143477311	143539203	96	-0.064
480f3e67-5fdd-4f9d-b703-418f94f1de4a	6	143539462	144903667	913	-0.6272
480f3e67-5fdd-4f9d-b703-418f94f1de4a	6	144911025	145043315	93	0.0184
480f3e67-5fdd-4f9d-b703-418f94f1de4a	6	145055349	146361626	707	-0.6362
480f3e67-5fdd-4f9d-b703-418f94f1de4a	6	146363896	149826402	2349	-0.029
480f3e67-5fdd-4f9d-b703-418f94f1de4a	6	149830852	150042873	140	-0.6301
480f3e67-5fdd-4f9d-b703-418f94f1de4a	6	150044207	170596889	12032	-0.148
480f3e67-5fdd-4f9d-b703-418f94f1de4a	7	664936	15978394	7760	0.2375
480f3e67-5fdd-4f9d-b703-418f94f1de4a	7	15978471	15978487	2	-1.5491
480f3e67-5fdd-4f9d-b703-418f94f1de4a	7	15978882	19749316	1532	0.2507
480f3e67-5fdd-4f9d-b703-418f94f1de4a	7	19749731	26796326	5106	0.1923
480f3e67-5fdd-4f9d-b703-418f94f1de4a	7	26798592	26802576	2	1.9293
480f3e67-5fdd-4f9d-b703-418f94f1de4a	7	26803506	67357580	20033	0.2128
480f3e67-5fdd-4f9d-b703-418f94f1de4a	7	67358035	73338803	3183	0.2728
480f3e67-5fdd-4f9d-b703-418f94f1de4a	7	73340235	73710849	131	0.0181
480f3e67-5fdd-4f9d-b703-418f94f1de4a	7	73727134	74727766	361	0.7595
480f3e67-5fdd-4f9d-b703-418f94f1de4a	7	74840595	75563771	59	0.0945
480f3e67-5fdd-4f9d-b703-418f94f1de4a	7	75568214	75809445	106	-0.0649
480f3e67-5fdd-4f9d-b703-418f94f1de4a	7	75809462	75810378	2	-2.1583
480f3e67-5fdd-4f9d-b703-418f94f1de4a	7	75812444	78707459	1341	-0.156
480f3e67-5fdd-4f9d-b703-418f94f1de4a	7	78708454	78713481	2	-3.1634
480f3e67-5fdd-4f9d-b703-418f94f1de4a	7	78713583	83361442	2841	-0.1425
480f3e67-5fdd-4f9d-b703-418f94f1de4a	7	83373890	93821229	5039	0.0829
480f3e67-5fdd-4f9d-b703-418f94f1de4a	7	93827796	95989761	1321	0.1557
480f3e67-5fdd-4f9d-b703-418f94f1de4a	7	95990065	97596174	957	0.0778
480f3e67-5fdd-4f9d-b703-418f94f1de4a	7	97599084	99634203	843	0.2478
480f3e67-5fdd-4f9d-b703-418f94f1de4a	7	99641793	100946831	453	0.0585
480f3e67-5fdd-4f9d-b703-418f94f1de4a	7	100963746	101255802	124	-0.2342
480f3e67-5fdd-4f9d-b703-418f94f1de4a	7	101258556	104066489	1212	0.2217
480f3e67-5fdd-4f9d-b703-418f94f1de4a	7	104066730	107347275	2046	0.6807
480f3e67-5fdd-4f9d-b703-418f94f1de4a	7	107347628	107775908	192	0.2589
480f3e67-5fdd-4f9d-b703-418f94f1de4a	7	107779357	107809588	29	0.5595
480f3e67-5fdd-4f9d-b703-418f94f1de4a	7	107810600	107981843	105	0.2333
480f3e67-5fdd-4f9d-b703-418f94f1de4a	7	107982585	109953301	1090	0.0798
480f3e67-5fdd-4f9d-b703-418f94f1de4a	7	109954956	110535444	383	0.7466
480f3e67-5fdd-4f9d-b703-418f94f1de4a	7	110535767	111718760	340	0.0577
480f3e67-5fdd-4f9d-b703-418f94f1de4a	7	111718956	114577133	1353	0.2672
480f3e67-5fdd-4f9d-b703-418f94f1de4a	7	114580774	115997393	763	0.1072
480f3e67-5fdd-4f9d-b703-418f94f1de4a	7	116004479	116272427	169	0.3079
480f3e67-5fdd-4f9d-b703-418f94f1de4a	7	116272524	116444313	109	0.0653
480f3e67-5fdd-4f9d-b703-418f94f1de4a	7	116444873	121264979	2637	-0.1752
480f3e67-5fdd-4f9d-b703-418f94f1de4a	7	121265379	124862920	2137	0.0255
480f3e67-5fdd-4f9d-b703-418f94f1de4a	7	124863581	127094218	1120	0.2884
480f3e67-5fdd-4f9d-b703-418f94f1de4a	7	127094807	131979256	2610	0.0581
480f3e67-5fdd-4f9d-b703-418f94f1de4a	7	131994531	132460031	264	-0.1962
480f3e67-5fdd-4f9d-b703-418f94f1de4a	7	132464172	132661998	143	0.1562
480f3e67-5fdd-4f9d-b703-418f94f1de4a	7	132672937	133765163	641	-0.2213
480f3e67-5fdd-4f9d-b703-418f94f1de4a	7	133767256	136427097	1710	0.1963
480f3e67-5fdd-4f9d-b703-418f94f1de4a	7	136431575	137808086	905	0.5839
480f3e67-5fdd-4f9d-b703-418f94f1de4a	7	137808519	137989074	113	0.2023
480f3e67-5fdd-4f9d-b703-418f94f1de4a	7	137990830	140066583	1102	-0.0006
480f3e67-5fdd-4f9d-b703-418f94f1de4a	7	140066864	140265497	90	-0.4787
480f3e67-5fdd-4f9d-b703-418f94f1de4a	7	140280727	141101443	508	-0.0212
480f3e67-5fdd-4f9d-b703-418f94f1de4a	7	141103720	147646649	3125	-0.5028
480f3e67-5fdd-4f9d-b703-418f94f1de4a	7	147647626	147928644	186	-0.9621
480f3e67-5fdd-4f9d-b703-418f94f1de4a	7	147929231	148878937	653	-0.5149
480f3e67-5fdd-4f9d-b703-418f94f1de4a	7	148891183	148940698	26	-1.3035
480f3e67-5fdd-4f9d-b703-418f94f1de4a	7	148945913	158592540	4822	-0.5436
480f3e67-5fdd-4f9d-b703-418f94f1de4a	8	667625	5038876	2359	0.4073
480f3e67-5fdd-4f9d-b703-418f94f1de4a	8	5039421	11791683	2888	0.3507
480f3e67-5fdd-4f9d-b703-418f94f1de4a	8	11801118	13207449	400	0.4028
480f3e67-5fdd-4f9d-b703-418f94f1de4a	8	13211352	18233535	3757	0.4594
480f3e67-5fdd-4f9d-b703-418f94f1de4a	8	18234134	35669808	11638	0.4172
480f3e67-5fdd-4f9d-b703-418f94f1de4a	8	35670244	42199783	3521	0.4537
480f3e67-5fdd-4f9d-b703-418f94f1de4a	8	42199852	56966431	6130	0.4057
480f3e67-5fdd-4f9d-b703-418f94f1de4a	8	56969362	60739585	2397	0.494
480f3e67-5fdd-4f9d-b703-418f94f1de4a	8	60741047	74659200	8312	0.419
480f3e67-5fdd-4f9d-b703-418f94f1de4a	8	74659417	78836938	2252	0.4805
480f3e67-5fdd-4f9d-b703-418f94f1de4a	8	78840595	90475416	6272	0.3819
480f3e67-5fdd-4f9d-b703-418f94f1de4a	8	90479951	93677970	1754	0.4537
480f3e67-5fdd-4f9d-b703-418f94f1de4a	8	93678080	123173236	17228	0.4073
480f3e67-5fdd-4f9d-b703-418f94f1de4a	8	123173707	128375269	3625	0.3648
480f3e67-5fdd-4f9d-b703-418f94f1de4a	8	128381011	137857476	6837	0.4187
480f3e67-5fdd-4f9d-b703-418f94f1de4a	8	137858162	139579327	1472	0.3609
480f3e67-5fdd-4f9d-b703-418f94f1de4a	8	139579582	144182542	1242	0.4137
480f3e67-5fdd-4f9d-b703-418f94f1de4a	9	789794	962778	155	0.4769
480f3e67-5fdd-4f9d-b703-418f94f1de4a	9	965006	2084739	532	0.7555
480f3e67-5fdd-4f9d-b703-418f94f1de4a	9	2089813	2427960	354	0.9609
480f3e67-5fdd-4f9d-b703-418f94f1de4a	9	2429859	14163478	6480	0.7081
480f3e67-5fdd-4f9d-b703-418f94f1de4a	9	14168030	14439367	247	0.2319
480f3e67-5fdd-4f9d-b703-418f94f1de4a	9	14440554	14685581	236	0.5714
480f3e67-5fdd-4f9d-b703-418f94f1de4a	9	14691079	15418447	587	0.2428
480f3e67-5fdd-4f9d-b703-418f94f1de4a	9	15424797	16880923	1176	-0.1889
480f3e67-5fdd-4f9d-b703-418f94f1de4a	9	16881007	18062047	860	0.0451
480f3e67-5fdd-4f9d-b703-418f94f1de4a	9	18064375	19554111	1253	-0.4558
480f3e67-5fdd-4f9d-b703-418f94f1de4a	9	19555474	21954954	1748	0.0001
480f3e67-5fdd-4f9d-b703-418f94f1de4a	9	21956079	27001005	3035	-0.4207
480f3e67-5fdd-4f9d-b703-418f94f1de4a	9	27009102	38746454	6873	0.0793
480f3e67-5fdd-4f9d-b703-418f94f1de4a	9	38746476	70750834	1745	-0.0709
480f3e67-5fdd-4f9d-b703-418f94f1de4a	9	70751027	71196234	359	0.1849
480f3e67-5fdd-4f9d-b703-418f94f1de4a	9	71196236	80348696	6264	-0.0802
480f3e67-5fdd-4f9d-b703-418f94f1de4a	9	80349208	138044505	36405	0.1608
480f3e67-5fdd-4f9d-b703-418f94f1de4a	10	366509	4073128	2184	-0.385
480f3e67-5fdd-4f9d-b703-418f94f1de4a	10	4073410	4690845	601	-0.2865
480f3e67-5fdd-4f9d-b703-418f94f1de4a	10	4691996	4694200	2	-2.2785
480f3e67-5fdd-4f9d-b703-418f94f1de4a	10	4698256	29116458	17370	-0.2671
480f3e67-5fdd-4f9d-b703-418f94f1de4a	10	29118558	65169312	18574	0.0363
480f3e67-5fdd-4f9d-b703-418f94f1de4a	10	65170566	87872765	13668	0.0014
480f3e67-5fdd-4f9d-b703-418f94f1de4a	10	87881541	87881544	4	-1.8942
480f3e67-5fdd-4f9d-b703-418f94f1de4a	10	87881545	110462246	13582	0.0263
480f3e67-5fdd-4f9d-b703-418f94f1de4a	10	110463528	110467820	2	-2.0671
480f3e67-5fdd-4f9d-b703-418f94f1de4a	10	110471688	118123842	5361	0.0517
480f3e67-5fdd-4f9d-b703-418f94f1de4a	10	118130710	133410868	9767	0.0065
480f3e67-5fdd-4f9d-b703-418f94f1de4a	10	133411583	133411599	2	-0.803
480f3e67-5fdd-4f9d-b703-418f94f1de4a	11	456012	577454	24	0.7628
480f3e67-5fdd-4f9d-b703-418f94f1de4a	11	577684	1500204	281	-0.5352
480f3e67-5fdd-4f9d-b703-418f94f1de4a	11	1506488	2318592	210	0.7467
480f3e67-5fdd-4f9d-b703-418f94f1de4a	11	2320447	2953682	275	0.4832
480f3e67-5fdd-4f9d-b703-418f94f1de4a	11	2953990	3386299	203	0.7536
480f3e67-5fdd-4f9d-b703-418f94f1de4a	11	3417166	3428208	7	-0.1149
480f3e67-5fdd-4f9d-b703-418f94f1de4a	11	3519839	5117298	997	0.7261
480f3e67-5fdd-4f9d-b703-418f94f1de4a	11	5117503	9757097	2971	0.5209
480f3e67-5fdd-4f9d-b703-418f94f1de4a	11	9757912	10794798	682	0.7746
480f3e67-5fdd-4f9d-b703-418f94f1de4a	11	10796666	31581617	14199	-0.4145
480f3e67-5fdd-4f9d-b703-418f94f1de4a	11	31588129	31593772	7	1.7614
480f3e67-5fdd-4f9d-b703-418f94f1de4a	11	31596462	43467027	7499	-0.3878
480f3e67-5fdd-4f9d-b703-418f94f1de4a	11	43467665	49992218	3189	-0.3118
480f3e67-5fdd-4f9d-b703-418f94f1de4a	11	50060063	87089727	16052	-0.2641
480f3e67-5fdd-4f9d-b703-418f94f1de4a	11	87090166	87273234	138	-0.5197
480f3e67-5fdd-4f9d-b703-418f94f1de4a	11	87273832	89274881	1277	-0.2684
480f3e67-5fdd-4f9d-b703-418f94f1de4a	11	89276203	105549062	9998	-0.3304
480f3e67-5fdd-4f9d-b703-418f94f1de4a	11	105553068	134272740	19326	-0.3729
480f3e67-5fdd-4f9d-b703-418f94f1de4a	12	780472	1923349	288	-0.1283
480f3e67-5fdd-4f9d-b703-418f94f1de4a	12	1925020	2197387	170	2.6687
480f3e67-5fdd-4f9d-b703-418f94f1de4a	12	2197403	2215241	15	1.7628
480f3e67-5fdd-4f9d-b703-418f94f1de4a	12	2215743	2252294	32	0.8257
480f3e67-5fdd-4f9d-b703-418f94f1de4a	12	2257155	6581871	3175	-0.1541
480f3e67-5fdd-4f9d-b703-418f94f1de4a	12	6591627	6682182	32	3.2474
480f3e67-5fdd-4f9d-b703-418f94f1de4a	12	6691963	8535479	639	-0.1256
480f3e67-5fdd-4f9d-b703-418f94f1de4a	12	8540595	8730400	93	2.8334
480f3e67-5fdd-4f9d-b703-418f94f1de4a	12	8736482	14633140	3408	-0.112
480f3e67-5fdd-4f9d-b703-418f94f1de4a	12	14644689	14801222	94	3.4271
480f3e67-5fdd-4f9d-b703-418f94f1de4a	12	14806457	15870119	605	-0.0764
480f3e67-5fdd-4f9d-b703-418f94f1de4a	12	15880508	15937813	34	1.9838
480f3e67-5fdd-4f9d-b703-418f94f1de4a	12	15942646	20564614	2852	-0.092
480f3e67-5fdd-4f9d-b703-418f94f1de4a	12	20567773	20855049	166	0.8664
480f3e67-5fdd-4f9d-b703-418f94f1de4a	12	20884733	26051227	3383	-0.1283
480f3e67-5fdd-4f9d-b703-418f94f1de4a	12	26052356	26070650	17	2.2547
480f3e67-5fdd-4f9d-b703-418f94f1de4a	12	26074656	26084881	13	0.6388
480f3e67-5fdd-4f9d-b703-418f94f1de4a	12	26086977	26093775	7	2.8746
480f3e67-5fdd-4f9d-b703-418f94f1de4a	12	26094816	33368216	4633	-0.1242
480f3e67-5fdd-4f9d-b703-418f94f1de4a	12	38827290	39971581	608	-0.4793
480f3e67-5fdd-4f9d-b703-418f94f1de4a	12	39973255	40464203	292	0.8063
480f3e67-5fdd-4f9d-b703-418f94f1de4a	12	40474416	42358699	1254	-0.4357
480f3e67-5fdd-4f9d-b703-418f94f1de4a	12	42362714	42398949	27	2.5292
480f3e67-5fdd-4f9d-b703-418f94f1de4a	12	42400865	42422512	14	1.4007
480f3e67-5fdd-4f9d-b703-418f94f1de4a	12	42433142	42521421	58	3.2944
480f3e67-5fdd-4f9d-b703-418f94f1de4a	12	42521798	43791849	423	-0.4117
480f3e67-5fdd-4f9d-b703-418f94f1de4a	12	43797018	43805339	4	1.7503
480f3e67-5fdd-4f9d-b703-418f94f1de4a	12	43806968	46280466	1439	-0.4294
480f3e67-5fdd-4f9d-b703-418f94f1de4a	12	46281795	46377134	42	0.57
480f3e67-5fdd-4f9d-b703-418f94f1de4a	12	46380162	46566874	101	2.5585
480f3e67-5fdd-4f9d-b703-418f94f1de4a	12	46569531	47458514	562	0.9964
480f3e67-5fdd-4f9d-b703-418f94f1de4a	12	47463984	47496051	16	-0.2183
480f3e67-5fdd-4f9d-b703-418f94f1de4a	12	47496203	47547266	33	0.862
480f3e67-5fdd-4f9d-b703-418f94f1de4a	12	47548246	48074766	281	1.2864
480f3e67-5fdd-4f9d-b703-418f94f1de4a	12	48075779	48165859	47	0.9057
480f3e67-5fdd-4f9d-b703-418f94f1de4a	12	48169205	48196996	22	3.2643
480f3e67-5fdd-4f9d-b703-418f94f1de4a	12	48200731	48249731	30	0.7438
480f3e67-5fdd-4f9d-b703-418f94f1de4a	12	48251549	48306499	32	1.3727
480f3e67-5fdd-4f9d-b703-418f94f1de4a	12	48308019	49537007	555	-0.3907
480f3e67-5fdd-4f9d-b703-418f94f1de4a	12	49540782	49558885	4	1.8932
480f3e67-5fdd-4f9d-b703-418f94f1de4a	12	49563031	50079666	265	-0.4215
480f3e67-5fdd-4f9d-b703-418f94f1de4a	12	50083613	51216095	524	0.7435
480f3e67-5fdd-4f9d-b703-418f94f1de4a	12	51216581	51422356	123	0.4907
480f3e67-5fdd-4f9d-b703-418f94f1de4a	12	51430653	51486042	34	3.2814
480f3e67-5fdd-4f9d-b703-418f94f1de4a	12	51486661	51671010	90	0.4847
480f3e67-5fdd-4f9d-b703-418f94f1de4a	12	51673541	51762552	45	2.521
480f3e67-5fdd-4f9d-b703-418f94f1de4a	12	51763703	51809427	35	1.1668
480f3e67-5fdd-4f9d-b703-418f94f1de4a	12	51812874	51963896	50	2.7418
480f3e67-5fdd-4f9d-b703-418f94f1de4a	12	51964384	52134709	98	0.5021
480f3e67-5fdd-4f9d-b703-418f94f1de4a	12	52134833	53440246	752	0.2644
480f3e67-5fdd-4f9d-b703-418f94f1de4a	12	53442846	53600166	70	0.9551
480f3e67-5fdd-4f9d-b703-418f94f1de4a	12	53602257	53754853	102	0.2273
480f3e67-5fdd-4f9d-b703-418f94f1de4a	12	53759880	53975955	150	0.9056
480f3e67-5fdd-4f9d-b703-418f94f1de4a	12	53977024	54012999	7	0.1976
480f3e67-5fdd-4f9d-b703-418f94f1de4a	12	54013071	54271135	115	0.5794
480f3e67-5fdd-4f9d-b703-418f94f1de4a	12	54281011	54301993	6	0.1378
480f3e67-5fdd-4f9d-b703-418f94f1de4a	12	54302889	54384022	21	3.1554
480f3e67-5fdd-4f9d-b703-418f94f1de4a	12	54385039	54944845	321	0.4258
480f3e67-5fdd-4f9d-b703-418f94f1de4a	12	54945316	55051162	99	1.4907
480f3e67-5fdd-4f9d-b703-418f94f1de4a	12	55053493	55333399	155	1.7728
480f3e67-5fdd-4f9d-b703-418f94f1de4a	12	55334751	55467359	78	1.5173
480f3e67-5fdd-4f9d-b703-418f94f1de4a	12	55467575	55608998	80	2.0566
480f3e67-5fdd-4f9d-b703-418f94f1de4a	12	55610624	55650632	35	1.1637
480f3e67-5fdd-4f9d-b703-418f94f1de4a	12	55651075	55804287	77	1.7212
480f3e67-5fdd-4f9d-b703-418f94f1de4a	12	55804652	56060372	81	1.1647
480f3e67-5fdd-4f9d-b703-418f94f1de4a	12	56070651	56387641	178	0.561
480f3e67-5fdd-4f9d-b703-418f94f1de4a	12	56387660	56913457	240	0.9252
480f3e67-5fdd-4f9d-b703-418f94f1de4a	12	56915984	56993274	58	1.7218
480f3e67-5fdd-4f9d-b703-418f94f1de4a	12	56996034	57229387	91	2.0364
480f3e67-5fdd-4f9d-b703-418f94f1de4a	12	57236661	57245773	2	4.7044
480f3e67-5fdd-4f9d-b703-418f94f1de4a	12	57252646	57336399	30	1.9587
480f3e67-5fdd-4f9d-b703-418f94f1de4a	12	57339016	57424996	44	1.4595
480f3e67-5fdd-4f9d-b703-418f94f1de4a	12	57428693	57444982	12	2.8851
480f3e67-5fdd-4f9d-b703-418f94f1de4a	12	57449231	57484947	18	1.4223
480f3e67-5fdd-4f9d-b703-418f94f1de4a	12	57492826	57531964	14	2.2
480f3e67-5fdd-4f9d-b703-418f94f1de4a	12	57539024	58555192	658	2.8718
480f3e67-5fdd-4f9d-b703-418f94f1de4a	12	58555326	58562821	12	2.323
480f3e67-5fdd-4f9d-b703-418f94f1de4a	12	58563278	59644211	710	0.9932
480f3e67-5fdd-4f9d-b703-418f94f1de4a	12	59645362	59725850	65	1.4791
480f3e67-5fdd-4f9d-b703-418f94f1de4a	12	59731682	60039797	190	0.9768
480f3e67-5fdd-4f9d-b703-418f94f1de4a	12	60039900	60284632	149	1.4537
480f3e67-5fdd-4f9d-b703-418f94f1de4a	12	60285009	60486880	114	0.9918
480f3e67-5fdd-4f9d-b703-418f94f1de4a	12	60489845	60882922	206	1.9237
480f3e67-5fdd-4f9d-b703-418f94f1de4a	12	60884983	60995284	44	0.9695
480f3e67-5fdd-4f9d-b703-418f94f1de4a	12	60996556	61023697	19	1.9272
480f3e67-5fdd-4f9d-b703-418f94f1de4a	12	61026960	61355891	191	0.9446
480f3e67-5fdd-4f9d-b703-418f94f1de4a	12	61357605	61370035	12	1.7618
480f3e67-5fdd-4f9d-b703-418f94f1de4a	12	61372370	61447295	57	1.0386
480f3e67-5fdd-4f9d-b703-418f94f1de4a	12	61451405	61987461	326	0.7246
480f3e67-5fdd-4f9d-b703-418f94f1de4a	12	61995134	62029532	33	0.3826
480f3e67-5fdd-4f9d-b703-418f94f1de4a	12	62032159	62145073	78	0.7322
480f3e67-5fdd-4f9d-b703-418f94f1de4a	12	62145371	62337878	100	0.8941
480f3e67-5fdd-4f9d-b703-418f94f1de4a	12	62353465	63061900	516	0.6202
480f3e67-5fdd-4f9d-b703-418f94f1de4a	12	63063400	63173556	95	3.5317
480f3e67-5fdd-4f9d-b703-418f94f1de4a	12	63182599	63298930	94	2.5237
480f3e67-5fdd-4f9d-b703-418f94f1de4a	12	63302768	63338195	17	1.3249
480f3e67-5fdd-4f9d-b703-418f94f1de4a	12	63342618	63790222	136	0.6084
480f3e67-5fdd-4f9d-b703-418f94f1de4a	12	63790883	63812588	9	1.4347
480f3e67-5fdd-4f9d-b703-418f94f1de4a	12	63833786	63958139	71	0.6589
480f3e67-5fdd-4f9d-b703-418f94f1de4a	12	63967682	63992237	13	1.375
480f3e67-5fdd-4f9d-b703-418f94f1de4a	12	63995407	64619482	325	0.8265
480f3e67-5fdd-4f9d-b703-418f94f1de4a	12	64621634	65773874	692	0.6103
480f3e67-5fdd-4f9d-b703-418f94f1de4a	12	65781076	65807572	18	1.9504
480f3e67-5fdd-4f9d-b703-418f94f1de4a	12	65807597	65822293	10	2.5306
480f3e67-5fdd-4f9d-b703-418f94f1de4a	12	65823614	65964134	67	3.7053
480f3e67-5fdd-4f9d-b703-418f94f1de4a	12	65964567	66022038	37	2.3888
480f3e67-5fdd-4f9d-b703-418f94f1de4a	12	66027514	66088600	37	0.7254
480f3e67-5fdd-4f9d-b703-418f94f1de4a	12	66088792	66116869	24	1.4783
480f3e67-5fdd-4f9d-b703-418f94f1de4a	12	66119331	66270936	105	0.6166
480f3e67-5fdd-4f9d-b703-418f94f1de4a	12	66273791	66419520	84	1.5593
480f3e67-5fdd-4f9d-b703-418f94f1de4a	12	66421652	66483596	49	1.9453
480f3e67-5fdd-4f9d-b703-418f94f1de4a	12	66491291	66495028	6	1.3479
480f3e67-5fdd-4f9d-b703-418f94f1de4a	12	66503662	66542053	41	0.4483
480f3e67-5fdd-4f9d-b703-418f94f1de4a	12	66549337	66711685	99	1.1457
480f3e67-5fdd-4f9d-b703-418f94f1de4a	12	66711962	67073155	309	0.8223
480f3e67-5fdd-4f9d-b703-418f94f1de4a	12	67074356	67103650	29	1.4595
480f3e67-5fdd-4f9d-b703-418f94f1de4a	12	67104473	67149729	43	3.3232
480f3e67-5fdd-4f9d-b703-418f94f1de4a	12	67152516	67166303	12	0.7298
480f3e67-5fdd-4f9d-b703-418f94f1de4a	12	67170372	67231091	33	1.6558
480f3e67-5fdd-4f9d-b703-418f94f1de4a	12	67231721	67235051	5	1.2274
480f3e67-5fdd-4f9d-b703-418f94f1de4a	12	67235386	67411920	116	0.8739
480f3e67-5fdd-4f9d-b703-418f94f1de4a	12	67415454	67515890	88	1.1312
480f3e67-5fdd-4f9d-b703-418f94f1de4a	12	67515996	67539123	16	1.514
480f3e67-5fdd-4f9d-b703-418f94f1de4a	12	67541203	67565257	17	3.6388
480f3e67-5fdd-4f9d-b703-418f94f1de4a	12	67567548	67778152	140	1.6085
480f3e67-5fdd-4f9d-b703-418f94f1de4a	12	67782093	67862152	61	2.0101
480f3e67-5fdd-4f9d-b703-418f94f1de4a	12	67863259	68097817	204	1.396
480f3e67-5fdd-4f9d-b703-418f94f1de4a	12	68102642	68626627	405	-0.4609
480f3e67-5fdd-4f9d-b703-418f94f1de4a	12	68628516	68789498	82	1.2867
480f3e67-5fdd-4f9d-b703-418f94f1de4a	12	68804332	68877531	82	3.4588
480f3e67-5fdd-4f9d-b703-418f94f1de4a	12	68877697	68930663	43	-0.4337
480f3e67-5fdd-4f9d-b703-418f94f1de4a	12	68934741	68943030	5	1.1318
480f3e67-5fdd-4f9d-b703-418f94f1de4a	12	68945263	68990317	32	0.5468
480f3e67-5fdd-4f9d-b703-418f94f1de4a	12	68990702	69095702	55	1.4963
480f3e67-5fdd-4f9d-b703-418f94f1de4a	12	69101706	69137722	38	3.4845
480f3e67-5fdd-4f9d-b703-418f94f1de4a	12	69138659	69204656	50	1.1465
480f3e67-5fdd-4f9d-b703-418f94f1de4a	12	69206992	69335006	72	0.5005
480f3e67-5fdd-4f9d-b703-418f94f1de4a	12	69336679	69344359	9	0.0613
480f3e67-5fdd-4f9d-b703-418f94f1de4a	12	69345877	69357719	10	0.3953
480f3e67-5fdd-4f9d-b703-418f94f1de4a	12	69361624	69392690	15	1.3092
480f3e67-5fdd-4f9d-b703-418f94f1de4a	12	69392763	69440076	44	1.986
480f3e67-5fdd-4f9d-b703-418f94f1de4a	12	69440127	69854689	278	2.362
480f3e67-5fdd-4f9d-b703-418f94f1de4a	12	69865718	70166785	231	2.0808
480f3e67-5fdd-4f9d-b703-418f94f1de4a	12	70170257	70283736	62	0.5277
480f3e67-5fdd-4f9d-b703-418f94f1de4a	12	70283876	70327971	18	0.0686
480f3e67-5fdd-4f9d-b703-418f94f1de4a	12	70331031	70359742	21	0.4828
480f3e67-5fdd-4f9d-b703-418f94f1de4a	12	70377812	70774057	282	-0.4738
480f3e67-5fdd-4f9d-b703-418f94f1de4a	12	70776971	71262767	329	0.7133
480f3e67-5fdd-4f9d-b703-418f94f1de4a	12	71280849	71283084	5	4.7799
480f3e67-5fdd-4f9d-b703-418f94f1de4a	12	71285888	71341747	38	0.6626
480f3e67-5fdd-4f9d-b703-418f94f1de4a	12	71472182	71870603	235	2.8236
480f3e67-5fdd-4f9d-b703-418f94f1de4a	12	71871796	71925956	30	4.427
480f3e67-5fdd-4f9d-b703-418f94f1de4a	12	71926290	72670984	454	3.2103
480f3e67-5fdd-4f9d-b703-418f94f1de4a	12	72707335	72722009	10	1.5806
480f3e67-5fdd-4f9d-b703-418f94f1de4a	12	72729816	72738235	7	2.7346
480f3e67-5fdd-4f9d-b703-418f94f1de4a	12	72745798	72838560	31	0.981
480f3e67-5fdd-4f9d-b703-418f94f1de4a	12	72977309	73044502	68	2.8587
480f3e67-5fdd-4f9d-b703-418f94f1de4a	12	73045868	73055584	16	0.673
480f3e67-5fdd-4f9d-b703-418f94f1de4a	12	73064439	73197766	74	3.5262
480f3e67-5fdd-4f9d-b703-418f94f1de4a	12	73202312	74136746	428	-0.4402
480f3e67-5fdd-4f9d-b703-418f94f1de4a	12	74142660	74228404	50	0.7911
480f3e67-5fdd-4f9d-b703-418f94f1de4a	12	74234121	74619102	243	-0.4233
480f3e67-5fdd-4f9d-b703-418f94f1de4a	12	74624980	74774039	103	1.3316
480f3e67-5fdd-4f9d-b703-418f94f1de4a	12	74774339	74777738	11	2.5942
480f3e67-5fdd-4f9d-b703-418f94f1de4a	12	74777779	74803589	19	1.5966
480f3e67-5fdd-4f9d-b703-418f94f1de4a	12	74804335	75324643	329	-0.422
480f3e67-5fdd-4f9d-b703-418f94f1de4a	12	75329256	75371641	16	0.855
480f3e67-5fdd-4f9d-b703-418f94f1de4a	12	75373561	75426992	34	1.5607
480f3e67-5fdd-4f9d-b703-418f94f1de4a	12	75445290	75604823	113	-0.4116
480f3e67-5fdd-4f9d-b703-418f94f1de4a	12	75618584	75898869	247	3.2155
480f3e67-5fdd-4f9d-b703-418f94f1de4a	12	75902190	76406971	305	-0.4368
480f3e67-5fdd-4f9d-b703-418f94f1de4a	12	76411123	76418896	4	4.7807
480f3e67-5fdd-4f9d-b703-418f94f1de4a	12	76428072	76907156	258	-0.4107
480f3e67-5fdd-4f9d-b703-418f94f1de4a	12	76919682	77010594	56	1.3324
480f3e67-5fdd-4f9d-b703-418f94f1de4a	12	77017068	77105905	81	2.3835
480f3e67-5fdd-4f9d-b703-418f94f1de4a	12	77108129	77163679	45	-0.4041
480f3e67-5fdd-4f9d-b703-418f94f1de4a	12	77165334	77210804	33	3.1903
480f3e67-5fdd-4f9d-b703-418f94f1de4a	12	77218439	77237465	9	2.3475
480f3e67-5fdd-4f9d-b703-418f94f1de4a	12	77240029	77249446	9	1.5542
480f3e67-5fdd-4f9d-b703-418f94f1de4a	12	77250773	77677435	394	-0.3765
480f3e67-5fdd-4f9d-b703-418f94f1de4a	12	77682928	77973771	211	3.3676
480f3e67-5fdd-4f9d-b703-418f94f1de4a	12	77993994	78057948	55	0.7887
480f3e67-5fdd-4f9d-b703-418f94f1de4a	12	78060646	78076433	12	3.3379
480f3e67-5fdd-4f9d-b703-418f94f1de4a	12	78076488	78127011	38	1.7037
480f3e67-5fdd-4f9d-b703-418f94f1de4a	12	78127551	78181116	40	3.0741
480f3e67-5fdd-4f9d-b703-418f94f1de4a	12	78181763	78500604	241	1.0744
480f3e67-5fdd-4f9d-b703-418f94f1de4a	12	78500862	78669996	70	2.899
480f3e67-5fdd-4f9d-b703-418f94f1de4a	12	78671051	78784252	49	3.6279
480f3e67-5fdd-4f9d-b703-418f94f1de4a	12	78784309	78938290	94	2.9145
480f3e67-5fdd-4f9d-b703-418f94f1de4a	12	78941472	79655450	411	-0.4746
480f3e67-5fdd-4f9d-b703-418f94f1de4a	12	79660974	79726333	40	3.9305
480f3e67-5fdd-4f9d-b703-418f94f1de4a	12	79743014	80086962	189	-0.4686
480f3e67-5fdd-4f9d-b703-418f94f1de4a	12	80088205	80108017	18	3.2875
480f3e67-5fdd-4f9d-b703-418f94f1de4a	12	80110367	80818469	446	-0.4233
480f3e67-5fdd-4f9d-b703-418f94f1de4a	12	80821529	80875217	50	1.4778
480f3e67-5fdd-4f9d-b703-418f94f1de4a	12	80876158	81031607	93	3.2134
480f3e67-5fdd-4f9d-b703-418f94f1de4a	12	81036185	82078500	655	-0.4182
480f3e67-5fdd-4f9d-b703-418f94f1de4a	12	82088406	82100512	9	0.7004
480f3e67-5fdd-4f9d-b703-418f94f1de4a	12	82103313	82135212	17	1.056
480f3e67-5fdd-4f9d-b703-418f94f1de4a	12	82135486	82171953	33	0.7345
480f3e67-5fdd-4f9d-b703-418f94f1de4a	12	82175670	82203533	22	3.3472
480f3e67-5fdd-4f9d-b703-418f94f1de4a	12	82213986	82721095	281	0.6833
480f3e67-5fdd-4f9d-b703-418f94f1de4a	12	82721543	82760525	17	2.7241
480f3e67-5fdd-4f9d-b703-418f94f1de4a	12	82761201	83029561	164	0.6251
480f3e67-5fdd-4f9d-b703-418f94f1de4a	12	83031164	83047755	15	-0.3769
480f3e67-5fdd-4f9d-b703-418f94f1de4a	12	83049470	83195139	94	1.4492
480f3e67-5fdd-4f9d-b703-418f94f1de4a	12	83197526	83367679	93	0.7289
480f3e67-5fdd-4f9d-b703-418f94f1de4a	12	83367768	83609009	123	1.3508
480f3e67-5fdd-4f9d-b703-418f94f1de4a	12	83609267	83727778	67	2.1402
480f3e67-5fdd-4f9d-b703-418f94f1de4a	12	83729993	83828764	82	0.7318
480f3e67-5fdd-4f9d-b703-418f94f1de4a	12	83833411	83988466	91	1.1651
480f3e67-5fdd-4f9d-b703-418f94f1de4a	12	83988871	84162814	93	0.8029
480f3e67-5fdd-4f9d-b703-418f94f1de4a	12	84164670	84233761	41	1.3051
480f3e67-5fdd-4f9d-b703-418f94f1de4a	12	84235278	84810050	386	-0.3713
480f3e67-5fdd-4f9d-b703-418f94f1de4a	12	84811347	84884252	49	3.8766
480f3e67-5fdd-4f9d-b703-418f94f1de4a	12	84887483	84894738	8	0.9254
480f3e67-5fdd-4f9d-b703-418f94f1de4a	12	84898408	85684383	396	-0.3521
480f3e67-5fdd-4f9d-b703-418f94f1de4a	12	85689162	85722165	35	1.9062
480f3e67-5fdd-4f9d-b703-418f94f1de4a	12	85729086	86619205	426	-0.427
480f3e67-5fdd-4f9d-b703-418f94f1de4a	12	86628573	86703066	35	3.4
480f3e67-5fdd-4f9d-b703-418f94f1de4a	12	86704696	87615775	464	-0.3828
480f3e67-5fdd-4f9d-b703-418f94f1de4a	12	87618101	87643325	18	0.2051
480f3e67-5fdd-4f9d-b703-418f94f1de4a	12	87643716	87807134	63	-0.4098
480f3e67-5fdd-4f9d-b703-418f94f1de4a	12	87808185	87856071	24	0.8423
480f3e67-5fdd-4f9d-b703-418f94f1de4a	12	87863784	88322055	244	-0.4328
480f3e67-5fdd-4f9d-b703-418f94f1de4a	12	88326719	88371406	27	2.7064
480f3e67-5fdd-4f9d-b703-418f94f1de4a	12	88373589	88836707	283	-0.3702
480f3e67-5fdd-4f9d-b703-418f94f1de4a	12	88839088	88855459	4	2.0489
480f3e67-5fdd-4f9d-b703-418f94f1de4a	12	88858890	89057932	118	-0.4096
480f3e67-5fdd-4f9d-b703-418f94f1de4a	12	89061781	89064182	3	3.9279
480f3e67-5fdd-4f9d-b703-418f94f1de4a	12	89066044	89382708	207	-0.3753
480f3e67-5fdd-4f9d-b703-418f94f1de4a	12	89389139	89459042	31	0.7874
480f3e67-5fdd-4f9d-b703-418f94f1de4a	12	89497239	89612978	78	-0.4184
480f3e67-5fdd-4f9d-b703-418f94f1de4a	12	89613654	89629448	7	0.9611
480f3e67-5fdd-4f9d-b703-418f94f1de4a	12	89633144	89920395	165	-0.4086
480f3e67-5fdd-4f9d-b703-418f94f1de4a	12	89923513	89924682	2	1.2049
480f3e67-5fdd-4f9d-b703-418f94f1de4a	12	89928198	90081169	84	2.075
480f3e67-5fdd-4f9d-b703-418f94f1de4a	12	90082315	90168240	64	-0.4003
480f3e67-5fdd-4f9d-b703-418f94f1de4a	12	90169346	90468103	183	0.7896
480f3e67-5fdd-4f9d-b703-418f94f1de4a	12	90471303	90507965	27	1.3286
480f3e67-5fdd-4f9d-b703-418f94f1de4a	12	90508057	90614685	58	0.7521
480f3e67-5fdd-4f9d-b703-418f94f1de4a	12	90619178	90628422	11	1.2521
480f3e67-5fdd-4f9d-b703-418f94f1de4a	12	90634384	90647291	8	3.7221
480f3e67-5fdd-4f9d-b703-418f94f1de4a	12	90649690	90666683	6	0.9839
480f3e67-5fdd-4f9d-b703-418f94f1de4a	12	90670139	90827324	96	3.3471
480f3e67-5fdd-4f9d-b703-418f94f1de4a	12	90827385	90859999	45	4.5764
480f3e67-5fdd-4f9d-b703-418f94f1de4a	12	90860088	91257267	233	3.554
480f3e67-5fdd-4f9d-b703-418f94f1de4a	12	91264253	91539156	187	-0.3774
480f3e67-5fdd-4f9d-b703-418f94f1de4a	12	91545054	91568591	13	0.8716
480f3e67-5fdd-4f9d-b703-418f94f1de4a	12	91580141	91727400	92	3.4375
480f3e67-5fdd-4f9d-b703-418f94f1de4a	12	91731949	91735837	4	1.0543
480f3e67-5fdd-4f9d-b703-418f94f1de4a	12	91738220	91761470	15	3.0155
480f3e67-5fdd-4f9d-b703-418f94f1de4a	12	91765780	91767788	7	0.8689
480f3e67-5fdd-4f9d-b703-418f94f1de4a	12	91770525	91934388	141	3.2943
480f3e67-5fdd-4f9d-b703-418f94f1de4a	12	91937548	91950254	23	2.2491
480f3e67-5fdd-4f9d-b703-418f94f1de4a	12	91953588	92548258	449	-0.4461
480f3e67-5fdd-4f9d-b703-418f94f1de4a	12	92548720	92766444	171	2.8875
480f3e67-5fdd-4f9d-b703-418f94f1de4a	12	92770167	92876757	42	3.8869
480f3e67-5fdd-4f9d-b703-418f94f1de4a	12	92893434	93252212	191	1.2237
480f3e67-5fdd-4f9d-b703-418f94f1de4a	12	93256003	93470237	85	1.6351
480f3e67-5fdd-4f9d-b703-418f94f1de4a	12	93470514	93470816	8	0.7626
480f3e67-5fdd-4f9d-b703-418f94f1de4a	12	93470831	93669028	87	1.588
480f3e67-5fdd-4f9d-b703-418f94f1de4a	12	93670479	93717059	37	2.1271
480f3e67-5fdd-4f9d-b703-418f94f1de4a	12	93725681	93752892	21	1.6346
480f3e67-5fdd-4f9d-b703-418f94f1de4a	12	93757232	93938126	149	-0.4184
480f3e67-5fdd-4f9d-b703-418f94f1de4a	12	93940715	93992178	39	0.7588
480f3e67-5fdd-4f9d-b703-418f94f1de4a	12	93994753	94329182	309	-0.3971
480f3e67-5fdd-4f9d-b703-418f94f1de4a	12	94332703	94388531	29	1.5415
480f3e67-5fdd-4f9d-b703-418f94f1de4a	12	94397935	94638722	171	-0.466
480f3e67-5fdd-4f9d-b703-418f94f1de4a	12	94641398	94719730	60	1.398
480f3e67-5fdd-4f9d-b703-418f94f1de4a	12	94723129	94790124	74	2.6694
480f3e67-5fdd-4f9d-b703-418f94f1de4a	12	94791686	94855963	47	-0.5236
480f3e67-5fdd-4f9d-b703-418f94f1de4a	12	94856219	94881596	23	3.1704
480f3e67-5fdd-4f9d-b703-418f94f1de4a	12	94887046	95602349	499	-0.4265
480f3e67-5fdd-4f9d-b703-418f94f1de4a	12	95605476	95646434	33	2.8123
480f3e67-5fdd-4f9d-b703-418f94f1de4a	12	95649618	95895366	165	-0.4735
480f3e67-5fdd-4f9d-b703-418f94f1de4a	12	95929868	95966572	30	0.7739
480f3e67-5fdd-4f9d-b703-418f94f1de4a	12	95968361	96009421	44	2.6174
480f3e67-5fdd-4f9d-b703-418f94f1de4a	12	96009643	96462348	263	-0.4249
480f3e67-5fdd-4f9d-b703-418f94f1de4a	12	96466357	96587400	93	3.4335
480f3e67-5fdd-4f9d-b703-418f94f1de4a	12	96595075	96684321	51	-0.3765
480f3e67-5fdd-4f9d-b703-418f94f1de4a	12	96691181	96700927	10	2.7194
480f3e67-5fdd-4f9d-b703-418f94f1de4a	12	96707559	127052839	18397	-0.4506
480f3e67-5fdd-4f9d-b703-418f94f1de4a	12	127053360	131508913	1762	-0.5159
480f3e67-5fdd-4f9d-b703-418f94f1de4a	12	131509433	132605822	312	-0.4325
480f3e67-5fdd-4f9d-b703-418f94f1de4a	13	18874255	31827559	7846	-0.2304
480f3e67-5fdd-4f9d-b703-418f94f1de4a	13	31828137	39813172	5470	-0.0834
480f3e67-5fdd-4f9d-b703-418f94f1de4a	13	39815078	52753727	7095	-0.1626
480f3e67-5fdd-4f9d-b703-418f94f1de4a	13	52758217	54384759	1000	-0.7615
480f3e67-5fdd-4f9d-b703-418f94f1de4a	13	54385011	61078482	3293	-0.3939
480f3e67-5fdd-4f9d-b703-418f94f1de4a	13	61078740	62512758	739	-0.1145
480f3e67-5fdd-4f9d-b703-418f94f1de4a	13	62514710	64765321	780	-0.4087
480f3e67-5fdd-4f9d-b703-418f94f1de4a	13	64770475	64825923	37	0.7864
480f3e67-5fdd-4f9d-b703-418f94f1de4a	13	64898325	65932365	573	-0.513
480f3e67-5fdd-4f9d-b703-418f94f1de4a	13	65932704	70047905	2071	0.9755
480f3e67-5fdd-4f9d-b703-418f94f1de4a	13	70048149	72279063	1358	-0.5386
480f3e67-5fdd-4f9d-b703-418f94f1de4a	13	72279158	73269792	634	-0.1893
480f3e67-5fdd-4f9d-b703-418f94f1de4a	13	73272555	73279164	6	0.1509
480f3e67-5fdd-4f9d-b703-418f94f1de4a	13	73279195	73347027	56	0.8242
480f3e67-5fdd-4f9d-b703-418f94f1de4a	13	73347416	73382905	37	1.1415
480f3e67-5fdd-4f9d-b703-418f94f1de4a	13	73383544	73503344	94	0.4525
480f3e67-5fdd-4f9d-b703-418f94f1de4a	13	73503564	73906027	287	0.2865
480f3e67-5fdd-4f9d-b703-418f94f1de4a	13	73917128	79711423	3871	-0.1757
480f3e67-5fdd-4f9d-b703-418f94f1de4a	13	79713485	82425353	1582	-0.4634
480f3e67-5fdd-4f9d-b703-418f94f1de4a	13	82426951	83362552	549	-0.034
480f3e67-5fdd-4f9d-b703-418f94f1de4a	13	83368012	85772136	1372	-0.5185
480f3e67-5fdd-4f9d-b703-418f94f1de4a	13	85773676	86137617	222	-0.21
480f3e67-5fdd-4f9d-b703-418f94f1de4a	13	86137817	86269791	26	0.009
480f3e67-5fdd-4f9d-b703-418f94f1de4a	13	86272076	88289245	1068	0.2743
480f3e67-5fdd-4f9d-b703-418f94f1de4a	13	88293272	88778977	292	0.0613
480f3e67-5fdd-4f9d-b703-418f94f1de4a	13	88780179	90575663	1019	-0.5257
480f3e67-5fdd-4f9d-b703-418f94f1de4a	13	90575781	95813498	3453	-0.0549
480f3e67-5fdd-4f9d-b703-418f94f1de4a	13	95817309	96299755	218	0.6219
480f3e67-5fdd-4f9d-b703-418f94f1de4a	13	96302238	97007318	403	0.9237
480f3e67-5fdd-4f9d-b703-418f94f1de4a	13	97009506	97021326	13	0.6673
480f3e67-5fdd-4f9d-b703-418f94f1de4a	13	97024970	97106379	50	-0.1485
480f3e67-5fdd-4f9d-b703-418f94f1de4a	13	97106517	97345284	188	0.3698
480f3e67-5fdd-4f9d-b703-418f94f1de4a	13	97350369	99513088	1465	-0.0402
480f3e67-5fdd-4f9d-b703-418f94f1de4a	13	99515039	100524278	542	-1.578
480f3e67-5fdd-4f9d-b703-418f94f1de4a	13	100526212	100527943	5	-5.4909
480f3e67-5fdd-4f9d-b703-418f94f1de4a	13	100528396	101654539	852	-1.653
480f3e67-5fdd-4f9d-b703-418f94f1de4a	13	101654609	101655501	7	-5.177
480f3e67-5fdd-4f9d-b703-418f94f1de4a	13	101656253	105997272	2882	-1.6224
480f3e67-5fdd-4f9d-b703-418f94f1de4a	13	105997592	105998395	5	-5.4352
480f3e67-5fdd-4f9d-b703-418f94f1de4a	13	105998524	106098412	63	-1.6827
480f3e67-5fdd-4f9d-b703-418f94f1de4a	13	106098842	107005706	675	0.068
480f3e67-5fdd-4f9d-b703-418f94f1de4a	13	107012405	107518023	400	0.427
480f3e67-5fdd-4f9d-b703-418f94f1de4a	13	107518089	110953270	2684	0.0323
480f3e67-5fdd-4f9d-b703-418f94f1de4a	13	110955784	111151981	91	0.2866
480f3e67-5fdd-4f9d-b703-418f94f1de4a	13	111152685	111232605	53	-0.0388
480f3e67-5fdd-4f9d-b703-418f94f1de4a	13	111235468	114226675	1338	0.372
480f3e67-5fdd-4f9d-b703-418f94f1de4a	14	20033191	20449585	279	-0.5229
480f3e67-5fdd-4f9d-b703-418f94f1de4a	14	20451067	21034186	321	-0.213
480f3e67-5fdd-4f9d-b703-418f94f1de4a	14	21034666	21217014	95	-0.5645
480f3e67-5fdd-4f9d-b703-418f94f1de4a	14	21217355	59283767	20879	-0.1883
480f3e67-5fdd-4f9d-b703-418f94f1de4a	14	59284030	96659288	23229	-0.502
480f3e67-5fdd-4f9d-b703-418f94f1de4a	14	96665903	105533894	4799	-0.2069
480f3e67-5fdd-4f9d-b703-418f94f1de4a	15	23437561	24921896	659	0.0141
480f3e67-5fdd-4f9d-b703-418f94f1de4a	15	24923349	34127257	3891	-0.0452
480f3e67-5fdd-4f9d-b703-418f94f1de4a	15	34128646	75781122	25112	0.0107
480f3e67-5fdd-4f9d-b703-418f94f1de4a	15	75789034	76817994	508	0.2265
480f3e67-5fdd-4f9d-b703-418f94f1de4a	15	76826048	76935359	43	0.654
480f3e67-5fdd-4f9d-b703-418f94f1de4a	15	76935417	77150282	78	0.3375
480f3e67-5fdd-4f9d-b703-418f94f1de4a	15	77151362	78786748	776	0.0109
480f3e67-5fdd-4f9d-b703-418f94f1de4a	15	78787892	78856798	30	0.3874
480f3e67-5fdd-4f9d-b703-418f94f1de4a	15	78857853	79056120	124	0.002
480f3e67-5fdd-4f9d-b703-418f94f1de4a	15	79056570	79126495	60	0.4559
480f3e67-5fdd-4f9d-b703-418f94f1de4a	15	79126514	80307893	923	0.1973
480f3e67-5fdd-4f9d-b703-418f94f1de4a	15	80309987	82696989	1350	0
480f3e67-5fdd-4f9d-b703-418f94f1de4a	15	82697544	83013110	188	0.1865
480f3e67-5fdd-4f9d-b703-418f94f1de4a	15	83024231	83268508	91	0.4406
480f3e67-5fdd-4f9d-b703-418f94f1de4a	15	83269992	84580606	523	0.034
480f3e67-5fdd-4f9d-b703-418f94f1de4a	15	84581248	86682103	1226	0.2116
480f3e67-5fdd-4f9d-b703-418f94f1de4a	15	86682208	86683017	3	-1.1232
480f3e67-5fdd-4f9d-b703-418f94f1de4a	15	86684441	86825997	139	0.2047
480f3e67-5fdd-4f9d-b703-418f94f1de4a	15	86828283	86962701	140	0.4049
480f3e67-5fdd-4f9d-b703-418f94f1de4a	15	86965732	87196040	172	0.1194
480f3e67-5fdd-4f9d-b703-418f94f1de4a	15	87202292	97829975	6711	0.0035
480f3e67-5fdd-4f9d-b703-418f94f1de4a	15	97831260	97836887	13	-0.6093
480f3e67-5fdd-4f9d-b703-418f94f1de4a	15	97838532	97858408	13	0.0443
480f3e67-5fdd-4f9d-b703-418f94f1de4a	15	97862499	101344124	1903	0.2315
480f3e67-5fdd-4f9d-b703-418f94f1de4a	16	603333	46516500	14019	-0.1383
480f3e67-5fdd-4f9d-b703-418f94f1de4a	16	46581419	46590879	3	1.5074
480f3e67-5fdd-4f9d-b703-418f94f1de4a	16	46597673	46734202	57	-0.1918
480f3e67-5fdd-4f9d-b703-418f94f1de4a	16	46738235	46974812	106	2.1827
480f3e67-5fdd-4f9d-b703-418f94f1de4a	16	46979342	47587977	229	-0.1935
480f3e67-5fdd-4f9d-b703-418f94f1de4a	16	47600661	47694191	50	2.1519
480f3e67-5fdd-4f9d-b703-418f94f1de4a	16	47699230	48406375	356	-0.2011
480f3e67-5fdd-4f9d-b703-418f94f1de4a	16	48408440	48469683	36	3.9378
480f3e67-5fdd-4f9d-b703-418f94f1de4a	16	48479050	48697371	120	3.0838
480f3e67-5fdd-4f9d-b703-418f94f1de4a	16	48700733	49064767	273	-0.1925
480f3e67-5fdd-4f9d-b703-418f94f1de4a	16	49065271	49221826	161	3.6924
480f3e67-5fdd-4f9d-b703-418f94f1de4a	16	49224751	51090609	1233	-0.1621
480f3e67-5fdd-4f9d-b703-418f94f1de4a	16	51098221	51099060	2	-1.9973
480f3e67-5fdd-4f9d-b703-418f94f1de4a	16	51099291	63462110	8284	-0.1676
480f3e67-5fdd-4f9d-b703-418f94f1de4a	16	63466144	63482498	3	-1.7053
480f3e67-5fdd-4f9d-b703-418f94f1de4a	16	63488455	63532595	37	-0.1706
480f3e67-5fdd-4f9d-b703-418f94f1de4a	16	63535192	89317317	16133	-0.128
480f3e67-5fdd-4f9d-b703-418f94f1de4a	17	1074619	1376985	73	-0.0265
480f3e67-5fdd-4f9d-b703-418f94f1de4a	17	1378223	31154357	11389	-0.4956
480f3e67-5fdd-4f9d-b703-418f94f1de4a	17	31157297	31181757	14	-3.6623
480f3e67-5fdd-4f9d-b703-418f94f1de4a	17	31181982	37137586	2795	-0.5272
480f3e67-5fdd-4f9d-b703-418f94f1de4a	17	37137659	79314413	21472	-0.4713
480f3e67-5fdd-4f9d-b703-418f94f1de4a	17	79315075	82959812	1359	-0.5142
480f3e67-5fdd-4f9d-b703-418f94f1de4a	18	326691	14661644	8253	0.1266
480f3e67-5fdd-4f9d-b703-418f94f1de4a	18	21109102	27812938	4047	-0.3851
480f3e67-5fdd-4f9d-b703-418f94f1de4a	18	27816526	27817034	2	-2.2003
480f3e67-5fdd-4f9d-b703-418f94f1de4a	18	27817568	28016672	133	-0.3254
480f3e67-5fdd-4f9d-b703-418f94f1de4a	18	28016685	28020561	2	-2.5717
480f3e67-5fdd-4f9d-b703-418f94f1de4a	18	28021536	39530603	6958	-0.3955
480f3e67-5fdd-4f9d-b703-418f94f1de4a	18	39533794	39585341	28	-0.8997
480f3e67-5fdd-4f9d-b703-418f94f1de4a	18	39595584	42357824	1659	-0.3734
480f3e67-5fdd-4f9d-b703-418f94f1de4a	18	42360438	45213788	1648	-0.326
480f3e67-5fdd-4f9d-b703-418f94f1de4a	18	45214665	52668936	5112	-0.4049
480f3e67-5fdd-4f9d-b703-418f94f1de4a	18	52678646	54795983	1294	-0.1787
480f3e67-5fdd-4f9d-b703-418f94f1de4a	18	54801894	55332493	331	-0.1028
480f3e67-5fdd-4f9d-b703-418f94f1de4a	18	55333848	79349796	13379	0.0842
480f3e67-5fdd-4f9d-b703-418f94f1de4a	19	283868	3209485	696	0.3304
480f3e67-5fdd-4f9d-b703-418f94f1de4a	19	3210140	5147724	463	0.5554
480f3e67-5fdd-4f9d-b703-418f94f1de4a	19	5148372	6566766	633	0.4278
480f3e67-5fdd-4f9d-b703-418f94f1de4a	19	6566820	16404461	4503	0.6121
480f3e67-5fdd-4f9d-b703-418f94f1de4a	19	16406645	22636041	2071	0.3066
480f3e67-5fdd-4f9d-b703-418f94f1de4a	19	22636487	22772052	57	-0.135
480f3e67-5fdd-4f9d-b703-418f94f1de4a	19	22773042	23800911	554	0.2946
480f3e67-5fdd-4f9d-b703-418f94f1de4a	19	23803474	29731960	1596	0.5813
480f3e67-5fdd-4f9d-b703-418f94f1de4a	19	29732869	29856090	117	0.8686
480f3e67-5fdd-4f9d-b703-418f94f1de4a	19	29857239	29938581	53	-0.0692
480f3e67-5fdd-4f9d-b703-418f94f1de4a	19	29942076	30548109	417	0.8433
480f3e67-5fdd-4f9d-b703-418f94f1de4a	19	30550137	31482528	670	0.6104
480f3e67-5fdd-4f9d-b703-418f94f1de4a	19	31484785	33950825	1613	0.2702
480f3e67-5fdd-4f9d-b703-418f94f1de4a	19	33951641	33952127	2	1.1757
480f3e67-5fdd-4f9d-b703-418f94f1de4a	19	33955020	35358269	883	-0.1563
480f3e67-5fdd-4f9d-b703-418f94f1de4a	19	35389988	35391557	2	-2.1772
480f3e67-5fdd-4f9d-b703-418f94f1de4a	19	35391585	37256805	894	-0.1273
480f3e67-5fdd-4f9d-b703-418f94f1de4a	19	37260561	39918197	1277	0.2444
480f3e67-5fdd-4f9d-b703-418f94f1de4a	19	39921996	58370362	7585	-0.1316
480f3e67-5fdd-4f9d-b703-418f94f1de4a	20	472817	4254134	2230	0.3709
480f3e67-5fdd-4f9d-b703-418f94f1de4a	20	4254921	6428358	1383	0.2802
480f3e67-5fdd-4f9d-b703-418f94f1de4a	20	6429588	11945320	3727	0.3525
480f3e67-5fdd-4f9d-b703-418f94f1de4a	20	11945977	63588502	30150	0.2553
480f3e67-5fdd-4f9d-b703-418f94f1de4a	21	13974127	19269231	3335	-0.2658
480f3e67-5fdd-4f9d-b703-418f94f1de4a	21	19269246	27022391	4947	-0.3255
480f3e67-5fdd-4f9d-b703-418f94f1de4a	21	27022933	31282294	2772	-0.2883
480f3e67-5fdd-4f9d-b703-418f94f1de4a	21	31283082	31563324	219	-0.5936
480f3e67-5fdd-4f9d-b703-418f94f1de4a	21	31563756	31617959	39	-0.3403
480f3e67-5fdd-4f9d-b703-418f94f1de4a	21	31619482	34563073	1792	-0.0321
480f3e67-5fdd-4f9d-b703-418f94f1de4a	21	34564774	46262057	7438	-0.2706
480f3e67-5fdd-4f9d-b703-418f94f1de4a	22	16934932	32223228	6224	0.0524
480f3e67-5fdd-4f9d-b703-418f94f1de4a	22	32223723	34126685	1688	0.1217
480f3e67-5fdd-4f9d-b703-418f94f1de4a	22	34127499	36393399	1500	0.0644
480f3e67-5fdd-4f9d-b703-418f94f1de4a	22	36397073	36404566	2	-1.8919
480f3e67-5fdd-4f9d-b703-418f94f1de4a	22	36408237	42008032	2851	0.0419
480f3e67-5fdd-4f9d-b703-418f94f1de4a	22	42013491	47340268	3460	-0.2163
480f3e67-5fdd-4f9d-b703-418f94f1de4a	22	47342611	47396173	46	3.22
480f3e67-5fdd-4f9d-b703-418f94f1de4a	22	47396371	48940621	1276	-0.2644
480f3e67-5fdd-4f9d-b703-418f94f1de4a	X	3236359	6521514	778	0.027
480f3e67-5fdd-4f9d-b703-418f94f1de4a	X	6522752	10917821	1273	0.2371
480f3e67-5fdd-4f9d-b703-418f94f1de4a	X	10918380	11127435	89	0.0061
480f3e67-5fdd-4f9d-b703-418f94f1de4a	X	11129437	11499871	220	0.7966
480f3e67-5fdd-4f9d-b703-418f94f1de4a	X	11502365	35216411	11827	0.0392
480f3e67-5fdd-4f9d-b703-418f94f1de4a	X	35216477	36285952	634	0.2667
480f3e67-5fdd-4f9d-b703-418f94f1de4a	X	36288707	58291715	9120	0.4474
480f3e67-5fdd-4f9d-b703-418f94f1de4a	X	62952913	62974244	10	-0.2957
480f3e67-5fdd-4f9d-b703-418f94f1de4a	X	62975721	71652191	3398	0.1044
480f3e67-5fdd-4f9d-b703-418f94f1de4a	X	71653442	77538155	1761	-0.005
480f3e67-5fdd-4f9d-b703-418f94f1de4a	X	77544303	77814813	21	-0.7952
480f3e67-5fdd-4f9d-b703-418f94f1de4a	X	77847032	85575891	3297	-0.0331
480f3e67-5fdd-4f9d-b703-418f94f1de4a	X	85575901	92381633	2823	-0.2909
480f3e67-5fdd-4f9d-b703-418f94f1de4a	X	92382985	92668633	77	0.0558
480f3e67-5fdd-4f9d-b703-418f94f1de4a	X	92672003	92943830	72	-0.2963
480f3e67-5fdd-4f9d-b703-418f94f1de4a	X	92948819	93269056	164	0.0308
480f3e67-5fdd-4f9d-b703-418f94f1de4a	X	93567415	93692673	75	-0.229
480f3e67-5fdd-4f9d-b703-418f94f1de4a	X	93692688	93720235	22	0.1424
480f3e67-5fdd-4f9d-b703-418f94f1de4a	X	93723024	94974106	663	-0.2673
480f3e67-5fdd-4f9d-b703-418f94f1de4a	X	94977835	97447276	652	0.0071
480f3e67-5fdd-4f9d-b703-418f94f1de4a	X	97450642	98294813	486	-0.2572
480f3e67-5fdd-4f9d-b703-418f94f1de4a	X	98295051	102489788	1996	0.0043
480f3e67-5fdd-4f9d-b703-418f94f1de4a	X	102490590	104900912	1097	0.204
480f3e67-5fdd-4f9d-b703-418f94f1de4a	X	104901660	105113216	114	-0.0285
480f3e67-5fdd-4f9d-b703-418f94f1de4a	X	105116917	116240872	5095	0.1959
480f3e67-5fdd-4f9d-b703-418f94f1de4a	X	116251865	116470024	172	-0.1568
480f3e67-5fdd-4f9d-b703-418f94f1de4a	X	116471818	116688162	48	0.2677
480f3e67-5fdd-4f9d-b703-418f94f1de4a	X	116691088	120235830	1811	-0.2494
480f3e67-5fdd-4f9d-b703-418f94f1de4a	X	120238076	121609249	762	0.0196
480f3e67-5fdd-4f9d-b703-418f94f1de4a	X	121616925	123304031	765	-0.2502
480f3e67-5fdd-4f9d-b703-418f94f1de4a	X	123304943	123326627	18	0.2296
480f3e67-5fdd-4f9d-b703-418f94f1de4a	X	123331105	123413105	51	-0.1778
480f3e67-5fdd-4f9d-b703-418f94f1de4a	X	123413118	127016744	1846	0.2036
480f3e67-5fdd-4f9d-b703-418f94f1de4a	X	127017056	134449823	3221	-0.2514
480f3e67-5fdd-4f9d-b703-418f94f1de4a	X	134450434	134776018	157	0.1946
480f3e67-5fdd-4f9d-b703-418f94f1de4a	X	134786555	136271870	365	-0.2835
480f3e67-5fdd-4f9d-b703-418f94f1de4a	X	136273493	137195847	510	-0.0332
480f3e67-5fdd-4f9d-b703-418f94f1de4a	X	137199813	140761953	1703	-0.2778
480f3e67-5fdd-4f9d-b703-418f94f1de4a	X	140763701	144266310	1465	-0.5901
480f3e67-5fdd-4f9d-b703-418f94f1de4a	X	144271171	144571755	162	-1.024
480f3e67-5fdd-4f9d-b703-418f94f1de4a	X	144572481	145459426	537	-0.6198
480f3e67-5fdd-4f9d-b703-418f94f1de4a	X	145461958	145531085	52	0.0782
480f3e67-5fdd-4f9d-b703-418f94f1de4a	X	145533121	150544546	2796	-0.6195
480f3e67-5fdd-4f9d-b703-418f94f1de4a	X	150544978	155677414	1592	-0.2865
