GDC_Aliquot	Chromosome	Start	End	Num_Probes	Segment_Mean
71811cfc-2ce8-4774-947f-8bb0d312de0b	1	3301765	46473152	23080	-0.0536
71811cfc-2ce8-4774-947f-8bb0d312de0b	1	46474327	50541555	2292	0.0197
71811cfc-2ce8-4774-947f-8bb0d312de0b	1	50551341	50551613	2	-1.0703
71811cfc-2ce8-4774-947f-8bb0d312de0b	1	50551797	51054309	148	0.0054
71811cfc-2ce8-4774-947f-8bb0d312de0b	1	51054597	54923916	2084	-0.0327
71811cfc-2ce8-4774-947f-8bb0d312de0b	1	54925054	67546690	9247	0.0384
71811cfc-2ce8-4774-947f-8bb0d312de0b	1	67547023	77830651	5894	0.087
71811cfc-2ce8-4774-947f-8bb0d312de0b	1	77831100	77832401	2	-1.2454
71811cfc-2ce8-4774-947f-8bb0d312de0b	1	77837473	84760341	4156	0.1025
71811cfc-2ce8-4774-947f-8bb0d312de0b	1	84760486	95593524	6793	0.0555
71811cfc-2ce8-4774-947f-8bb0d312de0b	1	95597602	99685841	2442	0.0949
71811cfc-2ce8-4774-947f-8bb0d312de0b	1	99686627	101807549	1349	0.0369
71811cfc-2ce8-4774-947f-8bb0d312de0b	1	101809501	103524378	861	0.1264
71811cfc-2ce8-4774-947f-8bb0d312de0b	1	103793015	104242143	225	-1.1232
71811cfc-2ce8-4774-947f-8bb0d312de0b	1	104247629	107415535	1768	0.0961
71811cfc-2ce8-4774-947f-8bb0d312de0b	1	107415664	108816609	785	0.0367
71811cfc-2ce8-4774-947f-8bb0d312de0b	1	108816672	114075453	3191	-0.0077
71811cfc-2ce8-4774-947f-8bb0d312de0b	1	114076437	152012311	4617	0.0314
71811cfc-2ce8-4774-947f-8bb0d312de0b	1	152012482	157083623	2513	-0.0441
71811cfc-2ce8-4774-947f-8bb0d312de0b	1	157087219	160019981	1956	0.0099
71811cfc-2ce8-4774-947f-8bb0d312de0b	1	160020138	161744063	914	-0.0488
71811cfc-2ce8-4774-947f-8bb0d312de0b	1	161744196	186709745	16651	0.0319
71811cfc-2ce8-4774-947f-8bb0d312de0b	1	186711949	189115234	1545	0.1042
71811cfc-2ce8-4774-947f-8bb0d312de0b	1	189120286	189123361	14	-0.9286
71811cfc-2ce8-4774-947f-8bb0d312de0b	1	189127329	199809515	6070	0.0897
71811cfc-2ce8-4774-947f-8bb0d312de0b	1	199809815	207667431	4975	-0.0122
71811cfc-2ce8-4774-947f-8bb0d312de0b	1	207670623	207670997	2	-1.7422
71811cfc-2ce8-4774-947f-8bb0d312de0b	1	207676380	210843113	2486	0.0321
71811cfc-2ce8-4774-947f-8bb0d312de0b	1	210848347	210870553	14	-1.2088
71811cfc-2ce8-4774-947f-8bb0d312de0b	1	210874027	212867683	1222	-0.0008
71811cfc-2ce8-4774-947f-8bb0d312de0b	1	212871511	212874834	2	-1.568
71811cfc-2ce8-4774-947f-8bb0d312de0b	1	212875296	214956599	1452	0.036
71811cfc-2ce8-4774-947f-8bb0d312de0b	1	214956666	219760181	3303	0.0815
71811cfc-2ce8-4774-947f-8bb0d312de0b	1	219760656	224598143	2944	0.0259
71811cfc-2ce8-4774-947f-8bb0d312de0b	1	224601747	224602908	3	-1.3612
71811cfc-2ce8-4774-947f-8bb0d312de0b	1	224605516	229468942	2649	0.0025
71811cfc-2ce8-4774-947f-8bb0d312de0b	1	229469049	229472400	3	-1.2561
71811cfc-2ce8-4774-947f-8bb0d312de0b	1	229472419	237052799	5346	0.0208
71811cfc-2ce8-4774-947f-8bb0d312de0b	1	237057007	239707321	2043	0.077
71811cfc-2ce8-4774-947f-8bb0d312de0b	1	239708798	247650984	4594	0.0335
71811cfc-2ce8-4774-947f-8bb0d312de0b	2	480597	687775	183	-1.6202
71811cfc-2ce8-4774-947f-8bb0d312de0b	2	1912858	6823537	3611	-0.5004
71811cfc-2ce8-4774-947f-8bb0d312de0b	2	6827364	12007210	3481	-0.5508
71811cfc-2ce8-4774-947f-8bb0d312de0b	2	12008651	19354637	5028	-0.4774
71811cfc-2ce8-4774-947f-8bb0d312de0b	2	19360900	19362135	5	-1.9618
71811cfc-2ce8-4774-947f-8bb0d312de0b	2	19367970	31384262	7066	-0.5342
71811cfc-2ce8-4774-947f-8bb0d312de0b	2	31385284	41841769	5306	-0.4794
71811cfc-2ce8-4774-947f-8bb0d312de0b	2	41841957	49069345	4609	-0.5368
71811cfc-2ce8-4774-947f-8bb0d312de0b	2	49073095	59879920	5940	-0.4542
71811cfc-2ce8-4774-947f-8bb0d312de0b	2	59880234	70388052	6161	-0.5164
71811cfc-2ce8-4774-947f-8bb0d312de0b	2	70388151	70388715	2	-2.3541
71811cfc-2ce8-4774-947f-8bb0d312de0b	2	70388998	75389270	2730	-0.5275
71811cfc-2ce8-4774-947f-8bb0d312de0b	2	75389640	75391137	3	-1.9417
71811cfc-2ce8-4774-947f-8bb0d312de0b	2	75391334	75721487	196	-0.5236
71811cfc-2ce8-4774-947f-8bb0d312de0b	2	75722964	81614871	3125	-0.4519
71811cfc-2ce8-4774-947f-8bb0d312de0b	2	81616898	84807965	1754	0.0924
71811cfc-2ce8-4774-947f-8bb0d312de0b	2	84808816	88229277	1121	0.0554
71811cfc-2ce8-4774-947f-8bb0d312de0b	2	88233167	101919233	3430	0.0067
71811cfc-2ce8-4774-947f-8bb0d312de0b	2	101920055	108329059	4039	0.0623
71811cfc-2ce8-4774-947f-8bb0d312de0b	2	108329613	113714085	2182	0.0167
71811cfc-2ce8-4774-947f-8bb0d312de0b	2	113714205	136556569	11521	0.062
71811cfc-2ce8-4774-947f-8bb0d312de0b	2	136556643	161358550	14261	0.0979
71811cfc-2ce8-4774-947f-8bb0d312de0b	2	161358583	161394325	28	-0.4327
71811cfc-2ce8-4774-947f-8bb0d312de0b	2	161395910	168458629	3973	0.1221
71811cfc-2ce8-4774-947f-8bb0d312de0b	2	168459280	178455775	6358	0.07
71811cfc-2ce8-4774-947f-8bb0d312de0b	2	178456262	192162658	7183	0.1134
71811cfc-2ce8-4774-947f-8bb0d312de0b	2	192167116	195470227	1114	0.165
71811cfc-2ce8-4774-947f-8bb0d312de0b	2	195470381	200684981	3025	0.0866
71811cfc-2ce8-4774-947f-8bb0d312de0b	2	200687195	203722488	1376	0.0204
71811cfc-2ce8-4774-947f-8bb0d312de0b	2	203722546	205643732	1346	0.0987
71811cfc-2ce8-4774-947f-8bb0d312de0b	2	205646225	208318339	1576	0.0553
71811cfc-2ce8-4774-947f-8bb0d312de0b	2	208323453	212252479	2374	0.1199
71811cfc-2ce8-4774-947f-8bb0d312de0b	2	212252999	212253016	2	-1.473
71811cfc-2ce8-4774-947f-8bb0d312de0b	2	212253044	213985136	995	0.1066
71811cfc-2ce8-4774-947f-8bb0d312de0b	2	213985798	214775744	490	-0.4374
71811cfc-2ce8-4774-947f-8bb0d312de0b	2	214776411	214776931	2	-1.9806
71811cfc-2ce8-4774-947f-8bb0d312de0b	2	214778776	215998416	784	-0.4727
71811cfc-2ce8-4774-947f-8bb0d312de0b	2	215998498	216000010	2	-2.2211
71811cfc-2ce8-4774-947f-8bb0d312de0b	2	216001716	217884596	1348	-0.5013
71811cfc-2ce8-4774-947f-8bb0d312de0b	2	217887089	219732888	907	-0.5756
71811cfc-2ce8-4774-947f-8bb0d312de0b	2	219737117	219740995	3	-1.4899
71811cfc-2ce8-4774-947f-8bb0d312de0b	2	219741287	220424892	494	-0.4926
71811cfc-2ce8-4774-947f-8bb0d312de0b	2	220424935	220425506	2	-2.7646
71811cfc-2ce8-4774-947f-8bb0d312de0b	2	220425618	229652468	6023	-0.4721
71811cfc-2ce8-4774-947f-8bb0d312de0b	2	229653517	241537572	6774	-0.5616
71811cfc-2ce8-4774-947f-8bb0d312de0b	3	2170634	8424183	3529	0.6596
71811cfc-2ce8-4774-947f-8bb0d312de0b	3	8424365	16512462	5355	0.5873
71811cfc-2ce8-4774-947f-8bb0d312de0b	3	16518841	25447827	4964	0.656
71811cfc-2ce8-4774-947f-8bb0d312de0b	3	25449153	25449233	5	-0.2172
71811cfc-2ce8-4774-947f-8bb0d312de0b	3	25453694	29104096	2075	0.6531
71811cfc-2ce8-4774-947f-8bb0d312de0b	3	29105364	29352320	166	0.4109
71811cfc-2ce8-4774-947f-8bb0d312de0b	3	29352674	37376514	4996	0.6399
71811cfc-2ce8-4774-947f-8bb0d312de0b	3	37382960	45883461	5048	0.5961
71811cfc-2ce8-4774-947f-8bb0d312de0b	3	45885005	47092902	687	0.5501
71811cfc-2ce8-4774-947f-8bb0d312de0b	3	47095435	50776657	1392	0.4813
71811cfc-2ce8-4774-947f-8bb0d312de0b	3	50778625	53503852	1211	0.5412
71811cfc-2ce8-4774-947f-8bb0d312de0b	3	53503997	73389852	13200	0.6299
71811cfc-2ce8-4774-947f-8bb0d312de0b	3	73390018	91462299	8648	0.696
71811cfc-2ce8-4774-947f-8bb0d312de0b	3	94015345	95657207	848	-0.0703
71811cfc-2ce8-4774-947f-8bb0d312de0b	3	95663543	96346428	340	-0.6749
71811cfc-2ce8-4774-947f-8bb0d312de0b	3	96351360	102280281	3087	-0.0812
71811cfc-2ce8-4774-947f-8bb0d312de0b	3	102280708	104812973	1462	-0.0194
71811cfc-2ce8-4774-947f-8bb0d312de0b	3	104816889	111373729	3605	1.704
71811cfc-2ce8-4774-947f-8bb0d312de0b	3	111384046	112062380	444	1.8114
71811cfc-2ce8-4774-947f-8bb0d312de0b	3	112071052	112075988	5	0.7673
71811cfc-2ce8-4774-947f-8bb0d312de0b	3	112076628	112506793	272	1.8041
71811cfc-2ce8-4774-947f-8bb0d312de0b	3	112507087	114221406	970	1.7015
71811cfc-2ce8-4774-947f-8bb0d312de0b	3	114222083	116805056	1664	1.648
71811cfc-2ce8-4774-947f-8bb0d312de0b	3	116808382	116808395	4	0.5673
71811cfc-2ce8-4774-947f-8bb0d312de0b	3	116808772	117718142	701	1.6425
71811cfc-2ce8-4774-947f-8bb0d312de0b	3	117718390	118137931	288	1.7508
71811cfc-2ce8-4774-947f-8bb0d312de0b	3	118141182	118143084	2	0.1706
71811cfc-2ce8-4774-947f-8bb0d312de0b	3	118143630	118950782	493	1.7098
71811cfc-2ce8-4774-947f-8bb0d312de0b	3	118953991	118954793	2	3.1313
71811cfc-2ce8-4774-947f-8bb0d312de0b	3	118956679	119694251	387	1.708
71811cfc-2ce8-4774-947f-8bb0d312de0b	3	119694504	125685089	3432	1.9529
71811cfc-2ce8-4774-947f-8bb0d312de0b	3	125688845	125900708	53	1.6147
71811cfc-2ce8-4774-947f-8bb0d312de0b	3	125900766	126484350	394	0.1898
71811cfc-2ce8-4774-947f-8bb0d312de0b	3	126486843	130315677	1926	0.1431
71811cfc-2ce8-4774-947f-8bb0d312de0b	3	130322666	143531825	7441	0.1906
71811cfc-2ce8-4774-947f-8bb0d312de0b	3	143532888	149292052	2845	0.2643
71811cfc-2ce8-4774-947f-8bb0d312de0b	3	149293202	161377808	6762	0.2172
71811cfc-2ce8-4774-947f-8bb0d312de0b	3	161383900	169607225	3818	0.2582
71811cfc-2ce8-4774-947f-8bb0d312de0b	3	169607833	172875819	1825	0.2072
71811cfc-2ce8-4774-947f-8bb0d312de0b	3	172876183	174161282	517	0.2564
71811cfc-2ce8-4774-947f-8bb0d312de0b	3	174162029	176287783	951	0.2954
71811cfc-2ce8-4774-947f-8bb0d312de0b	3	176289248	177712503	725	0.2201
71811cfc-2ce8-4774-947f-8bb0d312de0b	3	177712626	178523699	438	0.2968
71811cfc-2ce8-4774-947f-8bb0d312de0b	3	178525945	182916545	2432	0.2162
71811cfc-2ce8-4774-947f-8bb0d312de0b	3	182918756	188504945	3045	0.1664
71811cfc-2ce8-4774-947f-8bb0d312de0b	3	188505193	191516319	2046	0.2418
71811cfc-2ce8-4774-947f-8bb0d312de0b	3	191516459	191778243	201	0.5931
71811cfc-2ce8-4774-947f-8bb0d312de0b	3	191781550	195328085	1969	0.2007
71811cfc-2ce8-4774-947f-8bb0d312de0b	3	195329518	197812401	484	0.0899
71811cfc-2ce8-4774-947f-8bb0d312de0b	4	1059384	1065414	10	-0.2399
71811cfc-2ce8-4774-947f-8bb0d312de0b	4	1068450	10614814	5048	-0.1305
71811cfc-2ce8-4774-947f-8bb0d312de0b	4	10615053	13141349	1942	-0.0605
71811cfc-2ce8-4774-947f-8bb0d312de0b	4	13145037	13145826	2	-1.2034
71811cfc-2ce8-4774-947f-8bb0d312de0b	4	13147498	14467293	1010	-0.0655
71811cfc-2ce8-4774-947f-8bb0d312de0b	4	14468479	14468703	3	-1.1757
71811cfc-2ce8-4774-947f-8bb0d312de0b	4	14471010	17895732	2464	-0.0723
71811cfc-2ce8-4774-947f-8bb0d312de0b	4	17896102	24020902	3848	-0.0296
71811cfc-2ce8-4774-947f-8bb0d312de0b	4	24021371	27426344	2229	-0.083
71811cfc-2ce8-4774-947f-8bb0d312de0b	4	27426551	36117280	5089	-0.0031
71811cfc-2ce8-4774-947f-8bb0d312de0b	4	36119846	37252962	764	-0.0302
71811cfc-2ce8-4774-947f-8bb0d312de0b	4	37253146	41377468	2515	-0.0892
71811cfc-2ce8-4774-947f-8bb0d312de0b	4	41380161	48067890	3406	-0.0234
71811cfc-2ce8-4774-947f-8bb0d312de0b	4	51832470	53515178	920	0.3679
71811cfc-2ce8-4774-947f-8bb0d312de0b	4	53515851	57703135	2937	0.4768
71811cfc-2ce8-4774-947f-8bb0d312de0b	4	57703590	58658202	492	0.5652
71811cfc-2ce8-4774-947f-8bb0d312de0b	4	58659175	59717910	633	0.8438
71811cfc-2ce8-4774-947f-8bb0d312de0b	4	59725285	62819705	1663	0.4626
71811cfc-2ce8-4774-947f-8bb0d312de0b	4	62828172	73430074	5140	-0.4649
71811cfc-2ce8-4774-947f-8bb0d312de0b	4	73430313	78426471	3144	-1.5303
71811cfc-2ce8-4774-947f-8bb0d312de0b	4	78433817	89563743	6662	-0.5059
71811cfc-2ce8-4774-947f-8bb0d312de0b	4	89565356	98032569	4504	-0.4609
71811cfc-2ce8-4774-947f-8bb0d312de0b	4	98036951	110721815	7122	-0.487
71811cfc-2ce8-4774-947f-8bb0d312de0b	4	110727772	138867317	15078	-0.4492
71811cfc-2ce8-4774-947f-8bb0d312de0b	4	138868300	154198814	8573	-0.4992
71811cfc-2ce8-4774-947f-8bb0d312de0b	4	154199294	181486725	15067	-0.4628
71811cfc-2ce8-4774-947f-8bb0d312de0b	4	181486820	187842528	2961	-0.527
71811cfc-2ce8-4774-947f-8bb0d312de0b	5	913983	1404280	110	0.3309
71811cfc-2ce8-4774-947f-8bb0d312de0b	5	1404433	7369635	4558	0.4338
71811cfc-2ce8-4774-947f-8bb0d312de0b	5	7372950	13512885	3928	0.4617
71811cfc-2ce8-4774-947f-8bb0d312de0b	5	13512966	18002560	2463	0.4212
71811cfc-2ce8-4774-947f-8bb0d312de0b	5	18002966	31503752	7313	0.4945
71811cfc-2ce8-4774-947f-8bb0d312de0b	5	31504164	37879146	3471	0.4409
71811cfc-2ce8-4774-947f-8bb0d312de0b	5	37880346	37880485	2	-0.8062
71811cfc-2ce8-4774-947f-8bb0d312de0b	5	37880669	53352727	5830	0.4603
71811cfc-2ce8-4774-947f-8bb0d312de0b	5	53353540	82173683	16185	0.4163
71811cfc-2ce8-4774-947f-8bb0d312de0b	5	82174616	110536079	14284	0.4597
71811cfc-2ce8-4774-947f-8bb0d312de0b	5	110543508	112515898	1264	0.3248
71811cfc-2ce8-4774-947f-8bb0d312de0b	5	112525258	130659520	10867	0.4465
71811cfc-2ce8-4774-947f-8bb0d312de0b	5	130660033	135423136	2767	0.3607
71811cfc-2ce8-4774-947f-8bb0d312de0b	5	135424859	137413168	1428	0.4174
71811cfc-2ce8-4774-947f-8bb0d312de0b	5	137413314	137979534	319	0.3798
71811cfc-2ce8-4774-947f-8bb0d312de0b	5	137979979	138759954	346	0.277
71811cfc-2ce8-4774-947f-8bb0d312de0b	5	138762058	141317157	1040	0.3589
71811cfc-2ce8-4774-947f-8bb0d312de0b	5	141328368	142170151	468	-0.625
71811cfc-2ce8-4774-947f-8bb0d312de0b	5	142174015	142184250	11	0.4582
71811cfc-2ce8-4774-947f-8bb0d312de0b	5	142187220	142890711	543	0.6688
71811cfc-2ce8-4774-947f-8bb0d312de0b	5	142894382	142905275	7	-0.622
71811cfc-2ce8-4774-947f-8bb0d312de0b	5	142905927	148974061	3947	0.439
71811cfc-2ce8-4774-947f-8bb0d312de0b	5	148974661	151845493	1920	0.3776
71811cfc-2ce8-4774-947f-8bb0d312de0b	5	151847969	161197451	6205	0.4269
71811cfc-2ce8-4774-947f-8bb0d312de0b	5	161198511	168126366	4380	0.4758
71811cfc-2ce8-4774-947f-8bb0d312de0b	5	168126488	169905152	1364	0.408
71811cfc-2ce8-4774-947f-8bb0d312de0b	5	169908125	173912042	2547	0.673
71811cfc-2ce8-4774-947f-8bb0d312de0b	5	173916326	175685680	1326	0.3842
71811cfc-2ce8-4774-947f-8bb0d312de0b	5	175686035	175702960	16	0.736
71811cfc-2ce8-4774-947f-8bb0d312de0b	5	175703418	177218434	481	0.3308
71811cfc-2ce8-4774-947f-8bb0d312de0b	5	177218524	177549589	138	0.5524
71811cfc-2ce8-4774-947f-8bb0d312de0b	5	177555802	177565673	4	-0.5311
71811cfc-2ce8-4774-947f-8bb0d312de0b	5	177570076	180934240	1564	0.3434
71811cfc-2ce8-4774-947f-8bb0d312de0b	6	1011760	8899037	5828	0.4075
71811cfc-2ce8-4774-947f-8bb0d312de0b	6	8899207	9692627	506	0.5106
71811cfc-2ce8-4774-947f-8bb0d312de0b	6	9693600	12660318	2082	0.4274
71811cfc-2ce8-4774-947f-8bb0d312de0b	6	12660574	18379195	3832	0.3891
71811cfc-2ce8-4774-947f-8bb0d312de0b	6	18379707	22056297	2620	0.4241
71811cfc-2ce8-4774-947f-8bb0d312de0b	6	22056394	23603870	1210	0.4884
71811cfc-2ce8-4774-947f-8bb0d312de0b	6	23604314	24836311	814	0.425
71811cfc-2ce8-4774-947f-8bb0d312de0b	6	24838408	32997308	2538	0.3861
71811cfc-2ce8-4774-947f-8bb0d312de0b	6	32997968	36045225	1502	0.3147
71811cfc-2ce8-4774-947f-8bb0d312de0b	6	36046445	44501768	5478	0.3682
71811cfc-2ce8-4774-947f-8bb0d312de0b	6	44501798	45799025	716	0.4194
71811cfc-2ce8-4774-947f-8bb0d312de0b	6	45800409	45800630	2	1.7022
71811cfc-2ce8-4774-947f-8bb0d312de0b	6	45802515	54287494	5247	0.4455
71811cfc-2ce8-4774-947f-8bb0d312de0b	6	54288084	56980916	1605	0.4991
71811cfc-2ce8-4774-947f-8bb0d312de0b	6	56981317	61694419	214	0.4537
71811cfc-2ce8-4774-947f-8bb0d312de0b	6	61696761	65242432	1683	0.7661
71811cfc-2ce8-4774-947f-8bb0d312de0b	6	65245250	66045181	489	0.1364
71811cfc-2ce8-4774-947f-8bb0d312de0b	6	66046023	86938848	11804	-0.4641
71811cfc-2ce8-4774-947f-8bb0d312de0b	6	86939735	90599193	2292	-0.5247
71811cfc-2ce8-4774-947f-8bb0d312de0b	6	90601136	105208885	7644	-0.4594
71811cfc-2ce8-4774-947f-8bb0d312de0b	6	105212164	112416478	4442	-0.5396
71811cfc-2ce8-4774-947f-8bb0d312de0b	6	112417567	134363793	12807	-0.4622
71811cfc-2ce8-4774-947f-8bb0d312de0b	6	134364370	136738028	1653	-0.4993
71811cfc-2ce8-4774-947f-8bb0d312de0b	6	136738565	136738812	3	-2.4495
71811cfc-2ce8-4774-947f-8bb0d312de0b	6	136864792	170596889	19985	-0.5093
71811cfc-2ce8-4774-947f-8bb0d312de0b	7	665647	7178228	2351	-0.0684
71811cfc-2ce8-4774-947f-8bb0d312de0b	7	7180037	9607996	1257	0.0386
71811cfc-2ce8-4774-947f-8bb0d312de0b	7	9608711	9608983	2	-1.7459
71811cfc-2ce8-4774-947f-8bb0d312de0b	7	9609494	15983644	4168	0.0707
71811cfc-2ce8-4774-947f-8bb0d312de0b	7	15985253	15985363	3	1.4662
71811cfc-2ce8-4774-947f-8bb0d312de0b	7	15985581	21287446	2639	0.0586
71811cfc-2ce8-4774-947f-8bb0d312de0b	7	21293724	43787815	14645	0.0195
71811cfc-2ce8-4774-947f-8bb0d312de0b	7	43796451	45233260	713	-0.076
71811cfc-2ce8-4774-947f-8bb0d312de0b	7	45233665	51985136	4774	0.0159
71811cfc-2ce8-4774-947f-8bb0d312de0b	7	51985167	55256144	2353	0.0655
71811cfc-2ce8-4774-947f-8bb0d312de0b	7	55256455	73583460	4854	-0.016
71811cfc-2ce8-4774-947f-8bb0d312de0b	7	73586988	76273300	740	-0.1112
71811cfc-2ce8-4774-947f-8bb0d312de0b	7	76286756	78356547	877	0.0045
71811cfc-2ce8-4774-947f-8bb0d312de0b	7	78357216	86882275	5123	0.0934
71811cfc-2ce8-4774-947f-8bb0d312de0b	7	86882805	97744119	5454	0.0466
71811cfc-2ce8-4774-947f-8bb0d312de0b	7	97744169	101865891	1524	-0.0837
71811cfc-2ce8-4774-947f-8bb0d312de0b	7	101868625	101873029	3	-0.9884
71811cfc-2ce8-4774-947f-8bb0d312de0b	7	101873962	102872055	327	-0.0855
71811cfc-2ce8-4774-947f-8bb0d312de0b	7	102873279	109149259	3707	0.0197
71811cfc-2ce8-4774-947f-8bb0d312de0b	7	109153007	121357153	6279	0.0733
71811cfc-2ce8-4774-947f-8bb0d312de0b	7	121361104	127302776	3337	0.4554
71811cfc-2ce8-4774-947f-8bb0d312de0b	7	127305741	131967309	2449	0.3561
71811cfc-2ce8-4774-947f-8bb0d312de0b	7	131967351	137933576	3758	0.4189
71811cfc-2ce8-4774-947f-8bb0d312de0b	7	137934529	144022336	2855	0.3704
71811cfc-2ce8-4774-947f-8bb0d312de0b	7	144022604	146239242	1161	0.4558
71811cfc-2ce8-4774-947f-8bb0d312de0b	7	146239333	146428083	58	0.6484
71811cfc-2ce8-4774-947f-8bb0d312de0b	7	146434251	147524713	690	0.7875
71811cfc-2ce8-4774-947f-8bb0d312de0b	7	147528201	149007542	992	0.7158
71811cfc-2ce8-4774-947f-8bb0d312de0b	7	149009859	153217654	1992	0.6455
71811cfc-2ce8-4774-947f-8bb0d312de0b	7	153219271	158564380	2809	0.6931
71811cfc-2ce8-4774-947f-8bb0d312de0b	7	158568414	158592540	13	0.4754
71811cfc-2ce8-4774-947f-8bb0d312de0b	8	667625	2940812	830	-0.589
71811cfc-2ce8-4774-947f-8bb0d312de0b	8	2941847	6804167	2255	-0.5019
71811cfc-2ce8-4774-947f-8bb0d312de0b	8	6808221	11801118	2146	-0.5682
71811cfc-2ce8-4774-947f-8bb0d312de0b	8	12704441	18504690	4367	-0.4693
71811cfc-2ce8-4774-947f-8bb0d312de0b	8	18504744	30803360	8491	-0.5554
71811cfc-2ce8-4774-947f-8bb0d312de0b	8	30807762	33993230	2004	-1.5093
71811cfc-2ce8-4774-947f-8bb0d312de0b	8	33996350	41095720	3726	-0.5212
71811cfc-2ce8-4774-947f-8bb0d312de0b	8	41096262	42581813	933	-1.5566
71811cfc-2ce8-4774-947f-8bb0d312de0b	8	42586433	43036958	196	-0.0941
71811cfc-2ce8-4774-947f-8bb0d312de0b	8	43038751	48016341	591	0.0339
71811cfc-2ce8-4774-947f-8bb0d312de0b	8	48017708	48205877	55	-0.0979
71811cfc-2ce8-4774-947f-8bb0d312de0b	8	48222873	51491831	1784	0.0919
71811cfc-2ce8-4774-947f-8bb0d312de0b	8	51498895	74508250	13877	0.0644
71811cfc-2ce8-4774-947f-8bb0d312de0b	8	74510637	79707129	2847	0.1038
71811cfc-2ce8-4774-947f-8bb0d312de0b	8	79707644	80913887	623	0.0252
71811cfc-2ce8-4774-947f-8bb0d312de0b	8	80915566	94196789	7248	0.0925
71811cfc-2ce8-4774-947f-8bb0d312de0b	8	94199901	103201661	5390	0.037
71811cfc-2ce8-4774-947f-8bb0d312de0b	8	103203238	110035276	3612	0.0872
71811cfc-2ce8-4774-947f-8bb0d312de0b	8	110035649	115042974	2486	0.1302
71811cfc-2ce8-4774-947f-8bb0d312de0b	8	115046676	122362440	4805	0.0764
71811cfc-2ce8-4774-947f-8bb0d312de0b	8	122363157	122423916	32	-0.0706
71811cfc-2ce8-4774-947f-8bb0d312de0b	8	122424237	140338233	13058	0.037
71811cfc-2ce8-4774-947f-8bb0d312de0b	8	140342629	144182542	703	-0.0632
71811cfc-2ce8-4774-947f-8bb0d312de0b	9	789794	2810927	1392	-0.547
71811cfc-2ce8-4774-947f-8bb0d312de0b	9	2813725	4473481	1290	-0.4976
71811cfc-2ce8-4774-947f-8bb0d312de0b	9	4479036	4479464	2	-2.9833
71811cfc-2ce8-4774-947f-8bb0d312de0b	9	4480654	32564478	17042	-0.4931
71811cfc-2ce8-4774-947f-8bb0d312de0b	9	32567824	35945978	1881	-0.5788
71811cfc-2ce8-4774-947f-8bb0d312de0b	9	35946278	68423153	1882	0.3499
71811cfc-2ce8-4774-947f-8bb0d312de0b	9	68424128	72701226	3108	0.6336
71811cfc-2ce8-4774-947f-8bb0d312de0b	9	72701319	74560101	1110	0.7009
71811cfc-2ce8-4774-947f-8bb0d312de0b	9	74562226	83650510	6445	0.6502
71811cfc-2ce8-4774-947f-8bb0d312de0b	9	83650668	98453554	9603	0.5866
71811cfc-2ce8-4774-947f-8bb0d312de0b	9	98454435	100808738	1462	0.6207
71811cfc-2ce8-4774-947f-8bb0d312de0b	9	100808944	104578002	2141	0.674
71811cfc-2ce8-4774-947f-8bb0d312de0b	9	104578219	121408212	12149	0.6203
71811cfc-2ce8-4774-947f-8bb0d312de0b	9	121409044	125974555	2695	0.5728
71811cfc-2ce8-4774-947f-8bb0d312de0b	9	125975635	131383392	3015	0.5221
71811cfc-2ce8-4774-947f-8bb0d312de0b	9	131396628	138044505	3111	-0.882
71811cfc-2ce8-4774-947f-8bb0d312de0b	10	366509	15455976	10969	-0.5723
71811cfc-2ce8-4774-947f-8bb0d312de0b	10	15459073	15459076	2	-2.633
71811cfc-2ce8-4774-947f-8bb0d312de0b	10	15461484	15656684	189	-0.5967
71811cfc-2ce8-4774-947f-8bb0d312de0b	10	15656765	22468561	4627	-0.5085
71811cfc-2ce8-4774-947f-8bb0d312de0b	10	22482281	22959878	317	-0.5638
71811cfc-2ce8-4774-947f-8bb0d312de0b	10	22960180	22960949	2	-2.9115
71811cfc-2ce8-4774-947f-8bb0d312de0b	10	22970766	25740085	1845	-0.5348
71811cfc-2ce8-4774-947f-8bb0d312de0b	10	25745285	25745320	2	-2.7154
71811cfc-2ce8-4774-947f-8bb0d312de0b	10	25748962	28321386	1586	-0.5421
71811cfc-2ce8-4774-947f-8bb0d312de0b	10	28324583	30837061	1953	-0.5955
71811cfc-2ce8-4774-947f-8bb0d312de0b	10	30837862	38770921	4645	-0.5296
71811cfc-2ce8-4774-947f-8bb0d312de0b	10	42450960	42876068	213	-1.3556
71811cfc-2ce8-4774-947f-8bb0d312de0b	10	42876813	44931168	1366	-1.7686
71811cfc-2ce8-4774-947f-8bb0d312de0b	10	44934705	44951469	21	-3.3944
71811cfc-2ce8-4774-947f-8bb0d312de0b	10	44951951	49647322	1677	-1.6499
71811cfc-2ce8-4774-947f-8bb0d312de0b	10	49647593	49693892	29	-3.1631
71811cfc-2ce8-4774-947f-8bb0d312de0b	10	49697401	52744677	1509	-1.5016
71811cfc-2ce8-4774-947f-8bb0d312de0b	10	52746318	52751347	4	-6.0028
71811cfc-2ce8-4774-947f-8bb0d312de0b	10	52751488	69434432	9583	-1.4958
71811cfc-2ce8-4774-947f-8bb0d312de0b	10	69435858	69491851	36	-3.1993
71811cfc-2ce8-4774-947f-8bb0d312de0b	10	69492070	72058623	1825	-1.8763
71811cfc-2ce8-4774-947f-8bb0d312de0b	10	72063344	72109905	25	-3.06
71811cfc-2ce8-4774-947f-8bb0d312de0b	10	72122059	78132276	3378	-1.5896
71811cfc-2ce8-4774-947f-8bb0d312de0b	10	78133457	80808928	1560	-0.5647
71811cfc-2ce8-4774-947f-8bb0d312de0b	10	80809138	83848984	2138	-0.4825
71811cfc-2ce8-4774-947f-8bb0d312de0b	10	83850753	87857644	2422	-0.5428
71811cfc-2ce8-4774-947f-8bb0d312de0b	10	87861304	87976151	190	-0.3452
71811cfc-2ce8-4774-947f-8bb0d312de0b	10	87977344	88941407	631	-0.5328
71811cfc-2ce8-4774-947f-8bb0d312de0b	10	88942796	96622408	4599	0.0368
71811cfc-2ce8-4774-947f-8bb0d312de0b	10	96622546	103899796	3909	-0.0207
71811cfc-2ce8-4774-947f-8bb0d312de0b	10	103904701	115126555	7623	0.0462
71811cfc-2ce8-4774-947f-8bb0d312de0b	10	115126757	115979841	547	0.1422
71811cfc-2ce8-4774-947f-8bb0d312de0b	10	115979990	120300666	2954	0.0233
71811cfc-2ce8-4774-947f-8bb0d312de0b	10	120303804	121425228	1014	0.071
71811cfc-2ce8-4774-947f-8bb0d312de0b	10	121425361	126052717	3207	0.0094
71811cfc-2ce8-4774-947f-8bb0d312de0b	10	126054095	126054425	2	-1.3895
71811cfc-2ce8-4774-947f-8bb0d312de0b	10	126054457	127344153	1030	0.0355
71811cfc-2ce8-4774-947f-8bb0d312de0b	10	127344628	127408673	61	-0.5245
71811cfc-2ce8-4774-947f-8bb0d312de0b	10	127409165	129243115	1490	0.0249
71811cfc-2ce8-4774-947f-8bb0d312de0b	10	129245141	129970432	527	-0.6019
71811cfc-2ce8-4774-947f-8bb0d312de0b	10	129975997	133411599	1000	-0.0114
71811cfc-2ce8-4774-947f-8bb0d312de0b	11	456012	4557479	1602	0.5213
71811cfc-2ce8-4774-947f-8bb0d312de0b	11	4558044	7412709	1896	0.5941
71811cfc-2ce8-4774-947f-8bb0d312de0b	11	7412789	7826324	313	0.5438
71811cfc-2ce8-4774-947f-8bb0d312de0b	11	7830133	19327822	7929	0.2485
71811cfc-2ce8-4774-947f-8bb0d312de0b	11	19328388	31792337	8300	0.3103
71811cfc-2ce8-4774-947f-8bb0d312de0b	11	31793141	34821659	1947	0.2261
71811cfc-2ce8-4774-947f-8bb0d312de0b	11	34822519	34833115	13	-0.5797
71811cfc-2ce8-4774-947f-8bb0d312de0b	11	34835778	35044755	234	0.2544
71811cfc-2ce8-4774-947f-8bb0d312de0b	11	35045935	36743734	1341	0.2835
71811cfc-2ce8-4774-947f-8bb0d312de0b	11	36744812	42446479	3203	0.3513
71811cfc-2ce8-4774-947f-8bb0d312de0b	11	42446994	44458274	1345	0.3046
71811cfc-2ce8-4774-947f-8bb0d312de0b	11	44462509	49117218	2147	0.2382
71811cfc-2ce8-4774-947f-8bb0d312de0b	11	49119778	57187372	960	0.3149
71811cfc-2ce8-4774-947f-8bb0d312de0b	11	57187617	61147401	2247	0.2506
71811cfc-2ce8-4774-947f-8bb0d312de0b	11	61147912	66664759	1975	0.1822
71811cfc-2ce8-4774-947f-8bb0d312de0b	11	66666418	67529387	304	0.3109
71811cfc-2ce8-4774-947f-8bb0d312de0b	11	68003122	68183041	81	-0.6293
71811cfc-2ce8-4774-947f-8bb0d312de0b	11	68185159	70210571	1104	0.3447
71811cfc-2ce8-4774-947f-8bb0d312de0b	11	70225613	80060056	5449	-0.6103
71811cfc-2ce8-4774-947f-8bb0d312de0b	11	80060808	100060556	12287	-0.4949
71811cfc-2ce8-4774-947f-8bb0d312de0b	11	100062951	100063836	3	-2.2705
71811cfc-2ce8-4774-947f-8bb0d312de0b	11	100064136	107550789	4683	-0.4693
71811cfc-2ce8-4774-947f-8bb0d312de0b	11	107553147	112129580	2655	-0.5317
71811cfc-2ce8-4774-947f-8bb0d312de0b	11	112134722	134272740	15347	-0.5703
71811cfc-2ce8-4774-947f-8bb0d312de0b	12	780472	5662702	3092	0.0006
71811cfc-2ce8-4774-947f-8bb0d312de0b	12	5664297	8871262	1435	-0.052
71811cfc-2ce8-4774-947f-8bb0d312de0b	12	8878755	13517255	2608	0.0124
71811cfc-2ce8-4774-947f-8bb0d312de0b	12	13517586	15006197	961	0.0299
71811cfc-2ce8-4774-947f-8bb0d312de0b	12	15006752	26075137	6953	0.0831
71811cfc-2ce8-4774-947f-8bb0d312de0b	12	26075694	27633482	978	0.0443
71811cfc-2ce8-4774-947f-8bb0d312de0b	12	27634686	27634702	2	-1.2028
71811cfc-2ce8-4774-947f-8bb0d312de0b	12	27635088	31004579	2355	0.0459
71811cfc-2ce8-4774-947f-8bb0d312de0b	12	31008068	32962886	1113	-0.014
71811cfc-2ce8-4774-947f-8bb0d312de0b	12	32962996	47273461	4921	0.0566
71811cfc-2ce8-4774-947f-8bb0d312de0b	12	47274140	54874316	3935	-0.0445
71811cfc-2ce8-4774-947f-8bb0d312de0b	12	54878878	55476848	388	0.0644
71811cfc-2ce8-4774-947f-8bb0d312de0b	12	55477140	58080039	1229	-0.0477
71811cfc-2ce8-4774-947f-8bb0d312de0b	12	58080071	58455939	300	0.0509
71811cfc-2ce8-4774-947f-8bb0d312de0b	12	58456463	60726201	1449	0.0931
71811cfc-2ce8-4774-947f-8bb0d312de0b	12	60730069	69960969	5865	0.0382
71811cfc-2ce8-4774-947f-8bb0d312de0b	12	69963355	91675466	12746	0.0856
71811cfc-2ce8-4774-947f-8bb0d312de0b	12	91677345	104135571	8175	0.0361
71811cfc-2ce8-4774-947f-8bb0d312de0b	12	104138905	105397576	879	0.0001
71811cfc-2ce8-4774-947f-8bb0d312de0b	12	105397826	105398313	4	-0.8535
71811cfc-2ce8-4774-947f-8bb0d312de0b	12	105398905	107599751	1603	0.0181
71811cfc-2ce8-4774-947f-8bb0d312de0b	12	107600732	108340912	405	-0.0304
71811cfc-2ce8-4774-947f-8bb0d312de0b	12	108341080	108341399	2	-1.423
71811cfc-2ce8-4774-947f-8bb0d312de0b	12	108343596	114136803	2969	-0.0505
71811cfc-2ce8-4774-947f-8bb0d312de0b	12	114136921	116224782	1618	0.0044
71811cfc-2ce8-4774-947f-8bb0d312de0b	12	116225435	125188990	4920	-0.046
71811cfc-2ce8-4774-947f-8bb0d312de0b	12	125189482	132605822	3408	-0.0027
71811cfc-2ce8-4774-947f-8bb0d312de0b	13	18874255	26907762	4320	-0.6669
71811cfc-2ce8-4774-947f-8bb0d312de0b	13	26911496	26913130	2	-4.3928
71811cfc-2ce8-4774-947f-8bb0d312de0b	13	26913312	31437328	3239	-0.6792
71811cfc-2ce8-4774-947f-8bb0d312de0b	13	31437941	42719211	7583	-0.6195
71811cfc-2ce8-4774-947f-8bb0d312de0b	13	42722706	46620550	2275	-0.6852
71811cfc-2ce8-4774-947f-8bb0d312de0b	13	46622530	46623319	2	-2.8135
71811cfc-2ce8-4774-947f-8bb0d312de0b	13	46623488	48418674	1316	-0.6776
71811cfc-2ce8-4774-947f-8bb0d312de0b	13	48422410	48448588	50	-1.5159
71811cfc-2ce8-4774-947f-8bb0d312de0b	13	48461331	53626869	2127	-0.6856
71811cfc-2ce8-4774-947f-8bb0d312de0b	13	53626939	59571235	2821	-0.5773
71811cfc-2ce8-4774-947f-8bb0d312de0b	13	59571392	59571508	2	-2.6339
71811cfc-2ce8-4774-947f-8bb0d312de0b	13	59574968	72033816	6255	-0.579
71811cfc-2ce8-4774-947f-8bb0d312de0b	13	72034119	80562383	5711	-0.6449
71811cfc-2ce8-4774-947f-8bb0d312de0b	13	80563132	93733557	7671	-0.5892
71811cfc-2ce8-4774-947f-8bb0d312de0b	13	93735196	106770328	8604	-0.6596
71811cfc-2ce8-4774-947f-8bb0d312de0b	13	106771527	106772237	2	-3.6694
71811cfc-2ce8-4774-947f-8bb0d312de0b	13	106772279	110459430	2876	-0.689
71811cfc-2ce8-4774-947f-8bb0d312de0b	13	110463507	110584913	123	-0.9355
71811cfc-2ce8-4774-947f-8bb0d312de0b	13	110584987	111869651	713	-0.749
71811cfc-2ce8-4774-947f-8bb0d312de0b	13	111874069	114226675	992	0.646
71811cfc-2ce8-4774-947f-8bb0d312de0b	14	20033191	24813314	1952	0.3627
71811cfc-2ce8-4774-947f-8bb0d312de0b	14	24813528	30692788	3378	0.4386
71811cfc-2ce8-4774-947f-8bb0d312de0b	14	30695798	32419707	957	0.3674
71811cfc-2ce8-4774-947f-8bb0d312de0b	14	32420317	34338217	1615	0.4413
71811cfc-2ce8-4774-947f-8bb0d312de0b	14	34341242	35841899	600	0.332
71811cfc-2ce8-4774-947f-8bb0d312de0b	14	35845261	49626199	6779	0.4227
71811cfc-2ce8-4774-947f-8bb0d312de0b	14	49629842	49731377	45	0.2696
71811cfc-2ce8-4774-947f-8bb0d312de0b	14	49732962	63457684	8797	0.3769
71811cfc-2ce8-4774-947f-8bb0d312de0b	14	63460794	78656618	9292	0.3165
71811cfc-2ce8-4774-947f-8bb0d312de0b	14	78662574	87412925	5654	0.4071
71811cfc-2ce8-4774-947f-8bb0d312de0b	14	87412936	101472540	9175	0.3248
71811cfc-2ce8-4774-947f-8bb0d312de0b	14	101472993	105533894	1535	0.2641
71811cfc-2ce8-4774-947f-8bb0d312de0b	15	23437561	35073319	4995	0.4083
71811cfc-2ce8-4774-947f-8bb0d312de0b	15	35077876	37228466	1487	0.461
71811cfc-2ce8-4774-947f-8bb0d312de0b	15	37228771	40012719	1914	0.4122
71811cfc-2ce8-4774-947f-8bb0d312de0b	15	40032280	45276901	2260	0.3229
71811cfc-2ce8-4774-947f-8bb0d312de0b	15	45277113	48287903	1963	0.4212
71811cfc-2ce8-4774-947f-8bb0d312de0b	15	48288706	48295388	2	-1.3981
71811cfc-2ce8-4774-947f-8bb0d312de0b	15	48295425	50116606	1097	0.4211
71811cfc-2ce8-4774-947f-8bb0d312de0b	15	50116727	51205542	579	0.3404
71811cfc-2ce8-4774-947f-8bb0d312de0b	15	51208490	53490573	1541	0.401
71811cfc-2ce8-4774-947f-8bb0d312de0b	15	53490604	54627291	858	0.4613
71811cfc-2ce8-4774-947f-8bb0d312de0b	15	54628652	63817399	6254	0.3856
71811cfc-2ce8-4774-947f-8bb0d312de0b	15	63819086	73945679	5972	0.3408
71811cfc-2ce8-4774-947f-8bb0d312de0b	15	73947082	75932604	881	0.2815
71811cfc-2ce8-4774-947f-8bb0d312de0b	15	75933379	85576770	4978	0.3393
71811cfc-2ce8-4774-947f-8bb0d312de0b	15	85576784	87954910	1745	0.3835
71811cfc-2ce8-4774-947f-8bb0d312de0b	15	87955235	93486705	3502	0.3442
71811cfc-2ce8-4774-947f-8bb0d312de0b	15	93486971	101344124	4749	0.3965
71811cfc-2ce8-4774-947f-8bb0d312de0b	16	603333	5305178	1780	-0.0613
71811cfc-2ce8-4774-947f-8bb0d312de0b	16	5305349	26772914	10558	-0.022
71811cfc-2ce8-4774-947f-8bb0d312de0b	16	26773208	46470502	1680	-0.0792
71811cfc-2ce8-4774-947f-8bb0d312de0b	16	46473753	58796299	8033	-0.5822
71811cfc-2ce8-4774-947f-8bb0d312de0b	16	58796528	65234895	4129	-0.5007
71811cfc-2ce8-4774-947f-8bb0d312de0b	16	65243897	75436678	5219	-0.5851
71811cfc-2ce8-4774-947f-8bb0d312de0b	16	75437954	77238833	1211	-0.4928
71811cfc-2ce8-4774-947f-8bb0d312de0b	16	77243108	79155943	1722	-0.5866
71811cfc-2ce8-4774-947f-8bb0d312de0b	16	79157001	79157183	2	-3.3858
71811cfc-2ce8-4774-947f-8bb0d312de0b	16	79157583	89317317	6723	-0.6162
71811cfc-2ce8-4774-947f-8bb0d312de0b	17	1074619	8245573	3423	-0.6405
71811cfc-2ce8-4774-947f-8bb0d312de0b	17	8246339	11840584	2477	1.8764
71811cfc-2ce8-4774-947f-8bb0d312de0b	17	11841448	18125004	2768	1.9672
71811cfc-2ce8-4774-947f-8bb0d312de0b	17	18129759	18706323	163	1.8328
71811cfc-2ce8-4774-947f-8bb0d312de0b	17	18758014	20163352	564	-0.6087
71811cfc-2ce8-4774-947f-8bb0d312de0b	17	20165258	20695371	55	-0.2507
71811cfc-2ce8-4774-947f-8bb0d312de0b	17	20699136	21399695	273	-0.6154
71811cfc-2ce8-4774-947f-8bb0d312de0b	17	21774057	37387544	4734	0.324
71811cfc-2ce8-4774-947f-8bb0d312de0b	17	37387774	47720775	4032	0.2877
71811cfc-2ce8-4774-947f-8bb0d312de0b	17	47720956	51588284	1842	0.3146
71811cfc-2ce8-4774-947f-8bb0d312de0b	17	51588349	51731067	135	0.387
71811cfc-2ce8-4774-947f-8bb0d312de0b	17	51731413	51736115	2	-0.5311
71811cfc-2ce8-4774-947f-8bb0d312de0b	17	51737034	52266541	440	0.3882
71811cfc-2ce8-4774-947f-8bb0d312de0b	17	52269896	55374974	1778	0.4252
71811cfc-2ce8-4774-947f-8bb0d312de0b	17	55375588	58206899	2119	0.3677
71811cfc-2ce8-4774-947f-8bb0d312de0b	17	58207721	58860655	321	0.3026
71811cfc-2ce8-4774-947f-8bb0d312de0b	17	58860750	71556441	6971	-0.5846
71811cfc-2ce8-4774-947f-8bb0d312de0b	17	71558960	71859159	232	0.431
71811cfc-2ce8-4774-947f-8bb0d312de0b	17	71860323	82959812	4877	-0.653
71811cfc-2ce8-4774-947f-8bb0d312de0b	18	326691	11931996	6933	0.4096
71811cfc-2ce8-4774-947f-8bb0d312de0b	18	11938280	13067613	593	0.3326
71811cfc-2ce8-4774-947f-8bb0d312de0b	18	13067741	25053317	3037	0.3917
71811cfc-2ce8-4774-947f-8bb0d312de0b	18	25053349	31955245	4183	0.4494
71811cfc-2ce8-4774-947f-8bb0d312de0b	18	31957650	32325636	267	0.3297
71811cfc-2ce8-4774-947f-8bb0d312de0b	18	32325704	35035692	1646	0.4533
71811cfc-2ce8-4774-947f-8bb0d312de0b	18	35037353	37583977	1602	0.3993
71811cfc-2ce8-4774-947f-8bb0d312de0b	18	37584115	45689304	4932	0.4469
71811cfc-2ce8-4774-947f-8bb0d312de0b	18	45691427	51494094	3920	0.3768
71811cfc-2ce8-4774-947f-8bb0d312de0b	18	51494203	56994603	3414	0.435
71811cfc-2ce8-4774-947f-8bb0d312de0b	18	56994692	59393730	1643	0.3852
71811cfc-2ce8-4774-947f-8bb0d312de0b	18	59396099	63920466	3061	0.4337
71811cfc-2ce8-4774-947f-8bb0d312de0b	18	63920484	63920516	3	-0.5111
71811cfc-2ce8-4774-947f-8bb0d312de0b	18	63920560	64288996	257	0.4015
71811cfc-2ce8-4774-947f-8bb0d312de0b	18	64291932	73699619	3721	0.4745
71811cfc-2ce8-4774-947f-8bb0d312de0b	18	73699797	79349796	3741	0.4148
71811cfc-2ce8-4774-947f-8bb0d312de0b	19	283868	6251990	1666	0.5369
71811cfc-2ce8-4774-947f-8bb0d312de0b	19	6254452	19130786	5770	0.5013
71811cfc-2ce8-4774-947f-8bb0d312de0b	19	19131409	27749586	1621	0.559
71811cfc-2ce8-4774-947f-8bb0d312de0b	19	27749601	32673853	3622	0.2688
71811cfc-2ce8-4774-947f-8bb0d312de0b	19	32674292	58370362	11464	0.2035
71811cfc-2ce8-4774-947f-8bb0d312de0b	20	472817	6201930	3448	-0.0158
71811cfc-2ce8-4774-947f-8bb0d312de0b	20	6207928	15877371	6216	0.0621
71811cfc-2ce8-4774-947f-8bb0d312de0b	20	15877428	26215232	7273	-0.0157
71811cfc-2ce8-4774-947f-8bb0d312de0b	20	26215250	39216834	4103	0.3107
71811cfc-2ce8-4774-947f-8bb0d312de0b	20	39219068	43043175	2712	0.3766
71811cfc-2ce8-4774-947f-8bb0d312de0b	20	43043555	51657640	5571	0.3233
71811cfc-2ce8-4774-947f-8bb0d312de0b	20	51667081	51667598	2	-1.3803
71811cfc-2ce8-4774-947f-8bb0d312de0b	20	51668909	52254398	377	0.334
71811cfc-2ce8-4774-947f-8bb0d312de0b	20	52257883	53582428	907	0.3933
71811cfc-2ce8-4774-947f-8bb0d312de0b	20	53582517	53754804	115	0.2536
71811cfc-2ce8-4774-947f-8bb0d312de0b	20	53756553	55758269	1515	0.4104
71811cfc-2ce8-4774-947f-8bb0d312de0b	20	55758506	55758634	2	1.6667
71811cfc-2ce8-4774-947f-8bb0d312de0b	20	55759633	61876753	4627	0.3736
71811cfc-2ce8-4774-947f-8bb0d312de0b	20	61881335	63588502	660	0.3447
71811cfc-2ce8-4774-947f-8bb0d312de0b	21	13974127	14173507	85	-0.5986
71811cfc-2ce8-4774-947f-8bb0d312de0b	21	14173679	30949531	10745	-0.4881
71811cfc-2ce8-4774-947f-8bb0d312de0b	21	30949667	38167017	4726	-0.5916
71811cfc-2ce8-4774-947f-8bb0d312de0b	21	38167992	46262057	4995	0.349
71811cfc-2ce8-4774-947f-8bb0d312de0b	22	16934932	29009754	4499	-0.0499
71811cfc-2ce8-4774-947f-8bb0d312de0b	22	29010400	31963016	1612	-0.0949
71811cfc-2ce8-4774-947f-8bb0d312de0b	22	31964175	35978043	3162	-0.0451
71811cfc-2ce8-4774-947f-8bb0d312de0b	22	35979189	44764928	4759	-0.0933
71811cfc-2ce8-4774-947f-8bb0d312de0b	22	44765860	45094012	243	-0.0508
71811cfc-2ce8-4774-947f-8bb0d312de0b	22	45094855	45095077	2	-1.4758
71811cfc-2ce8-4774-947f-8bb0d312de0b	22	45095451	48940621	2782	-0.0534
71811cfc-2ce8-4774-947f-8bb0d312de0b	X	3236359	25393026	9559	-0.2213
71811cfc-2ce8-4774-947f-8bb0d312de0b	X	25395067	29475306	2252	-0.1642
71811cfc-2ce8-4774-947f-8bb0d312de0b	X	29479635	29515480	33	-0.0308
71811cfc-2ce8-4774-947f-8bb0d312de0b	X	29616274	35693467	2607	0.2985
71811cfc-2ce8-4774-947f-8bb0d312de0b	X	35696818	35697136	2	-2.1219
71811cfc-2ce8-4774-947f-8bb0d312de0b	X	35699435	35742672	24	0.1783
71811cfc-2ce8-4774-947f-8bb0d312de0b	X	35742774	35745048	8	-0.2916
71811cfc-2ce8-4774-947f-8bb0d312de0b	X	35747123	36709352	570	0.3014
71811cfc-2ce8-4774-947f-8bb0d312de0b	X	36709997	51915293	6717	0.1885
71811cfc-2ce8-4774-947f-8bb0d312de0b	X	51915675	63570457	2268	0.1283
71811cfc-2ce8-4774-947f-8bb0d312de0b	X	63574817	81206934	6630	0.0431
71811cfc-2ce8-4774-947f-8bb0d312de0b	X	81209513	100266045	7746	0.103
71811cfc-2ce8-4774-947f-8bb0d312de0b	X	100266135	113267642	6131	0.0575
71811cfc-2ce8-4774-947f-8bb0d312de0b	X	113273698	116538832	1374	0.1082
71811cfc-2ce8-4774-947f-8bb0d312de0b	X	116539498	119359367	1430	0.0557
71811cfc-2ce8-4774-947f-8bb0d312de0b	X	119364264	120124550	343	-0.0579
71811cfc-2ce8-4774-947f-8bb0d312de0b	X	120126010	126714197	3338	0.0616
71811cfc-2ce8-4774-947f-8bb0d312de0b	X	126716599	126717783	3	-2.0901
71811cfc-2ce8-4774-947f-8bb0d312de0b	X	126723163	142151613	6375	0.0432
71811cfc-2ce8-4774-947f-8bb0d312de0b	X	142157689	147816807	3420	-0.2737
71811cfc-2ce8-4774-947f-8bb0d312de0b	X	147818235	155677414	2900	-0.3273
