GDC_Aliquot	Chromosome	Start	End	Num_Probes	Segment_Mean
686e8989-223c-4fb4-9e48-8d5dc94b9e60	1	3301765	8709669	3359	-0.0988
686e8989-223c-4fb4-9e48-8d5dc94b9e60	1	8710824	12162628	1679	-0.1462
686e8989-223c-4fb4-9e48-8d5dc94b9e60	1	12163394	23157110	6120	-0.097
686e8989-223c-4fb4-9e48-8d5dc94b9e60	1	23157359	29149366	2543	-0.1436
686e8989-223c-4fb4-9e48-8d5dc94b9e60	1	29151802	47855202	10199	-0.0981
686e8989-223c-4fb4-9e48-8d5dc94b9e60	1	47857863	51037672	1599	-0.0442
686e8989-223c-4fb4-9e48-8d5dc94b9e60	1	51038046	55074160	2214	-0.1011
686e8989-223c-4fb4-9e48-8d5dc94b9e60	1	55076008	63003832	5813	-0.0346
686e8989-223c-4fb4-9e48-8d5dc94b9e60	1	63005821	63006432	3	-1.6318
686e8989-223c-4fb4-9e48-8d5dc94b9e60	1	63007197	99436973	22392	-0.0318
686e8989-223c-4fb4-9e48-8d5dc94b9e60	1	99442394	99442883	3	-1.3029
686e8989-223c-4fb4-9e48-8d5dc94b9e60	1	99443784	103524378	2383	-0.0514
686e8989-223c-4fb4-9e48-8d5dc94b9e60	1	103793015	108127920	2545	0.4371
686e8989-223c-4fb4-9e48-8d5dc94b9e60	1	108128403	115069708	4039	0.3979
686e8989-223c-4fb4-9e48-8d5dc94b9e60	1	115070252	116362780	977	0.4472
686e8989-223c-4fb4-9e48-8d5dc94b9e60	1	116363729	116920069	334	0.3622
686e8989-223c-4fb4-9e48-8d5dc94b9e60	1	116920915	119257095	1343	0.451
686e8989-223c-4fb4-9e48-8d5dc94b9e60	1	119258672	119259438	2	-0.8524
686e8989-223c-4fb4-9e48-8d5dc94b9e60	1	119259928	119984738	490	0.4515
686e8989-223c-4fb4-9e48-8d5dc94b9e60	1	119984772	151273890	480	-0.1432
686e8989-223c-4fb4-9e48-8d5dc94b9e60	1	151274853	152811662	789	-0.0551
686e8989-223c-4fb4-9e48-8d5dc94b9e60	1	152811779	152811829	2	-1.2823
686e8989-223c-4fb4-9e48-8d5dc94b9e60	1	152814949	153258885	352	-0.009
686e8989-223c-4fb4-9e48-8d5dc94b9e60	1	153259007	156932125	1655	-0.1421
686e8989-223c-4fb4-9e48-8d5dc94b9e60	1	156932430	159669141	1813	-0.0493
686e8989-223c-4fb4-9e48-8d5dc94b9e60	1	159670938	161715989	1111	-0.1063
686e8989-223c-4fb4-9e48-8d5dc94b9e60	1	161716735	173099264	8382	-0.0324
686e8989-223c-4fb4-9e48-8d5dc94b9e60	1	173100104	183691219	6455	-0.0582
686e8989-223c-4fb4-9e48-8d5dc94b9e60	1	183697785	199828508	9487	-0.0348
686e8989-223c-4fb4-9e48-8d5dc94b9e60	1	199829923	207112643	4626	-0.0953
686e8989-223c-4fb4-9e48-8d5dc94b9e60	1	207115047	210506268	2518	-0.0332
686e8989-223c-4fb4-9e48-8d5dc94b9e60	1	210508348	213589677	1955	-0.0719
686e8989-223c-4fb4-9e48-8d5dc94b9e60	1	213590257	223836032	6868	-0.0275
686e8989-223c-4fb4-9e48-8d5dc94b9e60	1	223842469	231347805	4433	-0.0797
686e8989-223c-4fb4-9e48-8d5dc94b9e60	1	231352778	234620672	2402	-0.0293
686e8989-223c-4fb4-9e48-8d5dc94b9e60	1	234622435	236507503	1068	-0.105
686e8989-223c-4fb4-9e48-8d5dc94b9e60	1	236507760	247650984	7121	-0.0385
686e8989-223c-4fb4-9e48-8d5dc94b9e60	2	480597	6179922	3268	0.183
686e8989-223c-4fb4-9e48-8d5dc94b9e60	2	6181682	6182090	2	1.3265
686e8989-223c-4fb4-9e48-8d5dc94b9e60	2	6182249	8409310	1590	0.1789
686e8989-223c-4fb4-9e48-8d5dc94b9e60	2	8409780	11723758	2228	0.1459
686e8989-223c-4fb4-9e48-8d5dc94b9e60	2	11727028	16798636	3466	0.1909
686e8989-223c-4fb4-9e48-8d5dc94b9e60	2	16800611	23277245	4315	0.2124
686e8989-223c-4fb4-9e48-8d5dc94b9e60	2	23277660	23923289	439	0.1741
686e8989-223c-4fb4-9e48-8d5dc94b9e60	2	23933677	27837914	1726	0.1315
686e8989-223c-4fb4-9e48-8d5dc94b9e60	2	27838548	60302524	18635	0.184
686e8989-223c-4fb4-9e48-8d5dc94b9e60	2	60303035	62430320	1029	0.1278
686e8989-223c-4fb4-9e48-8d5dc94b9e60	2	62430770	69213290	4136	0.1943
686e8989-223c-4fb4-9e48-8d5dc94b9e60	2	69215558	74820124	3072	0.1486
686e8989-223c-4fb4-9e48-8d5dc94b9e60	2	74821950	83615645	4716	0.1884
686e8989-223c-4fb4-9e48-8d5dc94b9e60	2	83617470	84216741	360	0.6022
686e8989-223c-4fb4-9e48-8d5dc94b9e60	2	84218791	85352765	659	0.8694
686e8989-223c-4fb4-9e48-8d5dc94b9e60	2	85353102	94984458	1216	0.5213
686e8989-223c-4fb4-9e48-8d5dc94b9e60	2	94999988	99890769	1758	0.1408
686e8989-223c-4fb4-9e48-8d5dc94b9e60	2	99899672	126999237	14320	0.1855
686e8989-223c-4fb4-9e48-8d5dc94b9e60	2	127000322	128289672	639	0.1183
686e8989-223c-4fb4-9e48-8d5dc94b9e60	2	128293267	130455273	1196	0.1927
686e8989-223c-4fb4-9e48-8d5dc94b9e60	2	130471073	130732793	6	-0.718
686e8989-223c-4fb4-9e48-8d5dc94b9e60	2	130738355	136485690	2819	0.1762
686e8989-223c-4fb4-9e48-8d5dc94b9e60	2	136487425	151081604	8238	0.213
686e8989-223c-4fb4-9e48-8d5dc94b9e60	2	151083315	174610448	14040	0.1926
686e8989-223c-4fb4-9e48-8d5dc94b9e60	2	174612639	200768265	13770	0.2098
686e8989-223c-4fb4-9e48-8d5dc94b9e60	2	200768419	204718889	1972	0.167
686e8989-223c-4fb4-9e48-8d5dc94b9e60	2	204719322	205398857	519	0.2526
686e8989-223c-4fb4-9e48-8d5dc94b9e60	2	205405882	217735363	7639	0.1901
686e8989-223c-4fb4-9e48-8d5dc94b9e60	2	217735856	219642568	930	0.1179
686e8989-223c-4fb4-9e48-8d5dc94b9e60	2	219643158	229673345	6628	0.1898
686e8989-223c-4fb4-9e48-8d5dc94b9e60	2	229673384	233364773	1697	0.1237
686e8989-223c-4fb4-9e48-8d5dc94b9e60	2	233365650	240387397	4552	0.1635
686e8989-223c-4fb4-9e48-8d5dc94b9e60	2	240405336	241537572	545	0.0829
686e8989-223c-4fb4-9e48-8d5dc94b9e60	3	2170634	9231337	4181	-0.01
686e8989-223c-4fb4-9e48-8d5dc94b9e60	3	9232196	15617356	4045	-0.0711
686e8989-223c-4fb4-9e48-8d5dc94b9e60	3	15620225	31748232	9562	-0.0187
686e8989-223c-4fb4-9e48-8d5dc94b9e60	3	31748716	46660272	8839	-0.0447
686e8989-223c-4fb4-9e48-8d5dc94b9e60	3	46665706	46665832	2	-1.358
686e8989-223c-4fb4-9e48-8d5dc94b9e60	3	46668608	47879524	461	-0.1104
686e8989-223c-4fb4-9e48-8d5dc94b9e60	3	47886252	48259584	140	0.1098
686e8989-223c-4fb4-9e48-8d5dc94b9e60	3	48269305	48501194	100	-0.1318
686e8989-223c-4fb4-9e48-8d5dc94b9e60	3	48506373	48674644	65	0.1527
686e8989-223c-4fb4-9e48-8d5dc94b9e60	3	48674989	51687006	1180	-0.1078
686e8989-223c-4fb4-9e48-8d5dc94b9e60	3	51694643	53525438	830	0.1598
686e8989-223c-4fb4-9e48-8d5dc94b9e60	3	53527769	54909002	1052	0.2295
686e8989-223c-4fb4-9e48-8d5dc94b9e60	3	54909199	54951424	37	0.0416
686e8989-223c-4fb4-9e48-8d5dc94b9e60	3	54952444	56556939	1240	0.2472
686e8989-223c-4fb4-9e48-8d5dc94b9e60	3	56559602	58566602	1075	-0.0815
686e8989-223c-4fb4-9e48-8d5dc94b9e60	3	58570824	63322096	2444	0.2357
686e8989-223c-4fb4-9e48-8d5dc94b9e60	3	63322139	63524318	181	0.4668
686e8989-223c-4fb4-9e48-8d5dc94b9e60	3	63526259	63530843	5	0.1481
686e8989-223c-4fb4-9e48-8d5dc94b9e60	3	63530889	63711237	162	-0.0349
686e8989-223c-4fb4-9e48-8d5dc94b9e60	3	63716450	63723210	7	0.2571
686e8989-223c-4fb4-9e48-8d5dc94b9e60	3	63725871	64004342	144	0.4753
686e8989-223c-4fb4-9e48-8d5dc94b9e60	3	64005957	64027386	14	0.113
686e8989-223c-4fb4-9e48-8d5dc94b9e60	3	64027988	84756198	12785	-0.0188
686e8989-223c-4fb4-9e48-8d5dc94b9e60	3	84757652	88810475	1922	0.2153
686e8989-223c-4fb4-9e48-8d5dc94b9e60	3	88812654	89289664	368	0.5951
686e8989-223c-4fb4-9e48-8d5dc94b9e60	3	89292561	89295524	3	1.4013
686e8989-223c-4fb4-9e48-8d5dc94b9e60	3	89297498	90156090	325	0.6056
686e8989-223c-4fb4-9e48-8d5dc94b9e60	3	90162349	90436486	49	0.4244
686e8989-223c-4fb4-9e48-8d5dc94b9e60	3	90436812	91462299	4	0.8592
686e8989-223c-4fb4-9e48-8d5dc94b9e60	3	94015345	127226767	18841	-0.024
686e8989-223c-4fb4-9e48-8d5dc94b9e60	3	127226907	127229658	2	-2.9971
686e8989-223c-4fb4-9e48-8d5dc94b9e60	3	127230070	129745379	1303	-0.08
686e8989-223c-4fb4-9e48-8d5dc94b9e60	3	129752223	193979855	34419	-0.0244
686e8989-223c-4fb4-9e48-8d5dc94b9e60	3	193980013	197812401	1255	-0.0773
686e8989-223c-4fb4-9e48-8d5dc94b9e60	4	1059384	3785421	1098	-0.0181
686e8989-223c-4fb4-9e48-8d5dc94b9e60	4	3787300	7401649	2442	0.0462
686e8989-223c-4fb4-9e48-8d5dc94b9e60	4	7402400	7411540	2	-1.3854
686e8989-223c-4fb4-9e48-8d5dc94b9e60	4	7411735	20796242	8663	0.0658
686e8989-223c-4fb4-9e48-8d5dc94b9e60	4	20798121	32781991	7674	0.3154
686e8989-223c-4fb4-9e48-8d5dc94b9e60	4	32787385	41485671	5156	0.2673
686e8989-223c-4fb4-9e48-8d5dc94b9e60	4	41486211	44620818	1549	0.2965
686e8989-223c-4fb4-9e48-8d5dc94b9e60	4	44621003	44896721	158	0.481
686e8989-223c-4fb4-9e48-8d5dc94b9e60	4	44897560	45231645	172	0.29
686e8989-223c-4fb4-9e48-8d5dc94b9e60	4	45235993	46094118	426	0.4829
686e8989-223c-4fb4-9e48-8d5dc94b9e60	4	46094346	48067890	1013	0.819
686e8989-223c-4fb4-9e48-8d5dc94b9e60	4	51832470	52547157	391	0.5047
686e8989-223c-4fb4-9e48-8d5dc94b9e60	4	52550787	61957945	5858	0.3013
686e8989-223c-4fb4-9e48-8d5dc94b9e60	4	61958244	64398822	1081	0.6003
686e8989-223c-4fb4-9e48-8d5dc94b9e60	4	64402778	67367648	1803	0.1993
686e8989-223c-4fb4-9e48-8d5dc94b9e60	4	67367787	67975801	376	-0.0672
686e8989-223c-4fb4-9e48-8d5dc94b9e60	4	67975879	69452478	124	0.1758
686e8989-223c-4fb4-9e48-8d5dc94b9e60	4	69453762	70744164	754	0.4101
686e8989-223c-4fb4-9e48-8d5dc94b9e60	4	70745573	80817505	5914	0.2085
686e8989-223c-4fb4-9e48-8d5dc94b9e60	4	80823417	82732815	1209	-0.0247
686e8989-223c-4fb4-9e48-8d5dc94b9e60	4	82732964	83680259	534	-0.1049
686e8989-223c-4fb4-9e48-8d5dc94b9e60	4	83680971	90635280	4150	-0.0356
686e8989-223c-4fb4-9e48-8d5dc94b9e60	4	90636740	96894386	3446	0.2156
686e8989-223c-4fb4-9e48-8d5dc94b9e60	4	96897702	105951704	4915	-0.0453
686e8989-223c-4fb4-9e48-8d5dc94b9e60	4	105957770	108599109	1507	0.2069
686e8989-223c-4fb4-9e48-8d5dc94b9e60	4	108609169	187842528	42982	-0.0299
686e8989-223c-4fb4-9e48-8d5dc94b9e60	5	913983	1915336	147	0.1788
686e8989-223c-4fb4-9e48-8d5dc94b9e60	5	1936428	16627652	10261	0.2238
686e8989-223c-4fb4-9e48-8d5dc94b9e60	5	16629399	28225550	5908	0.1978
686e8989-223c-4fb4-9e48-8d5dc94b9e60	5	28225928	28231374	6	-0.6695
686e8989-223c-4fb4-9e48-8d5dc94b9e60	5	28234415	29526237	693	0.2202
686e8989-223c-4fb4-9e48-8d5dc94b9e60	5	29532717	29542003	3	-1.0874
686e8989-223c-4fb4-9e48-8d5dc94b9e60	5	29542638	54935180	11677	0.2206
686e8989-223c-4fb4-9e48-8d5dc94b9e60	5	54937805	58520931	2280	-0.3715
686e8989-223c-4fb4-9e48-8d5dc94b9e60	5	58521239	131018602	39400	0.2188
686e8989-223c-4fb4-9e48-8d5dc94b9e60	5	131020950	135312312	2531	0.1782
686e8989-223c-4fb4-9e48-8d5dc94b9e60	5	135312802	135486593	140	0.241
686e8989-223c-4fb4-9e48-8d5dc94b9e60	5	135489795	135489993	2	-0.8743
686e8989-223c-4fb4-9e48-8d5dc94b9e60	5	135492523	137867678	1639	0.2219
686e8989-223c-4fb4-9e48-8d5dc94b9e60	5	137868273	142513187	2177	0.1477
686e8989-223c-4fb4-9e48-8d5dc94b9e60	5	142514198	149229128	4411	0.2219
686e8989-223c-4fb4-9e48-8d5dc94b9e60	5	149229289	151336803	1373	0.1651
686e8989-223c-4fb4-9e48-8d5dc94b9e60	5	151337377	156822726	3628	0.2117
686e8989-223c-4fb4-9e48-8d5dc94b9e60	5	156823584	158072165	818	0.1552
686e8989-223c-4fb4-9e48-8d5dc94b9e60	5	158076935	158820370	545	0.2593
686e8989-223c-4fb4-9e48-8d5dc94b9e60	5	158821953	170685382	7911	0.2049
686e8989-223c-4fb4-9e48-8d5dc94b9e60	5	170688519	171266520	313	0.2528
686e8989-223c-4fb4-9e48-8d5dc94b9e60	5	171268148	173341330	1123	0.1509
686e8989-223c-4fb4-9e48-8d5dc94b9e60	5	173342498	173584613	219	0.1952
686e8989-223c-4fb4-9e48-8d5dc94b9e60	5	173584959	173584972	2	-0.7057
686e8989-223c-4fb4-9e48-8d5dc94b9e60	5	173588570	175463401	1485	0.197
686e8989-223c-4fb4-9e48-8d5dc94b9e60	5	175465803	180934240	2343	0.1363
686e8989-223c-4fb4-9e48-8d5dc94b9e60	6	1011760	22161916	14945	0.2435
686e8989-223c-4fb4-9e48-8d5dc94b9e60	6	22162274	23603870	1125	0.2968
686e8989-223c-4fb4-9e48-8d5dc94b9e60	6	23604314	29507365	2693	0.2348
686e8989-223c-4fb4-9e48-8d5dc94b9e60	6	29507690	37823749	3324	0.1692
686e8989-223c-4fb4-9e48-8d5dc94b9e60	6	37824120	41157402	2450	0.2297
686e8989-223c-4fb4-9e48-8d5dc94b9e60	6	41160234	44380520	1784	0.1554
686e8989-223c-4fb4-9e48-8d5dc94b9e60	6	44380563	61530738	7800	0.2421
686e8989-223c-4fb4-9e48-8d5dc94b9e60	6	61596503	62345258	317	1.076
686e8989-223c-4fb4-9e48-8d5dc94b9e60	6	62355139	62978902	300	0.6287
686e8989-223c-4fb4-9e48-8d5dc94b9e60	6	62981554	63052624	43	0.3712
686e8989-223c-4fb4-9e48-8d5dc94b9e60	6	63059570	64015180	496	0.6035
686e8989-223c-4fb4-9e48-8d5dc94b9e60	6	64016444	64016732	2	-0.3925
686e8989-223c-4fb4-9e48-8d5dc94b9e60	6	64018045	64578739	259	0.6151
686e8989-223c-4fb4-9e48-8d5dc94b9e60	6	64578795	65112412	307	0.4408
686e8989-223c-4fb4-9e48-8d5dc94b9e60	6	65213064	65336549	62	0.2292
686e8989-223c-4fb4-9e48-8d5dc94b9e60	6	65340099	65511092	116	0.5768
686e8989-223c-4fb4-9e48-8d5dc94b9e60	6	65515612	66108711	372	0.43
686e8989-223c-4fb4-9e48-8d5dc94b9e60	6	66109251	66222421	75	0.2069
686e8989-223c-4fb4-9e48-8d5dc94b9e60	6	66225033	66681462	242	-0.0382
686e8989-223c-4fb4-9e48-8d5dc94b9e60	6	66688823	66924178	173	1.2187
686e8989-223c-4fb4-9e48-8d5dc94b9e60	6	66924782	67682136	519	-0.0221
686e8989-223c-4fb4-9e48-8d5dc94b9e60	6	67684147	68021217	100	1.2435
686e8989-223c-4fb4-9e48-8d5dc94b9e60	6	68021435	68332638	217	1.473
686e8989-223c-4fb4-9e48-8d5dc94b9e60	6	68341054	68372253	24	1.1248
686e8989-223c-4fb4-9e48-8d5dc94b9e60	6	68372836	68581709	107	0.9294
686e8989-223c-4fb4-9e48-8d5dc94b9e60	6	68583235	68783792	122	0.7676
686e8989-223c-4fb4-9e48-8d5dc94b9e60	6	68792719	69047260	178	0.6569
686e8989-223c-4fb4-9e48-8d5dc94b9e60	6	69048706	69580456	251	0.0038
686e8989-223c-4fb4-9e48-8d5dc94b9e60	6	69583309	70098332	309	0.2353
686e8989-223c-4fb4-9e48-8d5dc94b9e60	6	70098662	70229794	140	0.48
686e8989-223c-4fb4-9e48-8d5dc94b9e60	6	70242278	70303288	67	-0.0086
686e8989-223c-4fb4-9e48-8d5dc94b9e60	6	70306977	70309161	4	-1.098
686e8989-223c-4fb4-9e48-8d5dc94b9e60	6	70312105	82264925	6648	-0.0221
686e8989-223c-4fb4-9e48-8d5dc94b9e60	6	82270008	98188499	8502	-0.3532
686e8989-223c-4fb4-9e48-8d5dc94b9e60	6	98192304	98193498	2	-4.2361
686e8989-223c-4fb4-9e48-8d5dc94b9e60	6	98193890	156112376	35250	-0.3552
686e8989-223c-4fb4-9e48-8d5dc94b9e60	6	156112577	159830923	2228	-0.0378
686e8989-223c-4fb4-9e48-8d5dc94b9e60	6	159840486	160716226	605	-0.3784
686e8989-223c-4fb4-9e48-8d5dc94b9e60	6	160716631	165980290	3198	-0.0076
686e8989-223c-4fb4-9e48-8d5dc94b9e60	6	165981429	165981879	2	-1.1844
686e8989-223c-4fb4-9e48-8d5dc94b9e60	6	165983119	170596889	1673	-0.0105
686e8989-223c-4fb4-9e48-8d5dc94b9e60	7	664936	3168438	908	-0.3104
686e8989-223c-4fb4-9e48-8d5dc94b9e60	7	3171383	4031700	285	-0.1933
686e8989-223c-4fb4-9e48-8d5dc94b9e60	7	4032121	6708424	1092	-0.3024
686e8989-223c-4fb4-9e48-8d5dc94b9e60	7	6710047	16130033	5594	-0.205
686e8989-223c-4fb4-9e48-8d5dc94b9e60	7	16131935	16132634	2	1.1829
686e8989-223c-4fb4-9e48-8d5dc94b9e60	7	16137216	36460384	12629	-0.2228
686e8989-223c-4fb4-9e48-8d5dc94b9e60	7	36460842	36463014	2	-1.6655
686e8989-223c-4fb4-9e48-8d5dc94b9e60	7	36463186	43876539	4564	-0.2226
686e8989-223c-4fb4-9e48-8d5dc94b9e60	7	43876892	45139149	604	-0.3081
686e8989-223c-4fb4-9e48-8d5dc94b9e60	7	45140279	54139355	6276	-0.2273
686e8989-223c-4fb4-9e48-8d5dc94b9e60	7	54139932	56173891	1341	0.2872
686e8989-223c-4fb4-9e48-8d5dc94b9e60	7	56179698	64060367	341	0.5828
686e8989-223c-4fb4-9e48-8d5dc94b9e60	7	64330045	67853448	1159	0.1397
686e8989-223c-4fb4-9e48-8d5dc94b9e60	7	67854195	70968022	1885	0.1942
686e8989-223c-4fb4-9e48-8d5dc94b9e60	7	70968497	72523346	930	0.1513
686e8989-223c-4fb4-9e48-8d5dc94b9e60	7	72853922	77135653	924	0.0632
686e8989-223c-4fb4-9e48-8d5dc94b9e60	7	77136126	97894718	11449	0.2116
686e8989-223c-4fb4-9e48-8d5dc94b9e60	7	97915929	100439846	988	0.1117
686e8989-223c-4fb4-9e48-8d5dc94b9e60	7	100440481	101532539	317	0.0215
686e8989-223c-4fb4-9e48-8d5dc94b9e60	7	101532759	103312045	638	0.1209
686e8989-223c-4fb4-9e48-8d5dc94b9e60	7	103312636	104903853	1111	0.1971
686e8989-223c-4fb4-9e48-8d5dc94b9e60	7	104907049	105779823	417	0.128
686e8989-223c-4fb4-9e48-8d5dc94b9e60	7	105780404	119799595	7444	0.2036
686e8989-223c-4fb4-9e48-8d5dc94b9e60	7	119802817	127368806	4248	0.6135
686e8989-223c-4fb4-9e48-8d5dc94b9e60	7	127368986	131864757	2312	0.5415
686e8989-223c-4fb4-9e48-8d5dc94b9e60	7	131865079	131994531	89	0.6333
686e8989-223c-4fb4-9e48-8d5dc94b9e60	7	132149609	138164235	3889	0.2023
686e8989-223c-4fb4-9e48-8d5dc94b9e60	7	138164449	140910416	1478	0.1408
686e8989-223c-4fb4-9e48-8d5dc94b9e60	7	140910633	148810266	4051	0.2004
686e8989-223c-4fb4-9e48-8d5dc94b9e60	7	148811066	152934183	1842	0.1491
686e8989-223c-4fb4-9e48-8d5dc94b9e60	7	152936079	156964819	2284	0.1889
686e8989-223c-4fb4-9e48-8d5dc94b9e60	7	156968027	158569085	753	0.1345
686e8989-223c-4fb4-9e48-8d5dc94b9e60	7	158574852	158592540	10	-0.0153
686e8989-223c-4fb4-9e48-8d5dc94b9e60	8	667625	3297204	1165	-0.0539
686e8989-223c-4fb4-9e48-8d5dc94b9e60	8	3297754	6968014	2073	-0.0316
686e8989-223c-4fb4-9e48-8d5dc94b9e60	8	8398802	13376137	2566	0.2139
686e8989-223c-4fb4-9e48-8d5dc94b9e60	8	13378332	17300475	2762	0.2585
686e8989-223c-4fb4-9e48-8d5dc94b9e60	8	17300803	20387903	2580	0.2241
686e8989-223c-4fb4-9e48-8d5dc94b9e60	8	20388446	20388478	2	-1.0512
686e8989-223c-4fb4-9e48-8d5dc94b9e60	8	20390973	21636972	1129	0.2456
686e8989-223c-4fb4-9e48-8d5dc94b9e60	8	21637269	23402513	848	0.1705
686e8989-223c-4fb4-9e48-8d5dc94b9e60	8	23407133	27489677	2918	0.2289
686e8989-223c-4fb4-9e48-8d5dc94b9e60	8	27489854	29268907	1166	-0.0631
686e8989-223c-4fb4-9e48-8d5dc94b9e60	8	29272492	29571121	195	0.8398
686e8989-223c-4fb4-9e48-8d5dc94b9e60	8	29577614	29708239	117	0.5582
686e8989-223c-4fb4-9e48-8d5dc94b9e60	8	29708968	30002154	166	0.8662
686e8989-223c-4fb4-9e48-8d5dc94b9e60	8	30002602	31867474	1115	0.5577
686e8989-223c-4fb4-9e48-8d5dc94b9e60	8	31869545	33412610	1128	0.4241
686e8989-223c-4fb4-9e48-8d5dc94b9e60	8	33413050	33815612	185	-0.1444
686e8989-223c-4fb4-9e48-8d5dc94b9e60	8	33815638	36584631	1303	-0.0387
686e8989-223c-4fb4-9e48-8d5dc94b9e60	8	36586692	36752131	85	0.2252
686e8989-223c-4fb4-9e48-8d5dc94b9e60	8	36757354	36818647	42	0.3828
686e8989-223c-4fb4-9e48-8d5dc94b9e60	8	36818689	37846796	621	0.4391
686e8989-223c-4fb4-9e48-8d5dc94b9e60	8	37858784	38101291	74	0.9911
686e8989-223c-4fb4-9e48-8d5dc94b9e60	8	38102763	38948180	395	0.8298
686e8989-223c-4fb4-9e48-8d5dc94b9e60	8	38949877	40089622	545	0.953
686e8989-223c-4fb4-9e48-8d5dc94b9e60	8	40089719	42211185	1414	0.4382
686e8989-223c-4fb4-9e48-8d5dc94b9e60	8	42214744	43073514	477	0.3497
686e8989-223c-4fb4-9e48-8d5dc94b9e60	8	43074167	49151433	1158	0.6262
686e8989-223c-4fb4-9e48-8d5dc94b9e60	8	49157539	90321307	23625	-0.3385
686e8989-223c-4fb4-9e48-8d5dc94b9e60	8	90324659	93716983	1851	-0.2913
686e8989-223c-4fb4-9e48-8d5dc94b9e60	8	93717510	98922989	3212	-0.3472
686e8989-223c-4fb4-9e48-8d5dc94b9e60	8	98923923	98924057	2	-1.704
686e8989-223c-4fb4-9e48-8d5dc94b9e60	8	98927949	103678365	2726	-0.3571
686e8989-223c-4fb4-9e48-8d5dc94b9e60	8	103678698	103678712	2	-1.979
686e8989-223c-4fb4-9e48-8d5dc94b9e60	8	103681457	103861383	90	-0.3745
686e8989-223c-4fb4-9e48-8d5dc94b9e60	8	103861770	122620946	10773	-0.3115
686e8989-223c-4fb4-9e48-8d5dc94b9e60	8	122621041	134902657	8840	-0.3392
686e8989-223c-4fb4-9e48-8d5dc94b9e60	8	134903211	140034999	3805	-0.7535
686e8989-223c-4fb4-9e48-8d5dc94b9e60	8	140035635	144067190	860	-0.851
686e8989-223c-4fb4-9e48-8d5dc94b9e60	8	144071799	144182542	38	-0.6279
686e8989-223c-4fb4-9e48-8d5dc94b9e60	9	789794	16418348	9349	-0.7778
686e8989-223c-4fb4-9e48-8d5dc94b9e60	9	16421475	18477679	1592	-0.3222
686e8989-223c-4fb4-9e48-8d5dc94b9e60	9	18480002	19315388	760	-0.7884
686e8989-223c-4fb4-9e48-8d5dc94b9e60	9	19315925	20837855	1151	0.2164
686e8989-223c-4fb4-9e48-8d5dc94b9e60	9	20843842	21086312	190	-0.0603
686e8989-223c-4fb4-9e48-8d5dc94b9e60	9	21088720	30419130	5340	-1.3386
686e8989-223c-4fb4-9e48-8d5dc94b9e60	9	30597972	31670692	671	-0.0509
686e8989-223c-4fb4-9e48-8d5dc94b9e60	9	31670796	32247352	423	0.2402
686e8989-223c-4fb4-9e48-8d5dc94b9e60	9	32255127	32339480	63	-1.1459
686e8989-223c-4fb4-9e48-8d5dc94b9e60	9	32343184	68423153	3910	0.1629
686e8989-223c-4fb4-9e48-8d5dc94b9e60	9	68424128	70825956	1816	0.6241
686e8989-223c-4fb4-9e48-8d5dc94b9e60	9	70831916	83917183	9002	0.2493
686e8989-223c-4fb4-9e48-8d5dc94b9e60	9	83917441	83917771	3	-0.8571
686e8989-223c-4fb4-9e48-8d5dc94b9e60	9	83931014	87261129	2307	0.248
686e8989-223c-4fb4-9e48-8d5dc94b9e60	9	87262264	98962643	7557	0.2154
686e8989-223c-4fb4-9e48-8d5dc94b9e60	9	98962659	105158164	3691	0.2538
686e8989-223c-4fb4-9e48-8d5dc94b9e60	9	105161176	105261260	80	0.0821
686e8989-223c-4fb4-9e48-8d5dc94b9e60	9	105261368	111469034	4594	0.2608
686e8989-223c-4fb4-9e48-8d5dc94b9e60	9	111472452	114977871	2196	0.2109
686e8989-223c-4fb4-9e48-8d5dc94b9e60	9	114978069	120106421	3918	0.2458
686e8989-223c-4fb4-9e48-8d5dc94b9e60	9	120106510	123951044	2363	0.2119
686e8989-223c-4fb4-9e48-8d5dc94b9e60	9	123951132	127375940	2104	0.1782
686e8989-223c-4fb4-9e48-8d5dc94b9e60	9	127376635	130729067	1561	0.1152
686e8989-223c-4fb4-9e48-8d5dc94b9e60	9	130729220	137749858	3536	0.156
686e8989-223c-4fb4-9e48-8d5dc94b9e60	9	137749999	138044505	124	0.2129
686e8989-223c-4fb4-9e48-8d5dc94b9e60	10	366509	37198405	25512	-0.0635
686e8989-223c-4fb4-9e48-8d5dc94b9e60	10	37198726	38770921	714	0.1814
686e8989-223c-4fb4-9e48-8d5dc94b9e60	10	42450960	42547528	61	1.3319
686e8989-223c-4fb4-9e48-8d5dc94b9e60	10	42555336	43093174	295	0.8767
686e8989-223c-4fb4-9e48-8d5dc94b9e60	10	43093256	43094322	10	0.1842
686e8989-223c-4fb4-9e48-8d5dc94b9e60	10	43094418	43647595	363	0.812
686e8989-223c-4fb4-9e48-8d5dc94b9e60	10	43651256	45297432	1124	-0.0664
686e8989-223c-4fb4-9e48-8d5dc94b9e60	10	45299713	45387224	32	0.6882
686e8989-223c-4fb4-9e48-8d5dc94b9e60	10	45390339	46039117	127	-0.0887
686e8989-223c-4fb4-9e48-8d5dc94b9e60	10	46041001	68152149	11911	-0.3536
686e8989-223c-4fb4-9e48-8d5dc94b9e60	10	68154824	75307190	4035	-0.4116
686e8989-223c-4fb4-9e48-8d5dc94b9e60	10	75307560	95310904	12681	-0.3638
686e8989-223c-4fb4-9e48-8d5dc94b9e60	10	95310937	104143200	4981	-0.4054
686e8989-223c-4fb4-9e48-8d5dc94b9e60	10	104145403	109724664	3716	-0.348
686e8989-223c-4fb4-9e48-8d5dc94b9e60	10	109725669	111102677	860	0.5839
686e8989-223c-4fb4-9e48-8d5dc94b9e60	10	111105585	119707870	5951	-0.3684
686e8989-223c-4fb4-9e48-8d5dc94b9e60	10	119709117	122280767	2167	0.5897
686e8989-223c-4fb4-9e48-8d5dc94b9e60	10	122281239	132471899	6334	-0.3794
686e8989-223c-4fb4-9e48-8d5dc94b9e60	10	132473426	132473842	2	-2.3839
686e8989-223c-4fb4-9e48-8d5dc94b9e60	10	132477040	133411599	229	-0.4597
686e8989-223c-4fb4-9e48-8d5dc94b9e60	11	456012	461793	5	-0.3658
686e8989-223c-4fb4-9e48-8d5dc94b9e60	11	465073	1111842	183	-0.1525
686e8989-223c-4fb4-9e48-8d5dc94b9e60	11	1111898	1420766	94	0.0807
686e8989-223c-4fb4-9e48-8d5dc94b9e60	11	1428143	10735038	5332	-0.38
686e8989-223c-4fb4-9e48-8d5dc94b9e60	11	10738164	16257902	4141	0.2268
686e8989-223c-4fb4-9e48-8d5dc94b9e60	11	16258758	19403356	2049	0.4217
686e8989-223c-4fb4-9e48-8d5dc94b9e60	11	19406767	26557077	5072	-0.3402
686e8989-223c-4fb4-9e48-8d5dc94b9e60	11	26561737	26877225	226	0.4746
686e8989-223c-4fb4-9e48-8d5dc94b9e60	11	26877887	27627445	505	0.2358
686e8989-223c-4fb4-9e48-8d5dc94b9e60	11	27635242	28157176	302	0.6497
686e8989-223c-4fb4-9e48-8d5dc94b9e60	11	28164610	29339272	634	0.255
686e8989-223c-4fb4-9e48-8d5dc94b9e60	11	29339865	33659831	2605	-0.3552
686e8989-223c-4fb4-9e48-8d5dc94b9e60	11	33660871	33703234	37	0.1731
686e8989-223c-4fb4-9e48-8d5dc94b9e60	11	33704676	35321353	1274	-0.3784
686e8989-223c-4fb4-9e48-8d5dc94b9e60	11	35324079	36153672	674	-0.0464
686e8989-223c-4fb4-9e48-8d5dc94b9e60	11	36154095	38862127	1219	-0.327
686e8989-223c-4fb4-9e48-8d5dc94b9e60	11	38868089	39060053	111	-0.7659
686e8989-223c-4fb4-9e48-8d5dc94b9e60	11	39062043	42251048	2104	-0.0241
686e8989-223c-4fb4-9e48-8d5dc94b9e60	11	42252076	42502414	221	0.2253
686e8989-223c-4fb4-9e48-8d5dc94b9e60	11	42503319	42537036	12	-0.3607
686e8989-223c-4fb4-9e48-8d5dc94b9e60	11	42540303	45491135	2069	0.2178
686e8989-223c-4fb4-9e48-8d5dc94b9e60	11	45492885	48197626	1214	0.1503
686e8989-223c-4fb4-9e48-8d5dc94b9e60	11	48206945	48352939	87	0.2341
686e8989-223c-4fb4-9e48-8d5dc94b9e60	11	48953076	60765250	3013	-0.0509
686e8989-223c-4fb4-9e48-8d5dc94b9e60	11	60765365	63003889	1135	-0.1293
686e8989-223c-4fb4-9e48-8d5dc94b9e60	11	63003916	63557023	318	-0.033
686e8989-223c-4fb4-9e48-8d5dc94b9e60	11	63557729	68873110	1462	-0.1438
686e8989-223c-4fb4-9e48-8d5dc94b9e60	11	68876441	71641093	1588	-0.428
686e8989-223c-4fb4-9e48-8d5dc94b9e60	11	71645745	73206278	631	-0.1016
686e8989-223c-4fb4-9e48-8d5dc94b9e60	11	73207627	73208256	2	-1.1538
686e8989-223c-4fb4-9e48-8d5dc94b9e60	11	73208442	76692497	1875	-0.0902
686e8989-223c-4fb4-9e48-8d5dc94b9e60	11	76694569	76728063	41	-0.3923
686e8989-223c-4fb4-9e48-8d5dc94b9e60	11	76728739	79343945	1594	-0.0589
686e8989-223c-4fb4-9e48-8d5dc94b9e60	11	79346534	117120407	23776	-0.347
686e8989-223c-4fb4-9e48-8d5dc94b9e60	11	117121210	121668711	3152	-0.4083
686e8989-223c-4fb4-9e48-8d5dc94b9e60	11	121668771	134272740	8650	-0.3534
686e8989-223c-4fb4-9e48-8d5dc94b9e60	12	780472	18086563	9905	-0.3712
686e8989-223c-4fb4-9e48-8d5dc94b9e60	12	18089789	31573735	8659	0.2219
686e8989-223c-4fb4-9e48-8d5dc94b9e60	12	31573771	33368172	1125	-0.3953
686e8989-223c-4fb4-9e48-8d5dc94b9e60	12	33368216	47161098	4634	-0.0442
686e8989-223c-4fb4-9e48-8d5dc94b9e60	12	47162445	54950038	4051	-0.1144
686e8989-223c-4fb4-9e48-8d5dc94b9e60	12	54950144	55669871	454	-0.0214
686e8989-223c-4fb4-9e48-8d5dc94b9e60	12	55670295	57926520	1029	-0.15
686e8989-223c-4fb4-9e48-8d5dc94b9e60	12	57927735	58545632	459	-0.0497
686e8989-223c-4fb4-9e48-8d5dc94b9e60	12	58546706	62166831	2230	-0.0142
686e8989-223c-4fb4-9e48-8d5dc94b9e60	12	62167518	68618068	4113	-0.0572
686e8989-223c-4fb4-9e48-8d5dc94b9e60	12	68620829	70078559	1002	2.5492
686e8989-223c-4fb4-9e48-8d5dc94b9e60	12	70081108	71475936	810	3.0933
686e8989-223c-4fb4-9e48-8d5dc94b9e60	12	71476111	73022324	820	2.5532
686e8989-223c-4fb4-9e48-8d5dc94b9e60	12	73022400	73160218	86	2.0133
686e8989-223c-4fb4-9e48-8d5dc94b9e60	12	73161134	73847973	374	0.6181
686e8989-223c-4fb4-9e48-8d5dc94b9e60	12	73851767	73913012	25	1.9676
686e8989-223c-4fb4-9e48-8d5dc94b9e60	12	74031681	75868060	1199	0.6199
686e8989-223c-4fb4-9e48-8d5dc94b9e60	12	75868759	75873902	6	1.1508
686e8989-223c-4fb4-9e48-8d5dc94b9e60	12	75878195	75929416	34	2.0764
686e8989-223c-4fb4-9e48-8d5dc94b9e60	12	75931615	76079992	102	0.6188
686e8989-223c-4fb4-9e48-8d5dc94b9e60	12	76126180	76187018	48	1.5043
686e8989-223c-4fb4-9e48-8d5dc94b9e60	12	76193557	76780443	327	0.5982
686e8989-223c-4fb4-9e48-8d5dc94b9e60	12	76784707	77161954	251	1.423
686e8989-223c-4fb4-9e48-8d5dc94b9e60	12	77163679	78641090	1095	2.0104
686e8989-223c-4fb4-9e48-8d5dc94b9e60	12	78644343	79418210	464	0.8008
686e8989-223c-4fb4-9e48-8d5dc94b9e60	12	79419049	79772276	166	2.1631
686e8989-223c-4fb4-9e48-8d5dc94b9e60	12	79773581	80927572	722	1.0355
686e8989-223c-4fb4-9e48-8d5dc94b9e60	12	80927883	80932814	2	-0.4528
686e8989-223c-4fb4-9e48-8d5dc94b9e60	12	80933498	80977767	32	1.116
686e8989-223c-4fb4-9e48-8d5dc94b9e60	12	80983480	84898558	2371	0.2146
686e8989-223c-4fb4-9e48-8d5dc94b9e60	12	84898581	87512701	1308	0.2523
686e8989-223c-4fb4-9e48-8d5dc94b9e60	12	87513057	87513651	2	-1.1362
686e8989-223c-4fb4-9e48-8d5dc94b9e60	12	87518363	92003211	2674	0.2547
686e8989-223c-4fb4-9e48-8d5dc94b9e60	12	92004102	108405457	10862	0.2117
686e8989-223c-4fb4-9e48-8d5dc94b9e60	12	108405892	112484021	1980	0.1452
686e8989-223c-4fb4-9e48-8d5dc94b9e60	12	112484725	120115662	5018	0.201
686e8989-223c-4fb4-9e48-8d5dc94b9e60	12	120126296	125433155	2638	0.1354
686e8989-223c-4fb4-9e48-8d5dc94b9e60	12	125436819	125966124	410	0.2095
686e8989-223c-4fb4-9e48-8d5dc94b9e60	12	125972075	127560955	1131	0.2493
686e8989-223c-4fb4-9e48-8d5dc94b9e60	12	127561508	132605822	1673	0.1902
686e8989-223c-4fb4-9e48-8d5dc94b9e60	13	18874255	20809941	651	-0.061
686e8989-223c-4fb4-9e48-8d5dc94b9e60	13	20810332	31394897	6916	-0.3781
686e8989-223c-4fb4-9e48-8d5dc94b9e60	13	31395600	40068794	5892	-0.3407
686e8989-223c-4fb4-9e48-8d5dc94b9e60	13	40069420	53690831	7544	-0.3665
686e8989-223c-4fb4-9e48-8d5dc94b9e60	13	53695999	67080930	6361	-0.3308
686e8989-223c-4fb4-9e48-8d5dc94b9e60	13	67081118	67380601	131	-0.1095
686e8989-223c-4fb4-9e48-8d5dc94b9e60	13	67380727	92559122	15152	-0.3401
686e8989-223c-4fb4-9e48-8d5dc94b9e60	13	92561915	92562110	2	-2.5257
686e8989-223c-4fb4-9e48-8d5dc94b9e60	13	92564269	107476006	9976	-0.3452
686e8989-223c-4fb4-9e48-8d5dc94b9e60	13	107479228	113663272	4113	-0.3839
686e8989-223c-4fb4-9e48-8d5dc94b9e60	13	113663924	114226675	100	-0.9323
686e8989-223c-4fb4-9e48-8d5dc94b9e60	14	20033191	20322213	171	-0.3126
686e8989-223c-4fb4-9e48-8d5dc94b9e60	14	20326452	24638359	1622	-0.3965
686e8989-223c-4fb4-9e48-8d5dc94b9e60	14	24638462	34589610	6191	-0.3333
686e8989-223c-4fb4-9e48-8d5dc94b9e60	14	34591792	35910589	526	-0.4137
686e8989-223c-4fb4-9e48-8d5dc94b9e60	14	35912910	39082305	1992	-0.3357
686e8989-223c-4fb4-9e48-8d5dc94b9e60	14	39083859	39418898	155	-0.0868
686e8989-223c-4fb4-9e48-8d5dc94b9e60	14	39419193	44524828	2198	-0.3408
686e8989-223c-4fb4-9e48-8d5dc94b9e60	14	44525094	44606751	44	0.0534
686e8989-223c-4fb4-9e48-8d5dc94b9e60	14	44790006	47447076	1147	-0.3511
686e8989-223c-4fb4-9e48-8d5dc94b9e60	14	47447171	47515524	50	0.0176
686e8989-223c-4fb4-9e48-8d5dc94b9e60	14	47516079	52896598	3235	-0.359
686e8989-223c-4fb4-9e48-8d5dc94b9e60	14	52898083	57718842	3220	-0.042
686e8989-223c-4fb4-9e48-8d5dc94b9e60	14	57725536	72858676	9186	-0.363
686e8989-223c-4fb4-9e48-8d5dc94b9e60	14	72861640	77804731	2900	-0.4191
686e8989-223c-4fb4-9e48-8d5dc94b9e60	14	77808065	81008472	2233	-0.3354
686e8989-223c-4fb4-9e48-8d5dc94b9e60	14	81010909	81043778	24	0.131
686e8989-223c-4fb4-9e48-8d5dc94b9e60	14	81045126	88190115	4526	-0.3228
686e8989-223c-4fb4-9e48-8d5dc94b9e60	14	88190477	97821026	6286	-0.3826
686e8989-223c-4fb4-9e48-8d5dc94b9e60	14	97823377	97895193	60	-0.0719
686e8989-223c-4fb4-9e48-8d5dc94b9e60	14	97901850	100990117	2007	-0.3823
686e8989-223c-4fb4-9e48-8d5dc94b9e60	14	100991459	105533894	1882	-0.0946
686e8989-223c-4fb4-9e48-8d5dc94b9e60	15	23437561	24083818	470	-0.0453
686e8989-223c-4fb4-9e48-8d5dc94b9e60	15	24551555	25644535	668	-0.3706
686e8989-223c-4fb4-9e48-8d5dc94b9e60	15	25646077	25646175	2	-2.4028
686e8989-223c-4fb4-9e48-8d5dc94b9e60	15	25646364	35069662	3840	-0.3943
686e8989-223c-4fb4-9e48-8d5dc94b9e60	15	35072591	39883763	3324	-0.3531
686e8989-223c-4fb4-9e48-8d5dc94b9e60	15	39883995	44542811	2085	-0.4249
686e8989-223c-4fb4-9e48-8d5dc94b9e60	15	44546371	47348781	1533	1.0254
686e8989-223c-4fb4-9e48-8d5dc94b9e60	15	47348869	47525643	159	1.2208
686e8989-223c-4fb4-9e48-8d5dc94b9e60	15	47527889	48603484	727	0.9285
686e8989-223c-4fb4-9e48-8d5dc94b9e60	15	48604479	48677151	64	-0.365
686e8989-223c-4fb4-9e48-8d5dc94b9e60	15	48678067	49351787	382	1.9668
686e8989-223c-4fb4-9e48-8d5dc94b9e60	15	49360327	50185038	493	1.1896
686e8989-223c-4fb4-9e48-8d5dc94b9e60	15	50190846	50405909	125	-0.37
686e8989-223c-4fb4-9e48-8d5dc94b9e60	15	50411701	50475978	37	1.9126
686e8989-223c-4fb4-9e48-8d5dc94b9e60	15	50478671	50684604	105	-0.3984
686e8989-223c-4fb4-9e48-8d5dc94b9e60	15	50687223	50693693	5	0.6562
686e8989-223c-4fb4-9e48-8d5dc94b9e60	15	50695859	50754098	31	-0.4513
686e8989-223c-4fb4-9e48-8d5dc94b9e60	15	50780118	50794599	8	0.9556
686e8989-223c-4fb4-9e48-8d5dc94b9e60	15	50800676	52105115	753	-0.3819
686e8989-223c-4fb4-9e48-8d5dc94b9e60	15	52107989	52408353	198	1.5859
686e8989-223c-4fb4-9e48-8d5dc94b9e60	15	52408925	53883357	1106	-0.3501
686e8989-223c-4fb4-9e48-8d5dc94b9e60	15	53884237	54103386	184	1.6206
686e8989-223c-4fb4-9e48-8d5dc94b9e60	15	54104481	54403752	224	-0.3517
686e8989-223c-4fb4-9e48-8d5dc94b9e60	15	54406410	54414121	6	1.0359
686e8989-223c-4fb4-9e48-8d5dc94b9e60	15	54422252	54456145	25	-0.3582
686e8989-223c-4fb4-9e48-8d5dc94b9e60	15	54461770	54483031	18	0.9503
686e8989-223c-4fb4-9e48-8d5dc94b9e60	15	54490993	62721249	5596	-0.3825
686e8989-223c-4fb4-9e48-8d5dc94b9e60	15	62725034	63986009	856	1.0963
686e8989-223c-4fb4-9e48-8d5dc94b9e60	15	63994278	64008742	13	-0.3973
686e8989-223c-4fb4-9e48-8d5dc94b9e60	15	64009012	64136129	83	1.0087
686e8989-223c-4fb4-9e48-8d5dc94b9e60	15	64141697	64148701	7	-0.5086
686e8989-223c-4fb4-9e48-8d5dc94b9e60	15	64150336	64258034	46	1.0474
686e8989-223c-4fb4-9e48-8d5dc94b9e60	15	64262258	66654600	1216	-0.4292
686e8989-223c-4fb4-9e48-8d5dc94b9e60	15	66666474	67078262	330	0.1603
686e8989-223c-4fb4-9e48-8d5dc94b9e60	15	67081040	67114907	40	1.3873
686e8989-223c-4fb4-9e48-8d5dc94b9e60	15	67115302	67140504	20	1.7834
686e8989-223c-4fb4-9e48-8d5dc94b9e60	15	67142737	67146248	6	1.4605
686e8989-223c-4fb4-9e48-8d5dc94b9e60	15	67149426	67153960	4	0.1423
686e8989-223c-4fb4-9e48-8d5dc94b9e60	15	67154447	69720780	1575	1.6859
686e8989-223c-4fb4-9e48-8d5dc94b9e60	15	69733917	73912569	2482	0.1741
686e8989-223c-4fb4-9e48-8d5dc94b9e60	15	73913466	75596506	777	0.0952
686e8989-223c-4fb4-9e48-8d5dc94b9e60	15	75598271	77002264	647	0.1558
686e8989-223c-4fb4-9e48-8d5dc94b9e60	15	77009541	77064219	5	2.0714
686e8989-223c-4fb4-9e48-8d5dc94b9e60	15	77081221	77626360	253	1.1256
686e8989-223c-4fb4-9e48-8d5dc94b9e60	15	77626832	78355820	382	0.8276
686e8989-223c-4fb4-9e48-8d5dc94b9e60	15	78414432	88837329	6144	0.1775
686e8989-223c-4fb4-9e48-8d5dc94b9e60	15	88838221	91368894	1477	0.114
686e8989-223c-4fb4-9e48-8d5dc94b9e60	15	91376308	101344124	6190	0.1947
686e8989-223c-4fb4-9e48-8d5dc94b9e60	16	603333	4791425	1510	0.0783
686e8989-223c-4fb4-9e48-8d5dc94b9e60	16	4805278	5581475	496	0.1436
686e8989-223c-4fb4-9e48-8d5dc94b9e60	16	5581724	10055394	2900	0.1921
686e8989-223c-4fb4-9e48-8d5dc94b9e60	16	10055421	12125333	1410	0.1271
686e8989-223c-4fb4-9e48-8d5dc94b9e60	16	12126845	14263813	1761	0.1848
686e8989-223c-4fb4-9e48-8d5dc94b9e60	16	14265348	25345257	3130	0.1454
686e8989-223c-4fb4-9e48-8d5dc94b9e60	16	25345658	27181370	1468	0.1841
686e8989-223c-4fb4-9e48-8d5dc94b9e60	16	27181840	28254979	602	0.1189
686e8989-223c-4fb4-9e48-8d5dc94b9e60	16	28257592	46481615	755	0.0748
686e8989-223c-4fb4-9e48-8d5dc94b9e60	16	46482583	47630585	427	-0.1175
686e8989-223c-4fb4-9e48-8d5dc94b9e60	16	47632030	47701119	36	0.0216
686e8989-223c-4fb4-9e48-8d5dc94b9e60	16	47704756	49787590	1365	-0.4093
686e8989-223c-4fb4-9e48-8d5dc94b9e60	16	49787828	50701544	525	-0.1066
686e8989-223c-4fb4-9e48-8d5dc94b9e60	16	50703200	56555621	4382	-0.3688
686e8989-223c-4fb4-9e48-8d5dc94b9e60	16	56555947	57916461	799	-0.4782
686e8989-223c-4fb4-9e48-8d5dc94b9e60	16	57917081	66140004	5367	-0.3572
686e8989-223c-4fb4-9e48-8d5dc94b9e60	16	66140043	75668727	4613	-0.4071
686e8989-223c-4fb4-9e48-8d5dc94b9e60	16	75669304	78386693	2158	-0.3555
686e8989-223c-4fb4-9e48-8d5dc94b9e60	16	78389029	78391416	8	-2.6685
686e8989-223c-4fb4-9e48-8d5dc94b9e60	16	78398595	89317317	7419	-0.3952
686e8989-223c-4fb4-9e48-8d5dc94b9e60	17	1074619	9162821	3994	-0.4519
686e8989-223c-4fb4-9e48-8d5dc94b9e60	17	9165131	15862165	3558	-0.382
686e8989-223c-4fb4-9e48-8d5dc94b9e60	17	15870594	16905538	404	2.5628
686e8989-223c-4fb4-9e48-8d5dc94b9e60	17	16905619	17156558	143	1.5106
686e8989-223c-4fb4-9e48-8d5dc94b9e60	17	17156727	17441537	196	1.3539
686e8989-223c-4fb4-9e48-8d5dc94b9e60	17	17444654	17450979	12	0.3703
686e8989-223c-4fb4-9e48-8d5dc94b9e60	17	17452240	17468843	10	1.3841
686e8989-223c-4fb4-9e48-8d5dc94b9e60	17	17475953	17502190	17	0.5102
686e8989-223c-4fb4-9e48-8d5dc94b9e60	17	17507897	17706981	107	2.0919
686e8989-223c-4fb4-9e48-8d5dc94b9e60	17	17709374	17953752	107	1.7519
686e8989-223c-4fb4-9e48-8d5dc94b9e60	17	17954276	18178014	135	2.2115
686e8989-223c-4fb4-9e48-8d5dc94b9e60	17	18179241	19714672	465	1.8357
686e8989-223c-4fb4-9e48-8d5dc94b9e60	17	19719330	20570785	252	1.4162
686e8989-223c-4fb4-9e48-8d5dc94b9e60	17	20576842	21774057	308	1.8039
686e8989-223c-4fb4-9e48-8d5dc94b9e60	17	26943491	27602902	275	-0.0553
686e8989-223c-4fb4-9e48-8d5dc94b9e60	17	27604545	31422426	1611	-0.811
686e8989-223c-4fb4-9e48-8d5dc94b9e60	17	31427991	31858546	247	-0.9652
686e8989-223c-4fb4-9e48-8d5dc94b9e60	17	31864935	32446459	246	-0.8214
686e8989-223c-4fb4-9e48-8d5dc94b9e60	17	32452031	37763774	2566	0.1629
686e8989-223c-4fb4-9e48-8d5dc94b9e60	17	38254377	40528044	1023	0.0893
686e8989-223c-4fb4-9e48-8d5dc94b9e60	17	40528285	41403708	456	0.1782
686e8989-223c-4fb4-9e48-8d5dc94b9e60	17	41403800	49147207	3047	0.1074
686e8989-223c-4fb4-9e48-8d5dc94b9e60	17	49147772	51479558	1053	0.4044
686e8989-223c-4fb4-9e48-8d5dc94b9e60	17	51487144	56537023	3325	0.5002
686e8989-223c-4fb4-9e48-8d5dc94b9e60	17	56538256	61447707	2715	0.4323
686e8989-223c-4fb4-9e48-8d5dc94b9e60	17	61448760	62164820	344	0.7101
686e8989-223c-4fb4-9e48-8d5dc94b9e60	17	62164988	62300774	45	0.5293
686e8989-223c-4fb4-9e48-8d5dc94b9e60	17	62300840	62320919	18	0.7804
686e8989-223c-4fb4-9e48-8d5dc94b9e60	17	62321140	62352926	21	0.5911
686e8989-223c-4fb4-9e48-8d5dc94b9e60	17	62354007	66349341	1972	0.4484
686e8989-223c-4fb4-9e48-8d5dc94b9e60	17	66349774	66711645	223	0.7305
686e8989-223c-4fb4-9e48-8d5dc94b9e60	17	66712911	68664784	1094	0.448
686e8989-223c-4fb4-9e48-8d5dc94b9e60	17	68664860	72642506	2915	0.5047
686e8989-223c-4fb4-9e48-8d5dc94b9e60	17	72643943	74715289	892	0.6914
686e8989-223c-4fb4-9e48-8d5dc94b9e60	17	74716223	79299692	2052	0.6076
686e8989-223c-4fb4-9e48-8d5dc94b9e60	17	79300550	81070030	794	0.6739
686e8989-223c-4fb4-9e48-8d5dc94b9e60	17	81070484	82959812	583	0.5999
686e8989-223c-4fb4-9e48-8d5dc94b9e60	18	326691	2998952	995	0.2387
686e8989-223c-4fb4-9e48-8d5dc94b9e60	18	3000452	14398615	7192	-0.373
686e8989-223c-4fb4-9e48-8d5dc94b9e60	18	14406970	21290540	120	-0.1684
686e8989-223c-4fb4-9e48-8d5dc94b9e60	18	21294114	31130399	5909	-0.0288
686e8989-223c-4fb4-9e48-8d5dc94b9e60	18	31131243	45737582	8983	0.2252
686e8989-223c-4fb4-9e48-8d5dc94b9e60	18	45738529	51578337	3940	0.1973
686e8989-223c-4fb4-9e48-8d5dc94b9e60	18	51579032	54722849	1986	0.2259
686e8989-223c-4fb4-9e48-8d5dc94b9e60	18	54724343	54726513	2	-0.8215
686e8989-223c-4fb4-9e48-8d5dc94b9e60	18	54726933	57094742	1450	0.2398
686e8989-223c-4fb4-9e48-8d5dc94b9e60	18	57094793	59982075	2052	0.1834
686e8989-223c-4fb4-9e48-8d5dc94b9e60	18	59982306	61938896	1197	0.2396
686e8989-223c-4fb4-9e48-8d5dc94b9e60	18	61941696	63602459	1151	0.1823
686e8989-223c-4fb4-9e48-8d5dc94b9e60	18	63604492	79349796	7942	0.2337
686e8989-223c-4fb4-9e48-8d5dc94b9e60	19	283868	18778362	7287	0.2545
686e8989-223c-4fb4-9e48-8d5dc94b9e60	19	18779166	19427240	271	0.5825
686e8989-223c-4fb4-9e48-8d5dc94b9e60	19	19428090	23866046	1486	0.6537
686e8989-223c-4fb4-9e48-8d5dc94b9e60	19	23866591	32197425	3330	0.5484
686e8989-223c-4fb4-9e48-8d5dc94b9e60	19	32198266	38088139	3296	0.1139
686e8989-223c-4fb4-9e48-8d5dc94b9e60	19	38088475	39034196	446	0.0271
686e8989-223c-4fb4-9e48-8d5dc94b9e60	19	39091645	43779831	1801	0.0927
686e8989-223c-4fb4-9e48-8d5dc94b9e60	19	43780209	44517191	497	0.1735
686e8989-223c-4fb4-9e48-8d5dc94b9e60	19	44518638	53003479	3356	0.0873
686e8989-223c-4fb4-9e48-8d5dc94b9e60	19	53004046	55930080	1066	0.3064
686e8989-223c-4fb4-9e48-8d5dc94b9e60	19	56013676	58370362	1302	-0.1196
686e8989-223c-4fb4-9e48-8d5dc94b9e60	20	472817	6440733	3639	-0.3989
686e8989-223c-4fb4-9e48-8d5dc94b9e60	20	6446132	6472864	35	0.4722
686e8989-223c-4fb4-9e48-8d5dc94b9e60	20	6477192	10425508	2538	-0.3282
686e8989-223c-4fb4-9e48-8d5dc94b9e60	20	10428406	10429432	2	-1.5927
686e8989-223c-4fb4-9e48-8d5dc94b9e60	20	10429672	10739321	219	-0.378
686e8989-223c-4fb4-9e48-8d5dc94b9e60	20	10742387	11783190	804	-0.0287
686e8989-223c-4fb4-9e48-8d5dc94b9e60	20	11783280	11922116	85	0.2553
686e8989-223c-4fb4-9e48-8d5dc94b9e60	20	11928239	12574279	430	0.4328
686e8989-223c-4fb4-9e48-8d5dc94b9e60	20	12575128	16055504	2099	0.2233
686e8989-223c-4fb4-9e48-8d5dc94b9e60	20	16058500	17006420	848	-0.0362
686e8989-223c-4fb4-9e48-8d5dc94b9e60	20	17010295	18507331	1204	0.2036
686e8989-223c-4fb4-9e48-8d5dc94b9e60	20	18520286	20998079	1978	-0.3743
686e8989-223c-4fb4-9e48-8d5dc94b9e60	20	20998721	21130002	99	-0.0284
686e8989-223c-4fb4-9e48-8d5dc94b9e60	20	21134501	23022346	1280	0.5929
686e8989-223c-4fb4-9e48-8d5dc94b9e60	20	23028055	23322325	261	-0.0693
686e8989-223c-4fb4-9e48-8d5dc94b9e60	20	23322877	23377872	49	0.5223
686e8989-223c-4fb4-9e48-8d5dc94b9e60	20	23379474	25913198	1267	0.191
686e8989-223c-4fb4-9e48-8d5dc94b9e60	20	25913215	38291527	3620	0.13
686e8989-223c-4fb4-9e48-8d5dc94b9e60	20	38291989	39114003	522	0.1697
686e8989-223c-4fb4-9e48-8d5dc94b9e60	20	39116674	43223295	2894	0.2135
686e8989-223c-4fb4-9e48-8d5dc94b9e60	20	43225036	48449135	3540	0.1683
686e8989-223c-4fb4-9e48-8d5dc94b9e60	20	48454783	50935560	1361	0.1215
686e8989-223c-4fb4-9e48-8d5dc94b9e60	20	50938116	52592410	1126	0.1691
686e8989-223c-4fb4-9e48-8d5dc94b9e60	20	52593064	53167766	433	0.6098
686e8989-223c-4fb4-9e48-8d5dc94b9e60	20	53167831	53691630	306	0.7084
686e8989-223c-4fb4-9e48-8d5dc94b9e60	20	53692871	53848664	109	0.6009
686e8989-223c-4fb4-9e48-8d5dc94b9e60	20	53849734	61835065	6087	0.7414
686e8989-223c-4fb4-9e48-8d5dc94b9e60	20	61836400	63588502	684	0.663
686e8989-223c-4fb4-9e48-8d5dc94b9e60	21	13974127	17497653	2103	0.61
686e8989-223c-4fb4-9e48-8d5dc94b9e60	21	17497813	18638163	800	0.1971
686e8989-223c-4fb4-9e48-8d5dc94b9e60	21	18638359	25942455	4491	0.1443
686e8989-223c-4fb4-9e48-8d5dc94b9e60	21	25942511	30908705	3433	0.1731
686e8989-223c-4fb4-9e48-8d5dc94b9e60	21	30910898	39638874	5887	0.1187
686e8989-223c-4fb4-9e48-8d5dc94b9e60	21	39640219	41119193	1284	0.1802
686e8989-223c-4fb4-9e48-8d5dc94b9e60	21	41119341	46262057	2589	0.0941
686e8989-223c-4fb4-9e48-8d5dc94b9e60	22	16934932	18131162	770	0.4684
686e8989-223c-4fb4-9e48-8d5dc94b9e60	22	21741482	29134456	3827	-0.0809
686e8989-223c-4fb4-9e48-8d5dc94b9e60	22	29136624	31474414	1235	-0.1266
686e8989-223c-4fb4-9e48-8d5dc94b9e60	22	31474658	31474665	2	-1.3324
686e8989-223c-4fb4-9e48-8d5dc94b9e60	22	31477142	31967774	275	-0.1532
686e8989-223c-4fb4-9e48-8d5dc94b9e60	22	31968437	35956239	3151	-0.072
686e8989-223c-4fb4-9e48-8d5dc94b9e60	22	35957032	40232211	2039	0.1077
686e8989-223c-4fb4-9e48-8d5dc94b9e60	22	40233949	40233976	2	0.4339
686e8989-223c-4fb4-9e48-8d5dc94b9e60	22	40234501	48940621	5745	-0.438
686e8989-223c-4fb4-9e48-8d5dc94b9e60	X	3236359	46464121	19282	0.5993
686e8989-223c-4fb4-9e48-8d5dc94b9e60	X	46466378	49618260	1130	0.5143
686e8989-223c-4fb4-9e48-8d5dc94b9e60	X	49618343	50180932	265	0.5933
686e8989-223c-4fb4-9e48-8d5dc94b9e60	X	50187523	51363103	611	0.6594
686e8989-223c-4fb4-9e48-8d5dc94b9e60	X	51363631	63635866	2495	0.5694
686e8989-223c-4fb4-9e48-8d5dc94b9e60	X	63636294	64307585	234	0.8793
686e8989-223c-4fb4-9e48-8d5dc94b9e60	X	64309885	65900719	630	0.5743
686e8989-223c-4fb4-9e48-8d5dc94b9e60	X	65901662	73306472	2957	0.8434
686e8989-223c-4fb4-9e48-8d5dc94b9e60	X	73309650	77345208	1129	-0.6023
686e8989-223c-4fb4-9e48-8d5dc94b9e60	X	77353761	83136218	2525	-0.0808
686e8989-223c-4fb4-9e48-8d5dc94b9e60	X	83137647	83301623	73	0.2821
686e8989-223c-4fb4-9e48-8d5dc94b9e60	X	83302030	84669716	603	-0.0984
686e8989-223c-4fb4-9e48-8d5dc94b9e60	X	84675594	85521258	89	0.2808
686e8989-223c-4fb4-9e48-8d5dc94b9e60	X	85527230	88127465	1647	-0.0862
686e8989-223c-4fb4-9e48-8d5dc94b9e60	X	88131289	88176674	41	0.7038
686e8989-223c-4fb4-9e48-8d5dc94b9e60	X	88177768	89104261	422	-0.1287
686e8989-223c-4fb4-9e48-8d5dc94b9e60	X	89109370	148176473	26180	-0.6115
686e8989-223c-4fb4-9e48-8d5dc94b9e60	X	148180869	148223432	23	-0.0167
686e8989-223c-4fb4-9e48-8d5dc94b9e60	X	148223856	148272871	32	-0.5686
686e8989-223c-4fb4-9e48-8d5dc94b9e60	X	148283516	151832771	1799	-0.0447
686e8989-223c-4fb4-9e48-8d5dc94b9e60	X	151835332	151835485	2	-1.3883
686e8989-223c-4fb4-9e48-8d5dc94b9e60	X	151836846	152674889	396	-0.0365
686e8989-223c-4fb4-9e48-8d5dc94b9e60	X	153434224	155677414	386	0.1243
