GDC_Aliquot	Chromosome	Start	End	Num_Probes	Segment_Mean
72012133-da3d-4fb3-b206-c9e2577d7255	1	3301765	11590876	4756	0.0011
72012133-da3d-4fb3-b206-c9e2577d7255	1	11591596	11592148	3	-1.3652
72012133-da3d-4fb3-b206-c9e2577d7255	1	11601908	36869632	13206	0.0014
72012133-da3d-4fb3-b206-c9e2577d7255	1	36869950	36876656	4	-1.3149
72012133-da3d-4fb3-b206-c9e2577d7255	1	36879127	112691660	45526	0.0049
72012133-da3d-4fb3-b206-c9e2577d7255	1	112704008	112767796	34	0.5595
72012133-da3d-4fb3-b206-c9e2577d7255	1	112771988	247650984	65867	0.0018
72012133-da3d-4fb3-b206-c9e2577d7255	2	480597	30858191	18994	0.006
72012133-da3d-4fb3-b206-c9e2577d7255	2	30859408	30859898	2	-1.942
72012133-da3d-4fb3-b206-c9e2577d7255	2	30860891	212252479	95099	0.0067
72012133-da3d-4fb3-b206-c9e2577d7255	2	212252999	212253016	2	-2.5037
72012133-da3d-4fb3-b206-c9e2577d7255	2	212253044	236144421	14704	0.0024
72012133-da3d-4fb3-b206-c9e2577d7255	2	236144583	236144591	2	-1.3866
72012133-da3d-4fb3-b206-c9e2577d7255	2	236144870	241537572	3148	0.0097
72012133-da3d-4fb3-b206-c9e2577d7255	3	2170634	48128930	27150	0.0002
72012133-da3d-4fb3-b206-c9e2577d7255	3	48132720	48133550	2	-1.9342
72012133-da3d-4fb3-b206-c9e2577d7255	3	48137688	95922573	24985	0.0015
72012133-da3d-4fb3-b206-c9e2577d7255	3	95925446	95996449	29	0.6147
72012133-da3d-4fb3-b206-c9e2577d7255	3	95996697	197812401	54772	0.0026
72012133-da3d-4fb3-b206-c9e2577d7255	4	1059384	187842528	103251	0.0014
72012133-da3d-4fb3-b206-c9e2577d7255	5	913983	76011713	40094	0.0024
72012133-da3d-4fb3-b206-c9e2577d7255	5	76014829	76017210	3	-1.6725
72012133-da3d-4fb3-b206-c9e2577d7255	5	76017896	80551557	2710	-0.0001
72012133-da3d-4fb3-b206-c9e2577d7255	5	80559903	80566383	7	-0.6111
72012133-da3d-4fb3-b206-c9e2577d7255	5	80566414	84651964	2327	0.0026
72012133-da3d-4fb3-b206-c9e2577d7255	5	84653528	84658883	3	1.3522
72012133-da3d-4fb3-b206-c9e2577d7255	5	84663086	142635628	31666	0.0015
72012133-da3d-4fb3-b206-c9e2577d7255	5	142638295	142640448	7	-1.046
72012133-da3d-4fb3-b206-c9e2577d7255	5	142642537	180934240	24062	0.001
72012133-da3d-4fb3-b206-c9e2577d7255	6	1011760	19789348	13269	0.0001
72012133-da3d-4fb3-b206-c9e2577d7255	6	19790256	19790705	4	-1.0268
72012133-da3d-4fb3-b206-c9e2577d7255	6	19793444	161389250	79233	-0.0005
72012133-da3d-4fb3-b206-c9e2577d7255	6	161391387	161393275	5	-1.0512
72012133-da3d-4fb3-b206-c9e2577d7255	6	161395641	170596889	4403	-0.0054
72012133-da3d-4fb3-b206-c9e2577d7255	7	664936	9634700	3625	0.0024
72012133-da3d-4fb3-b206-c9e2577d7255	7	9640392	9640613	3	1.212
72012133-da3d-4fb3-b206-c9e2577d7255	7	9640962	39147471	18780	0.0025
72012133-da3d-4fb3-b206-c9e2577d7255	7	39154140	39159454	10	-0.9268
72012133-da3d-4fb3-b206-c9e2577d7255	7	39161887	56537025	10987	-0.0021
72012133-da3d-4fb3-b206-c9e2577d7255	7	56542963	56546012	4	-1.1013
72012133-da3d-4fb3-b206-c9e2577d7255	7	56546393	158592540	48356	0.0014
72012133-da3d-4fb3-b206-c9e2577d7255	8	667625	106541352	58970	0.0025
72012133-da3d-4fb3-b206-c9e2577d7255	8	106541908	106542518	3	-1.8891
72012133-da3d-4fb3-b206-c9e2577d7255	8	106544679	144182542	23081	0.0006
72012133-da3d-4fb3-b206-c9e2577d7255	9	789794	94696723	41368	0.002
72012133-da3d-4fb3-b206-c9e2577d7255	9	94702165	94702419	2	-1.5766
72012133-da3d-4fb3-b206-c9e2577d7255	9	94704600	104013164	5638	-0.0043
72012133-da3d-4fb3-b206-c9e2577d7255	9	104016510	104154055	64	-0.2384
72012133-da3d-4fb3-b206-c9e2577d7255	9	104154612	135193489	20435	0.0008
72012133-da3d-4fb3-b206-c9e2577d7255	9	135194743	135199398	2	-1.8156
72012133-da3d-4fb3-b206-c9e2577d7255	9	135200959	138044505	817	0.0115
72012133-da3d-4fb3-b206-c9e2577d7255	10	366509	1858692	672	0.0054
72012133-da3d-4fb3-b206-c9e2577d7255	10	1859891	1860494	10	-0.528
72012133-da3d-4fb3-b206-c9e2577d7255	10	1861321	69639452	40358	-0.0005
72012133-da3d-4fb3-b206-c9e2577d7255	10	69640477	69641261	3	-1.2153
72012133-da3d-4fb3-b206-c9e2577d7255	10	69641364	133411599	40080	0.0038
72012133-da3d-4fb3-b206-c9e2577d7255	11	456012	3386299	991	0.0053
72012133-da3d-4fb3-b206-c9e2577d7255	11	3417166	3591901	22	-0.789
72012133-da3d-4fb3-b206-c9e2577d7255	11	3597187	13175662	6777	-0.0027
72012133-da3d-4fb3-b206-c9e2577d7255	11	13181352	13182610	4	-1.1521
72012133-da3d-4fb3-b206-c9e2577d7255	11	13183774	45370005	20977	-0.0019
72012133-da3d-4fb3-b206-c9e2577d7255	11	45378268	45378354	2	1.3423
72012133-da3d-4fb3-b206-c9e2577d7255	11	45379862	45553757	129	0.0305
72012133-da3d-4fb3-b206-c9e2577d7255	11	45554775	45554867	2	-1.3082
72012133-da3d-4fb3-b206-c9e2577d7255	11	45558549	79679087	13186	0.0012
72012133-da3d-4fb3-b206-c9e2577d7255	11	79679706	79683752	3	-1.5532
72012133-da3d-4fb3-b206-c9e2577d7255	11	79685592	134272740	35299	0.0011
72012133-da3d-4fb3-b206-c9e2577d7255	12	780472	16101520	8684	0.0043
72012133-da3d-4fb3-b206-c9e2577d7255	12	16101961	16102391	2	-1.6177
72012133-da3d-4fb3-b206-c9e2577d7255	12	16102680	16131220	24	-0.0138
72012133-da3d-4fb3-b206-c9e2577d7255	12	16132784	16141115	5	-0.8283
72012133-da3d-4fb3-b206-c9e2577d7255	12	16142127	47132947	15570	0.0015
72012133-da3d-4fb3-b206-c9e2577d7255	12	47133816	47134025	2	1.4343
72012133-da3d-4fb3-b206-c9e2577d7255	12	47134590	83327437	21296	-0.001
72012133-da3d-4fb3-b206-c9e2577d7255	12	83330472	83335050	2	-1.5483
72012133-da3d-4fb3-b206-c9e2577d7255	12	83335314	108448086	15826	-0.0025
72012133-da3d-4fb3-b206-c9e2577d7255	12	108451400	108451797	4	-1.0634
72012133-da3d-4fb3-b206-c9e2577d7255	12	108453050	132605822	12764	0.0014
72012133-da3d-4fb3-b206-c9e2577d7255	13	18874255	114226675	56862	0.0019
72012133-da3d-4fb3-b206-c9e2577d7255	14	20033191	26294421	2980	-0.0103
72012133-da3d-4fb3-b206-c9e2577d7255	14	26300516	26300519	3	-1.2574
72012133-da3d-4fb3-b206-c9e2577d7255	14	26300708	26596857	187	0.0135
72012133-da3d-4fb3-b206-c9e2577d7255	14	26599723	26599958	2	-1.3689
72012133-da3d-4fb3-b206-c9e2577d7255	14	26605128	42143845	8920	-0.0041
72012133-da3d-4fb3-b206-c9e2577d7255	14	42147693	42155232	4	-1.1605
72012133-da3d-4fb3-b206-c9e2577d7255	14	42156465	46128734	1252	0.0015
72012133-da3d-4fb3-b206-c9e2577d7255	14	46134584	46139772	5	-0.9503
72012133-da3d-4fb3-b206-c9e2577d7255	14	46148681	84049862	23520	0.0019
72012133-da3d-4fb3-b206-c9e2577d7255	14	84052412	84053630	2	-1.9347
72012133-da3d-4fb3-b206-c9e2577d7255	14	84054193	105533894	12805	0.0031
72012133-da3d-4fb3-b206-c9e2577d7255	15	23437561	52526754	15074	0.0029
72012133-da3d-4fb3-b206-c9e2577d7255	15	52529853	52531627	4	-1.0665
72012133-da3d-4fb3-b206-c9e2577d7255	15	52531804	101344124	29615	0.0021
72012133-da3d-4fb3-b206-c9e2577d7255	16	603333	11415293	5940	0.0035
72012133-da3d-4fb3-b206-c9e2577d7255	16	11415439	11420210	5	-1.1245
72012133-da3d-4fb3-b206-c9e2577d7255	16	11421365	89317317	35165	0.0008
72012133-da3d-4fb3-b206-c9e2577d7255	17	1074619	82959812	37208	0.0008
72012133-da3d-4fb3-b206-c9e2577d7255	18	326691	54385450	28913	0.003
72012133-da3d-4fb3-b206-c9e2577d7255	18	54385457	54385765	2	-1.4268
72012133-da3d-4fb3-b206-c9e2577d7255	18	54386772	79349796	13957	0.0027
72012133-da3d-4fb3-b206-c9e2577d7255	19	283868	58370362	24114	-0.0019
72012133-da3d-4fb3-b206-c9e2577d7255	20	472817	55149812	31755	0.015
72012133-da3d-4fb3-b206-c9e2577d7255	20	55155520	55155817	2	-1.4161
72012133-da3d-4fb3-b206-c9e2577d7255	20	55155848	61734635	4969	0.0107
72012133-da3d-4fb3-b206-c9e2577d7255	20	61740048	61740052	2	-1.4013
72012133-da3d-4fb3-b206-c9e2577d7255	20	61740173	63588502	739	-0.013
72012133-da3d-4fb3-b206-c9e2577d7255	21	13974127	18551397	2844	0.0012
72012133-da3d-4fb3-b206-c9e2577d7255	21	18555715	18555820	3	-1.2904
72012133-da3d-4fb3-b206-c9e2577d7255	21	18557310	46262057	17702	0.0012
72012133-da3d-4fb3-b206-c9e2577d7255	22	16934932	25086681	1579	-0.0054
72012133-da3d-4fb3-b206-c9e2577d7255	22	25087800	25089747	3	-1.5015
72012133-da3d-4fb3-b206-c9e2577d7255	22	25089835	48940621	15484	0.0001
72012133-da3d-4fb3-b206-c9e2577d7255	X	3236359	11267663	2207	0.0042
72012133-da3d-4fb3-b206-c9e2577d7255	X	11267988	11268927	2	-3.8092
72012133-da3d-4fb3-b206-c9e2577d7255	X	11269874	40873760	14737	0.0082
72012133-da3d-4fb3-b206-c9e2577d7255	X	40882446	40882498	2	-4.0111
72012133-da3d-4fb3-b206-c9e2577d7255	X	40882571	66198051	8007	-0.0028
72012133-da3d-4fb3-b206-c9e2577d7255	X	66198947	66200767	3	-2.7897
72012133-da3d-4fb3-b206-c9e2577d7255	X	66204446	110855599	18178	0.0021
72012133-da3d-4fb3-b206-c9e2577d7255	X	110857876	110857953	2	-5.8611
72012133-da3d-4fb3-b206-c9e2577d7255	X	110858014	119116747	3954	0.0032
72012133-da3d-4fb3-b206-c9e2577d7255	X	119116798	119117770	3	-2.2808
72012133-da3d-4fb3-b206-c9e2577d7255	X	119118621	139641269	9629	0.0075
72012133-da3d-4fb3-b206-c9e2577d7255	X	139642566	139642770	3	-1.9626
72012133-da3d-4fb3-b206-c9e2577d7255	X	139642962	144041545	1642	0.0301
72012133-da3d-4fb3-b206-c9e2577d7255	X	144042383	144044881	2	-2.6499
72012133-da3d-4fb3-b206-c9e2577d7255	X	144045055	155677414	5156	0.0042
