GDC_Aliquot	Chromosome	Start	End	Num_Probes	Segment_Mean
3d502bbe-ed09-4e6e-9625-4524226514dc	1	3301765	48442214	24259	0.1734
3d502bbe-ed09-4e6e-9625-4524226514dc	1	48445304	61518991	8246	0.1233
3d502bbe-ed09-4e6e-9625-4524226514dc	1	61520286	64616915	2126	0.1748
3d502bbe-ed09-4e6e-9625-4524226514dc	1	64617704	70947815	4180	0.1311
3d502bbe-ed09-4e6e-9625-4524226514dc	1	70948151	72634532	797	0.0624
3d502bbe-ed09-4e6e-9625-4524226514dc	1	72634855	75257232	1442	0.1324
3d502bbe-ed09-4e6e-9625-4524226514dc	1	75257466	161945905	33211	0.1895
3d502bbe-ed09-4e6e-9625-4524226514dc	1	161954620	165764851	3075	0.2301
3d502bbe-ed09-4e6e-9625-4524226514dc	1	165766938	167937334	1589	0.1957
3d502bbe-ed09-4e6e-9625-4524226514dc	1	167943428	169113630	880	0.6682
3d502bbe-ed09-4e6e-9625-4524226514dc	1	169115853	187897338	11731	0.2128
3d502bbe-ed09-4e6e-9625-4524226514dc	1	187897762	190095764	1217	0.145
3d502bbe-ed09-4e6e-9625-4524226514dc	1	190098421	193180554	1808	0.2073
3d502bbe-ed09-4e6e-9625-4524226514dc	1	193181089	193276783	120	-0.5263
3d502bbe-ed09-4e6e-9625-4524226514dc	1	193279335	237763602	28615	0.1982
3d502bbe-ed09-4e6e-9625-4524226514dc	1	237763659	241370092	2774	0.1263
3d502bbe-ed09-4e6e-9625-4524226514dc	1	241371012	243244815	1089	0.183
3d502bbe-ed09-4e6e-9625-4524226514dc	1	243246774	245671075	1454	0.2422
3d502bbe-ed09-4e6e-9625-4524226514dc	1	245671303	246026700	283	0.148
3d502bbe-ed09-4e6e-9625-4524226514dc	1	246435044	247650984	436	0.6514
3d502bbe-ed09-4e6e-9625-4524226514dc	2	480597	687775	186	-0.7685
3d502bbe-ed09-4e6e-9625-4524226514dc	2	1912858	2528387	426	0.047
3d502bbe-ed09-4e6e-9625-4524226514dc	2	2529212	2529716	3	-1.0282
3d502bbe-ed09-4e6e-9625-4524226514dc	2	2529761	4219364	1137	0.0309
3d502bbe-ed09-4e6e-9625-4524226514dc	2	4219410	4235660	30	0.3626
3d502bbe-ed09-4e6e-9625-4524226514dc	2	4236272	10414162	4387	-0.092
3d502bbe-ed09-4e6e-9625-4524226514dc	2	10415431	22690202	8222	0.0741
3d502bbe-ed09-4e6e-9625-4524226514dc	2	22697714	24020545	888	0.8917
3d502bbe-ed09-4e6e-9625-4524226514dc	2	24024551	24724678	314	0.586
3d502bbe-ed09-4e6e-9625-4524226514dc	2	24724939	28325567	1663	0.124
3d502bbe-ed09-4e6e-9625-4524226514dc	2	28326834	37115545	4947	0.0242
3d502bbe-ed09-4e6e-9625-4524226514dc	2	37120944	37125868	2	-1.722
3d502bbe-ed09-4e6e-9625-4524226514dc	2	37125981	38331727	396	0.0571
3d502bbe-ed09-4e6e-9625-4524226514dc	2	38332083	38332751	2	-1.0956
3d502bbe-ed09-4e6e-9625-4524226514dc	2	38335131	38436100	47	0.0387
3d502bbe-ed09-4e6e-9625-4524226514dc	2	38443387	38555932	96	0.0929
3d502bbe-ed09-4e6e-9625-4524226514dc	2	38562366	39824076	699	0.5218
3d502bbe-ed09-4e6e-9625-4524226514dc	2	39825411	48257328	5442	0.0785
3d502bbe-ed09-4e6e-9625-4524226514dc	2	48265079	52968414	2478	0.4683
3d502bbe-ed09-4e6e-9625-4524226514dc	2	52976154	56161078	1687	0.1038
3d502bbe-ed09-4e6e-9625-4524226514dc	2	56175280	70702004	8583	-0.5476
3d502bbe-ed09-4e6e-9625-4524226514dc	2	70703358	70729716	28	-0.9744
3d502bbe-ed09-4e6e-9625-4524226514dc	2	70729807	79520588	4367	-0.5416
3d502bbe-ed09-4e6e-9625-4524226514dc	2	79523288	83320319	2272	-0.6058
3d502bbe-ed09-4e6e-9625-4524226514dc	2	83320647	88831554	2270	-0.5448
3d502bbe-ed09-4e6e-9625-4524226514dc	2	94675825	103248830	3995	0.185
3d502bbe-ed09-4e6e-9625-4524226514dc	2	103250877	112624557	4728	0.1094
3d502bbe-ed09-4e6e-9625-4524226514dc	2	112624932	118442736	2964	0.2441
3d502bbe-ed09-4e6e-9625-4524226514dc	2	118443330	136359402	8985	0.0985
3d502bbe-ed09-4e6e-9625-4524226514dc	2	136359641	140492543	2136	0.1434
3d502bbe-ed09-4e6e-9625-4524226514dc	2	140495622	150573077	5785	0.0963
3d502bbe-ed09-4e6e-9625-4524226514dc	2	150573455	153085383	1709	0.1603
3d502bbe-ed09-4e6e-9625-4524226514dc	2	153088925	157261554	2244	0.0965
3d502bbe-ed09-4e6e-9625-4524226514dc	2	157262112	160416917	1926	0.3114
3d502bbe-ed09-4e6e-9625-4524226514dc	2	160418193	164700808	2319	0.1501
3d502bbe-ed09-4e6e-9625-4524226514dc	2	164701742	172927897	5087	0.0546
3d502bbe-ed09-4e6e-9625-4524226514dc	2	172931014	174626993	1157	0.3128
3d502bbe-ed09-4e6e-9625-4524226514dc	2	174629846	186411682	6453	0.063
3d502bbe-ed09-4e6e-9625-4524226514dc	2	186414809	192014008	2960	0.1523
3d502bbe-ed09-4e6e-9625-4524226514dc	2	192014274	195355833	1127	0.0505
3d502bbe-ed09-4e6e-9625-4524226514dc	2	195357235	202838889	4087	0.1405
3d502bbe-ed09-4e6e-9625-4524226514dc	2	202841199	203957542	540	0.2396
3d502bbe-ed09-4e6e-9625-4524226514dc	2	203960458	205908778	1390	0.1622
3d502bbe-ed09-4e6e-9625-4524226514dc	2	205908999	207497571	946	0.0295
3d502bbe-ed09-4e6e-9625-4524226514dc	2	207497717	209695465	1287	0.0904
3d502bbe-ed09-4e6e-9625-4524226514dc	2	209698605	217621945	4941	0.0285
3d502bbe-ed09-4e6e-9625-4524226514dc	2	217622747	224004926	4002	0.1422
3d502bbe-ed09-4e6e-9625-4524226514dc	2	224007666	224020061	13	-0.7056
3d502bbe-ed09-4e6e-9625-4524226514dc	2	224025463	230130731	3709	0.0997
3d502bbe-ed09-4e6e-9625-4524226514dc	2	230130868	234751269	2640	0.0321
3d502bbe-ed09-4e6e-9625-4524226514dc	2	234751708	234751713	2	-1.587
3d502bbe-ed09-4e6e-9625-4524226514dc	2	234752229	236144421	889	0.0387
3d502bbe-ed09-4e6e-9625-4524226514dc	2	236144583	236144591	2	-1.6855
3d502bbe-ed09-4e6e-9625-4524226514dc	2	236144870	238842563	1752	0.0363
3d502bbe-ed09-4e6e-9625-4524226514dc	2	239108788	241537572	1391	-0.5976
3d502bbe-ed09-4e6e-9625-4524226514dc	3	2170634	16509706	8849	0.1496
3d502bbe-ed09-4e6e-9625-4524226514dc	3	16509780	23439035	3478	0.1844
3d502bbe-ed09-4e6e-9625-4524226514dc	3	23445151	35374992	7466	0.1323
3d502bbe-ed09-4e6e-9625-4524226514dc	3	35375008	37695129	1469	0.0793
3d502bbe-ed09-4e6e-9625-4524226514dc	3	37698590	37698874	2	-1.2533
3d502bbe-ed09-4e6e-9625-4524226514dc	3	37699181	40557780	1801	0.0439
3d502bbe-ed09-4e6e-9625-4524226514dc	3	40557934	45261857	2546	0.0098
3d502bbe-ed09-4e6e-9625-4524226514dc	3	45268225	45269020	3	-1.4211
3d502bbe-ed09-4e6e-9625-4524226514dc	3	45269837	46185410	634	-0.0278
3d502bbe-ed09-4e6e-9625-4524226514dc	3	46188216	47703698	685	0.0802
3d502bbe-ed09-4e6e-9625-4524226514dc	3	47705609	61141148	6678	-0.0021
3d502bbe-ed09-4e6e-9625-4524226514dc	3	61141532	61141631	2	-1.3633
3d502bbe-ed09-4e6e-9625-4524226514dc	3	61142344	76644737	10553	0.0054
3d502bbe-ed09-4e6e-9625-4524226514dc	3	76650267	76676617	23	-0.4516
3d502bbe-ed09-4e6e-9625-4524226514dc	3	76679236	77859908	706	0.004
3d502bbe-ed09-4e6e-9625-4524226514dc	3	77865003	80422150	1376	0.0622
3d502bbe-ed09-4e6e-9625-4524226514dc	3	80424070	80523192	73	-0.4393
3d502bbe-ed09-4e6e-9625-4524226514dc	3	80524176	81278794	401	0.0352
3d502bbe-ed09-4e6e-9625-4524226514dc	3	81280057	82807604	846	-0.0247
3d502bbe-ed09-4e6e-9625-4524226514dc	3	82831894	82846547	9	-0.5375
3d502bbe-ed09-4e6e-9625-4524226514dc	3	82847162	85242006	1074	-0.0073
3d502bbe-ed09-4e6e-9625-4524226514dc	3	85245680	87945812	1234	0.0479
3d502bbe-ed09-4e6e-9625-4524226514dc	3	87950814	89198945	676	0.1453
3d502bbe-ed09-4e6e-9625-4524226514dc	3	89199543	96900774	1951	0.1123
3d502bbe-ed09-4e6e-9625-4524226514dc	3	96901975	161452628	35929	0.1618
3d502bbe-ed09-4e6e-9625-4524226514dc	3	161452717	167153775	2332	0.1033
3d502bbe-ed09-4e6e-9625-4524226514dc	3	167157781	171290213	2402	0.1677
3d502bbe-ed09-4e6e-9625-4524226514dc	3	171298039	179714174	4208	0.1896
3d502bbe-ed09-4e6e-9625-4524226514dc	3	179716249	197812401	9391	0.1568
3d502bbe-ed09-4e6e-9625-4524226514dc	4	1059384	13736760	7380	0.1234
3d502bbe-ed09-4e6e-9625-4524226514dc	4	13739815	13743611	2	-1.6127
3d502bbe-ed09-4e6e-9625-4524226514dc	4	13744696	20235002	4472	0.1477
3d502bbe-ed09-4e6e-9625-4524226514dc	4	20240906	20551734	180	-0.6722
3d502bbe-ed09-4e6e-9625-4524226514dc	4	20554097	20649729	52	0.1073
3d502bbe-ed09-4e6e-9625-4524226514dc	4	20649884	22777047	1507	0.2266
3d502bbe-ed09-4e6e-9625-4524226514dc	4	22777717	25935786	2032	0.1663
3d502bbe-ed09-4e6e-9625-4524226514dc	4	25936700	42872672	10228	0.2074
3d502bbe-ed09-4e6e-9625-4524226514dc	4	42872836	48067890	2417	0.1302
3d502bbe-ed09-4e6e-9625-4524226514dc	4	51832470	54058626	1325	-0.5597
3d502bbe-ed09-4e6e-9625-4524226514dc	4	54061164	55173375	976	0.1299
3d502bbe-ed09-4e6e-9625-4524226514dc	4	55179175	57355482	1258	0.182
3d502bbe-ed09-4e6e-9625-4524226514dc	4	57355514	64646617	3873	0.109
3d502bbe-ed09-4e6e-9625-4524226514dc	4	64646838	67833923	1944	0.1978
3d502bbe-ed09-4e6e-9625-4524226514dc	4	67834241	75617565	3750	0.138
3d502bbe-ed09-4e6e-9625-4524226514dc	4	75621702	78594583	1961	0.2065
3d502bbe-ed09-4e6e-9625-4524226514dc	4	78595163	78595291	2	-1.3865
3d502bbe-ed09-4e6e-9625-4524226514dc	4	78598055	100651363	12497	0.1814
3d502bbe-ed09-4e6e-9625-4524226514dc	4	100652079	102633395	1161	0.2887
3d502bbe-ed09-4e6e-9625-4524226514dc	4	102634677	111130996	4734	0.1901
3d502bbe-ed09-4e6e-9625-4524226514dc	4	111131594	111325341	114	0.1283
3d502bbe-ed09-4e6e-9625-4524226514dc	4	111325556	128737043	9695	0.2622
3d502bbe-ed09-4e6e-9625-4524226514dc	4	128739826	143481311	7890	0.1853
3d502bbe-ed09-4e6e-9625-4524226514dc	4	143482614	143803133	209	0.6982
3d502bbe-ed09-4e6e-9625-4524226514dc	4	143805010	143805013	3	-0.2385
3d502bbe-ed09-4e6e-9625-4524226514dc	4	143805014	144564586	250	0.7047
3d502bbe-ed09-4e6e-9625-4524226514dc	4	144564672	144690240	63	0.1891
3d502bbe-ed09-4e6e-9625-4524226514dc	4	144691367	144781799	48	0.7282
3d502bbe-ed09-4e6e-9625-4524226514dc	4	144784776	145258145	186	0.1952
3d502bbe-ed09-4e6e-9625-4524226514dc	4	145258487	145745278	261	0.6593
3d502bbe-ed09-4e6e-9625-4524226514dc	4	145755053	145792230	15	1.6582
3d502bbe-ed09-4e6e-9625-4524226514dc	4	145793922	145855444	50	0.1717
3d502bbe-ed09-4e6e-9625-4524226514dc	4	145857751	148813816	1779	0.6884
3d502bbe-ed09-4e6e-9625-4524226514dc	4	148818255	152934672	2016	0.196
3d502bbe-ed09-4e6e-9625-4524226514dc	4	152938321	153012354	65	-0.7231
3d502bbe-ed09-4e6e-9625-4524226514dc	4	153014399	162200413	5476	-0.593
3d502bbe-ed09-4e6e-9625-4524226514dc	4	162206840	163628246	861	-0.6981
3d502bbe-ed09-4e6e-9625-4524226514dc	4	163628336	167211090	1791	-0.5299
3d502bbe-ed09-4e6e-9625-4524226514dc	4	167215274	174913641	4200	-0.688
3d502bbe-ed09-4e6e-9625-4524226514dc	4	174918404	179781709	2546	-0.7636
3d502bbe-ed09-4e6e-9625-4524226514dc	4	179781900	180604429	593	-0.6748
3d502bbe-ed09-4e6e-9625-4524226514dc	4	181157671	181369443	184	-3.6915
3d502bbe-ed09-4e6e-9625-4524226514dc	4	181369477	187842528	3036	-0.7242
3d502bbe-ed09-4e6e-9625-4524226514dc	5	913983	4432100	2244	0.5622
3d502bbe-ed09-4e6e-9625-4524226514dc	5	4434585	11814268	5624	0.6024
3d502bbe-ed09-4e6e-9625-4524226514dc	5	11816225	11816239	2	-0.9168
3d502bbe-ed09-4e6e-9625-4524226514dc	5	11822975	19502309	3984	0.6015
3d502bbe-ed09-4e6e-9625-4524226514dc	5	19502368	25077162	2835	0.5648
3d502bbe-ed09-4e6e-9625-4524226514dc	5	25384764	28597286	1790	-0.7217
3d502bbe-ed09-4e6e-9625-4524226514dc	5	28598038	32490971	2459	-0.5942
3d502bbe-ed09-4e6e-9625-4524226514dc	5	32493276	34827939	1053	0.1978
3d502bbe-ed09-4e6e-9625-4524226514dc	5	34833276	38336004	2143	-0.577
3d502bbe-ed09-4e6e-9625-4524226514dc	5	38337766	43577088	3135	0.1749
3d502bbe-ed09-4e6e-9625-4524226514dc	5	43581558	45383300	767	-0.6128
3d502bbe-ed09-4e6e-9625-4524226514dc	5	50828231	51919596	567	0.0825
3d502bbe-ed09-4e6e-9625-4524226514dc	5	51920040	72308814	11183	0.1892
3d502bbe-ed09-4e6e-9625-4524226514dc	5	72310850	72667411	207	0.0711
3d502bbe-ed09-4e6e-9625-4524226514dc	5	72671460	74851253	1497	0.1237
3d502bbe-ed09-4e6e-9625-4524226514dc	5	74852403	84422260	5534	0.0659
3d502bbe-ed09-4e6e-9625-4524226514dc	5	84423700	90302228	2939	0.0187
3d502bbe-ed09-4e6e-9625-4524226514dc	5	90303130	165753874	43700	0.0684
3d502bbe-ed09-4e6e-9625-4524226514dc	5	165754236	165858672	84	-0.8167
3d502bbe-ed09-4e6e-9625-4524226514dc	5	165865264	166153416	199	-0.1655
3d502bbe-ed09-4e6e-9625-4524226514dc	5	166154872	166251121	69	-0.8628
3d502bbe-ed09-4e6e-9625-4524226514dc	5	166251210	166620604	267	-0.1689
3d502bbe-ed09-4e6e-9625-4524226514dc	5	166620882	175692430	6313	0.0723
3d502bbe-ed09-4e6e-9625-4524226514dc	5	175693363	180934240	2198	0.4279
3d502bbe-ed09-4e6e-9625-4524226514dc	6	1011760	9692627	6320	0.144
3d502bbe-ed09-4e6e-9625-4524226514dc	6	9693600	9694342	3	-1.4612
3d502bbe-ed09-4e6e-9625-4524226514dc	6	9696701	19592844	6824	0.1516
3d502bbe-ed09-4e6e-9625-4524226514dc	6	19593576	24883331	3734	0.1827
3d502bbe-ed09-4e6e-9625-4524226514dc	6	24883899	48115272	11696	0.1367
3d502bbe-ed09-4e6e-9625-4524226514dc	6	48119667	51790609	1983	0.0889
3d502bbe-ed09-4e6e-9625-4524226514dc	6	51790624	54219622	1688	0.1429
3d502bbe-ed09-4e6e-9625-4524226514dc	6	54228247	54229576	2	-1.3335
3d502bbe-ed09-4e6e-9625-4524226514dc	6	54229784	57284353	1774	0.1723
3d502bbe-ed09-4e6e-9625-4524226514dc	6	57287480	63447559	912	0.0704
3d502bbe-ed09-4e6e-9625-4524226514dc	6	63448172	65245250	855	0.0401
3d502bbe-ed09-4e6e-9625-4524226514dc	6	65245410	67451592	1391	-0.0452
3d502bbe-ed09-4e6e-9625-4524226514dc	6	67457081	67457396	4	-1.3383
3d502bbe-ed09-4e6e-9625-4524226514dc	6	67457837	72824856	3080	-0.0428
3d502bbe-ed09-4e6e-9625-4524226514dc	6	72825314	75928895	1806	0.0334
3d502bbe-ed09-4e6e-9625-4524226514dc	6	75929233	92659937	9500	-0.0194
3d502bbe-ed09-4e6e-9625-4524226514dc	6	92660399	143502543	28990	-0.0581
3d502bbe-ed09-4e6e-9625-4524226514dc	6	143502683	170596889	16268	-0.0222
3d502bbe-ed09-4e6e-9625-4524226514dc	7	664936	2727076	584	0.3703
3d502bbe-ed09-4e6e-9625-4524226514dc	7	2731870	20793838	9435	0.4229
3d502bbe-ed09-4e6e-9625-4524226514dc	7	20795821	21133126	249	0.3572
3d502bbe-ed09-4e6e-9625-4524226514dc	7	21133427	21168644	41	-0.1744
3d502bbe-ed09-4e6e-9625-4524226514dc	7	21175686	29061127	5604	0.3479
3d502bbe-ed09-4e6e-9625-4524226514dc	7	29061544	34712935	3424	0.289
3d502bbe-ed09-4e6e-9625-4524226514dc	7	34713434	34739436	18	0.0544
3d502bbe-ed09-4e6e-9625-4524226514dc	7	34739723	42132407	4951	0.2105
3d502bbe-ed09-4e6e-9625-4524226514dc	7	42134997	42151440	14	0.7129
3d502bbe-ed09-4e6e-9625-4524226514dc	7	42155003	43614610	611	0.2291
3d502bbe-ed09-4e6e-9625-4524226514dc	7	43614700	48018059	2787	0.1687
3d502bbe-ed09-4e6e-9625-4524226514dc	7	48018184	50162581	1382	0.0789
3d502bbe-ed09-4e6e-9625-4524226514dc	7	50163600	53660418	2538	0.0018
3d502bbe-ed09-4e6e-9625-4524226514dc	7	53663928	54434126	460	0.0473
3d502bbe-ed09-4e6e-9625-4524226514dc	7	54434219	55473098	875	0.1037
3d502bbe-ed09-4e6e-9625-4524226514dc	7	55473595	63675854	520	0.0192
3d502bbe-ed09-4e6e-9625-4524226514dc	7	63677725	65052476	468	-0.6974
3d502bbe-ed09-4e6e-9625-4524226514dc	7	65714988	68577558	1241	0.1993
3d502bbe-ed09-4e6e-9625-4524226514dc	7	68577759	68579188	3	0.3313
3d502bbe-ed09-4e6e-9625-4524226514dc	7	68586004	68899503	227	1.4193
3d502bbe-ed09-4e6e-9625-4524226514dc	7	68902192	69639893	441	0.7782
3d502bbe-ed09-4e6e-9625-4524226514dc	7	69648020	69956487	175	0.3284
3d502bbe-ed09-4e6e-9625-4524226514dc	7	69960364	147039267	39350	-0.676
3d502bbe-ed09-4e6e-9625-4524226514dc	7	147040975	147222997	106	-2.2498
3d502bbe-ed09-4e6e-9625-4524226514dc	7	147223077	154198133	3265	-0.7103
3d502bbe-ed09-4e6e-9625-4524226514dc	7	154201838	156230654	1553	-0.8079
3d502bbe-ed09-4e6e-9625-4524226514dc	7	156234663	158592540	1187	-0.7297
3d502bbe-ed09-4e6e-9625-4524226514dc	8	667625	6511829	2796	0.0871
3d502bbe-ed09-4e6e-9625-4524226514dc	8	6517252	18045923	6410	0.1407
3d502bbe-ed09-4e6e-9625-4524226514dc	8	18046352	18771863	625	0.0887
3d502bbe-ed09-4e6e-9625-4524226514dc	8	18774552	19216039	389	-3.0962
3d502bbe-ed09-4e6e-9625-4524226514dc	8	19217542	26563191	5020	-0.6386
3d502bbe-ed09-4e6e-9625-4524226514dc	8	26563689	30328056	2565	-0.7064
3d502bbe-ed09-4e6e-9625-4524226514dc	8	30328095	31562518	692	-0.6306
3d502bbe-ed09-4e6e-9625-4524226514dc	8	31564185	31620549	31	0.2203
3d502bbe-ed09-4e6e-9625-4524226514dc	8	31622107	43080575	6387	-0.6717
3d502bbe-ed09-4e6e-9625-4524226514dc	8	46547532	46648523	49	0.3867
3d502bbe-ed09-4e6e-9625-4524226514dc	8	46649484	47085404	176	1.3086
3d502bbe-ed09-4e6e-9625-4524226514dc	8	47085517	47216558	50	1.3803
3d502bbe-ed09-4e6e-9625-4524226514dc	8	47217601	48618529	573	1.6394
3d502bbe-ed09-4e6e-9625-4524226514dc	8	48622701	51500331	1571	1.5336
3d502bbe-ed09-4e6e-9625-4524226514dc	8	51500998	51770943	188	1.349
3d502bbe-ed09-4e6e-9625-4524226514dc	8	51776562	56019965	2515	1.1636
3d502bbe-ed09-4e6e-9625-4524226514dc	8	56029030	56197650	59	1.3089
3d502bbe-ed09-4e6e-9625-4524226514dc	8	56220962	60712390	2835	-0.1709
3d502bbe-ed09-4e6e-9625-4524226514dc	8	60712415	64044022	2091	-0.0991
3d502bbe-ed09-4e6e-9625-4524226514dc	8	64047002	66741999	1358	0.1531
3d502bbe-ed09-4e6e-9625-4524226514dc	8	66742006	74097998	4499	0.2133
3d502bbe-ed09-4e6e-9625-4524226514dc	8	74099144	74761524	446	0.1379
3d502bbe-ed09-4e6e-9625-4524226514dc	8	74765271	76074111	700	0.6677
3d502bbe-ed09-4e6e-9625-4524226514dc	8	76078469	78512635	1331	0.5731
3d502bbe-ed09-4e6e-9625-4524226514dc	8	78515264	80546152	1095	0.7401
3d502bbe-ed09-4e6e-9625-4524226514dc	8	80553201	81406207	506	0.6042
3d502bbe-ed09-4e6e-9625-4524226514dc	8	81415739	83114176	897	0.4161
3d502bbe-ed09-4e6e-9625-4524226514dc	8	83114488	83175887	29	0.3299
3d502bbe-ed09-4e6e-9625-4524226514dc	8	83176205	94046786	5845	0.0623
3d502bbe-ed09-4e6e-9625-4524226514dc	8	94046868	94047455	2	-1.9234
3d502bbe-ed09-4e6e-9625-4524226514dc	8	94049867	95720224	1076	0.082
3d502bbe-ed09-4e6e-9625-4524226514dc	8	95720370	100110611	2489	0.188
3d502bbe-ed09-4e6e-9625-4524226514dc	8	100113987	103098764	1838	0.1434
3d502bbe-ed09-4e6e-9625-4524226514dc	8	103099156	105785151	1574	0.0587
3d502bbe-ed09-4e6e-9625-4524226514dc	8	105797366	105965001	77	0.1374
3d502bbe-ed09-4e6e-9625-4524226514dc	8	105971462	109425596	1729	0.2461
3d502bbe-ed09-4e6e-9625-4524226514dc	8	109428395	111779837	1214	0.1789
3d502bbe-ed09-4e6e-9625-4524226514dc	8	111789195	111974605	81	0.455
3d502bbe-ed09-4e6e-9625-4524226514dc	8	111976341	112287889	181	0.2235
3d502bbe-ed09-4e6e-9625-4524226514dc	8	112289958	112345291	28	0.5607
3d502bbe-ed09-4e6e-9625-4524226514dc	8	112346131	112761536	227	0.2303
3d502bbe-ed09-4e6e-9625-4524226514dc	8	112762988	113706683	468	0.5161
3d502bbe-ed09-4e6e-9625-4524226514dc	8	113707160	114000220	197	0.2582
3d502bbe-ed09-4e6e-9625-4524226514dc	8	114003711	117849040	2178	0.5741
3d502bbe-ed09-4e6e-9625-4524226514dc	8	117849128	119122297	1005	0.4459
3d502bbe-ed09-4e6e-9625-4524226514dc	8	119122627	120544523	882	0.5638
3d502bbe-ed09-4e6e-9625-4524226514dc	8	120544947	123282910	1787	0.4518
3d502bbe-ed09-4e6e-9625-4524226514dc	8	123287953	128795659	3847	0.5652
3d502bbe-ed09-4e6e-9625-4524226514dc	8	128796065	129592886	514	1.5478
3d502bbe-ed09-4e6e-9625-4524226514dc	8	129595376	131222651	1128	1.2445
3d502bbe-ed09-4e6e-9625-4524226514dc	8	131223169	131526495	202	0.8454
3d502bbe-ed09-4e6e-9625-4524226514dc	8	131527293	132382370	600	1.0528
3d502bbe-ed09-4e6e-9625-4524226514dc	8	132385050	132541348	140	0.9242
3d502bbe-ed09-4e6e-9625-4524226514dc	8	132544622	132729355	113	1.1614
3d502bbe-ed09-4e6e-9625-4524226514dc	8	132730731	132803331	53	1.5135
3d502bbe-ed09-4e6e-9625-4524226514dc	8	132803481	134113546	1137	1.1084
3d502bbe-ed09-4e6e-9625-4524226514dc	8	134113860	136655366	1945	1.0194
3d502bbe-ed09-4e6e-9625-4524226514dc	8	136870980	137392212	352	1.6694
3d502bbe-ed09-4e6e-9625-4524226514dc	8	137392682	138543474	956	1.5108
3d502bbe-ed09-4e6e-9625-4524226514dc	8	138548164	144182542	2145	0.2384
3d502bbe-ed09-4e6e-9625-4524226514dc	9	789794	789932	2	0.4762
3d502bbe-ed09-4e6e-9625-4524226514dc	9	790037	22266092	13821	-0.1546
3d502bbe-ed09-4e6e-9625-4524226514dc	9	22272138	30238221	4505	-0.2103
3d502bbe-ed09-4e6e-9625-4524226514dc	9	30239208	31476822	656	-0.1287
3d502bbe-ed09-4e6e-9625-4524226514dc	9	31478018	36015833	2670	-0.072
3d502bbe-ed09-4e6e-9625-4524226514dc	9	36018079	68443275	1837	-0.0228
3d502bbe-ed09-4e6e-9625-4524226514dc	9	68443427	69878488	1137	-0.3549
3d502bbe-ed09-4e6e-9625-4524226514dc	9	69880215	71507089	1170	-0.2251
3d502bbe-ed09-4e6e-9625-4524226514dc	9	71507388	78155814	4472	-0.3166
3d502bbe-ed09-4e6e-9625-4524226514dc	9	78162597	83988611	4019	-0.2262
3d502bbe-ed09-4e6e-9625-4524226514dc	9	83988625	102552803	11867	-0.4415
3d502bbe-ed09-4e6e-9625-4524226514dc	9	102552926	106870239	2617	-0.3877
3d502bbe-ed09-4e6e-9625-4524226514dc	9	106871616	111157192	3411	-0.3221
3d502bbe-ed09-4e6e-9625-4524226514dc	9	111157687	112096115	633	-0.6317
3d502bbe-ed09-4e6e-9625-4524226514dc	9	112099523	117157361	3389	0.1356
3d502bbe-ed09-4e6e-9625-4524226514dc	9	117157788	127486606	6780	-0.6694
3d502bbe-ed09-4e6e-9625-4524226514dc	9	127493423	127584516	39	0.1506
3d502bbe-ed09-4e6e-9625-4524226514dc	9	127586735	131622471	2143	-0.6689
3d502bbe-ed09-4e6e-9625-4524226514dc	9	131622526	133538411	1228	-0.108
3d502bbe-ed09-4e6e-9625-4524226514dc	9	133542347	134396014	422	-0.7228
3d502bbe-ed09-4e6e-9625-4524226514dc	9	134399724	134462112	24	0.0782
3d502bbe-ed09-4e6e-9625-4524226514dc	9	134462303	134964107	308	-0.7455
3d502bbe-ed09-4e6e-9625-4524226514dc	9	134964467	138044505	987	0.0981
3d502bbe-ed09-4e6e-9625-4524226514dc	10	366509	547706	59	-0.6818
3d502bbe-ed09-4e6e-9625-4524226514dc	10	599934	1860001	612	0.0845
3d502bbe-ed09-4e6e-9625-4524226514dc	10	1860173	7120706	3888	0.2554
3d502bbe-ed09-4e6e-9625-4524226514dc	10	7121099	7337474	144	0.0911
3d502bbe-ed09-4e6e-9625-4524226514dc	10	7337834	7693913	318	0.2407
3d502bbe-ed09-4e6e-9625-4524226514dc	10	7694941	24200540	11908	0.0493
3d502bbe-ed09-4e6e-9625-4524226514dc	10	24200904	26410935	1466	0.1299
3d502bbe-ed09-4e6e-9625-4524226514dc	10	26410943	27973905	890	0.0204
3d502bbe-ed09-4e6e-9625-4524226514dc	10	27980641	32961538	3483	0.1323
3d502bbe-ed09-4e6e-9625-4524226514dc	10	32963004	33368436	356	0.4569
3d502bbe-ed09-4e6e-9625-4524226514dc	10	33380570	33966448	424	0.2831
3d502bbe-ed09-4e6e-9625-4524226514dc	10	33967875	34260676	225	0.4727
3d502bbe-ed09-4e6e-9625-4524226514dc	10	34265892	35649772	620	0.5785
3d502bbe-ed09-4e6e-9625-4524226514dc	10	35650824	37513604	1218	0.6762
3d502bbe-ed09-4e6e-9625-4524226514dc	10	37517117	38366550	484	0.608
3d502bbe-ed09-4e6e-9625-4524226514dc	10	38367959	38770504	63	0.4407
3d502bbe-ed09-4e6e-9625-4524226514dc	10	38770824	42452522	5	0.0199
3d502bbe-ed09-4e6e-9625-4524226514dc	10	42457632	47159484	2054	-0.2626
3d502bbe-ed09-4e6e-9625-4524226514dc	10	47161980	52287687	2561	-0.6748
3d502bbe-ed09-4e6e-9625-4524226514dc	10	52289599	67729241	9095	0.2033
3d502bbe-ed09-4e6e-9625-4524226514dc	10	67729963	78629460	6705	-0.6776
3d502bbe-ed09-4e6e-9625-4524226514dc	10	78629742	81586798	1583	-0.0519
3d502bbe-ed09-4e6e-9625-4524226514dc	10	81587086	81587534	2	-1.5262
3d502bbe-ed09-4e6e-9625-4524226514dc	10	81589663	82076702	368	-0.0766
3d502bbe-ed09-4e6e-9625-4524226514dc	10	82076787	85169654	2229	-0.1848
3d502bbe-ed09-4e6e-9625-4524226514dc	10	85172404	86209725	774	-0.2628
3d502bbe-ed09-4e6e-9625-4524226514dc	10	86210321	90408618	2548	-0.43
3d502bbe-ed09-4e6e-9625-4524226514dc	10	90408800	91545736	768	-0.1724
3d502bbe-ed09-4e6e-9625-4524226514dc	10	91547994	92320936	363	0.68
3d502bbe-ed09-4e6e-9625-4524226514dc	10	92694399	92705802	6	-0.2991
3d502bbe-ed09-4e6e-9625-4524226514dc	10	92706288	126745130	22136	-0.6804
3d502bbe-ed09-4e6e-9625-4524226514dc	10	126750660	126925782	134	0.0683
3d502bbe-ed09-4e6e-9625-4524226514dc	10	126968674	127378004	329	0.5573
3d502bbe-ed09-4e6e-9625-4524226514dc	10	127379511	130209034	2212	0.072
3d502bbe-ed09-4e6e-9625-4524226514dc	10	130211431	130383003	142	0.8688
3d502bbe-ed09-4e6e-9625-4524226514dc	10	131110205	133411599	699	0.0382
3d502bbe-ed09-4e6e-9625-4524226514dc	11	456012	16864935	10012	-0.7022
3d502bbe-ed09-4e6e-9625-4524226514dc	11	16867850	19167304	1506	0.5771
3d502bbe-ed09-4e6e-9625-4524226514dc	11	19173666	19557715	382	-0.7278
3d502bbe-ed09-4e6e-9625-4524226514dc	11	19557880	19559395	4	-2.6007
3d502bbe-ed09-4e6e-9625-4524226514dc	11	19559569	25769711	4260	-0.6967
3d502bbe-ed09-4e6e-9625-4524226514dc	11	25771761	25781845	10	-1.4731
3d502bbe-ed09-4e6e-9625-4524226514dc	11	25785045	38961982	8097	-0.6706
3d502bbe-ed09-4e6e-9625-4524226514dc	11	38962088	40369645	877	-0.5911
3d502bbe-ed09-4e6e-9625-4524226514dc	11	40379334	43271953	2000	0.6585
3d502bbe-ed09-4e6e-9625-4524226514dc	11	43271974	44378107	733	1.0076
3d502bbe-ed09-4e6e-9625-4524226514dc	11	44380953	49458363	2346	0.6287
3d502bbe-ed09-4e6e-9625-4524226514dc	11	49461794	49934370	203	1.1693
3d502bbe-ed09-4e6e-9625-4524226514dc	11	49937121	50092125	29	0.5917
3d502bbe-ed09-4e6e-9625-4524226514dc	11	50096159	60599712	2479	0.2023
3d502bbe-ed09-4e6e-9625-4524226514dc	11	60600186	72854813	5074	0.155
3d502bbe-ed09-4e6e-9625-4524226514dc	11	72856701	79654979	3928	0.1921
3d502bbe-ed09-4e6e-9625-4524226514dc	11	79657638	79890553	147	-0.5642
3d502bbe-ed09-4e6e-9625-4524226514dc	11	79902560	87808637	4912	0.1868
3d502bbe-ed09-4e6e-9625-4524226514dc	11	87809184	89648409	1109	0.1281
3d502bbe-ed09-4e6e-9625-4524226514dc	11	89650684	117953877	17888	0.1914
3d502bbe-ed09-4e6e-9625-4524226514dc	11	117955137	119215919	837	0.2495
3d502bbe-ed09-4e6e-9625-4524226514dc	11	119217113	126918138	5470	0.3001
3d502bbe-ed09-4e6e-9625-4524226514dc	11	126918691	133818114	4784	0.2598
3d502bbe-ed09-4e6e-9625-4524226514dc	11	133820324	134272740	153	0.2178
3d502bbe-ed09-4e6e-9625-4524226514dc	12	780472	20812331	11534	-0.5226
3d502bbe-ed09-4e6e-9625-4524226514dc	12	20815894	22814418	1241	0.2069
3d502bbe-ed09-4e6e-9625-4524226514dc	12	22818845	31634267	5732	-0.5627
3d502bbe-ed09-4e6e-9625-4524226514dc	12	31636688	40137262	1803	0.1666
3d502bbe-ed09-4e6e-9625-4524226514dc	12	40137498	72500334	18644	0.2323
3d502bbe-ed09-4e6e-9625-4524226514dc	12	72500891	74436122	896	0.1657
3d502bbe-ed09-4e6e-9625-4524226514dc	12	74436356	78521118	2806	0.239
3d502bbe-ed09-4e6e-9625-4524226514dc	12	78524839	80446147	1070	0.1728
3d502bbe-ed09-4e6e-9625-4524226514dc	12	80446276	80456533	2	-2.6948
3d502bbe-ed09-4e6e-9625-4524226514dc	12	80458189	82872492	1456	0.2038
3d502bbe-ed09-4e6e-9625-4524226514dc	12	82872535	90711688	4341	0.2535
3d502bbe-ed09-4e6e-9625-4524226514dc	12	90712568	124413392	20683	0.2252
3d502bbe-ed09-4e6e-9625-4524226514dc	12	124418151	124873750	312	0.7358
3d502bbe-ed09-4e6e-9625-4524226514dc	12	124877587	126410962	1183	0.2397
3d502bbe-ed09-4e6e-9625-4524226514dc	12	126412399	130967494	1733	0.1589
3d502bbe-ed09-4e6e-9625-4524226514dc	12	130969842	132577956	646	0.2129
3d502bbe-ed09-4e6e-9625-4524226514dc	12	132578752	132605822	3	-0.2041
3d502bbe-ed09-4e6e-9625-4524226514dc	13	18874255	19952621	368	0.4231
3d502bbe-ed09-4e6e-9625-4524226514dc	13	19953271	20019778	27	1.0173
3d502bbe-ed09-4e6e-9625-4524226514dc	13	20024235	28387515	5005	-0.1312
3d502bbe-ed09-4e6e-9625-4524226514dc	13	28391455	53054607	15209	-0.0782
3d502bbe-ed09-4e6e-9625-4524226514dc	13	53054660	56917895	1829	-0.1284
3d502bbe-ed09-4e6e-9625-4524226514dc	13	56922061	63681260	3495	-0.0839
3d502bbe-ed09-4e6e-9625-4524226514dc	13	64372411	66875189	1245	0.9679
3d502bbe-ed09-4e6e-9625-4524226514dc	13	66876287	67161996	225	0.8076
3d502bbe-ed09-4e6e-9625-4524226514dc	13	67167902	114226675	29342	-0.0787
3d502bbe-ed09-4e6e-9625-4524226514dc	14	20033191	24118430	1565	-0.5382
3d502bbe-ed09-4e6e-9625-4524226514dc	14	24120609	24365909	116	0.6393
3d502bbe-ed09-4e6e-9625-4524226514dc	14	24366267	25103328	496	0.729
3d502bbe-ed09-4e6e-9625-4524226514dc	14	25103783	26294421	796	0.6321
3d502bbe-ed09-4e6e-9625-4524226514dc	14	26300516	26300708	4	-0.2213
3d502bbe-ed09-4e6e-9625-4524226514dc	14	26300729	28835071	1309	0.6513
3d502bbe-ed09-4e6e-9625-4524226514dc	14	28838500	29939549	598	-0.6411
3d502bbe-ed09-4e6e-9625-4524226514dc	14	29940313	30707909	423	0.6535
3d502bbe-ed09-4e6e-9625-4524226514dc	14	30708320	30810476	69	1.0127
3d502bbe-ed09-4e6e-9625-4524226514dc	14	30811759	38462128	4784	0.7424
3d502bbe-ed09-4e6e-9625-4524226514dc	14	38462135	38465548	15	0.251
3d502bbe-ed09-4e6e-9625-4524226514dc	14	38465567	39441977	489	0.7313
3d502bbe-ed09-4e6e-9625-4524226514dc	14	39442448	39550068	56	1.2537
3d502bbe-ed09-4e6e-9625-4524226514dc	14	39556529	39622756	40	0.7348
3d502bbe-ed09-4e6e-9625-4524226514dc	14	39626653	39683442	41	1.2521
3d502bbe-ed09-4e6e-9625-4524226514dc	14	39687279	40138945	121	0.6639
3d502bbe-ed09-4e6e-9625-4524226514dc	14	40150267	40191394	33	1.2257
3d502bbe-ed09-4e6e-9625-4524226514dc	14	40196887	41411524	674	0.6223
3d502bbe-ed09-4e6e-9625-4524226514dc	14	41411715	42496576	621	0.9752
3d502bbe-ed09-4e6e-9625-4524226514dc	14	42496594	42697059	42	0.5705
3d502bbe-ed09-4e6e-9625-4524226514dc	14	42703489	42731161	23	0.1476
3d502bbe-ed09-4e6e-9625-4524226514dc	14	42731691	44350506	499	0.6365
3d502bbe-ed09-4e6e-9625-4524226514dc	14	44465304	45113761	223	-0.6188
3d502bbe-ed09-4e6e-9625-4524226514dc	14	45118278	49848221	2270	-0.5228
3d502bbe-ed09-4e6e-9625-4524226514dc	14	49849414	51341685	887	-0.6668
3d502bbe-ed09-4e6e-9625-4524226514dc	14	51346075	52350519	846	0.648
3d502bbe-ed09-4e6e-9625-4524226514dc	14	52351332	52543435	106	1.6155
3d502bbe-ed09-4e6e-9625-4524226514dc	14	52545271	53655187	643	0.675
3d502bbe-ed09-4e6e-9625-4524226514dc	14	53655927	53683527	24	1.2415
3d502bbe-ed09-4e6e-9625-4524226514dc	14	53683822	53787521	86	0.5686
3d502bbe-ed09-4e6e-9625-4524226514dc	14	53789163	54853603	749	-0.5014
3d502bbe-ed09-4e6e-9625-4524226514dc	14	54856133	55386649	256	0.6558
3d502bbe-ed09-4e6e-9625-4524226514dc	14	55388289	55910666	304	-0.3878
3d502bbe-ed09-4e6e-9625-4524226514dc	14	55911622	74836587	11467	-0.6451
3d502bbe-ed09-4e6e-9625-4524226514dc	14	74842055	74917689	37	0.7193
3d502bbe-ed09-4e6e-9625-4524226514dc	14	74924209	100681128	16789	0.1484
3d502bbe-ed09-4e6e-9625-4524226514dc	14	100682755	100830196	94	0.6747
3d502bbe-ed09-4e6e-9625-4524226514dc	14	100833201	104766294	1743	0.1347
3d502bbe-ed09-4e6e-9625-4524226514dc	14	104771343	104907726	35	0.6474
3d502bbe-ed09-4e6e-9625-4524226514dc	14	104911026	104923545	7	0.1512
3d502bbe-ed09-4e6e-9625-4524226514dc	14	104930356	105533894	179	-0.7379
3d502bbe-ed09-4e6e-9625-4524226514dc	15	23437561	24966663	688	0.1151
3d502bbe-ed09-4e6e-9625-4524226514dc	15	24974048	30863318	2042	0.018
3d502bbe-ed09-4e6e-9625-4524226514dc	15	30865395	31664417	548	0.0858
3d502bbe-ed09-4e6e-9625-4524226514dc	15	31664862	47034450	8435	-0.3971
3d502bbe-ed09-4e6e-9625-4524226514dc	15	47037228	47605272	392	-0.6989
3d502bbe-ed09-4e6e-9625-4524226514dc	15	47606291	62843779	10104	-0.4012
3d502bbe-ed09-4e6e-9625-4524226514dc	15	62846734	62898025	39	0.2222
3d502bbe-ed09-4e6e-9625-4524226514dc	15	62899403	80015343	9671	-0.4019
3d502bbe-ed09-4e6e-9625-4524226514dc	15	80015837	80838600	602	0.2752
3d502bbe-ed09-4e6e-9625-4524226514dc	15	80841134	80961228	81	0.7317
3d502bbe-ed09-4e6e-9625-4524226514dc	15	80961719	96373364	9103	0.3004
3d502bbe-ed09-4e6e-9625-4524226514dc	15	96374570	101344124	2880	0.6887
3d502bbe-ed09-4e6e-9625-4524226514dc	16	603333	2699084	525	-0.6221
3d502bbe-ed09-4e6e-9625-4524226514dc	16	2699529	2700191	2	-2.9094
3d502bbe-ed09-4e6e-9625-4524226514dc	16	2703179	3723624	411	-0.6127
3d502bbe-ed09-4e6e-9625-4524226514dc	16	3723952	9965134	3826	-0.7017
3d502bbe-ed09-4e6e-9625-4524226514dc	16	9965287	13652241	2783	-0.5869
3d502bbe-ed09-4e6e-9625-4524226514dc	16	13653681	21340717	2050	-0.4173
3d502bbe-ed09-4e6e-9625-4524226514dc	16	21348993	25591066	1740	-0.7181
3d502bbe-ed09-4e6e-9625-4524226514dc	16	25591829	25852235	212	-0.1276
3d502bbe-ed09-4e6e-9625-4524226514dc	16	25854469	26416995	456	-0.6713
3d502bbe-ed09-4e6e-9625-4524226514dc	16	26421162	60999665	11407	-0.032
3d502bbe-ed09-4e6e-9625-4524226514dc	16	61000122	63222765	1370	0.1168
3d502bbe-ed09-4e6e-9625-4524226514dc	16	63227578	76205342	6979	0.1598
3d502bbe-ed09-4e6e-9625-4524226514dc	16	76206082	89317317	9300	0.1275
3d502bbe-ed09-4e6e-9625-4524226514dc	17	1074619	12671909	6381	-0.6194
3d502bbe-ed09-4e6e-9625-4524226514dc	17	12673394	12676693	3	-3.3175
3d502bbe-ed09-4e6e-9625-4524226514dc	17	12676833	13930316	889	-0.6029
3d502bbe-ed09-4e6e-9625-4524226514dc	17	13930411	13932052	2	-3.0856
3d502bbe-ed09-4e6e-9625-4524226514dc	17	13932719	13946305	23	-0.495
3d502bbe-ed09-4e6e-9625-4524226514dc	17	13947573	13948734	2	-5.4644
3d502bbe-ed09-4e6e-9625-4524226514dc	17	13948947	17613818	1076	-0.6003
3d502bbe-ed09-4e6e-9625-4524226514dc	17	17616053	21774057	1300	1.6049
3d502bbe-ed09-4e6e-9625-4524226514dc	17	26943491	29557679	1190	-0.6432
3d502bbe-ed09-4e6e-9625-4524226514dc	17	29564846	29579818	5	-0.1696
3d502bbe-ed09-4e6e-9625-4524226514dc	17	29580596	31297157	645	0.1391
3d502bbe-ed09-4e6e-9625-4524226514dc	17	31297885	37497091	2941	0.0619
3d502bbe-ed09-4e6e-9625-4524226514dc	17	37506490	42125294	2031	-0.665
3d502bbe-ed09-4e6e-9625-4524226514dc	17	42129399	46740644	1471	0.1826
3d502bbe-ed09-4e6e-9625-4524226514dc	17	46741267	54888593	4300	0.2518
3d502bbe-ed09-4e6e-9625-4524226514dc	17	54889042	61874807	4183	0.1979
3d502bbe-ed09-4e6e-9625-4524226514dc	17	61882025	63845125	842	-0.6568
3d502bbe-ed09-4e6e-9625-4524226514dc	17	63847912	64254426	232	0.2189
3d502bbe-ed09-4e6e-9625-4524226514dc	17	64257617	64258410	2	-1.305
3d502bbe-ed09-4e6e-9625-4524226514dc	17	64259832	68327798	2192	0.2028
3d502bbe-ed09-4e6e-9625-4524226514dc	17	68328623	68328624	2	-1.8773
3d502bbe-ed09-4e6e-9625-4524226514dc	17	68330444	69265160	639	0.218
3d502bbe-ed09-4e6e-9625-4524226514dc	17	69266411	70573218	853	-0.6587
3d502bbe-ed09-4e6e-9625-4524226514dc	17	70576549	70577737	2	-2.5275
3d502bbe-ed09-4e6e-9625-4524226514dc	17	70579791	72743441	1717	-0.6546
3d502bbe-ed09-4e6e-9625-4524226514dc	17	72747044	80045981	3140	0.1789
3d502bbe-ed09-4e6e-9625-4524226514dc	17	80048446	82959812	1063	-0.7094
3d502bbe-ed09-4e6e-9625-4524226514dc	18	326691	2238442	639	-0.3757
3d502bbe-ed09-4e6e-9625-4524226514dc	18	2238462	6737788	2480	0.0563
3d502bbe-ed09-4e6e-9625-4524226514dc	18	6740268	7530961	627	-0.0538
3d502bbe-ed09-4e6e-9625-4524226514dc	18	7531390	8759434	911	-0.1131
3d502bbe-ed09-4e6e-9625-4524226514dc	18	8759620	10341254	1167	-0.0428
3d502bbe-ed09-4e6e-9625-4524226514dc	18	10341256	14569399	2378	-0.1355
3d502bbe-ed09-4e6e-9625-4524226514dc	18	14569900	75802977	32189	-0.5503
3d502bbe-ed09-4e6e-9625-4524226514dc	18	75803172	75803404	3	-2.9224
3d502bbe-ed09-4e6e-9625-4524226514dc	18	75805674	79349796	2286	-0.5705
3d502bbe-ed09-4e6e-9625-4524226514dc	19	283868	12232841	4301	0.0405
3d502bbe-ed09-4e6e-9625-4524226514dc	19	12241691	12253499	5	-0.8686
3d502bbe-ed09-4e6e-9625-4524226514dc	19	12255179	15279452	1398	0.0505
3d502bbe-ed09-4e6e-9625-4524226514dc	19	15282433	15297803	13	-0.7363
3d502bbe-ed09-4e6e-9625-4524226514dc	19	15298756	27752285	3335	0.0306
3d502bbe-ed09-4e6e-9625-4524226514dc	19	27757509	29058003	1005	0.4997
3d502bbe-ed09-4e6e-9625-4524226514dc	19	29060322	29266961	164	0.8893
3d502bbe-ed09-4e6e-9625-4524226514dc	19	29267017	29267558	4	0.1591
3d502bbe-ed09-4e6e-9625-4524226514dc	19	29267694	29543305	245	0.9175
3d502bbe-ed09-4e6e-9625-4524226514dc	19	29545117	29576154	25	1.2907
3d502bbe-ed09-4e6e-9625-4524226514dc	19	29576905	30793899	833	1.402
3d502bbe-ed09-4e6e-9625-4524226514dc	19	30797211	30797633	2	-0.7793
3d502bbe-ed09-4e6e-9625-4524226514dc	19	30799692	30852686	52	1.2801
3d502bbe-ed09-4e6e-9625-4524226514dc	19	30854552	31081484	159	1.7495
3d502bbe-ed09-4e6e-9625-4524226514dc	19	31082015	31084825	4	1.0299
3d502bbe-ed09-4e6e-9625-4524226514dc	19	31085371	31114622	20	1.6089
3d502bbe-ed09-4e6e-9625-4524226514dc	19	31116580	31120968	5	0.9013
3d502bbe-ed09-4e6e-9625-4524226514dc	19	31121383	31201555	59	1.5945
3d502bbe-ed09-4e6e-9625-4524226514dc	19	31202771	31995440	570	1.3218
3d502bbe-ed09-4e6e-9625-4524226514dc	19	31997321	33316690	803	1.8353
3d502bbe-ed09-4e6e-9625-4524226514dc	19	33323542	34726616	925	1.4784
3d502bbe-ed09-4e6e-9625-4524226514dc	19	34730021	40668445	2914	1.1613
3d502bbe-ed09-4e6e-9625-4524226514dc	19	40668988	41078353	173	0.5189
3d502bbe-ed09-4e6e-9625-4524226514dc	19	41078443	48679378	3177	-0.0163
3d502bbe-ed09-4e6e-9625-4524226514dc	19	48710920	58370362	3918	-0.0988
3d502bbe-ed09-4e6e-9625-4524226514dc	20	472817	1524346	613	0.0281
3d502bbe-ed09-4e6e-9625-4524226514dc	20	1524424	20602770	12992	0.07
3d502bbe-ed09-4e6e-9625-4524226514dc	20	20607296	25125522	2885	0.0011
3d502bbe-ed09-4e6e-9625-4524226514dc	20	25126652	25856889	309	-0.7193
3d502bbe-ed09-4e6e-9625-4524226514dc	20	25858863	25862249	3	-1.9155
3d502bbe-ed09-4e6e-9625-4524226514dc	20	25863937	26217295	114	-0.6608
3d502bbe-ed09-4e6e-9625-4524226514dc	20	31247668	33108225	936	0.0682
3d502bbe-ed09-4e6e-9625-4524226514dc	20	33113527	36807325	1651	0.61
3d502bbe-ed09-4e6e-9625-4524226514dc	20	36808511	37072159	155	0.8425
3d502bbe-ed09-4e6e-9625-4524226514dc	20	37072242	37094427	74	0.5863
3d502bbe-ed09-4e6e-9625-4524226514dc	20	37097999	38279596	696	0.9294
3d502bbe-ed09-4e6e-9625-4524226514dc	20	38282965	38513160	181	0.6111
3d502bbe-ed09-4e6e-9625-4524226514dc	20	38515681	38799290	165	0.1257
3d502bbe-ed09-4e6e-9625-4524226514dc	20	38801387	39765389	677	0.5965
3d502bbe-ed09-4e6e-9625-4524226514dc	20	39766854	41750152	1256	0.0589
3d502bbe-ed09-4e6e-9625-4524226514dc	20	41752604	41795950	34	0.5801
3d502bbe-ed09-4e6e-9625-4524226514dc	20	41796143	46222194	2913	0.0389
3d502bbe-ed09-4e6e-9625-4524226514dc	20	46224199	51244897	3318	0.616
3d502bbe-ed09-4e6e-9625-4524226514dc	20	51245072	53117962	1286	1.2393
3d502bbe-ed09-4e6e-9625-4524226514dc	20	53121481	53121947	3	-0.9019
3d502bbe-ed09-4e6e-9625-4524226514dc	20	53122534	57038156	2888	1.1825
3d502bbe-ed09-4e6e-9625-4524226514dc	20	57038942	60161551	2332	0.87
3d502bbe-ed09-4e6e-9625-4524226514dc	20	60167379	63232289	1914	1.1045
3d502bbe-ed09-4e6e-9625-4524226514dc	20	63252544	63588502	87	0.8037
3d502bbe-ed09-4e6e-9625-4524226514dc	21	13974127	15004466	649	-0.9434
3d502bbe-ed09-4e6e-9625-4524226514dc	21	15005329	15052546	38	-2.8643
3d502bbe-ed09-4e6e-9625-4524226514dc	21	15052813	18401768	2014	-0.8816
3d502bbe-ed09-4e6e-9625-4524226514dc	21	18403435	21674813	2220	-0.2776
3d502bbe-ed09-4e6e-9625-4524226514dc	21	21675497	21951350	236	0.5689
3d502bbe-ed09-4e6e-9625-4524226514dc	21	21954419	23910813	775	-0.2295
3d502bbe-ed09-4e6e-9625-4524226514dc	21	23910875	25069196	886	-0.3421
3d502bbe-ed09-4e6e-9625-4524226514dc	21	25069312	28261479	2298	-0.2735
3d502bbe-ed09-4e6e-9625-4524226514dc	21	28391797	29140593	556	0.2916
3d502bbe-ed09-4e6e-9625-4524226514dc	21	29144078	29204649	55	-0.396
3d502bbe-ed09-4e6e-9625-4524226514dc	21	29208686	30343654	814	0.2776
3d502bbe-ed09-4e6e-9625-4524226514dc	21	30346050	31429296	597	0.8367
3d502bbe-ed09-4e6e-9625-4524226514dc	21	31430899	31443087	18	1.2744
3d502bbe-ed09-4e6e-9625-4524226514dc	21	31444183	31489974	41	-0.1429
3d502bbe-ed09-4e6e-9625-4524226514dc	21	31494533	31534679	21	-0.5386
3d502bbe-ed09-4e6e-9625-4524226514dc	21	31535487	34322391	1794	-0.066
3d502bbe-ed09-4e6e-9625-4524226514dc	21	34322630	34535115	27	0.529
3d502bbe-ed09-4e6e-9625-4524226514dc	21	34537983	34709150	135	0.8813
3d502bbe-ed09-4e6e-9625-4524226514dc	21	34709328	34775103	45	1.1916
3d502bbe-ed09-4e6e-9625-4524226514dc	21	34775211	35525615	594	0.8791
3d502bbe-ed09-4e6e-9625-4524226514dc	21	35532044	36039654	407	1.2443
3d502bbe-ed09-4e6e-9625-4524226514dc	21	36045178	36460323	144	0.6683
3d502bbe-ed09-4e6e-9625-4524226514dc	21	36462046	37122013	418	1.2715
3d502bbe-ed09-4e6e-9625-4524226514dc	21	37122618	37348393	113	0.9909
3d502bbe-ed09-4e6e-9625-4524226514dc	21	37350295	37747290	284	1.3402
3d502bbe-ed09-4e6e-9625-4524226514dc	21	37747828	38090229	304	1.117
3d502bbe-ed09-4e6e-9625-4524226514dc	21	38090303	38225635	71	1.3521
3d502bbe-ed09-4e6e-9625-4524226514dc	21	38226971	38274945	37	1.6044
3d502bbe-ed09-4e6e-9625-4524226514dc	21	38278225	38392643	83	1.2529
3d502bbe-ed09-4e6e-9625-4524226514dc	21	38396352	38810253	408	1.0534
3d502bbe-ed09-4e6e-9625-4524226514dc	21	38815826	38815837	4	-0.0671
3d502bbe-ed09-4e6e-9625-4524226514dc	21	38818597	38899906	94	1.0721
3d502bbe-ed09-4e6e-9625-4524226514dc	21	38908216	38967236	60	0.5897
3d502bbe-ed09-4e6e-9625-4524226514dc	21	38969956	39116433	148	1.1149
3d502bbe-ed09-4e6e-9625-4524226514dc	21	39116560	39725091	308	1.3253
3d502bbe-ed09-4e6e-9625-4524226514dc	21	39725511	40679032	892	1.087
3d502bbe-ed09-4e6e-9625-4524226514dc	21	40679226	40732850	51	0.5935
3d502bbe-ed09-4e6e-9625-4524226514dc	21	40733028	41816240	895	0.4289
3d502bbe-ed09-4e6e-9625-4524226514dc	21	41818339	42683839	659	0.6725
3d502bbe-ed09-4e6e-9625-4524226514dc	21	42688133	42948162	156	0.9952
3d502bbe-ed09-4e6e-9625-4524226514dc	21	42957388	43004392	24	0.6377
3d502bbe-ed09-4e6e-9625-4524226514dc	21	43008237	45205896	797	1.0642
3d502bbe-ed09-4e6e-9625-4524226514dc	21	45206127	46262057	337	0.815
3d502bbe-ed09-4e6e-9625-4524226514dc	22	16934932	18131162	770	-0.003
3d502bbe-ed09-4e6e-9625-4524226514dc	22	21741482	23474201	96	1.28
3d502bbe-ed09-4e6e-9625-4524226514dc	22	23474241	28067206	3138	0.6192
3d502bbe-ed09-4e6e-9625-4524226514dc	22	28072037	28673885	298	0.9944
3d502bbe-ed09-4e6e-9625-4524226514dc	22	28680160	31976504	1815	-0.6911
3d502bbe-ed09-4e6e-9625-4524226514dc	22	31982748	33658567	1344	0.9578
3d502bbe-ed09-4e6e-9625-4524226514dc	22	33662450	33698202	44	-0.7778
3d502bbe-ed09-4e6e-9625-4524226514dc	22	33701779	33744968	44	0.9558
3d502bbe-ed09-4e6e-9625-4524226514dc	22	33745152	34142044	381	-0.7581
3d502bbe-ed09-4e6e-9625-4524226514dc	22	34143555	46349736	7052	-0.6986
3d502bbe-ed09-4e6e-9625-4524226514dc	22	46352413	48445115	1657	-0.7766
3d502bbe-ed09-4e6e-9625-4524226514dc	22	48445245	48445293	2	-4.0513
3d502bbe-ed09-4e6e-9625-4524226514dc	22	48446524	48940621	337	-0.8186
3d502bbe-ed09-4e6e-9625-4524226514dc	X	3236359	3552695	226	1.008
3d502bbe-ed09-4e6e-9625-4524226514dc	X	3562319	6012947	166	0.555
3d502bbe-ed09-4e6e-9625-4524226514dc	X	6013536	6015216	3	-0.7128
3d502bbe-ed09-4e6e-9625-4524226514dc	X	6016724	29999422	11573	0.5433
3d502bbe-ed09-4e6e-9625-4524226514dc	X	30004960	30087423	40	-0.2237
3d502bbe-ed09-4e6e-9625-4524226514dc	X	30087728	30089163	3	0.4916
3d502bbe-ed09-4e6e-9625-4524226514dc	X	30089434	30153744	47	-0.2665
3d502bbe-ed09-4e6e-9625-4524226514dc	X	30156938	32071385	1069	0.5137
3d502bbe-ed09-4e6e-9625-4524226514dc	X	32077279	32163337	63	-0.3125
3d502bbe-ed09-4e6e-9625-4524226514dc	X	32163524	51257124	8145	0.523
3d502bbe-ed09-4e6e-9625-4524226514dc	X	51257864	51259368	3	-0.7912
3d502bbe-ed09-4e6e-9625-4524226514dc	X	51269622	57555540	2171	0.514
3d502bbe-ed09-4e6e-9625-4524226514dc	X	57559385	57874856	126	-0.2987
3d502bbe-ed09-4e6e-9625-4524226514dc	X	57876938	58291553	100	0.3913
3d502bbe-ed09-4e6e-9625-4524226514dc	X	58291715	63118456	31	-0.3909
3d502bbe-ed09-4e6e-9625-4524226514dc	X	63123921	63681167	130	-1.5497
3d502bbe-ed09-4e6e-9625-4524226514dc	X	63688570	63813631	49	-0.4398
3d502bbe-ed09-4e6e-9625-4524226514dc	X	63815912	67783742	1500	-0.3508
3d502bbe-ed09-4e6e-9625-4524226514dc	X	67784040	71901066	1734	-0.2712
3d502bbe-ed09-4e6e-9625-4524226514dc	X	71903357	71905560	3	-1.7949
3d502bbe-ed09-4e6e-9625-4524226514dc	X	71918456	74069741	798	-0.2591
3d502bbe-ed09-4e6e-9625-4524226514dc	X	74071279	79189856	1467	-0.3295
3d502bbe-ed09-4e6e-9625-4524226514dc	X	79190622	79195732	6	-2.0198
3d502bbe-ed09-4e6e-9625-4524226514dc	X	79200945	91616488	5210	-0.3458
3d502bbe-ed09-4e6e-9625-4524226514dc	X	91617157	118308428	11648	-0.4595
3d502bbe-ed09-4e6e-9625-4524226514dc	X	118308477	118308932	2	-3.033
3d502bbe-ed09-4e6e-9625-4524226514dc	X	118308961	127268334	4515	-0.4679
3d502bbe-ed09-4e6e-9625-4524226514dc	X	127333059	127345795	8	-3.3766
3d502bbe-ed09-4e6e-9625-4524226514dc	X	127348118	128110796	275	-0.5026
3d502bbe-ed09-4e6e-9625-4524226514dc	X	128110881	128153931	19	-1.803
3d502bbe-ed09-4e6e-9625-4524226514dc	X	128153965	138763714	4656	-0.4912
3d502bbe-ed09-4e6e-9625-4524226514dc	X	138764775	146397922	3534	-0.5522
3d502bbe-ed09-4e6e-9625-4524226514dc	X	146400253	146435648	39	1.4135
3d502bbe-ed09-4e6e-9625-4524226514dc	X	146438848	146955570	291	1.0036
3d502bbe-ed09-4e6e-9625-4524226514dc	X	146955625	147148619	123	0.6402
3d502bbe-ed09-4e6e-9625-4524226514dc	X	147150835	148267720	727	0.9973
3d502bbe-ed09-4e6e-9625-4524226514dc	X	148269762	149943430	668	0.6851
3d502bbe-ed09-4e6e-9625-4524226514dc	X	149951547	150656662	439	0.9873
3d502bbe-ed09-4e6e-9625-4524226514dc	X	150658030	151507911	520	0.6543
3d502bbe-ed09-4e6e-9625-4524226514dc	X	151527605	152112107	375	1.0191
3d502bbe-ed09-4e6e-9625-4524226514dc	X	152114185	152674889	222	0.2534
3d502bbe-ed09-4e6e-9625-4524226514dc	X	153434224	153750615	133	1.2331
3d502bbe-ed09-4e6e-9625-4524226514dc	X	153751437	154006505	106	1.4647
3d502bbe-ed09-4e6e-9625-4524226514dc	X	154006788	154046529	17	1.227
3d502bbe-ed09-4e6e-9625-4524226514dc	X	154049377	154554965	116	0.9949
3d502bbe-ed09-4e6e-9625-4524226514dc	X	155651443	155677414	16	0.2717
