GDC_Aliquot	Chromosome	Start	End	Num_Probes	Segment_Mean
387fc536-d68b-4130-a53b-dcfa7329356a	1	3301765	109796542	61554	-0.4472
387fc536-d68b-4130-a53b-dcfa7329356a	1	109796662	116721539	4553	0.0353
387fc536-d68b-4130-a53b-dcfa7329356a	1	116724057	149913375	1968	-0.4481
387fc536-d68b-4130-a53b-dcfa7329356a	1	149914031	194886270	27861	0.049
387fc536-d68b-4130-a53b-dcfa7329356a	1	194890653	194900332	9	-0.9073
387fc536-d68b-4130-a53b-dcfa7329356a	1	194908758	247650984	33699	0.0494
387fc536-d68b-4130-a53b-dcfa7329356a	2	480597	12837788	8016	0.3501
387fc536-d68b-4130-a53b-dcfa7329356a	2	12838772	22802457	6496	0.3701
387fc536-d68b-4130-a53b-dcfa7329356a	2	22802582	76795648	30589	0.3414
387fc536-d68b-4130-a53b-dcfa7329356a	2	76804049	76816955	10	-0.2696
387fc536-d68b-4130-a53b-dcfa7329356a	2	76819198	77423583	335	0.3348
387fc536-d68b-4130-a53b-dcfa7329356a	2	77423686	77427374	3	-1.2465
387fc536-d68b-4130-a53b-dcfa7329356a	2	77427742	136971209	26533	0.3506
387fc536-d68b-4130-a53b-dcfa7329356a	2	136971444	137010093	20	-0.2814
387fc536-d68b-4130-a53b-dcfa7329356a	2	137012952	203236134	36713	0.3513
387fc536-d68b-4130-a53b-dcfa7329356a	2	203245979	203246413	2	-1.7251
387fc536-d68b-4130-a53b-dcfa7329356a	2	203246497	209128361	3665	0.3386
387fc536-d68b-4130-a53b-dcfa7329356a	2	209134632	209161564	27	-0.323
387fc536-d68b-4130-a53b-dcfa7329356a	2	209161747	241537572	19714	0.3346
387fc536-d68b-4130-a53b-dcfa7329356a	3	2170634	12888427	6466	-0.4534
387fc536-d68b-4130-a53b-dcfa7329356a	3	12888993	24185179	6337	0.0453
387fc536-d68b-4130-a53b-dcfa7329356a	3	24187084	56250277	18767	-0.449
387fc536-d68b-4130-a53b-dcfa7329356a	3	56251679	56252018	2	-2.3711
387fc536-d68b-4130-a53b-dcfa7329356a	3	56253163	69263373	8086	-0.4475
387fc536-d68b-4130-a53b-dcfa7329356a	3	69267231	76534477	4556	0.0632
387fc536-d68b-4130-a53b-dcfa7329356a	3	76537820	177300682	51975	-0.4507
387fc536-d68b-4130-a53b-dcfa7329356a	3	177302301	177363731	22	0.4102
387fc536-d68b-4130-a53b-dcfa7329356a	3	177367935	184677822	3611	-0.4558
387fc536-d68b-4130-a53b-dcfa7329356a	3	184680152	187499486	1835	0.0312
387fc536-d68b-4130-a53b-dcfa7329356a	3	187500168	187500711	4	-0.9915
387fc536-d68b-4130-a53b-dcfa7329356a	3	187500875	197812401	5418	0.0397
387fc536-d68b-4130-a53b-dcfa7329356a	4	1059384	4760491	1559	-0.4732
387fc536-d68b-4130-a53b-dcfa7329356a	4	4763498	34568772	19234	-0.4395
387fc536-d68b-4130-a53b-dcfa7329356a	4	34573104	48067890	7541	-0.4693
387fc536-d68b-4130-a53b-dcfa7329356a	4	51832470	55835937	2672	0.3825
387fc536-d68b-4130-a53b-dcfa7329356a	4	55836133	134290051	43100	-0.4502
387fc536-d68b-4130-a53b-dcfa7329356a	4	134290872	138211730	2159	0.0779
387fc536-d68b-4130-a53b-dcfa7329356a	4	138226508	138226578	2	-1.5088
387fc536-d68b-4130-a53b-dcfa7329356a	4	138227032	156788012	10745	0.0522
387fc536-d68b-4130-a53b-dcfa7329356a	4	156790445	156791072	2	-2.0267
387fc536-d68b-4130-a53b-dcfa7329356a	4	156791325	166375557	5328	0.0617
387fc536-d68b-4130-a53b-dcfa7329356a	4	166393881	187842528	11051	-0.4494
387fc536-d68b-4130-a53b-dcfa7329356a	5	913983	180934240	101029	0.3896
387fc536-d68b-4130-a53b-dcfa7329356a	6	1011760	2620722	1213	0.0427
387fc536-d68b-4130-a53b-dcfa7329356a	6	2623819	37823749	20871	0.0225
387fc536-d68b-4130-a53b-dcfa7329356a	6	37824120	170596889	75014	0.0407
387fc536-d68b-4130-a53b-dcfa7329356a	7	664936	158592540	81873	0.3867
387fc536-d68b-4130-a53b-dcfa7329356a	8	667625	104730724	58302	0.3859
387fc536-d68b-4130-a53b-dcfa7329356a	8	104735867	116099477	5897	0.4205
387fc536-d68b-4130-a53b-dcfa7329356a	8	116100141	144182542	17969	0.3959
387fc536-d68b-4130-a53b-dcfa7329356a	9	789794	2243374	869	-1.3694
387fc536-d68b-4130-a53b-dcfa7329356a	9	2243814	2477649	212	0.027
387fc536-d68b-4130-a53b-dcfa7329356a	9	2477857	2481683	6	-1.7395
387fc536-d68b-4130-a53b-dcfa7329356a	9	2483527	11236474	5229	0.0314
387fc536-d68b-4130-a53b-dcfa7329356a	9	11237164	11245830	7	-1.3844
387fc536-d68b-4130-a53b-dcfa7329356a	9	11246946	20110135	6004	0.0318
387fc536-d68b-4130-a53b-dcfa7329356a	9	20110167	20264866	123	-0.4855
387fc536-d68b-4130-a53b-dcfa7329356a	9	20265906	21427675	869	0.0091
387fc536-d68b-4130-a53b-dcfa7329356a	9	21432492	21721940	172	-0.4608
387fc536-d68b-4130-a53b-dcfa7329356a	9	21727209	21787263	61	-1.2953
387fc536-d68b-4130-a53b-dcfa7329356a	9	21787849	21944288	77	0.037
387fc536-d68b-4130-a53b-dcfa7329356a	9	21947958	21952149	6	-0.6845
387fc536-d68b-4130-a53b-dcfa7329356a	9	21956079	22118103	126	-3.4508
387fc536-d68b-4130-a53b-dcfa7329356a	9	22118750	23483406	841	-1.2406
387fc536-d68b-4130-a53b-dcfa7329356a	9	23485160	23485953	3	-5.1728
387fc536-d68b-4130-a53b-dcfa7329356a	9	23486117	23872552	328	-1.3
387fc536-d68b-4130-a53b-dcfa7329356a	9	23874049	23881169	7	-0.5388
387fc536-d68b-4130-a53b-dcfa7329356a	9	23896058	23954351	24	0.106
387fc536-d68b-4130-a53b-dcfa7329356a	9	23970393	23984547	15	-1.3275
387fc536-d68b-4130-a53b-dcfa7329356a	9	23988397	24224755	150	-0.0043
387fc536-d68b-4130-a53b-dcfa7329356a	9	24231227	24278839	34	-1.1953
387fc536-d68b-4130-a53b-dcfa7329356a	9	24279361	24318435	22	-0.0395
387fc536-d68b-4130-a53b-dcfa7329356a	9	24319610	24324585	8	-1.1965
387fc536-d68b-4130-a53b-dcfa7329356a	9	24326492	25623556	733	0.0641
387fc536-d68b-4130-a53b-dcfa7329356a	9	25623740	28586158	1811	-0.4432
387fc536-d68b-4130-a53b-dcfa7329356a	9	28981483	30001540	498	0.0388
387fc536-d68b-4130-a53b-dcfa7329356a	9	30008345	30801797	346	-0.4026
387fc536-d68b-4130-a53b-dcfa7329356a	9	30804874	30825692	18	-1.4875
387fc536-d68b-4130-a53b-dcfa7329356a	9	30828941	30897634	45	0.1351
387fc536-d68b-4130-a53b-dcfa7329356a	9	30898975	30930785	25	-1.2575
387fc536-d68b-4130-a53b-dcfa7329356a	9	30931847	31287566	262	0.0411
387fc536-d68b-4130-a53b-dcfa7329356a	9	31289986	31293894	5	-1.2896
387fc536-d68b-4130-a53b-dcfa7329356a	9	31301937	31307080	6	0.1224
387fc536-d68b-4130-a53b-dcfa7329356a	9	31310033	31329528	8	-1.1443
387fc536-d68b-4130-a53b-dcfa7329356a	9	31335890	38752071	4605	0.0029
387fc536-d68b-4130-a53b-dcfa7329356a	9	68423153	71031775	1976	-0.4569
387fc536-d68b-4130-a53b-dcfa7329356a	9	71036045	71036139	2	-2.6047
387fc536-d68b-4130-a53b-dcfa7329356a	9	71036621	119412525	32511	-0.4496
387fc536-d68b-4130-a53b-dcfa7329356a	9	119413308	119413322	2	-2.6408
387fc536-d68b-4130-a53b-dcfa7329356a	9	119415648	130554754	6584	-0.4583
387fc536-d68b-4130-a53b-dcfa7329356a	9	130555012	130555641	3	-2.1014
387fc536-d68b-4130-a53b-dcfa7329356a	9	130555705	138044505	3753	-0.4678
387fc536-d68b-4130-a53b-dcfa7329356a	10	366509	133411599	81231	-0.4625
387fc536-d68b-4130-a53b-dcfa7329356a	11	456012	17717334	10712	0.0309
387fc536-d68b-4130-a53b-dcfa7329356a	11	17723362	61508078	22885	-0.4567
387fc536-d68b-4130-a53b-dcfa7329356a	11	61519028	79183811	8131	0.0155
387fc536-d68b-4130-a53b-dcfa7329356a	11	79184794	81115031	1458	-0.4466
387fc536-d68b-4130-a53b-dcfa7329356a	11	81115382	87595834	3881	0.0295
387fc536-d68b-4130-a53b-dcfa7329356a	11	87600176	90772592	1720	-0.4482
387fc536-d68b-4130-a53b-dcfa7329356a	11	90773987	98534629	4775	0.04
387fc536-d68b-4130-a53b-dcfa7329356a	11	98535794	105686206	4667	-0.4526
387fc536-d68b-4130-a53b-dcfa7329356a	11	105687235	105697685	11	-1.4976
387fc536-d68b-4130-a53b-dcfa7329356a	11	105698507	134272740	19252	-0.4629
387fc536-d68b-4130-a53b-dcfa7329356a	12	780472	44588573	22855	0.3709
387fc536-d68b-4130-a53b-dcfa7329356a	12	44588881	44588981	2	-1.4404
387fc536-d68b-4130-a53b-dcfa7329356a	12	44589669	58173367	7184	0.3481
387fc536-d68b-4130-a53b-dcfa7329356a	12	58173775	65666177	4504	0.3858
387fc536-d68b-4130-a53b-dcfa7329356a	12	65671164	72331215	4468	0.3604
387fc536-d68b-4130-a53b-dcfa7329356a	12	72331507	72336539	2	-1.2876
387fc536-d68b-4130-a53b-dcfa7329356a	12	72337099	77458510	2957	0.3778
387fc536-d68b-4130-a53b-dcfa7329356a	12	77461641	91803656	8437	0.3979
387fc536-d68b-4130-a53b-dcfa7329356a	12	91803860	119961966	17979	0.3674
387fc536-d68b-4130-a53b-dcfa7329356a	12	119965214	120743191	349	0.3021
387fc536-d68b-4130-a53b-dcfa7329356a	12	120743259	120746031	4	-0.604
387fc536-d68b-4130-a53b-dcfa7329356a	12	120748746	124009993	1421	0.3134
387fc536-d68b-4130-a53b-dcfa7329356a	12	124010007	132605822	4150	0.3839
387fc536-d68b-4130-a53b-dcfa7329356a	13	18874255	52902997	20553	-0.4647
387fc536-d68b-4130-a53b-dcfa7329356a	13	52903689	73528937	10611	-0.4243
387fc536-d68b-4130-a53b-dcfa7329356a	13	73531738	92292276	11376	-0.4519
387fc536-d68b-4130-a53b-dcfa7329356a	13	92300848	102440696	6772	0.0341
387fc536-d68b-4130-a53b-dcfa7329356a	13	102441200	114226675	7615	-0.4649
387fc536-d68b-4130-a53b-dcfa7329356a	14	20033191	49308538	15061	0.0402
387fc536-d68b-4130-a53b-dcfa7329356a	14	49308680	78156953	17952	0.0169
387fc536-d68b-4130-a53b-dcfa7329356a	14	78158555	86658296	5540	0.0588
387fc536-d68b-4130-a53b-dcfa7329356a	14	86661846	86662418	4	-1.2062
387fc536-d68b-4130-a53b-dcfa7329356a	14	86665252	92891766	3704	0.0227
387fc536-d68b-4130-a53b-dcfa7329356a	14	92892676	92892708	2	-1.9218
387fc536-d68b-4130-a53b-dcfa7329356a	14	92897491	93765554	402	-0.01
387fc536-d68b-4130-a53b-dcfa7329356a	14	93766367	94182865	338	-0.4845
387fc536-d68b-4130-a53b-dcfa7329356a	14	94186428	105533894	6751	0.0184
387fc536-d68b-4130-a53b-dcfa7329356a	15	23437561	39777520	8237	0.0598
387fc536-d68b-4130-a53b-dcfa7329356a	15	39777964	45875118	2748	0.0056
387fc536-d68b-4130-a53b-dcfa7329356a	15	45878584	101344124	33771	0.0429
387fc536-d68b-4130-a53b-dcfa7329356a	16	603333	23213720	9929	0.4219
387fc536-d68b-4130-a53b-dcfa7329356a	16	23223795	24141565	576	0.0651
387fc536-d68b-4130-a53b-dcfa7329356a	16	24145625	26885637	1962	0.4314
387fc536-d68b-4130-a53b-dcfa7329356a	16	26890308	26892383	2	-1.4738
387fc536-d68b-4130-a53b-dcfa7329356a	16	26893047	28159689	767	0.4139
387fc536-d68b-4130-a53b-dcfa7329356a	16	28161788	31609722	690	0.3418
387fc536-d68b-4130-a53b-dcfa7329356a	16	31610518	46516500	127	0.4532
387fc536-d68b-4130-a53b-dcfa7329356a	16	46581419	47166254	240	0.0651
387fc536-d68b-4130-a53b-dcfa7329356a	16	47166271	47861941	275	-0.4376
387fc536-d68b-4130-a53b-dcfa7329356a	16	47863136	48652636	421	0.076
387fc536-d68b-4130-a53b-dcfa7329356a	16	48653102	89317317	26185	-0.4427
387fc536-d68b-4130-a53b-dcfa7329356a	17	1074619	9524548	4278	0.3482
387fc536-d68b-4130-a53b-dcfa7329356a	17	9524743	14229461	3271	0.3962
387fc536-d68b-4130-a53b-dcfa7329356a	17	14231324	51530264	12756	0.3498
387fc536-d68b-4130-a53b-dcfa7329356a	17	51532123	56424200	3208	0.4089
387fc536-d68b-4130-a53b-dcfa7329356a	17	56424267	65114989	4429	0.3563
387fc536-d68b-4130-a53b-dcfa7329356a	17	65115975	73814574	5887	0.3851
387fc536-d68b-4130-a53b-dcfa7329356a	17	73814867	82959812	3440	0.3475
387fc536-d68b-4130-a53b-dcfa7329356a	18	326691	74917261	39955	0.3886
387fc536-d68b-4130-a53b-dcfa7329356a	18	74918857	76972255	1485	0.0433
387fc536-d68b-4130-a53b-dcfa7329356a	18	76973266	79349796	1490	0.3842
387fc536-d68b-4130-a53b-dcfa7329356a	19	283868	19185890	7475	-0.0098
387fc536-d68b-4130-a53b-dcfa7329356a	19	19186357	33990006	6031	0.045
387fc536-d68b-4130-a53b-dcfa7329356a	19	33996029	57783618	10354	0.0023
387fc536-d68b-4130-a53b-dcfa7329356a	19	57840921	57853157	11	0.5866
387fc536-d68b-4130-a53b-dcfa7329356a	19	57853532	58370362	281	-0.0177
387fc536-d68b-4130-a53b-dcfa7329356a	20	472817	63588502	37548	0.0339
387fc536-d68b-4130-a53b-dcfa7329356a	21	13974127	46262057	20582	0.0329
387fc536-d68b-4130-a53b-dcfa7329356a	22	16934932	36204795	9371	0.039
387fc536-d68b-4130-a53b-dcfa7329356a	22	36208523	42176939	2994	-0.0146
387fc536-d68b-4130-a53b-dcfa7329356a	22	42179574	48436981	4361	0.042
387fc536-d68b-4130-a53b-dcfa7329356a	22	48438387	48466524	30	0.3911
387fc536-d68b-4130-a53b-dcfa7329356a	22	48466701	48940621	330	0.0693
387fc536-d68b-4130-a53b-dcfa7329356a	X	3236359	6392737	663	-0.049
387fc536-d68b-4130-a53b-dcfa7329356a	X	6392898	6471877	74	-0.7959
387fc536-d68b-4130-a53b-dcfa7329356a	X	6472148	35743481	13617	-0.0059
387fc536-d68b-4130-a53b-dcfa7329356a	X	35743833	35744621	4	-3.7316
387fc536-d68b-4130-a53b-dcfa7329356a	X	35744956	111053972	28724	0.0206
387fc536-d68b-4130-a53b-dcfa7329356a	X	111054045	111054082	2	-5.3263
387fc536-d68b-4130-a53b-dcfa7329356a	X	111057431	125900681	7290	-0.019
387fc536-d68b-4130-a53b-dcfa7329356a	X	125900728	125912788	4	-2.7537
387fc536-d68b-4130-a53b-dcfa7329356a	X	125912942	131066794	2291	0.0224
387fc536-d68b-4130-a53b-dcfa7329356a	X	131067034	131067329	2	-2.7262
387fc536-d68b-4130-a53b-dcfa7329356a	X	131067711	136109496	1784	0.0054
387fc536-d68b-4130-a53b-dcfa7329356a	X	136111780	136112878	3	-3.064
387fc536-d68b-4130-a53b-dcfa7329356a	X	136114183	138490846	1324	0.0064
387fc536-d68b-4130-a53b-dcfa7329356a	X	138490940	138499113	13	-1.6892
387fc536-d68b-4130-a53b-dcfa7329356a	X	138499302	145610150	3206	0.0012
387fc536-d68b-4130-a53b-dcfa7329356a	X	145610426	145611405	4	-3.1442
387fc536-d68b-4130-a53b-dcfa7329356a	X	145611785	148910816	1994	-0.0046
387fc536-d68b-4130-a53b-dcfa7329356a	X	148911262	148923956	18	-0.8312
387fc536-d68b-4130-a53b-dcfa7329356a	X	148924173	155677414	2273	0.0087
