GDC_Aliquot	Chromosome	Start	End	Num_Probes	Segment_Mean
083315bd-fac2-4fb6-ad91-1271b00bb737	1	3301765	8948680	3506	0.1115
083315bd-fac2-4fb6-ad91-1271b00bb737	1	8949347	8967332	11	-0.9419
083315bd-fac2-4fb6-ad91-1271b00bb737	1	8967855	31759874	11774	0.1076
083315bd-fac2-4fb6-ad91-1271b00bb737	1	31765214	39557105	4143	-0.6904
083315bd-fac2-4fb6-ad91-1271b00bb737	1	39559408	39560301	2	-4.2951
083315bd-fac2-4fb6-ad91-1271b00bb737	1	39561792	119984772	48291	-0.675
083315bd-fac2-4fb6-ad91-1271b00bb737	1	146716041	151153671	447	0.0942
083315bd-fac2-4fb6-ad91-1271b00bb737	1	151154135	151159899	2	-1.2612
083315bd-fac2-4fb6-ad91-1271b00bb737	1	151166348	234541805	52764	0.1083
083315bd-fac2-4fb6-ad91-1271b00bb737	1	234541991	234563490	2	-1.2634
083315bd-fac2-4fb6-ad91-1271b00bb737	1	234563753	247650984	8205	0.1066
083315bd-fac2-4fb6-ad91-1271b00bb737	2	480597	58430212	34113	-0.6885
083315bd-fac2-4fb6-ad91-1271b00bb737	2	58434934	72653132	8502	0.1183
083315bd-fac2-4fb6-ad91-1271b00bb737	2	72654542	72688642	17	-0.5019
083315bd-fac2-4fb6-ad91-1271b00bb737	2	72694776	82597124	5204	0.1145
083315bd-fac2-4fb6-ad91-1271b00bb737	2	82599931	82603145	2	-1.2995
083315bd-fac2-4fb6-ad91-1271b00bb737	2	82603674	168862392	42056	0.1146
083315bd-fac2-4fb6-ad91-1271b00bb737	2	168862819	168862990	2	-1.9742
083315bd-fac2-4fb6-ad91-1271b00bb737	2	168864690	227869619	33843	0.1121
083315bd-fac2-4fb6-ad91-1271b00bb737	2	227870120	227872531	4	-0.7571
083315bd-fac2-4fb6-ad91-1271b00bb737	2	227876534	227887158	9	0.0118
083315bd-fac2-4fb6-ad91-1271b00bb737	2	227887415	228082160	162	-0.5811
083315bd-fac2-4fb6-ad91-1271b00bb737	2	228083758	228341219	158	0.1175
083315bd-fac2-4fb6-ad91-1271b00bb737	2	228352267	228658998	191	-0.6362
083315bd-fac2-4fb6-ad91-1271b00bb737	2	228661140	228829365	77	0.0923
083315bd-fac2-4fb6-ad91-1271b00bb737	2	228833766	228839016	4	-1.0039
083315bd-fac2-4fb6-ad91-1271b00bb737	2	228841413	234190093	2924	0.1032
083315bd-fac2-4fb6-ad91-1271b00bb737	2	234191239	234385213	152	-0.6427
083315bd-fac2-4fb6-ad91-1271b00bb737	2	234387306	234408280	17	0.1294
083315bd-fac2-4fb6-ad91-1271b00bb737	2	234411924	234495485	66	-0.6614
083315bd-fac2-4fb6-ad91-1271b00bb737	2	234498420	234580253	69	0.1258
083315bd-fac2-4fb6-ad91-1271b00bb737	2	234581767	234688435	84	-0.6898
083315bd-fac2-4fb6-ad91-1271b00bb737	2	234692567	234700935	10	0.1219
083315bd-fac2-4fb6-ad91-1271b00bb737	2	234714546	234862455	124	-0.6174
083315bd-fac2-4fb6-ad91-1271b00bb737	2	234866235	234882051	12	0.0846
083315bd-fac2-4fb6-ad91-1271b00bb737	2	234883166	234907022	11	-0.7194
083315bd-fac2-4fb6-ad91-1271b00bb737	2	234910737	234914339	5	0.0887
083315bd-fac2-4fb6-ad91-1271b00bb737	2	234916786	234942004	17	-0.6491
083315bd-fac2-4fb6-ad91-1271b00bb737	2	234947315	234956001	6	0.1297
083315bd-fac2-4fb6-ad91-1271b00bb737	2	234958741	235114726	43	-0.6339
083315bd-fac2-4fb6-ad91-1271b00bb737	2	235118470	235170775	43	0.1501
083315bd-fac2-4fb6-ad91-1271b00bb737	2	235171199	235176921	11	-0.62
083315bd-fac2-4fb6-ad91-1271b00bb737	2	235182179	235366496	154	0.1386
083315bd-fac2-4fb6-ad91-1271b00bb737	2	235367796	235513170	102	0.0188
083315bd-fac2-4fb6-ad91-1271b00bb737	2	235513180	235687505	117	0.1264
083315bd-fac2-4fb6-ad91-1271b00bb737	2	235689906	235967882	177	-0.6497
083315bd-fac2-4fb6-ad91-1271b00bb737	2	235968829	239439468	2043	0.1097
083315bd-fac2-4fb6-ad91-1271b00bb737	2	239441417	239815461	273	-0.6078
083315bd-fac2-4fb6-ad91-1271b00bb737	2	239817576	239859020	25	0.1205
083315bd-fac2-4fb6-ad91-1271b00bb737	2	239887867	240082468	166	-0.6886
083315bd-fac2-4fb6-ad91-1271b00bb737	2	240082942	241537572	744	0.1229
083315bd-fac2-4fb6-ad91-1271b00bb737	3	2170634	73729207	42822	0.1087
083315bd-fac2-4fb6-ad91-1271b00bb737	3	73729253	105769348	14630	0.0895
083315bd-fac2-4fb6-ad91-1271b00bb737	3	105769728	161615638	31194	0.108
083315bd-fac2-4fb6-ad91-1271b00bb737	3	161618566	165760698	1761	0.069
083315bd-fac2-4fb6-ad91-1271b00bb737	3	165760763	197812401	16517	0.1054
083315bd-fac2-4fb6-ad91-1271b00bb737	4	1059384	11000981	5374	0.1123
083315bd-fac2-4fb6-ad91-1271b00bb737	4	11001969	11425179	357	-0.7184
083315bd-fac2-4fb6-ad91-1271b00bb737	4	11430764	11868619	437	0.1135
083315bd-fac2-4fb6-ad91-1271b00bb737	4	11875687	11886517	10	-0.6522
083315bd-fac2-4fb6-ad91-1271b00bb737	4	11888477	27977088	10743	0.1062
083315bd-fac2-4fb6-ad91-1271b00bb737	4	27982367	27982543	2	-1.2768
083315bd-fac2-4fb6-ad91-1271b00bb737	4	27982807	32387742	2756	0.0975
083315bd-fac2-4fb6-ad91-1271b00bb737	4	32392452	32399891	2	-1.6367
083315bd-fac2-4fb6-ad91-1271b00bb737	4	32403692	125287293	50139	0.1039
083315bd-fac2-4fb6-ad91-1271b00bb737	4	125288140	125292502	3	-1.2275
083315bd-fac2-4fb6-ad91-1271b00bb737	4	125292950	187842528	33390	0.1022
083315bd-fac2-4fb6-ad91-1271b00bb737	5	913983	180934240	100861	0.104
083315bd-fac2-4fb6-ad91-1271b00bb737	6	1011760	88615983	49156	0.1068
083315bd-fac2-4fb6-ad91-1271b00bb737	6	88618185	131913605	24334	-0.6752
083315bd-fac2-4fb6-ad91-1271b00bb737	6	131916916	170596889	23340	0.1077
083315bd-fac2-4fb6-ad91-1271b00bb737	7	664936	158592540	81704	0.1029
083315bd-fac2-4fb6-ad91-1271b00bb737	8	667625	16488213	8034	0.0989
083315bd-fac2-4fb6-ad91-1271b00bb737	8	16495134	16515395	29	-0.6355
083315bd-fac2-4fb6-ad91-1271b00bb737	8	16515816	144182542	73973	0.1019
083315bd-fac2-4fb6-ad91-1271b00bb737	9	789794	138044505	68315	0.1035
083315bd-fac2-4fb6-ad91-1271b00bb737	10	366509	6454142	4017	-0.7283
083315bd-fac2-4fb6-ad91-1271b00bb737	10	6454474	6454809	3	-3.044
083315bd-fac2-4fb6-ad91-1271b00bb737	10	6455345	14775390	6518	-0.7074
083315bd-fac2-4fb6-ad91-1271b00bb737	10	14776647	14776687	2	-2.9874
083315bd-fac2-4fb6-ad91-1271b00bb737	10	14776821	30116476	10359	-0.6956
083315bd-fac2-4fb6-ad91-1271b00bb737	10	30116719	30125706	8	-1.8712
083315bd-fac2-4fb6-ad91-1271b00bb737	10	30128504	45622525	7134	-0.6825
083315bd-fac2-4fb6-ad91-1271b00bb737	10	46013136	46041001	15	0.1607
083315bd-fac2-4fb6-ad91-1271b00bb737	10	47084490	47327025	184	-0.7518
083315bd-fac2-4fb6-ad91-1271b00bb737	10	48188464	49868126	1270	0.1203
083315bd-fac2-4fb6-ad91-1271b00bb737	10	50716389	50917843	79	-0.696
083315bd-fac2-4fb6-ad91-1271b00bb737	10	50919191	51046287	99	0.1141
083315bd-fac2-4fb6-ad91-1271b00bb737	10	51047031	52388866	1038	-0.7014
083315bd-fac2-4fb6-ad91-1271b00bb737	10	52393255	52460060	59	0.0706
083315bd-fac2-4fb6-ad91-1271b00bb737	10	52462894	54118067	1085	-0.694
083315bd-fac2-4fb6-ad91-1271b00bb737	10	54118286	54119680	2	-2.841
083315bd-fac2-4fb6-ad91-1271b00bb737	10	54123384	54380136	202	-0.6786
083315bd-fac2-4fb6-ad91-1271b00bb737	10	54386617	54400412	8	0.1183
083315bd-fac2-4fb6-ad91-1271b00bb737	10	54400991	54764566	272	-0.6908
083315bd-fac2-4fb6-ad91-1271b00bb737	10	54769488	54849490	53	0.0861
083315bd-fac2-4fb6-ad91-1271b00bb737	10	54936124	87844975	19694	-0.6897
083315bd-fac2-4fb6-ad91-1271b00bb737	10	87850813	87872765	37	-0.4476
083315bd-fac2-4fb6-ad91-1271b00bb737	10	87881541	87883103	8	0.1655
083315bd-fac2-4fb6-ad91-1271b00bb737	10	87883257	87970890	150	-0.4477
083315bd-fac2-4fb6-ad91-1271b00bb737	10	87975840	133411599	28429	-0.702
083315bd-fac2-4fb6-ad91-1271b00bb737	11	456012	33804152	21238	0.1049
083315bd-fac2-4fb6-ad91-1271b00bb737	11	33804426	33804771	2	-1.7561
083315bd-fac2-4fb6-ad91-1271b00bb737	11	33805449	115975897	43466	0.1002
083315bd-fac2-4fb6-ad91-1271b00bb737	11	115978178	115984173	4	1.2097
083315bd-fac2-4fb6-ad91-1271b00bb737	11	115985072	134272740	12673	0.1046
083315bd-fac2-4fb6-ad91-1271b00bb737	12	780472	48251549	24942	0.0968
083315bd-fac2-4fb6-ad91-1271b00bb737	12	48255160	48258851	2	-1.368
083315bd-fac2-4fb6-ad91-1271b00bb737	12	48259299	61117269	6916	0.0964
083315bd-fac2-4fb6-ad91-1271b00bb737	12	61118841	61204251	43	-0.5118
083315bd-fac2-4fb6-ad91-1271b00bb737	12	61208547	83771959	13923	0.0959
083315bd-fac2-4fb6-ad91-1271b00bb737	12	83774792	83776119	5	-1.1454
083315bd-fac2-4fb6-ad91-1271b00bb737	12	83776135	87997861	2243	0.0698
083315bd-fac2-4fb6-ad91-1271b00bb737	12	87999783	127698567	24542	0.1029
083315bd-fac2-4fb6-ad91-1271b00bb737	12	127698619	127707543	12	-0.1352
083315bd-fac2-4fb6-ad91-1271b00bb737	12	128240944	129318981	666	-0.751
083315bd-fac2-4fb6-ad91-1271b00bb737	12	130590621	132605822	887	0.0868
083315bd-fac2-4fb6-ad91-1271b00bb737	13	18874255	110052841	54631	0.0987
083315bd-fac2-4fb6-ad91-1271b00bb737	13	110057322	110272207	177	0.5594
083315bd-fac2-4fb6-ad91-1271b00bb737	13	110272929	110311081	31	0.0952
083315bd-fac2-4fb6-ad91-1271b00bb737	13	110312299	110339488	28	0.5306
083315bd-fac2-4fb6-ad91-1271b00bb737	13	110341599	114226675	1962	0.1016
083315bd-fac2-4fb6-ad91-1271b00bb737	14	20033191	105533894	49668	0.1037
083315bd-fac2-4fb6-ad91-1271b00bb737	15	23437561	58928909	19225	0.1066
083315bd-fac2-4fb6-ad91-1271b00bb737	15	58931006	58939901	3	-1.1874
083315bd-fac2-4fb6-ad91-1271b00bb737	15	58948602	101344124	25406	0.1046
083315bd-fac2-4fb6-ad91-1271b00bb737	16	603333	8301783	3583	0.089
083315bd-fac2-4fb6-ad91-1271b00bb737	16	8302616	8303268	2	-1.3496
083315bd-fac2-4fb6-ad91-1271b00bb737	16	8303465	53011070	14531	0.1072
083315bd-fac2-4fb6-ad91-1271b00bb737	16	53011229	53012222	2	-1.2892
083315bd-fac2-4fb6-ad91-1271b00bb737	16	53012770	53283844	128	0.1031
083315bd-fac2-4fb6-ad91-1271b00bb737	16	53284314	53284490	2	-0.9932
083315bd-fac2-4fb6-ad91-1271b00bb737	16	53287333	53507186	235	0.0514
083315bd-fac2-4fb6-ad91-1271b00bb737	16	53507478	53507566	3	-1.0006
083315bd-fac2-4fb6-ad91-1271b00bb737	16	53511081	89317317	22605	0.1048
083315bd-fac2-4fb6-ad91-1271b00bb737	17	1074619	7206091	3010	0.102
083315bd-fac2-4fb6-ad91-1271b00bb737	17	7210757	7900882	275	-0.697
083315bd-fac2-4fb6-ad91-1271b00bb737	17	7908343	43189750	13746	0.0949
083315bd-fac2-4fb6-ad91-1271b00bb737	17	43428081	43712597	182	-0.6921
083315bd-fac2-4fb6-ad91-1271b00bb737	17	43718252	44766276	477	0.0859
083315bd-fac2-4fb6-ad91-1271b00bb737	17	44770726	45139798	175	-0.6982
083315bd-fac2-4fb6-ad91-1271b00bb737	17	45151932	52169778	2920	0.0999
083315bd-fac2-4fb6-ad91-1271b00bb737	17	52173672	53250035	475	-0.6847
083315bd-fac2-4fb6-ad91-1271b00bb737	17	53251257	53344060	82	0.0774
083315bd-fac2-4fb6-ad91-1271b00bb737	17	53349807	53487239	95	-0.6648
083315bd-fac2-4fb6-ad91-1271b00bb737	17	53498610	76039363	12869	0.0982
083315bd-fac2-4fb6-ad91-1271b00bb737	17	76039610	76040031	2	-2.1728
083315bd-fac2-4fb6-ad91-1271b00bb737	17	76040387	77336750	646	0.09
083315bd-fac2-4fb6-ad91-1271b00bb737	17	77375740	77960429	286	-0.7101
083315bd-fac2-4fb6-ad91-1271b00bb737	17	77965431	82959812	1949	0.0818
083315bd-fac2-4fb6-ad91-1271b00bb737	18	326691	29308026	13132	0.1049
083315bd-fac2-4fb6-ad91-1271b00bb737	18	29318532	29432870	53	0.5357
083315bd-fac2-4fb6-ad91-1271b00bb737	18	29434366	29502539	34	0.0522
083315bd-fac2-4fb6-ad91-1271b00bb737	18	29508677	29840585	211	0.5752
083315bd-fac2-4fb6-ad91-1271b00bb737	18	29840884	32894179	1963	0.0912
083315bd-fac2-4fb6-ad91-1271b00bb737	18	32894312	32898969	2	1.1897
083315bd-fac2-4fb6-ad91-1271b00bb737	18	32900155	36142300	1774	0.0945
083315bd-fac2-4fb6-ad91-1271b00bb737	18	36145094	36187786	31	0.6399
083315bd-fac2-4fb6-ad91-1271b00bb737	18	36193964	36228572	29	0.1423
083315bd-fac2-4fb6-ad91-1271b00bb737	18	36231927	36460694	205	0.5828
083315bd-fac2-4fb6-ad91-1271b00bb737	18	36466214	36478212	7	-0.0694
083315bd-fac2-4fb6-ad91-1271b00bb737	18	36479280	44589471	4853	0.5736
083315bd-fac2-4fb6-ad91-1271b00bb737	18	44590512	44873260	185	-0.6879
083315bd-fac2-4fb6-ad91-1271b00bb737	18	44882613	44985135	78	0.1068
083315bd-fac2-4fb6-ad91-1271b00bb737	18	44985184	45004098	11	-0.6749
083315bd-fac2-4fb6-ad91-1271b00bb737	18	45009749	51029956	4096	0.1056
083315bd-fac2-4fb6-ad91-1271b00bb737	18	51032893	51581921	440	-0.6452
083315bd-fac2-4fb6-ad91-1271b00bb737	18	51583323	79349796	15736	0.0981
083315bd-fac2-4fb6-ad91-1271b00bb737	19	283868	1156398	167	-0.6938
083315bd-fac2-4fb6-ad91-1271b00bb737	19	1170990	1204594	10	-1.9987
083315bd-fac2-4fb6-ad91-1271b00bb737	19	1210607	3451167	591	-0.7
083315bd-fac2-4fb6-ad91-1271b00bb737	19	3461120	11560950	3226	0.553
083315bd-fac2-4fb6-ad91-1271b00bb737	19	11561979	16180805	2184	0.0852
083315bd-fac2-4fb6-ad91-1271b00bb737	19	16185369	16191235	8	-0.7185
083315bd-fac2-4fb6-ad91-1271b00bb737	19	16192204	29172802	3961	0.0822
083315bd-fac2-4fb6-ad91-1271b00bb737	19	29173914	29191086	14	0.6144
083315bd-fac2-4fb6-ad91-1271b00bb737	19	29197406	29210633	8	0.0849
083315bd-fac2-4fb6-ad91-1271b00bb737	19	29211355	29853014	522	0.5662
083315bd-fac2-4fb6-ad91-1271b00bb737	19	29855795	33936062	2742	0.1011
083315bd-fac2-4fb6-ad91-1271b00bb737	19	33936918	34260685	227	0.5756
083315bd-fac2-4fb6-ad91-1271b00bb737	19	34263892	34537543	128	0.0876
083315bd-fac2-4fb6-ad91-1271b00bb737	19	34538137	34570345	32	0.6291
083315bd-fac2-4fb6-ad91-1271b00bb737	19	34572399	34784564	143	0.1067
083315bd-fac2-4fb6-ad91-1271b00bb737	19	34786285	34846861	44	0.6124
083315bd-fac2-4fb6-ad91-1271b00bb737	19	34854971	34874408	5	0.0528
083315bd-fac2-4fb6-ad91-1271b00bb737	19	34877750	35297579	280	0.5799
083315bd-fac2-4fb6-ad91-1271b00bb737	19	35305076	35307765	2	-0.9907
083315bd-fac2-4fb6-ad91-1271b00bb737	19	35308603	36129486	398	0.5617
083315bd-fac2-4fb6-ad91-1271b00bb737	19	36130741	36419369	118	0.08
083315bd-fac2-4fb6-ad91-1271b00bb737	19	36419746	36451179	19	0.603
083315bd-fac2-4fb6-ad91-1271b00bb737	19	36457038	38489602	1013	0.0917
083315bd-fac2-4fb6-ad91-1271b00bb737	19	38490644	38509407	9	0.6043
083315bd-fac2-4fb6-ad91-1271b00bb737	19	38509900	38628207	62	0.0756
083315bd-fac2-4fb6-ad91-1271b00bb737	19	38634237	46072726	3097	0.5557
083315bd-fac2-4fb6-ad91-1271b00bb737	19	46081439	46139011	32	-0.5204
083315bd-fac2-4fb6-ad91-1271b00bb737	19	46142634	46386965	124	0.5574
083315bd-fac2-4fb6-ad91-1271b00bb737	19	46400109	55789870	3491	-0.6953
083315bd-fac2-4fb6-ad91-1271b00bb737	19	55791595	55796481	3	-5.3143
083315bd-fac2-4fb6-ad91-1271b00bb737	19	55797784	58370362	1430	-0.6865
083315bd-fac2-4fb6-ad91-1271b00bb737	20	472817	63588502	37471	0.0995
083315bd-fac2-4fb6-ad91-1271b00bb737	21	13974127	46262057	20560	0.0965
083315bd-fac2-4fb6-ad91-1271b00bb737	22	16934932	48940621	17057	0.0976
083315bd-fac2-4fb6-ad91-1271b00bb737	X	3236359	132730750	53696	0.0014
083315bd-fac2-4fb6-ad91-1271b00bb737	X	132735599	132767494	21	-0.9357
083315bd-fac2-4fb6-ad91-1271b00bb737	X	132776001	132888959	50	-0.0034
083315bd-fac2-4fb6-ad91-1271b00bb737	X	132890476	132898066	8	-0.6976
083315bd-fac2-4fb6-ad91-1271b00bb737	X	132901782	144301959	4966	0.0065
083315bd-fac2-4fb6-ad91-1271b00bb737	X	144303224	144303811	3	-1.0335
083315bd-fac2-4fb6-ad91-1271b00bb737	X	144304428	155677414	5104	-0.0003
