GDC_Aliquot	Chromosome	Start	End	Num_Probes	Segment_Mean
28b602f2-2fc5-4c5e-a7dd-91c7927658f9	1	3301765	6748668	2233	0.4869
28b602f2-2fc5-4c5e-a7dd-91c7927658f9	1	6750728	46705560	21006	0.5446
28b602f2-2fc5-4c5e-a7dd-91c7927658f9	1	46707378	48248041	969	0.4817
28b602f2-2fc5-4c5e-a7dd-91c7927658f9	1	48259424	50138323	928	0.4145
28b602f2-2fc5-4c5e-a7dd-91c7927658f9	1	50139665	53066185	1299	0.4973
28b602f2-2fc5-4c5e-a7dd-91c7927658f9	1	53066295	54502217	922	0.5731
28b602f2-2fc5-4c5e-a7dd-91c7927658f9	1	54502821	56756926	1641	0.5285
28b602f2-2fc5-4c5e-a7dd-91c7927658f9	1	56756960	58007625	1097	0.4676
28b602f2-2fc5-4c5e-a7dd-91c7927658f9	1	58010208	60004525	1394	0.5447
28b602f2-2fc5-4c5e-a7dd-91c7927658f9	1	60004869	63599109	2421	0.4988
28b602f2-2fc5-4c5e-a7dd-91c7927658f9	1	63599927	64208323	451	0.5872
28b602f2-2fc5-4c5e-a7dd-91c7927658f9	1	64214021	67152218	2183	0.4949
28b602f2-2fc5-4c5e-a7dd-91c7927658f9	1	67155448	68468925	962	0.5442
28b602f2-2fc5-4c5e-a7dd-91c7927658f9	1	68468978	74189872	3017	0.4466
28b602f2-2fc5-4c5e-a7dd-91c7927658f9	1	74192013	74389113	80	0.4825
28b602f2-2fc5-4c5e-a7dd-91c7927658f9	1	74393203	74406927	10	1.055
28b602f2-2fc5-4c5e-a7dd-91c7927658f9	1	74445913	78792603	2625	0.4978
28b602f2-2fc5-4c5e-a7dd-91c7927658f9	1	78795162	81426822	1457	0.4283
28b602f2-2fc5-4c5e-a7dd-91c7927658f9	1	81427880	81428427	7	1.0426
28b602f2-2fc5-4c5e-a7dd-91c7927658f9	1	81430195	83543866	1301	0.4346
28b602f2-2fc5-4c5e-a7dd-91c7927658f9	1	83550251	84348283	573	0.5029
28b602f2-2fc5-4c5e-a7dd-91c7927658f9	1	84349431	87514339	2069	0.5397
28b602f2-2fc5-4c5e-a7dd-91c7927658f9	1	87514822	93533048	3558	0.4852
28b602f2-2fc5-4c5e-a7dd-91c7927658f9	1	93538094	95350307	1294	0.5706
28b602f2-2fc5-4c5e-a7dd-91c7927658f9	1	95350649	104006802	4898	0.4869
28b602f2-2fc5-4c5e-a7dd-91c7927658f9	1	104008054	106729237	1413	0.403
28b602f2-2fc5-4c5e-a7dd-91c7927658f9	1	106731935	108330960	1053	-0.3833
28b602f2-2fc5-4c5e-a7dd-91c7927658f9	1	108332916	115893522	4640	-0.3233
28b602f2-2fc5-4c5e-a7dd-91c7927658f9	1	115895258	115942596	40	0.3036
28b602f2-2fc5-4c5e-a7dd-91c7927658f9	1	115945353	119984772	2449	-0.3229
28b602f2-2fc5-4c5e-a7dd-91c7927658f9	1	146716041	158106057	4080	0.5186
28b602f2-2fc5-4c5e-a7dd-91c7927658f9	1	158108102	158545233	305	0.4085
28b602f2-2fc5-4c5e-a7dd-91c7927658f9	1	158545295	158580290	3	-0.6779
28b602f2-2fc5-4c5e-a7dd-91c7927658f9	1	158580643	159094778	327	0.4554
28b602f2-2fc5-4c5e-a7dd-91c7927658f9	1	159094907	163083318	2604	0.5313
28b602f2-2fc5-4c5e-a7dd-91c7927658f9	1	163083363	164963878	1349	0.4541
28b602f2-2fc5-4c5e-a7dd-91c7927658f9	1	164964866	165717598	725	0.54
28b602f2-2fc5-4c5e-a7dd-91c7927658f9	1	165720726	167856543	1569	0.4738
28b602f2-2fc5-4c5e-a7dd-91c7927658f9	1	167860768	167991997	73	1.0195
28b602f2-2fc5-4c5e-a7dd-91c7927658f9	1	167993307	173602478	3845	0.5007
28b602f2-2fc5-4c5e-a7dd-91c7927658f9	1	173602889	175051170	680	0.4388
28b602f2-2fc5-4c5e-a7dd-91c7927658f9	1	175051406	178458117	1890	0.4851
28b602f2-2fc5-4c5e-a7dd-91c7927658f9	1	178463010	186882025	5493	-0.3228
28b602f2-2fc5-4c5e-a7dd-91c7927658f9	1	186882084	191707701	2811	-0.446
28b602f2-2fc5-4c5e-a7dd-91c7927658f9	1	191708245	193914126	1481	-0.3682
28b602f2-2fc5-4c5e-a7dd-91c7927658f9	1	193914660	196093455	1213	-0.4786
28b602f2-2fc5-4c5e-a7dd-91c7927658f9	1	196094383	197720101	743	-0.3981
28b602f2-2fc5-4c5e-a7dd-91c7927658f9	1	197721841	197786089	36	-0.5351
28b602f2-2fc5-4c5e-a7dd-91c7927658f9	1	197786965	200883740	1903	-0.3366
28b602f2-2fc5-4c5e-a7dd-91c7927658f9	1	200883935	202718949	1212	-0.2805
28b602f2-2fc5-4c5e-a7dd-91c7927658f9	1	202721598	204145368	876	-0.3349
28b602f2-2fc5-4c5e-a7dd-91c7927658f9	1	204146420	204180395	40	0.4877
28b602f2-2fc5-4c5e-a7dd-91c7927658f9	1	204187513	204193102	12	-0.443
28b602f2-2fc5-4c5e-a7dd-91c7927658f9	1	204195379	204204527	7	0.3088
28b602f2-2fc5-4c5e-a7dd-91c7927658f9	1	204205789	204614483	337	-0.3367
28b602f2-2fc5-4c5e-a7dd-91c7927658f9	1	204615257	205312127	526	0.3496
28b602f2-2fc5-4c5e-a7dd-91c7927658f9	1	205318675	206766559	704	-0.2946
28b602f2-2fc5-4c5e-a7dd-91c7927658f9	1	206769952	207367636	404	0.3181
28b602f2-2fc5-4c5e-a7dd-91c7927658f9	1	207367868	207379423	7	-0.1191
28b602f2-2fc5-4c5e-a7dd-91c7927658f9	1	207381495	207421598	28	0.2441
28b602f2-2fc5-4c5e-a7dd-91c7927658f9	1	207433728	207451100	14	-0.3756
28b602f2-2fc5-4c5e-a7dd-91c7927658f9	1	207451516	207462444	7	0.4391
28b602f2-2fc5-4c5e-a7dd-91c7927658f9	1	207466350	208468760	764	-0.3432
28b602f2-2fc5-4c5e-a7dd-91c7927658f9	1	208469792	208482499	11	0.4511
28b602f2-2fc5-4c5e-a7dd-91c7927658f9	1	208483902	208491773	7	-0.2647
28b602f2-2fc5-4c5e-a7dd-91c7927658f9	1	208493578	208541168	41	0.502
28b602f2-2fc5-4c5e-a7dd-91c7927658f9	1	208542353	209564289	761	-0.367
28b602f2-2fc5-4c5e-a7dd-91c7927658f9	1	209565364	210525375	731	0.3016
28b602f2-2fc5-4c5e-a7dd-91c7927658f9	1	210525469	210532979	6	-0.1502
28b602f2-2fc5-4c5e-a7dd-91c7927658f9	1	210533645	210593654	60	-0.3846
28b602f2-2fc5-4c5e-a7dd-91c7927658f9	1	210593761	210604989	6	-0.8664
28b602f2-2fc5-4c5e-a7dd-91c7927658f9	1	210607004	215188616	3080	-0.326
28b602f2-2fc5-4c5e-a7dd-91c7927658f9	1	215188864	218074260	1952	-0.4202
28b602f2-2fc5-4c5e-a7dd-91c7927658f9	1	218075967	236221956	11384	-0.3196
28b602f2-2fc5-4c5e-a7dd-91c7927658f9	1	236222060	238303532	1714	-0.4012
28b602f2-2fc5-4c5e-a7dd-91c7927658f9	1	238306757	238307005	4	-1.3577
28b602f2-2fc5-4c5e-a7dd-91c7927658f9	1	238307645	243428254	3530	-0.4044
28b602f2-2fc5-4c5e-a7dd-91c7927658f9	1	243428737	246998225	1692	-0.3373
28b602f2-2fc5-4c5e-a7dd-91c7927658f9	1	247002425	247650984	373	-0.4034
28b602f2-2fc5-4c5e-a7dd-91c7927658f9	2	480597	6789257	3767	-0.3775
28b602f2-2fc5-4c5e-a7dd-91c7927658f9	2	6791909	7125845	305	0.5554
28b602f2-2fc5-4c5e-a7dd-91c7927658f9	2	7128947	12196128	3438	-0.3125
28b602f2-2fc5-4c5e-a7dd-91c7927658f9	2	12196429	12197878	2	-1.8834
28b602f2-2fc5-4c5e-a7dd-91c7927658f9	2	12198042	13025001	593	-0.3093
28b602f2-2fc5-4c5e-a7dd-91c7927658f9	2	13026244	16006197	1860	-0.3946
28b602f2-2fc5-4c5e-a7dd-91c7927658f9	2	16007911	21006131	3534	-0.3077
28b602f2-2fc5-4c5e-a7dd-91c7927658f9	2	21081560	23523930	1544	-0.3866
28b602f2-2fc5-4c5e-a7dd-91c7927658f9	2	23524248	30732220	3809	-0.287
28b602f2-2fc5-4c5e-a7dd-91c7927658f9	2	30732597	30733925	2	-2.0688
28b602f2-2fc5-4c5e-a7dd-91c7927658f9	2	30734814	33970808	1581	-0.3113
28b602f2-2fc5-4c5e-a7dd-91c7927658f9	2	33970913	35044747	622	-0.4012
28b602f2-2fc5-4c5e-a7dd-91c7927658f9	2	35048164	35053927	4	-1.3651
28b602f2-2fc5-4c5e-a7dd-91c7927658f9	2	35061086	35536590	195	-0.4177
28b602f2-2fc5-4c5e-a7dd-91c7927658f9	2	35536844	35539348	2	-1.467
28b602f2-2fc5-4c5e-a7dd-91c7927658f9	2	35539907	36683003	672	-0.3897
28b602f2-2fc5-4c5e-a7dd-91c7927658f9	2	36683096	48222585	6952	-0.3011
28b602f2-2fc5-4c5e-a7dd-91c7927658f9	2	48222708	53365055	2727	-0.4224
28b602f2-2fc5-4c5e-a7dd-91c7927658f9	2	53365108	56009431	1342	-0.3036
28b602f2-2fc5-4c5e-a7dd-91c7927658f9	2	56009719	60561251	2781	-0.4137
28b602f2-2fc5-4c5e-a7dd-91c7927658f9	2	60561346	68445589	4580	-0.314
28b602f2-2fc5-4c5e-a7dd-91c7927658f9	2	68681018	68770543	49	1.0115
28b602f2-2fc5-4c5e-a7dd-91c7927658f9	2	68771874	75917556	4079	-0.3013
28b602f2-2fc5-4c5e-a7dd-91c7927658f9	2	75918241	82443093	3436	-0.4406
28b602f2-2fc5-4c5e-a7dd-91c7927658f9	2	82443469	84650438	1249	-0.3798
28b602f2-2fc5-4c5e-a7dd-91c7927658f9	2	84653176	84677592	17	-0.5446
28b602f2-2fc5-4c5e-a7dd-91c7927658f9	2	84678539	88831554	1490	-0.2945
28b602f2-2fc5-4c5e-a7dd-91c7927658f9	2	94675825	103175389	3961	0.5202
28b602f2-2fc5-4c5e-a7dd-91c7927658f9	2	103175592	104378380	701	0.4058
28b602f2-2fc5-4c5e-a7dd-91c7927658f9	2	104380410	114825471	5363	0.5267
28b602f2-2fc5-4c5e-a7dd-91c7927658f9	2	114827788	117603260	1131	0.4138
28b602f2-2fc5-4c5e-a7dd-91c7927658f9	2	117603510	122263577	2859	0.5404
28b602f2-2fc5-4c5e-a7dd-91c7927658f9	2	122268574	126531935	1805	0.4201
28b602f2-2fc5-4c5e-a7dd-91c7927658f9	2	126534723	128682275	1241	0.5363
28b602f2-2fc5-4c5e-a7dd-91c7927658f9	2	128684978	129939337	918	0.4495
28b602f2-2fc5-4c5e-a7dd-91c7927658f9	2	129945184	132882836	654	-0.3331
28b602f2-2fc5-4c5e-a7dd-91c7927658f9	2	132884038	132884753	2	0.7903
28b602f2-2fc5-4c5e-a7dd-91c7927658f9	2	132884961	136297834	2018	-0.3267
28b602f2-2fc5-4c5e-a7dd-91c7927658f9	2	136299578	138760474	1224	-0.4005
28b602f2-2fc5-4c5e-a7dd-91c7927658f9	2	138764619	139241362	296	-0.3388
28b602f2-2fc5-4c5e-a7dd-91c7927658f9	2	139245285	140890043	909	0.4267
28b602f2-2fc5-4c5e-a7dd-91c7927658f9	2	140898864	142516367	1117	-0.4177
28b602f2-2fc5-4c5e-a7dd-91c7927658f9	2	142523420	142528071	8	0.5354
28b602f2-2fc5-4c5e-a7dd-91c7927658f9	2	142532375	147815139	2859	-0.3619
28b602f2-2fc5-4c5e-a7dd-91c7927658f9	2	147817428	147818260	2	-1.8103
28b602f2-2fc5-4c5e-a7dd-91c7927658f9	2	147820876	150373703	1434	-0.3699
28b602f2-2fc5-4c5e-a7dd-91c7927658f9	2	150376251	152192689	1256	0.5124
28b602f2-2fc5-4c5e-a7dd-91c7927658f9	2	152209592	152381155	142	-0.288
28b602f2-2fc5-4c5e-a7dd-91c7927658f9	2	152384692	152727907	234	0.5188
28b602f2-2fc5-4c5e-a7dd-91c7927658f9	2	152731078	152740405	3	-0.2798
28b602f2-2fc5-4c5e-a7dd-91c7927658f9	2	152743235	153230033	281	0.4846
28b602f2-2fc5-4c5e-a7dd-91c7927658f9	2	153234914	156106771	1591	0.4021
28b602f2-2fc5-4c5e-a7dd-91c7927658f9	2	156111853	156801349	357	0.4683
28b602f2-2fc5-4c5e-a7dd-91c7927658f9	2	156810194	159138579	1326	-0.3438
28b602f2-2fc5-4c5e-a7dd-91c7927658f9	2	159149632	159219853	66	0.5696
28b602f2-2fc5-4c5e-a7dd-91c7927658f9	2	159220681	159238575	16	-0.3235
28b602f2-2fc5-4c5e-a7dd-91c7927658f9	2	159239876	159278702	30	0.4762
28b602f2-2fc5-4c5e-a7dd-91c7927658f9	2	159283337	159292068	6	-0.3971
28b602f2-2fc5-4c5e-a7dd-91c7927658f9	2	159292264	160208074	577	0.4916
28b602f2-2fc5-4c5e-a7dd-91c7927658f9	2	160212904	164761807	2478	-0.3448
28b602f2-2fc5-4c5e-a7dd-91c7927658f9	2	164762460	166626088	1102	0.4544
28b602f2-2fc5-4c5e-a7dd-91c7927658f9	2	166628220	167746894	638	-0.3638
28b602f2-2fc5-4c5e-a7dd-91c7927658f9	2	167753441	168713550	680	0.5214
28b602f2-2fc5-4c5e-a7dd-91c7927658f9	2	168716584	171316354	1661	-0.3721
28b602f2-2fc5-4c5e-a7dd-91c7927658f9	2	171316368	171336826	9	0.4241
28b602f2-2fc5-4c5e-a7dd-91c7927658f9	2	171341644	174495812	2050	-0.3488
28b602f2-2fc5-4c5e-a7dd-91c7927658f9	2	174496092	177202059	1700	-0.2915
28b602f2-2fc5-4c5e-a7dd-91c7927658f9	2	177206471	183632795	3818	-0.3534
28b602f2-2fc5-4c5e-a7dd-91c7927658f9	2	183637166	183663655	21	0.4243
28b602f2-2fc5-4c5e-a7dd-91c7927658f9	2	183665304	187746312	1667	-0.4048
28b602f2-2fc5-4c5e-a7dd-91c7927658f9	2	187746867	191973964	2272	-0.2991
28b602f2-2fc5-4c5e-a7dd-91c7927658f9	2	191983959	199942758	3741	-0.3682
28b602f2-2fc5-4c5e-a7dd-91c7927658f9	2	199944770	208631117	5064	-0.3121
28b602f2-2fc5-4c5e-a7dd-91c7927658f9	2	208631133	214229786	3270	-0.4167
28b602f2-2fc5-4c5e-a7dd-91c7927658f9	2	214230215	215336184	642	-0.3449
28b602f2-2fc5-4c5e-a7dd-91c7927658f9	2	215336465	219835391	2805	-0.282
28b602f2-2fc5-4c5e-a7dd-91c7927658f9	2	219835421	224733853	3304	-0.3231
28b602f2-2fc5-4c5e-a7dd-91c7927658f9	2	224735129	225831222	726	-0.3603
28b602f2-2fc5-4c5e-a7dd-91c7927658f9	2	225831250	225835478	4	-1.6992
28b602f2-2fc5-4c5e-a7dd-91c7927658f9	2	225835494	227882380	1229	-0.3374
28b602f2-2fc5-4c5e-a7dd-91c7927658f9	2	227885390	230090545	1279	-0.393
28b602f2-2fc5-4c5e-a7dd-91c7927658f9	2	230093404	230474393	220	-0.3462
28b602f2-2fc5-4c5e-a7dd-91c7927658f9	2	230475446	233726821	1612	-0.3231
28b602f2-2fc5-4c5e-a7dd-91c7927658f9	2	233727982	238399334	3171	-0.2716
28b602f2-2fc5-4c5e-a7dd-91c7927658f9	2	238404637	241537572	1699	-0.3326
28b602f2-2fc5-4c5e-a7dd-91c7927658f9	3	2170634	4378781	1147	-0.3871
28b602f2-2fc5-4c5e-a7dd-91c7927658f9	3	4380715	5431158	704	-0.2806
28b602f2-2fc5-4c5e-a7dd-91c7927658f9	3	5435675	8289142	1617	-0.3752
28b602f2-2fc5-4c5e-a7dd-91c7927658f9	3	8290596	13223914	3212	-0.2826
28b602f2-2fc5-4c5e-a7dd-91c7927658f9	3	13224180	14841982	1069	-0.3474
28b602f2-2fc5-4c5e-a7dd-91c7927658f9	3	14842349	17164313	1534	-0.2804
28b602f2-2fc5-4c5e-a7dd-91c7927658f9	3	17166415	44788154	16074	-0.3461
28b602f2-2fc5-4c5e-a7dd-91c7927658f9	3	44792061	52855823	3645	-0.2759
28b602f2-2fc5-4c5e-a7dd-91c7927658f9	3	52856772	67290666	9252	-0.3233
28b602f2-2fc5-4c5e-a7dd-91c7927658f9	3	67293414	70543930	2269	-0.3636
28b602f2-2fc5-4c5e-a7dd-91c7927658f9	3	70544075	74320355	2715	-0.3161
28b602f2-2fc5-4c5e-a7dd-91c7927658f9	3	74323209	86463606	6043	-0.4409
28b602f2-2fc5-4c5e-a7dd-91c7927658f9	3	86464027	89636157	1617	-0.3671
28b602f2-2fc5-4c5e-a7dd-91c7927658f9	3	89636742	98475403	2509	-0.4423
28b602f2-2fc5-4c5e-a7dd-91c7927658f9	3	98475528	102781898	2216	-0.3124
28b602f2-2fc5-4c5e-a7dd-91c7927658f9	3	102787954	103364567	317	-0.3903
28b602f2-2fc5-4c5e-a7dd-91c7927658f9	3	103370138	104192312	484	-0.4406
28b602f2-2fc5-4c5e-a7dd-91c7927658f9	3	104193128	104194587	3	-1.2662
28b602f2-2fc5-4c5e-a7dd-91c7927658f9	3	104195913	104368197	85	-0.4452
28b602f2-2fc5-4c5e-a7dd-91c7927658f9	3	104369712	111013227	3714	-0.3694
28b602f2-2fc5-4c5e-a7dd-91c7927658f9	3	111013825	112244199	778	-0.3078
28b602f2-2fc5-4c5e-a7dd-91c7927658f9	3	112245504	112245701	2	-1.621
28b602f2-2fc5-4c5e-a7dd-91c7927658f9	3	112245892	115906163	2122	-0.3254
28b602f2-2fc5-4c5e-a7dd-91c7927658f9	3	115909146	118787536	2039	-0.4082
28b602f2-2fc5-4c5e-a7dd-91c7927658f9	3	118788006	135067558	9353	-0.3236
28b602f2-2fc5-4c5e-a7dd-91c7927658f9	3	135073297	143557415	4382	-0.3616
28b602f2-2fc5-4c5e-a7dd-91c7927658f9	3	143561850	143561895	2	0.8519
28b602f2-2fc5-4c5e-a7dd-91c7927658f9	3	143563141	145725622	1195	-0.3878
28b602f2-2fc5-4c5e-a7dd-91c7927658f9	3	145729146	146568423	509	0.5409
28b602f2-2fc5-4c5e-a7dd-91c7927658f9	3	146569422	148239226	436	-0.3804
28b602f2-2fc5-4c5e-a7dd-91c7927658f9	3	148239920	148239934	2	-2.2572
28b602f2-2fc5-4c5e-a7dd-91c7927658f9	3	148240148	149071290	537	-0.3696
28b602f2-2fc5-4c5e-a7dd-91c7927658f9	3	149071582	152281378	1922	-0.3028
28b602f2-2fc5-4c5e-a7dd-91c7927658f9	3	152282140	161603216	5095	-0.3556
28b602f2-2fc5-4c5e-a7dd-91c7927658f9	3	161604310	167420135	2382	-0.4148
28b602f2-2fc5-4c5e-a7dd-91c7927658f9	3	167424552	173117335	3272	-0.3481
28b602f2-2fc5-4c5e-a7dd-91c7927658f9	3	173117500	175349649	1163	-0.4025
28b602f2-2fc5-4c5e-a7dd-91c7927658f9	3	175349805	179570491	1946	-0.3302
28b602f2-2fc5-4c5e-a7dd-91c7927658f9	3	179570570	180833387	691	-0.4026
28b602f2-2fc5-4c5e-a7dd-91c7927658f9	3	180833969	183009212	1133	-0.3516
28b602f2-2fc5-4c5e-a7dd-91c7927658f9	3	183009309	186255907	1398	-0.2949
28b602f2-2fc5-4c5e-a7dd-91c7927658f9	3	186256270	187347408	759	-0.3773
28b602f2-2fc5-4c5e-a7dd-91c7927658f9	3	187348819	190307104	2064	-0.3109
28b602f2-2fc5-4c5e-a7dd-91c7927658f9	3	190307183	193691410	2017	-0.3702
28b602f2-2fc5-4c5e-a7dd-91c7927658f9	3	193691813	197685959	1403	-0.285
28b602f2-2fc5-4c5e-a7dd-91c7927658f9	3	197686390	197812401	43	-0.3834
28b602f2-2fc5-4c5e-a7dd-91c7927658f9	4	1059384	17741372	10392	-0.3938
28b602f2-2fc5-4c5e-a7dd-91c7927658f9	4	17744565	24062998	3965	-0.4578
28b602f2-2fc5-4c5e-a7dd-91c7927658f9	4	24064272	25266442	844	-0.3913
28b602f2-2fc5-4c5e-a7dd-91c7927658f9	4	25266776	25274227	3	-1.4643
28b602f2-2fc5-4c5e-a7dd-91c7927658f9	4	25280326	27507653	1384	-0.3769
28b602f2-2fc5-4c5e-a7dd-91c7927658f9	4	27507999	37288711	5814	-0.4787
28b602f2-2fc5-4c5e-a7dd-91c7927658f9	4	37289714	41453919	2544	-0.3657
28b602f2-2fc5-4c5e-a7dd-91c7927658f9	4	41455596	47943874	3254	-0.4798
28b602f2-2fc5-4c5e-a7dd-91c7927658f9	4	47946109	48067890	73	-0.3677
28b602f2-2fc5-4c5e-a7dd-91c7927658f9	4	51832470	54241451	1436	1.0281
28b602f2-2fc5-4c5e-a7dd-91c7927658f9	4	54249536	54254390	7	0.1861
28b602f2-2fc5-4c5e-a7dd-91c7927658f9	4	54254415	58334927	2725	0.9794
28b602f2-2fc5-4c5e-a7dd-91c7927658f9	4	58335527	65045836	3545	0.8665
28b602f2-2fc5-4c5e-a7dd-91c7927658f9	4	65048434	71842104	3172	0.913
28b602f2-2fc5-4c5e-a7dd-91c7927658f9	4	71842289	71991829	85	0.821
28b602f2-2fc5-4c5e-a7dd-91c7927658f9	4	71992537	76156322	2492	0.9653
28b602f2-2fc5-4c5e-a7dd-91c7927658f9	4	76156466	77512061	950	1.0449
28b602f2-2fc5-4c5e-a7dd-91c7927658f9	4	77512132	77931113	204	0.9176
28b602f2-2fc5-4c5e-a7dd-91c7927658f9	4	77931512	78693072	557	1.0285
28b602f2-2fc5-4c5e-a7dd-91c7927658f9	4	78697606	90416852	6903	0.9537
28b602f2-2fc5-4c5e-a7dd-91c7927658f9	4	90418516	90424695	3	-0.5452
28b602f2-2fc5-4c5e-a7dd-91c7927658f9	4	90444629	90513298	22	0.6535
28b602f2-2fc5-4c5e-a7dd-91c7927658f9	4	90515641	93370660	1357	0.3522
28b602f2-2fc5-4c5e-a7dd-91c7927658f9	4	93371401	94188449	490	0.4071
28b602f2-2fc5-4c5e-a7dd-91c7927658f9	4	94191522	95283749	619	0.4885
28b602f2-2fc5-4c5e-a7dd-91c7927658f9	4	95284105	96283999	690	0.4245
28b602f2-2fc5-4c5e-a7dd-91c7927658f9	4	96286561	98167328	957	0.3511
28b602f2-2fc5-4c5e-a7dd-91c7927658f9	4	98169693	103340976	2878	0.4229
28b602f2-2fc5-4c5e-a7dd-91c7927658f9	4	103341176	105933951	1418	0.372
28b602f2-2fc5-4c5e-a7dd-91c7927658f9	4	105934963	111230624	3056	0.4253
28b602f2-2fc5-4c5e-a7dd-91c7927658f9	4	111231848	112890490	901	0.3337
28b602f2-2fc5-4c5e-a7dd-91c7927658f9	4	112894135	114880366	1270	0.4391
28b602f2-2fc5-4c5e-a7dd-91c7927658f9	4	114880442	118333949	1926	0.3155
28b602f2-2fc5-4c5e-a7dd-91c7927658f9	4	118338302	123957833	3130	0.4035
28b602f2-2fc5-4c5e-a7dd-91c7927658f9	4	123958468	123970162	6	-0.5315
28b602f2-2fc5-4c5e-a7dd-91c7927658f9	4	123970703	123994412	10	0.5243
28b602f2-2fc5-4c5e-a7dd-91c7927658f9	4	123996614	123998688	6	-0.2395
28b602f2-2fc5-4c5e-a7dd-91c7927658f9	4	124002972	124368408	194	0.4648
28b602f2-2fc5-4c5e-a7dd-91c7927658f9	4	124371084	124422741	18	-0.2863
28b602f2-2fc5-4c5e-a7dd-91c7927658f9	4	124423531	129579368	2721	0.4573
28b602f2-2fc5-4c5e-a7dd-91c7927658f9	4	129581573	136494666	3097	0.3426
28b602f2-2fc5-4c5e-a7dd-91c7927658f9	4	136496314	139636905	1979	0.4559
28b602f2-2fc5-4c5e-a7dd-91c7927658f9	4	139637666	140213381	416	0.5401
28b602f2-2fc5-4c5e-a7dd-91c7927658f9	4	140217714	143206931	1826	0.4344
28b602f2-2fc5-4c5e-a7dd-91c7927658f9	4	143213777	143257749	27	-0.1413
28b602f2-2fc5-4c5e-a7dd-91c7927658f9	4	143259623	143302547	27	0.4265
28b602f2-2fc5-4c5e-a7dd-91c7927658f9	4	143310653	143327942	12	-0.1812
28b602f2-2fc5-4c5e-a7dd-91c7927658f9	4	143334685	143378410	49	0.8946
28b602f2-2fc5-4c5e-a7dd-91c7927658f9	4	143384269	143426086	24	-0.4129
28b602f2-2fc5-4c5e-a7dd-91c7927658f9	4	143426121	143736745	173	0.992
28b602f2-2fc5-4c5e-a7dd-91c7927658f9	4	143737684	143819726	78	0.8017
28b602f2-2fc5-4c5e-a7dd-91c7927658f9	4	143819904	144947349	424	0.9889
28b602f2-2fc5-4c5e-a7dd-91c7927658f9	4	144950770	144965767	8	-0.2798
28b602f2-2fc5-4c5e-a7dd-91c7927658f9	4	144966629	146148974	606	0.5309
28b602f2-2fc5-4c5e-a7dd-91c7927658f9	4	146151206	150245085	2306	0.4736
28b602f2-2fc5-4c5e-a7dd-91c7927658f9	4	150245779	150245782	3	-0.3731
28b602f2-2fc5-4c5e-a7dd-91c7927658f9	4	150248148	150900933	289	0.445
28b602f2-2fc5-4c5e-a7dd-91c7927658f9	4	150901641	154075078	1797	0.5266
28b602f2-2fc5-4c5e-a7dd-91c7927658f9	4	154075237	155216374	700	0.4609
28b602f2-2fc5-4c5e-a7dd-91c7927658f9	4	155216896	157267596	1265	0.5145
28b602f2-2fc5-4c5e-a7dd-91c7927658f9	4	157275331	157293949	9	-0.2878
28b602f2-2fc5-4c5e-a7dd-91c7927658f9	4	157296621	157313046	7	0.5162
28b602f2-2fc5-4c5e-a7dd-91c7927658f9	4	157330743	160098175	1572	-0.4032
28b602f2-2fc5-4c5e-a7dd-91c7927658f9	4	160099079	164436344	2561	-0.4819
28b602f2-2fc5-4c5e-a7dd-91c7927658f9	4	164437143	167038232	1254	-0.4104
28b602f2-2fc5-4c5e-a7dd-91c7927658f9	4	167038495	167040584	2	-2.4452
28b602f2-2fc5-4c5e-a7dd-91c7927658f9	4	167041297	167539765	228	-0.4775
28b602f2-2fc5-4c5e-a7dd-91c7927658f9	4	167541462	167575590	18	0.4467
28b602f2-2fc5-4c5e-a7dd-91c7927658f9	4	167576232	167578477	3	-0.4432
28b602f2-2fc5-4c5e-a7dd-91c7927658f9	4	167587729	167607186	19	0.5338
28b602f2-2fc5-4c5e-a7dd-91c7927658f9	4	167612803	167617915	8	-0.4086
28b602f2-2fc5-4c5e-a7dd-91c7927658f9	4	167622960	168140027	199	0.4061
28b602f2-2fc5-4c5e-a7dd-91c7927658f9	4	168145476	169382290	840	0.4705
28b602f2-2fc5-4c5e-a7dd-91c7927658f9	4	169382292	170310964	512	0.408
28b602f2-2fc5-4c5e-a7dd-91c7927658f9	4	170311192	170968812	329	0.3547
28b602f2-2fc5-4c5e-a7dd-91c7927658f9	4	170969020	171628769	405	0.2769
28b602f2-2fc5-4c5e-a7dd-91c7927658f9	4	171630624	181328793	5036	0.3805
28b602f2-2fc5-4c5e-a7dd-91c7927658f9	4	181328806	181569021	208	0.2094
28b602f2-2fc5-4c5e-a7dd-91c7927658f9	4	181569883	183288582	812	0.3672
28b602f2-2fc5-4c5e-a7dd-91c7927658f9	4	183292405	186124059	1089	0.4574
28b602f2-2fc5-4c5e-a7dd-91c7927658f9	4	186172834	186176244	2	-0.6708
28b602f2-2fc5-4c5e-a7dd-91c7927658f9	4	186185716	187842528	987	0.4088
28b602f2-2fc5-4c5e-a7dd-91c7927658f9	5	913983	1959696	171	0.2008
28b602f2-2fc5-4c5e-a7dd-91c7927658f9	5	1960158	1962322	4	0.6418
28b602f2-2fc5-4c5e-a7dd-91c7927658f9	5	1963721	4811746	2350	0.1489
28b602f2-2fc5-4c5e-a7dd-91c7927658f9	5	4815094	7229276	2048	0.2075
28b602f2-2fc5-4c5e-a7dd-91c7927658f9	5	7229330	8989178	1263	0.1305
28b602f2-2fc5-4c5e-a7dd-91c7927658f9	5	8989191	11415476	1719	0.2108
28b602f2-2fc5-4c5e-a7dd-91c7927658f9	5	11416252	13346776	914	0.0992
28b602f2-2fc5-4c5e-a7dd-91c7927658f9	5	13348873	17880754	2500	0.2236
28b602f2-2fc5-4c5e-a7dd-91c7927658f9	5	17881709	19136597	665	0.1046
28b602f2-2fc5-4c5e-a7dd-91c7927658f9	5	19144624	25962523	3427	0.054
28b602f2-2fc5-4c5e-a7dd-91c7927658f9	5	25964091	30572444	2495	0.1236
28b602f2-2fc5-4c5e-a7dd-91c7927658f9	5	30573729	31053989	339	0.1811
28b602f2-2fc5-4c5e-a7dd-91c7927658f9	5	31054493	31067685	15	-0.4096
28b602f2-2fc5-4c5e-a7dd-91c7927658f9	5	31067790	31154401	79	0.1918
28b602f2-2fc5-4c5e-a7dd-91c7927658f9	5	31155228	40517623	5652	0.2533
28b602f2-2fc5-4c5e-a7dd-91c7927658f9	5	40521530	45029674	2290	0.1754
28b602f2-2fc5-4c5e-a7dd-91c7927658f9	5	45032616	52310989	911	0.0848
28b602f2-2fc5-4c5e-a7dd-91c7927658f9	5	52311247	62269014	6346	0.2008
28b602f2-2fc5-4c5e-a7dd-91c7927658f9	5	62269777	64429208	835	0.125
28b602f2-2fc5-4c5e-a7dd-91c7927658f9	5	64429334	84185007	10902	0.1948
28b602f2-2fc5-4c5e-a7dd-91c7927658f9	5	84185683	86695666	1271	0.0979
28b602f2-2fc5-4c5e-a7dd-91c7927658f9	5	86705047	95609363	4545	0.1556
28b602f2-2fc5-4c5e-a7dd-91c7927658f9	5	95614015	97208971	1000	0.22
28b602f2-2fc5-4c5e-a7dd-91c7927658f9	5	97209771	100953971	1232	0.1553
28b602f2-2fc5-4c5e-a7dd-91c7927658f9	5	100961663	104144732	1487	0.1265
28b602f2-2fc5-4c5e-a7dd-91c7927658f9	5	104144773	107090792	1377	0.0763
28b602f2-2fc5-4c5e-a7dd-91c7927658f9	5	107092071	107730267	496	0.137
28b602f2-2fc5-4c5e-a7dd-91c7927658f9	5	107730491	111232395	2070	0.1677
28b602f2-2fc5-4c5e-a7dd-91c7927658f9	5	111232760	118802169	4915	0.1974
28b602f2-2fc5-4c5e-a7dd-91c7927658f9	5	118806179	121964947	1693	0.1377
28b602f2-2fc5-4c5e-a7dd-91c7927658f9	5	121972504	123439226	902	0.5996
28b602f2-2fc5-4c5e-a7dd-91c7927658f9	5	123442366	126171325	1644	0.2054
28b602f2-2fc5-4c5e-a7dd-91c7927658f9	5	126173013	126291359	82	0.5959
28b602f2-2fc5-4c5e-a7dd-91c7927658f9	5	126291819	127708150	821	0.1947
28b602f2-2fc5-4c5e-a7dd-91c7927658f9	5	127714712	127808989	42	0.8443
28b602f2-2fc5-4c5e-a7dd-91c7927658f9	5	127810243	131120930	1827	0.1837
28b602f2-2fc5-4c5e-a7dd-91c7927658f9	5	131123961	131349157	115	0.5037
28b602f2-2fc5-4c5e-a7dd-91c7927658f9	5	131352961	131861063	232	0.144
28b602f2-2fc5-4c5e-a7dd-91c7927658f9	5	131863068	133031491	637	0.2452
28b602f2-2fc5-4c5e-a7dd-91c7927658f9	5	133032813	133040336	5	-0.7639
28b602f2-2fc5-4c5e-a7dd-91c7927658f9	5	133041246	133831524	644	0.2094
28b602f2-2fc5-4c5e-a7dd-91c7927658f9	5	133832288	133850153	19	-1.0024
28b602f2-2fc5-4c5e-a7dd-91c7927658f9	5	133854003	135568263	1012	0.2349
28b602f2-2fc5-4c5e-a7dd-91c7927658f9	5	135569834	135624149	51	0.5694
28b602f2-2fc5-4c5e-a7dd-91c7927658f9	5	135627941	136288248	486	0.2486
28b602f2-2fc5-4c5e-a7dd-91c7927658f9	5	136295614	136561723	160	-0.3232
28b602f2-2fc5-4c5e-a7dd-91c7927658f9	5	136565342	136725203	100	0.1895
28b602f2-2fc5-4c5e-a7dd-91c7927658f9	5	136726597	137071897	209	0.5807
28b602f2-2fc5-4c5e-a7dd-91c7927658f9	5	137071991	137360488	278	0.2152
28b602f2-2fc5-4c5e-a7dd-91c7927658f9	5	137361291	137776226	271	0.5794
28b602f2-2fc5-4c5e-a7dd-91c7927658f9	5	137785060	140080651	979	0.2127
28b602f2-2fc5-4c5e-a7dd-91c7927658f9	5	140081305	140817637	320	0.5954
28b602f2-2fc5-4c5e-a7dd-91c7927658f9	5	140824700	141754820	384	0.1792
28b602f2-2fc5-4c5e-a7dd-91c7927658f9	5	141755874	143062229	947	0.2554
28b602f2-2fc5-4c5e-a7dd-91c7927658f9	5	143063820	143135597	53	0.7687
28b602f2-2fc5-4c5e-a7dd-91c7927658f9	5	143137277	143893364	533	0.2206
28b602f2-2fc5-4c5e-a7dd-91c7927658f9	5	143895636	145345285	857	0.1264
28b602f2-2fc5-4c5e-a7dd-91c7927658f9	5	145347160	145349623	3	-0.9482
28b602f2-2fc5-4c5e-a7dd-91c7927658f9	5	145350483	146466332	644	0.1472
28b602f2-2fc5-4c5e-a7dd-91c7927658f9	5	146466520	147545828	784	0.2081
28b602f2-2fc5-4c5e-a7dd-91c7927658f9	5	147547319	147567726	15	0.9464
28b602f2-2fc5-4c5e-a7dd-91c7927658f9	5	147567911	147580279	7	0.1655
28b602f2-2fc5-4c5e-a7dd-91c7927658f9	5	147581552	147667132	45	0.7183
28b602f2-2fc5-4c5e-a7dd-91c7927658f9	5	147668575	148305468	395	0.1843
28b602f2-2fc5-4c5e-a7dd-91c7927658f9	5	148308738	148362320	33	0.6265
28b602f2-2fc5-4c5e-a7dd-91c7927658f9	5	148368025	149156944	561	0.1779
28b602f2-2fc5-4c5e-a7dd-91c7927658f9	5	149158773	151275085	1380	-0.2996
28b602f2-2fc5-4c5e-a7dd-91c7927658f9	5	151278699	157197308	3891	-0.3767
28b602f2-2fc5-4c5e-a7dd-91c7927658f9	5	157197389	160267383	2048	-0.3291
28b602f2-2fc5-4c5e-a7dd-91c7927658f9	5	160269944	161347204	781	-0.4099
28b602f2-2fc5-4c5e-a7dd-91c7927658f9	5	161363744	163706159	1364	0.0954
28b602f2-2fc5-4c5e-a7dd-91c7927658f9	5	163707538	164164897	257	-0.4042
28b602f2-2fc5-4c5e-a7dd-91c7927658f9	5	164166188	164169638	3	0.2888
28b602f2-2fc5-4c5e-a7dd-91c7927658f9	5	164170153	164442837	153	-0.3711
28b602f2-2fc5-4c5e-a7dd-91c7927658f9	5	164446093	166735325	1470	-0.4713
28b602f2-2fc5-4c5e-a7dd-91c7927658f9	5	166741707	180932733	8424	-0.358
28b602f2-2fc5-4c5e-a7dd-91c7927658f9	5	180932926	180934240	4	0.1224
28b602f2-2fc5-4c5e-a7dd-91c7927658f9	6	1011760	3073888	1605	0.1766
28b602f2-2fc5-4c5e-a7dd-91c7927658f9	6	3073949	3928821	581	0.2452
28b602f2-2fc5-4c5e-a7dd-91c7927658f9	6	3929747	7085839	2325	0.1832
28b602f2-2fc5-4c5e-a7dd-91c7927658f9	6	7086200	8441650	994	0.12
28b602f2-2fc5-4c5e-a7dd-91c7927658f9	6	8445603	10187185	1199	0.0419
28b602f2-2fc5-4c5e-a7dd-91c7927658f9	6	10187777	10362586	137	0.0916
28b602f2-2fc5-4c5e-a7dd-91c7927658f9	6	10364792	25449876	10470	0.1452
28b602f2-2fc5-4c5e-a7dd-91c7927658f9	6	25449925	29501712	1415	0.0822
28b602f2-2fc5-4c5e-a7dd-91c7927658f9	6	29503208	30305594	276	0.1765
28b602f2-2fc5-4c5e-a7dd-91c7927658f9	6	30310335	32991403	381	0.2521
28b602f2-2fc5-4c5e-a7dd-91c7927658f9	6	32997190	36181594	1582	0.1712
28b602f2-2fc5-4c5e-a7dd-91c7927658f9	6	36185992	38279615	1355	0.2201
28b602f2-2fc5-4c5e-a7dd-91c7927658f9	6	38279698	40854852	2014	0.149
28b602f2-2fc5-4c5e-a7dd-91c7927658f9	6	40855357	43724136	1575	0.192
28b602f2-2fc5-4c5e-a7dd-91c7927658f9	6	43724221	44846308	714	0.2529
28b602f2-2fc5-4c5e-a7dd-91c7927658f9	6	44852927	45224558	102	0.1416
28b602f2-2fc5-4c5e-a7dd-91c7927658f9	6	45229486	45348068	50	-0.6111
28b602f2-2fc5-4c5e-a7dd-91c7927658f9	6	45358011	45576819	148	0.1676
28b602f2-2fc5-4c5e-a7dd-91c7927658f9	6	45577337	45951823	286	0.2553
28b602f2-2fc5-4c5e-a7dd-91c7927658f9	6	45952229	47775525	1202	0.1578
28b602f2-2fc5-4c5e-a7dd-91c7927658f9	6	47776186	47776587	3	0.8288
28b602f2-2fc5-4c5e-a7dd-91c7927658f9	6	47778708	48010210	126	0.1478
28b602f2-2fc5-4c5e-a7dd-91c7927658f9	6	48010830	50701583	1394	0.0528
28b602f2-2fc5-4c5e-a7dd-91c7927658f9	6	50701698	50925015	115	0.3679
28b602f2-2fc5-4c5e-a7dd-91c7927658f9	6	50925538	50925578	2	-0.768
28b602f2-2fc5-4c5e-a7dd-91c7927658f9	6	50931560	61530738	4016	0.4505
28b602f2-2fc5-4c5e-a7dd-91c7927658f9	6	61596503	62815147	545	-0.0018
28b602f2-2fc5-4c5e-a7dd-91c7927658f9	6	62815589	64043533	624	0.0613
28b602f2-2fc5-4c5e-a7dd-91c7927658f9	6	64043569	70795323	3861	-0.0064
28b602f2-2fc5-4c5e-a7dd-91c7927658f9	6	70799016	72431190	940	0.1175
28b602f2-2fc5-4c5e-a7dd-91c7927658f9	6	72431849	72865554	281	0.0326
28b602f2-2fc5-4c5e-a7dd-91c7927658f9	6	72867881	75934513	1784	0.1182
28b602f2-2fc5-4c5e-a7dd-91c7927658f9	6	75938152	75951684	15	0.6958
28b602f2-2fc5-4c5e-a7dd-91c7927658f9	6	75954067	75972784	11	0.1063
28b602f2-2fc5-4c5e-a7dd-91c7927658f9	6	75973518	81279429	2821	0.0596
28b602f2-2fc5-4c5e-a7dd-91c7927658f9	6	81279751	85613797	2544	0.1289
28b602f2-2fc5-4c5e-a7dd-91c7927658f9	6	85616649	89002092	1861	0.0823
28b602f2-2fc5-4c5e-a7dd-91c7927658f9	6	89006317	91454850	1529	0.1172
28b602f2-2fc5-4c5e-a7dd-91c7927658f9	6	91460256	92778335	790	-0.004
28b602f2-2fc5-4c5e-a7dd-91c7927658f9	6	92778859	92780199	3	-1.0549
28b602f2-2fc5-4c5e-a7dd-91c7927658f9	6	92780237	99016127	2848	-0.0151
28b602f2-2fc5-4c5e-a7dd-91c7927658f9	6	99016533	101311095	1367	0.074
28b602f2-2fc5-4c5e-a7dd-91c7927658f9	6	101311967	104516204	1755	0.0018
28b602f2-2fc5-4c5e-a7dd-91c7927658f9	6	104517075	114282483	6033	0.1154
28b602f2-2fc5-4c5e-a7dd-91c7927658f9	6	114285163	121385276	3597	0.0522
28b602f2-2fc5-4c5e-a7dd-91c7927658f9	6	121385434	122382365	515	0.1475
28b602f2-2fc5-4c5e-a7dd-91c7927658f9	6	122387541	123007659	364	0.0637
28b602f2-2fc5-4c5e-a7dd-91c7927658f9	6	123010261	124046679	559	-0.0063
28b602f2-2fc5-4c5e-a7dd-91c7927658f9	6	124046706	129148490	3041	0.0533
28b602f2-2fc5-4c5e-a7dd-91c7927658f9	6	129148668	133338155	2852	0.1214
28b602f2-2fc5-4c5e-a7dd-91c7927658f9	6	133340328	133341074	2	-1.117
28b602f2-2fc5-4c5e-a7dd-91c7927658f9	6	133342199	135014291	1117	0.1248
28b602f2-2fc5-4c5e-a7dd-91c7927658f9	6	135021116	135022100	2	-0.9311
28b602f2-2fc5-4c5e-a7dd-91c7927658f9	6	135028432	136417259	991	0.1104
28b602f2-2fc5-4c5e-a7dd-91c7927658f9	6	136421963	142533462	3288	0.0723
28b602f2-2fc5-4c5e-a7dd-91c7927658f9	6	142536008	145105515	1762	0.1177
28b602f2-2fc5-4c5e-a7dd-91c7927658f9	6	145105746	146661360	868	0.0583
28b602f2-2fc5-4c5e-a7dd-91c7927658f9	6	146665465	151456015	3284	0.1176
28b602f2-2fc5-4c5e-a7dd-91c7927658f9	6	151458855	153745949	1691	0.0538
28b602f2-2fc5-4c5e-a7dd-91c7927658f9	6	153749150	157083329	2275	0.0994
28b602f2-2fc5-4c5e-a7dd-91c7927658f9	6	157083356	162702719	3238	0.1322
28b602f2-2fc5-4c5e-a7dd-91c7927658f9	6	162703120	168581004	3051	0.0925
28b602f2-2fc5-4c5e-a7dd-91c7927658f9	6	168581018	169683198	498	0.1587
28b602f2-2fc5-4c5e-a7dd-91c7927658f9	6	169683461	170596889	270	0.0752
28b602f2-2fc5-4c5e-a7dd-91c7927658f9	7	664936	3585618	1117	0.4971
28b602f2-2fc5-4c5e-a7dd-91c7927658f9	7	3586896	3791792	42	0.277
28b602f2-2fc5-4c5e-a7dd-91c7927658f9	7	3792239	7579048	1540	0.4926
28b602f2-2fc5-4c5e-a7dd-91c7927658f9	7	7579089	7818366	181	0.4212
28b602f2-2fc5-4c5e-a7dd-91c7927658f9	7	7818910	14770658	4067	0.3804
28b602f2-2fc5-4c5e-a7dd-91c7927658f9	7	14772825	21188769	3379	0.4381
28b602f2-2fc5-4c5e-a7dd-91c7927658f9	7	21189124	22079972	631	0.3666
28b602f2-2fc5-4c5e-a7dd-91c7927658f9	7	22080478	26224692	3010	0.4236
28b602f2-2fc5-4c5e-a7dd-91c7927658f9	7	26225356	31481186	3261	0.49
28b602f2-2fc5-4c5e-a7dd-91c7927658f9	7	31482198	34661589	2095	0.423
28b602f2-2fc5-4c5e-a7dd-91c7927658f9	7	34662340	35320476	301	0.3299
28b602f2-2fc5-4c5e-a7dd-91c7927658f9	7	35320916	35762923	384	0.4235
28b602f2-2fc5-4c5e-a7dd-91c7927658f9	7	35763700	35887249	63	-0.4281
28b602f2-2fc5-4c5e-a7dd-91c7927658f9	7	35891153	48535893	7974	0.4673
28b602f2-2fc5-4c5e-a7dd-91c7927658f9	7	48538578	51483295	2069	0.4291
28b602f2-2fc5-4c5e-a7dd-91c7927658f9	7	51485683	54429635	2006	0.3289
28b602f2-2fc5-4c5e-a7dd-91c7927658f9	7	54429893	57135709	1369	0.411
28b602f2-2fc5-4c5e-a7dd-91c7927658f9	7	57138060	63860912	37	0.2243
28b602f2-2fc5-4c5e-a7dd-91c7927658f9	7	63861658	65720303	471	0.1058
28b602f2-2fc5-4c5e-a7dd-91c7927658f9	7	65721325	73826663	3787	0.1854
28b602f2-2fc5-4c5e-a7dd-91c7927658f9	7	73827927	77447091	952	0.2392
28b602f2-2fc5-4c5e-a7dd-91c7927658f9	7	77447805	79075042	1144	0.1968
28b602f2-2fc5-4c5e-a7dd-91c7927658f9	7	79075062	80032497	541	0.1275
28b602f2-2fc5-4c5e-a7dd-91c7927658f9	7	80033148	82180234	1414	0.1981
28b602f2-2fc5-4c5e-a7dd-91c7927658f9	7	82180910	84195866	1298	0.1277
28b602f2-2fc5-4c5e-a7dd-91c7927658f9	7	84199629	86036942	867	0.1868
28b602f2-2fc5-4c5e-a7dd-91c7927658f9	7	86038509	88480355	1277	0.1127
28b602f2-2fc5-4c5e-a7dd-91c7927658f9	7	88480541	91726302	922	0.2192
28b602f2-2fc5-4c5e-a7dd-91c7927658f9	7	91726318	98226278	3878	0.1724
28b602f2-2fc5-4c5e-a7dd-91c7927658f9	7	98226631	102038521	1423	0.2141
28b602f2-2fc5-4c5e-a7dd-91c7927658f9	7	102039221	102058641	16	-0.7305
28b602f2-2fc5-4c5e-a7dd-91c7927658f9	7	102064650	105637754	1797	0.1971
28b602f2-2fc5-4c5e-a7dd-91c7927658f9	7	105640067	106206148	482	0.2712
28b602f2-2fc5-4c5e-a7dd-91c7927658f9	7	106210810	108423670	1178	0.1977
28b602f2-2fc5-4c5e-a7dd-91c7927658f9	7	108423955	111109280	1605	0.1208
28b602f2-2fc5-4c5e-a7dd-91c7927658f9	7	111109707	112760928	473	0.1975
28b602f2-2fc5-4c5e-a7dd-91c7927658f9	7	112764090	116122436	1737	0.1315
28b602f2-2fc5-4c5e-a7dd-91c7927658f9	7	116122870	118049247	1275	0.1833
28b602f2-2fc5-4c5e-a7dd-91c7927658f9	7	118050021	120413412	1088	0.0677
28b602f2-2fc5-4c5e-a7dd-91c7927658f9	7	120413844	123419678	1793	0.152
28b602f2-2fc5-4c5e-a7dd-91c7927658f9	7	123419890	127008843	1882	0.0706
28b602f2-2fc5-4c5e-a7dd-91c7927658f9	7	127009379	127982290	626	0.1795
28b602f2-2fc5-4c5e-a7dd-91c7927658f9	7	127984304	131323577	1585	0.2327
28b602f2-2fc5-4c5e-a7dd-91c7927658f9	7	131323718	134179880	1698	0.17
28b602f2-2fc5-4c5e-a7dd-91c7927658f9	7	134181511	135382453	869	0.2313
28b602f2-2fc5-4c5e-a7dd-91c7927658f9	7	135382482	139580547	2461	0.1847
28b602f2-2fc5-4c5e-a7dd-91c7927658f9	7	139582642	140700423	576	0.2479
28b602f2-2fc5-4c5e-a7dd-91c7927658f9	7	140700870	142293530	977	0.1647
28b602f2-2fc5-4c5e-a7dd-91c7927658f9	7	142358543	142768623	11	0.504
28b602f2-2fc5-4c5e-a7dd-91c7927658f9	7	142810364	142976780	132	0.1872
28b602f2-2fc5-4c5e-a7dd-91c7927658f9	7	142976922	145364035	1020	0.1114
28b602f2-2fc5-4c5e-a7dd-91c7927658f9	7	145364140	146502510	552	0.044
28b602f2-2fc5-4c5e-a7dd-91c7927658f9	7	146502909	147328851	478	0.1071
28b602f2-2fc5-4c5e-a7dd-91c7927658f9	7	147328886	152144294	2615	0.1882
28b602f2-2fc5-4c5e-a7dd-91c7927658f9	7	152145478	156320247	2242	0.1429
28b602f2-2fc5-4c5e-a7dd-91c7927658f9	7	156320579	158592540	1127	0.1753
28b602f2-2fc5-4c5e-a7dd-91c7927658f9	8	667625	2165631	778	-0.4241
28b602f2-2fc5-4c5e-a7dd-91c7927658f9	8	2165853	5377228	1852	-0.2811
28b602f2-2fc5-4c5e-a7dd-91c7927658f9	8	5377441	14707779	4167	-0.1783
28b602f2-2fc5-4c5e-a7dd-91c7927658f9	8	14708901	14709126	3	-2.0737
28b602f2-2fc5-4c5e-a7dd-91c7927658f9	8	14709318	15802005	855	-0.1966
28b602f2-2fc5-4c5e-a7dd-91c7927658f9	8	15802096	19955301	3088	-0.1056
28b602f2-2fc5-4c5e-a7dd-91c7927658f9	8	19955788	19997761	52	0.1033
28b602f2-2fc5-4c5e-a7dd-91c7927658f9	8	19999974	20582250	524	0.2409
28b602f2-2fc5-4c5e-a7dd-91c7927658f9	8	20584409	23578810	1908	0.0668
28b602f2-2fc5-4c5e-a7dd-91c7927658f9	8	23578869	27874262	3065	-0.0206
28b602f2-2fc5-4c5e-a7dd-91c7927658f9	8	27876140	30856503	1831	0.0615
28b602f2-2fc5-4c5e-a7dd-91c7927658f9	8	30857209	32267433	966	-0.0131
28b602f2-2fc5-4c5e-a7dd-91c7927658f9	8	32267830	32413985	139	0.0638
28b602f2-2fc5-4c5e-a7dd-91c7927658f9	8	32415681	33971042	904	0.1644
28b602f2-2fc5-4c5e-a7dd-91c7927658f9	8	33971329	36805162	1367	0.0693
28b602f2-2fc5-4c5e-a7dd-91c7927658f9	8	36810292	37545311	504	0.1824
28b602f2-2fc5-4c5e-a7dd-91c7927658f9	8	37550176	37906387	135	0.2897
28b602f2-2fc5-4c5e-a7dd-91c7927658f9	8	37911375	38380416	179	0.2012
28b602f2-2fc5-4c5e-a7dd-91c7927658f9	8	38386347	38946551	271	0.4022
28b602f2-2fc5-4c5e-a7dd-91c7927658f9	8	38946708	40821494	1117	0.2738
28b602f2-2fc5-4c5e-a7dd-91c7927658f9	8	40822041	41471922	406	0.3516
28b602f2-2fc5-4c5e-a7dd-91c7927658f9	8	41474859	48136583	1521	0.4119
28b602f2-2fc5-4c5e-a7dd-91c7927658f9	8	48140401	49118033	523	0.4951
28b602f2-2fc5-4c5e-a7dd-91c7927658f9	8	49118052	49304706	139	0.4346
28b602f2-2fc5-4c5e-a7dd-91c7927658f9	8	49305038	57196661	4498	0.3895
28b602f2-2fc5-4c5e-a7dd-91c7927658f9	8	57197596	60906454	2395	0.4417
28b602f2-2fc5-4c5e-a7dd-91c7927658f9	8	60907771	62817900	1262	0.337
28b602f2-2fc5-4c5e-a7dd-91c7927658f9	8	62818063	64082932	721	0.2649
28b602f2-2fc5-4c5e-a7dd-91c7927658f9	8	64085329	64089521	2	-0.9069
28b602f2-2fc5-4c5e-a7dd-91c7927658f9	8	64090368	65141827	481	0.2606
28b602f2-2fc5-4c5e-a7dd-91c7927658f9	8	65142844	72289914	4185	0.3681
28b602f2-2fc5-4c5e-a7dd-91c7927658f9	8	72290251	80539797	4728	0.3262
28b602f2-2fc5-4c5e-a7dd-91c7927658f9	8	80540098	81949411	813	0.3696
28b602f2-2fc5-4c5e-a7dd-91c7927658f9	8	81949796	84318411	1273	0.2389
28b602f2-2fc5-4c5e-a7dd-91c7927658f9	8	84318625	84968470	316	0.3395
28b602f2-2fc5-4c5e-a7dd-91c7927658f9	8	84970924	89319754	2256	0.2974
28b602f2-2fc5-4c5e-a7dd-91c7927658f9	8	89319837	93081044	2061	0.3455
28b602f2-2fc5-4c5e-a7dd-91c7927658f9	8	93084684	94368728	823	0.421
28b602f2-2fc5-4c5e-a7dd-91c7927658f9	8	94368867	95964491	1050	0.3418
28b602f2-2fc5-4c5e-a7dd-91c7927658f9	8	95964759	99007501	1757	0.4042
28b602f2-2fc5-4c5e-a7dd-91c7927658f9	8	99009317	99809806	382	0.327
28b602f2-2fc5-4c5e-a7dd-91c7927658f9	8	99810154	103573565	2275	0.4161
28b602f2-2fc5-4c5e-a7dd-91c7927658f9	8	103574427	104366080	423	0.323
28b602f2-2fc5-4c5e-a7dd-91c7927658f9	8	104366469	107074857	1322	0.389
28b602f2-2fc5-4c5e-a7dd-91c7927658f9	8	107074947	108733716	1039	0.3424
28b602f2-2fc5-4c5e-a7dd-91c7927658f9	8	108733828	115097176	3144	0.2379
28b602f2-2fc5-4c5e-a7dd-91c7927658f9	8	115097821	119895688	3245	0.3481
28b602f2-2fc5-4c5e-a7dd-91c7927658f9	8	119898140	125803831	3883	0.4075
28b602f2-2fc5-4c5e-a7dd-91c7927658f9	8	125806396	127359440	1103	0.3441
28b602f2-2fc5-4c5e-a7dd-91c7927658f9	8	127361119	130981094	2523	0.4203
28b602f2-2fc5-4c5e-a7dd-91c7927658f9	8	130986770	132349977	933	0.3332
28b602f2-2fc5-4c5e-a7dd-91c7927658f9	8	132351982	132864685	363	0.3851
28b602f2-2fc5-4c5e-a7dd-91c7927658f9	8	132865017	133599088	682	0.451
28b602f2-2fc5-4c5e-a7dd-91c7927658f9	8	133599668	133849429	188	0.3887
28b602f2-2fc5-4c5e-a7dd-91c7927658f9	8	133849700	134018028	153	0.354
28b602f2-2fc5-4c5e-a7dd-91c7927658f9	8	134018225	135357454	1080	0.3242
28b602f2-2fc5-4c5e-a7dd-91c7927658f9	8	135360091	138186408	1981	0.274
28b602f2-2fc5-4c5e-a7dd-91c7927658f9	8	138187424	139074734	712	0.3258
28b602f2-2fc5-4c5e-a7dd-91c7927658f9	8	139075002	144182542	1711	0.374
28b602f2-2fc5-4c5e-a7dd-91c7927658f9	9	789794	4559024	2705	0.5413
28b602f2-2fc5-4c5e-a7dd-91c7927658f9	9	4560243	4560348	2	2.2616
28b602f2-2fc5-4c5e-a7dd-91c7927658f9	9	4560569	4978643	336	0.5322
28b602f2-2fc5-4c5e-a7dd-91c7927658f9	9	4981269	5252074	178	0.403
28b602f2-2fc5-4c5e-a7dd-91c7927658f9	9	5252186	6222553	442	0.5045
28b602f2-2fc5-4c5e-a7dd-91c7927658f9	9	6222839	7796329	625	0.5691
28b602f2-2fc5-4c5e-a7dd-91c7927658f9	9	7797966	9481334	1102	0.5093
28b602f2-2fc5-4c5e-a7dd-91c7927658f9	9	9481701	12617397	967	0.3919
28b602f2-2fc5-4c5e-a7dd-91c7927658f9	9	12617803	15908401	2488	0.5006
28b602f2-2fc5-4c5e-a7dd-91c7927658f9	9	15908750	16073704	145	0.6216
28b602f2-2fc5-4c5e-a7dd-91c7927658f9	9	16074485	16074512	2	-0.247
28b602f2-2fc5-4c5e-a7dd-91c7927658f9	9	16074728	16169269	100	0.6332
28b602f2-2fc5-4c5e-a7dd-91c7927658f9	9	16170931	19311701	2640	0.513
28b602f2-2fc5-4c5e-a7dd-91c7927658f9	9	19313829	21042300	1297	0.4493
28b602f2-2fc5-4c5e-a7dd-91c7927658f9	9	21043632	21329116	228	0.5016
28b602f2-2fc5-4c5e-a7dd-91c7927658f9	9	21329289	21954954	368	0.555
28b602f2-2fc5-4c5e-a7dd-91c7927658f9	9	21956079	23847452	1291	0.4784
28b602f2-2fc5-4c5e-a7dd-91c7927658f9	9	23847617	26242138	1391	0.3737
28b602f2-2fc5-4c5e-a7dd-91c7927658f9	9	26242205	28140217	1270	0.4515
28b602f2-2fc5-4c5e-a7dd-91c7927658f9	9	28146983	31435683	1427	0.3725
28b602f2-2fc5-4c5e-a7dd-91c7927658f9	9	31436238	32133829	488	0.4427
28b602f2-2fc5-4c5e-a7dd-91c7927658f9	9	32134745	38505858	3835	0.5293
28b602f2-2fc5-4c5e-a7dd-91c7927658f9	9	38507668	73573340	3822	0.4666
28b602f2-2fc5-4c5e-a7dd-91c7927658f9	9	73573427	75147533	1006	0.4085
28b602f2-2fc5-4c5e-a7dd-91c7927658f9	9	75148384	76062238	675	0.4995
28b602f2-2fc5-4c5e-a7dd-91c7927658f9	9	76062874	76092680	28	1.0053
28b602f2-2fc5-4c5e-a7dd-91c7927658f9	9	76092946	76991054	768	0.5337
28b602f2-2fc5-4c5e-a7dd-91c7927658f9	9	76992049	77424742	280	0.4176
28b602f2-2fc5-4c5e-a7dd-91c7927658f9	9	77425029	82677814	3557	0.4781
28b602f2-2fc5-4c5e-a7dd-91c7927658f9	9	82681753	85991562	2345	0.4432
28b602f2-2fc5-4c5e-a7dd-91c7927658f9	9	85997788	87600137	1174	0.5507
28b602f2-2fc5-4c5e-a7dd-91c7927658f9	9	87600667	87685009	82	0.5134
28b602f2-2fc5-4c5e-a7dd-91c7927658f9	9	87687557	87688360	2	-0.6571
28b602f2-2fc5-4c5e-a7dd-91c7927658f9	9	87689022	90796064	2115	0.4836
28b602f2-2fc5-4c5e-a7dd-91c7927658f9	9	90796236	91218281	298	0.5687
28b602f2-2fc5-4c5e-a7dd-91c7927658f9	9	91225241	98637770	4488	0.4932
28b602f2-2fc5-4c5e-a7dd-91c7927658f9	9	98638278	99492194	608	0.5616
28b602f2-2fc5-4c5e-a7dd-91c7927658f9	9	99507145	102335730	1617	0.4442
28b602f2-2fc5-4c5e-a7dd-91c7927658f9	9	102342667	103670610	633	0.3697
28b602f2-2fc5-4c5e-a7dd-91c7927658f9	9	103671313	105910795	1483	0.4723
28b602f2-2fc5-4c5e-a7dd-91c7927658f9	9	105912111	113223463	5207	0.5176
28b602f2-2fc5-4c5e-a7dd-91c7927658f9	9	113224129	116484146	2264	0.5595
28b602f2-2fc5-4c5e-a7dd-91c7927658f9	9	116485535	116713991	178	0.5124
28b602f2-2fc5-4c5e-a7dd-91c7927658f9	9	116715720	116897594	164	0.894
28b602f2-2fc5-4c5e-a7dd-91c7927658f9	9	116904042	117104023	199	0.5085
28b602f2-2fc5-4c5e-a7dd-91c7927658f9	9	117107402	119536859	1854	0.4305
28b602f2-2fc5-4c5e-a7dd-91c7927658f9	9	119536931	124800694	3409	0.5351
28b602f2-2fc5-4c5e-a7dd-91c7927658f9	9	124808848	126403174	961	-0.3441
28b602f2-2fc5-4c5e-a7dd-91c7927658f9	9	126403736	131600790	2807	-0.2817
28b602f2-2fc5-4c5e-a7dd-91c7927658f9	9	131601290	138044505	2998	-0.3342
28b602f2-2fc5-4c5e-a7dd-91c7927658f9	10	366509	728026	114	-4.1602
28b602f2-2fc5-4c5e-a7dd-91c7927658f9	10	729799	735184	9	0.0768
28b602f2-2fc5-4c5e-a7dd-91c7927658f9	10	739177	1641446	428	-0.3841
28b602f2-2fc5-4c5e-a7dd-91c7927658f9	10	1641600	1642670	2	-2.2196
28b602f2-2fc5-4c5e-a7dd-91c7927658f9	10	1642855	3099778	769	-0.4193
28b602f2-2fc5-4c5e-a7dd-91c7927658f9	10	3105000	6811598	2902	-0.3015
28b602f2-2fc5-4c5e-a7dd-91c7927658f9	10	6814737	7100035	316	-0.3523
28b602f2-2fc5-4c5e-a7dd-91c7927658f9	10	7100201	10923009	2877	-0.4083
28b602f2-2fc5-4c5e-a7dd-91c7927658f9	10	10923040	14052274	2475	-0.3328
28b602f2-2fc5-4c5e-a7dd-91c7927658f9	10	14052905	14054369	3	-3.6129
28b602f2-2fc5-4c5e-a7dd-91c7927658f9	10	14054502	18240147	3062	-0.318
28b602f2-2fc5-4c5e-a7dd-91c7927658f9	10	18240215	29179279	7235	-0.3526
28b602f2-2fc5-4c5e-a7dd-91c7927658f9	10	29179300	29179507	3	-1.5196
28b602f2-2fc5-4c5e-a7dd-91c7927658f9	10	29181507	29610854	374	-0.3544
28b602f2-2fc5-4c5e-a7dd-91c7927658f9	10	29611017	34124546	3116	-0.3099
28b602f2-2fc5-4c5e-a7dd-91c7927658f9	10	34127629	34129455	2	-1.8775
28b602f2-2fc5-4c5e-a7dd-91c7927658f9	10	34132626	34563012	297	-3.5944
28b602f2-2fc5-4c5e-a7dd-91c7927658f9	10	34563902	51252249	6014	-0.3648
28b602f2-2fc5-4c5e-a7dd-91c7927658f9	10	51254408	57051896	3358	-0.4533
28b602f2-2fc5-4c5e-a7dd-91c7927658f9	10	57052112	57387016	167	-0.3677
28b602f2-2fc5-4c5e-a7dd-91c7927658f9	10	57391789	64417877	4676	-0.3183
28b602f2-2fc5-4c5e-a7dd-91c7927658f9	10	64419278	66948805	1406	-0.38
28b602f2-2fc5-4c5e-a7dd-91c7927658f9	10	66949733	68515516	710	-0.3288
28b602f2-2fc5-4c5e-a7dd-91c7927658f9	10	68516462	69435858	545	-0.2734
28b602f2-2fc5-4c5e-a7dd-91c7927658f9	10	69437219	69439138	2	-1.9119
28b602f2-2fc5-4c5e-a7dd-91c7927658f9	10	69439238	80553681	6681	-0.2814
28b602f2-2fc5-4c5e-a7dd-91c7927658f9	10	80553807	80913943	295	-0.3515
28b602f2-2fc5-4c5e-a7dd-91c7927658f9	10	80914046	85762211	3452	-0.4046
28b602f2-2fc5-4c5e-a7dd-91c7927658f9	10	85762426	86649135	587	-0.3301
28b602f2-2fc5-4c5e-a7dd-91c7927658f9	10	86653555	86657967	4	-5.3911
28b602f2-2fc5-4c5e-a7dd-91c7927658f9	10	86660427	86677780	17	-0.3366
28b602f2-2fc5-4c5e-a7dd-91c7927658f9	10	86693628	87861304	447	-3.4763
28b602f2-2fc5-4c5e-a7dd-91c7927658f9	10	87866697	87976151	189	-1.4907
28b602f2-2fc5-4c5e-a7dd-91c7927658f9	10	87977344	89125515	788	-3.7031
28b602f2-2fc5-4c5e-a7dd-91c7927658f9	10	89129760	105169368	9267	-0.3165
28b602f2-2fc5-4c5e-a7dd-91c7927658f9	10	105169555	109075732	2604	-0.4205
28b602f2-2fc5-4c5e-a7dd-91c7927658f9	10	109079066	115094475	4040	-0.3155
28b602f2-2fc5-4c5e-a7dd-91c7927658f9	10	115095741	118581343	2390	-0.372
28b602f2-2fc5-4c5e-a7dd-91c7927658f9	10	118584265	123839948	4035	-0.3161
28b602f2-2fc5-4c5e-a7dd-91c7927658f9	10	123840832	127312447	2290	-0.2805
28b602f2-2fc5-4c5e-a7dd-91c7927658f9	10	127314543	128159535	667	-0.3558
28b602f2-2fc5-4c5e-a7dd-91c7927658f9	10	128160683	128160794	2	-1.4836
28b602f2-2fc5-4c5e-a7dd-91c7927658f9	10	128167306	128637357	391	-0.337
28b602f2-2fc5-4c5e-a7dd-91c7927658f9	10	128637519	131914565	1543	-0.4095
28b602f2-2fc5-4c5e-a7dd-91c7927658f9	10	131923542	133411599	491	-0.3334
28b602f2-2fc5-4c5e-a7dd-91c7927658f9	11	456012	2080053	425	-0.3077
28b602f2-2fc5-4c5e-a7dd-91c7927658f9	11	2080087	2080574	4	-1.4723
28b602f2-2fc5-4c5e-a7dd-91c7927658f9	11	2081525	2829552	296	-0.3342
28b602f2-2fc5-4c5e-a7dd-91c7927658f9	11	2831355	3952027	472	-0.2726
28b602f2-2fc5-4c5e-a7dd-91c7927658f9	11	3952707	8354360	3005	-0.3664
28b602f2-2fc5-4c5e-a7dd-91c7927658f9	11	8355315	13682108	3930	-0.2974
28b602f2-2fc5-4c5e-a7dd-91c7927658f9	11	13682140	15754898	1271	-0.3648
28b602f2-2fc5-4c5e-a7dd-91c7927658f9	11	15755087	15755240	2	-1.8136
28b602f2-2fc5-4c5e-a7dd-91c7927658f9	11	15755594	19284789	2271	-0.3664
28b602f2-2fc5-4c5e-a7dd-91c7927658f9	11	19285146	20028659	726	-0.2805
28b602f2-2fc5-4c5e-a7dd-91c7927658f9	11	20028765	20947076	780	-0.3679
28b602f2-2fc5-4c5e-a7dd-91c7927658f9	11	20947127	24880928	2632	-0.4221
28b602f2-2fc5-4c5e-a7dd-91c7927658f9	11	24883144	24889919	12	-1.04
28b602f2-2fc5-4c5e-a7dd-91c7927658f9	11	24890199	25112297	135	-0.4719
28b602f2-2fc5-4c5e-a7dd-91c7927658f9	11	25274907	25285096	17	0.0134
28b602f2-2fc5-4c5e-a7dd-91c7927658f9	11	25285728	26387552	753	-0.4122
28b602f2-2fc5-4c5e-a7dd-91c7927658f9	11	26387666	28754628	1436	-0.3242
28b602f2-2fc5-4c5e-a7dd-91c7927658f9	11	28760916	31679931	1748	-0.4103
28b602f2-2fc5-4c5e-a7dd-91c7927658f9	11	31680968	36314305	3283	-0.3107
28b602f2-2fc5-4c5e-a7dd-91c7927658f9	11	36314713	36315083	3	-1.7608
28b602f2-2fc5-4c5e-a7dd-91c7927658f9	11	36318123	36846677	371	-0.3199
28b602f2-2fc5-4c5e-a7dd-91c7927658f9	11	36847052	43379135	3745	-0.4023
28b602f2-2fc5-4c5e-a7dd-91c7927658f9	11	43382568	44935929	1113	-0.3162
28b602f2-2fc5-4c5e-a7dd-91c7927658f9	11	44940289	48976261	1709	0.4226
28b602f2-2fc5-4c5e-a7dd-91c7927658f9	11	48976483	60741425	2982	0.2511
28b602f2-2fc5-4c5e-a7dd-91c7927658f9	11	60741526	62830245	1062	0.31
28b602f2-2fc5-4c5e-a7dd-91c7927658f9	11	62836444	62837626	4	1.1647
28b602f2-2fc5-4c5e-a7dd-91c7927658f9	11	62846382	63864700	506	0.2726
28b602f2-2fc5-4c5e-a7dd-91c7927658f9	11	63868010	66736182	688	0.3401
28b602f2-2fc5-4c5e-a7dd-91c7927658f9	11	66750353	69415653	1012	0.284
28b602f2-2fc5-4c5e-a7dd-91c7927658f9	11	69415686	74059570	2302	0.2446
28b602f2-2fc5-4c5e-a7dd-91c7927658f9	11	74066502	74089256	18	0.6701
28b602f2-2fc5-4c5e-a7dd-91c7927658f9	11	74089730	79391030	3124	0.2676
28b602f2-2fc5-4c5e-a7dd-91c7927658f9	11	79392186	82508690	2162	0.1469
28b602f2-2fc5-4c5e-a7dd-91c7927658f9	11	82509592	85795046	1719	0.2114
28b602f2-2fc5-4c5e-a7dd-91c7927658f9	11	85798544	86960691	827	0.2875
28b602f2-2fc5-4c5e-a7dd-91c7927658f9	11	86967049	88824568	1257	0.2055
28b602f2-2fc5-4c5e-a7dd-91c7927658f9	11	88825308	91722471	1504	0.1568
28b602f2-2fc5-4c5e-a7dd-91c7927658f9	11	91725996	97114089	3377	0.2426
28b602f2-2fc5-4c5e-a7dd-91c7927658f9	11	97116167	97460886	285	0.1763
28b602f2-2fc5-4c5e-a7dd-91c7927658f9	11	97463013	99958649	1562	0.1264
28b602f2-2fc5-4c5e-a7dd-91c7927658f9	11	99958820	102466352	1717	0.1866
28b602f2-2fc5-4c5e-a7dd-91c7927658f9	11	102466717	102961679	391	0.2647
28b602f2-2fc5-4c5e-a7dd-91c7927658f9	11	102967714	103112894	98	0.7529
28b602f2-2fc5-4c5e-a7dd-91c7927658f9	11	103120500	108463003	2960	0.2028
28b602f2-2fc5-4c5e-a7dd-91c7927658f9	11	108463594	119261831	7295	0.247
28b602f2-2fc5-4c5e-a7dd-91c7927658f9	11	119267603	120908650	1153	0.2926
28b602f2-2fc5-4c5e-a7dd-91c7927658f9	11	120908988	123872561	2144	0.2493
28b602f2-2fc5-4c5e-a7dd-91c7927658f9	11	123874213	124622176	580	0.1819
28b602f2-2fc5-4c5e-a7dd-91c7927658f9	11	124625466	125573577	606	0.2781
28b602f2-2fc5-4c5e-a7dd-91c7927658f9	11	125574708	128158101	1854	0.2231
28b602f2-2fc5-4c5e-a7dd-91c7927658f9	11	128158681	133121868	3582	0.2655
28b602f2-2fc5-4c5e-a7dd-91c7927658f9	11	133122224	134272740	474	0.1698
28b602f2-2fc5-4c5e-a7dd-91c7927658f9	12	780472	1780116	228	-0.3336
28b602f2-2fc5-4c5e-a7dd-91c7927658f9	12	1780657	3427539	1005	-0.2782
28b602f2-2fc5-4c5e-a7dd-91c7927658f9	12	3427850	6027802	2132	-0.3474
28b602f2-2fc5-4c5e-a7dd-91c7927658f9	12	6028290	7642476	754	-0.2568
28b602f2-2fc5-4c5e-a7dd-91c7927658f9	12	7644642	10676404	1271	-0.3595
28b602f2-2fc5-4c5e-a7dd-91c7927658f9	12	10681069	13417245	1615	-0.2799
28b602f2-2fc5-4c5e-a7dd-91c7927658f9	12	13417580	15866435	1542	-0.3345
28b602f2-2fc5-4c5e-a7dd-91c7927658f9	12	15870075	24670904	5551	-0.3757
28b602f2-2fc5-4c5e-a7dd-91c7927658f9	12	24674547	33254039	5488	-0.3248
28b602f2-2fc5-4c5e-a7dd-91c7927658f9	12	33254513	40997636	1354	-0.4146
28b602f2-2fc5-4c5e-a7dd-91c7927658f9	12	41000770	46497792	2958	-0.3441
28b602f2-2fc5-4c5e-a7dd-91c7927658f9	12	46505815	58866220	6637	-0.2917
28b602f2-2fc5-4c5e-a7dd-91c7927658f9	12	58867919	59080713	168	-0.3319
28b602f2-2fc5-4c5e-a7dd-91c7927658f9	12	59088005	62048043	1724	-0.4036
28b602f2-2fc5-4c5e-a7dd-91c7927658f9	12	62048093	70891998	5706	-0.3255
28b602f2-2fc5-4c5e-a7dd-91c7927658f9	12	70894372	70894858	2	-1.6974
28b602f2-2fc5-4c5e-a7dd-91c7927658f9	12	70895776	72378823	828	-0.3277
28b602f2-2fc5-4c5e-a7dd-91c7927658f9	12	72382290	75176577	1464	-0.4128
28b602f2-2fc5-4c5e-a7dd-91c7927658f9	12	75178588	77712174	1721	-0.3043
28b602f2-2fc5-4c5e-a7dd-91c7927658f9	12	77716106	79330588	1025	-0.3621
28b602f2-2fc5-4c5e-a7dd-91c7927658f9	12	79331348	80473640	654	-0.2894
28b602f2-2fc5-4c5e-a7dd-91c7927658f9	12	80484468	82480576	1224	-0.3716
28b602f2-2fc5-4c5e-a7dd-91c7927658f9	12	82481004	83609267	652	-0.3138
28b602f2-2fc5-4c5e-a7dd-91c7927658f9	12	83611155	87345102	1979	-0.3898
28b602f2-2fc5-4c5e-a7dd-91c7927658f9	12	87345412	91946638	2757	-0.3254
28b602f2-2fc5-4c5e-a7dd-91c7927658f9	12	91947443	91948074	5	-1.5384
28b602f2-2fc5-4c5e-a7dd-91c7927658f9	12	91950165	94104890	1371	-0.3011
28b602f2-2fc5-4c5e-a7dd-91c7927658f9	12	94105901	94165937	53	-4.2738
28b602f2-2fc5-4c5e-a7dd-91c7927658f9	12	94166233	94180648	50	-2.3902
28b602f2-2fc5-4c5e-a7dd-91c7927658f9	12	94182214	94208773	27	-4.2534
28b602f2-2fc5-4c5e-a7dd-91c7927658f9	12	94213026	97188571	2023	-0.2983
28b602f2-2fc5-4c5e-a7dd-91c7927658f9	12	97190482	103405075	3855	-0.3903
28b602f2-2fc5-4c5e-a7dd-91c7927658f9	12	103405321	103941507	453	-0.3211
28b602f2-2fc5-4c5e-a7dd-91c7927658f9	12	103950058	112504183	5041	-0.2899
28b602f2-2fc5-4c5e-a7dd-91c7927658f9	12	112512962	121149324	5542	-0.3252
28b602f2-2fc5-4c5e-a7dd-91c7927658f9	12	121150189	125587080	2163	-0.2724
28b602f2-2fc5-4c5e-a7dd-91c7927658f9	12	125588528	128427293	1570	-0.3432
28b602f2-2fc5-4c5e-a7dd-91c7927658f9	12	128427850	131396733	1135	-0.403
28b602f2-2fc5-4c5e-a7dd-91c7927658f9	12	131401526	132605822	413	-0.3283
28b602f2-2fc5-4c5e-a7dd-91c7927658f9	13	18874255	35862861	10518	-0.4362
28b602f2-2fc5-4c5e-a7dd-91c7927658f9	13	35863045	48437549	8300	-0.3879
28b602f2-2fc5-4c5e-a7dd-91c7927658f9	13	48440198	48448588	22	-1.9697
28b602f2-2fc5-4c5e-a7dd-91c7927658f9	13	48461331	52405389	1463	-0.3211
28b602f2-2fc5-4c5e-a7dd-91c7927658f9	13	52409341	53077139	347	0.4686
28b602f2-2fc5-4c5e-a7dd-91c7927658f9	13	53090939	53800771	428	0.4319
28b602f2-2fc5-4c5e-a7dd-91c7927658f9	13	53801177	59204667	2423	0.3469
28b602f2-2fc5-4c5e-a7dd-91c7927658f9	13	59204829	68169635	4313	0.4119
28b602f2-2fc5-4c5e-a7dd-91c7927658f9	13	68169926	71983934	2205	0.3625
28b602f2-2fc5-4c5e-a7dd-91c7927658f9	13	71984051	73202927	817	0.4372
28b602f2-2fc5-4c5e-a7dd-91c7927658f9	13	73203211	77424928	2961	0.5101
28b602f2-2fc5-4c5e-a7dd-91c7927658f9	13	77426822	80605096	2030	0.4459
28b602f2-2fc5-4c5e-a7dd-91c7927658f9	13	80605302	92212271	6584	0.3924
28b602f2-2fc5-4c5e-a7dd-91c7927658f9	13	92212720	95606132	2350	0.4932
28b602f2-2fc5-4c5e-a7dd-91c7927658f9	13	95606156	96382735	337	0.4084
28b602f2-2fc5-4c5e-a7dd-91c7927658f9	13	96382880	101950602	3730	0.5166
28b602f2-2fc5-4c5e-a7dd-91c7927658f9	13	101955072	102123935	180	-0.4079
28b602f2-2fc5-4c5e-a7dd-91c7927658f9	13	102124603	102125846	3	-1.3922
28b602f2-2fc5-4c5e-a7dd-91c7927658f9	13	102125898	103197840	819	-0.4352
28b602f2-2fc5-4c5e-a7dd-91c7927658f9	13	103198426	103198436	2	-1.6653
28b602f2-2fc5-4c5e-a7dd-91c7927658f9	13	103198544	105084838	1473	-0.472
28b602f2-2fc5-4c5e-a7dd-91c7927658f9	13	105086076	107158890	1053	-0.3845
28b602f2-2fc5-4c5e-a7dd-91c7927658f9	13	107160369	109731283	2060	-0.4483
28b602f2-2fc5-4c5e-a7dd-91c7927658f9	13	109735576	110594412	716	-0.3538
28b602f2-2fc5-4c5e-a7dd-91c7927658f9	13	110597375	114226675	1700	1.2144
28b602f2-2fc5-4c5e-a7dd-91c7927658f9	14	20033191	21621266	889	0.4953
28b602f2-2fc5-4c5e-a7dd-91c7927658f9	14	21624542	23485683	316	0.5865
28b602f2-2fc5-4c5e-a7dd-91c7927658f9	14	23485918	24025034	319	0.4959
28b602f2-2fc5-4c5e-a7dd-91c7927658f9	14	24025440	24030920	10	-0.0947
28b602f2-2fc5-4c5e-a7dd-91c7927658f9	14	24031046	24750330	352	0.5297
28b602f2-2fc5-4c5e-a7dd-91c7927658f9	14	24751752	30068720	3091	0.4277
28b602f2-2fc5-4c5e-a7dd-91c7927658f9	14	30070056	31444432	712	0.4734
28b602f2-2fc5-4c5e-a7dd-91c7927658f9	14	31447444	35509897	2664	0.5296
28b602f2-2fc5-4c5e-a7dd-91c7927658f9	14	35510010	37236851	1169	0.4471
28b602f2-2fc5-4c5e-a7dd-91c7927658f9	14	37238095	37887435	301	-0.4365
28b602f2-2fc5-4c5e-a7dd-91c7927658f9	14	37888162	37895647	7	0.4291
28b602f2-2fc5-4c5e-a7dd-91c7927658f9	14	37898025	37902288	5	-0.4144
28b602f2-2fc5-4c5e-a7dd-91c7927658f9	14	37916143	38462135	346	0.712
28b602f2-2fc5-4c5e-a7dd-91c7927658f9	14	38462150	38462354	6	-0.2073
28b602f2-2fc5-4c5e-a7dd-91c7927658f9	14	38462461	40184044	776	0.7281
28b602f2-2fc5-4c5e-a7dd-91c7927658f9	14	40185399	40187113	2	-0.6524
28b602f2-2fc5-4c5e-a7dd-91c7927658f9	14	40187515	40410771	137	0.6992
28b602f2-2fc5-4c5e-a7dd-91c7927658f9	14	40411636	49162323	3852	-0.437
28b602f2-2fc5-4c5e-a7dd-91c7927658f9	14	49165162	56561760	4851	-0.3012
28b602f2-2fc5-4c5e-a7dd-91c7927658f9	14	56562314	58052417	1030	-0.3691
28b602f2-2fc5-4c5e-a7dd-91c7927658f9	14	58052726	62108259	2386	-0.2918
28b602f2-2fc5-4c5e-a7dd-91c7927658f9	14	62108366	67381656	3014	-0.3371
28b602f2-2fc5-4c5e-a7dd-91c7927658f9	14	67388117	70186007	1768	-0.2755
28b602f2-2fc5-4c5e-a7dd-91c7927658f9	14	70191235	72443030	1431	-0.3411
28b602f2-2fc5-4c5e-a7dd-91c7927658f9	14	72445044	76532618	2376	-0.2819
28b602f2-2fc5-4c5e-a7dd-91c7927658f9	14	76544150	76556690	6	-1.0774
28b602f2-2fc5-4c5e-a7dd-91c7927658f9	14	76556890	78129778	1108	-0.2939
28b602f2-2fc5-4c5e-a7dd-91c7927658f9	14	78129796	80390332	1588	-0.3914
28b602f2-2fc5-4c5e-a7dd-91c7927658f9	14	80394225	82089362	1030	-0.3224
28b602f2-2fc5-4c5e-a7dd-91c7927658f9	14	82090174	87465794	3460	-0.3923
28b602f2-2fc5-4c5e-a7dd-91c7927658f9	14	87468682	97176728	6242	-0.3151
28b602f2-2fc5-4c5e-a7dd-91c7927658f9	14	97177400	98682666	1221	-0.3816
28b602f2-2fc5-4c5e-a7dd-91c7927658f9	14	98686853	102359800	2034	-0.2941
28b602f2-2fc5-4c5e-a7dd-91c7927658f9	14	102373001	103837357	710	0.3589
28b602f2-2fc5-4c5e-a7dd-91c7927658f9	14	103839320	103843058	7	-0.6948
28b602f2-2fc5-4c5e-a7dd-91c7927658f9	14	103853545	105533894	452	0.3372
28b602f2-2fc5-4c5e-a7dd-91c7927658f9	15	23437561	31246316	2985	-0.4066
28b602f2-2fc5-4c5e-a7dd-91c7927658f9	15	31246323	34327978	1686	-0.328
28b602f2-2fc5-4c5e-a7dd-91c7927658f9	15	34328442	35761818	707	-0.4007
28b602f2-2fc5-4c5e-a7dd-91c7927658f9	15	35765733	44496419	4978	-0.2994
28b602f2-2fc5-4c5e-a7dd-91c7927658f9	15	44496507	47640256	1804	-0.3876
28b602f2-2fc5-4c5e-a7dd-91c7927658f9	15	47640927	53109864	3318	-0.3192
28b602f2-2fc5-4c5e-a7dd-91c7927658f9	15	53110449	55706302	1824	-0.3926
28b602f2-2fc5-4c5e-a7dd-91c7927658f9	15	55706397	62334034	4521	-0.3207
28b602f2-2fc5-4c5e-a7dd-91c7927658f9	15	62335101	67318613	3032	-0.2696
28b602f2-2fc5-4c5e-a7dd-91c7927658f9	15	67318728	73679409	3789	-0.3165
28b602f2-2fc5-4c5e-a7dd-91c7927658f9	15	73682080	75840601	1022	-0.2621
28b602f2-2fc5-4c5e-a7dd-91c7927658f9	15	75841224	80234250	2469	-0.3485
28b602f2-2fc5-4c5e-a7dd-91c7927658f9	15	80234268	81948683	1076	-0.269
28b602f2-2fc5-4c5e-a7dd-91c7927658f9	15	81948719	84744517	1203	-0.3455
28b602f2-2fc5-4c5e-a7dd-91c7927658f9	15	84744850	84744947	2	-2.2596
28b602f2-2fc5-4c5e-a7dd-91c7927658f9	15	84747382	85840866	453	-0.2687
28b602f2-2fc5-4c5e-a7dd-91c7927658f9	15	85842506	85842966	2	-1.5295
28b602f2-2fc5-4c5e-a7dd-91c7927658f9	15	85848364	86162084	228	-0.2961
28b602f2-2fc5-4c5e-a7dd-91c7927658f9	15	86164015	88645818	1794	-0.3466
28b602f2-2fc5-4c5e-a7dd-91c7927658f9	15	88646589	94641915	3536	-0.3
28b602f2-2fc5-4c5e-a7dd-91c7927658f9	15	94644543	98688639	2900	-0.3939
28b602f2-2fc5-4c5e-a7dd-91c7927658f9	15	98688905	101344124	1318	-0.3032
28b602f2-2fc5-4c5e-a7dd-91c7927658f9	16	603333	5356407	1871	-0.2984
28b602f2-2fc5-4c5e-a7dd-91c7927658f9	16	5356956	8492444	1852	-0.3846
28b602f2-2fc5-4c5e-a7dd-91c7927658f9	16	8495108	11203705	2056	-0.32
28b602f2-2fc5-4c5e-a7dd-91c7927658f9	16	11204993	11205391	2	-2.2639
28b602f2-2fc5-4c5e-a7dd-91c7927658f9	16	11206576	20629008	3432	-0.3157
28b602f2-2fc5-4c5e-a7dd-91c7927658f9	16	20634614	20962632	208	-0.3787
28b602f2-2fc5-4c5e-a7dd-91c7927658f9	16	20968632	20969840	2	-1.5041
28b602f2-2fc5-4c5e-a7dd-91c7927658f9	16	20969856	26932346	3039	-0.3679
28b602f2-2fc5-4c5e-a7dd-91c7927658f9	16	26932428	51017654	4141	-0.3248
28b602f2-2fc5-4c5e-a7dd-91c7927658f9	16	51023655	53310477	1660	-0.3917
28b602f2-2fc5-4c5e-a7dd-91c7927658f9	16	53310491	58887000	3852	-0.3046
28b602f2-2fc5-4c5e-a7dd-91c7927658f9	16	58887034	63218396	2702	-0.418
28b602f2-2fc5-4c5e-a7dd-91c7927658f9	16	63218504	65595336	1600	-0.3199
28b602f2-2fc5-4c5e-a7dd-91c7927658f9	16	65595990	70755563	2514	-0.2604
28b602f2-2fc5-4c5e-a7dd-91c7927658f9	16	70758014	76234191	2907	-0.311
28b602f2-2fc5-4c5e-a7dd-91c7927658f9	16	76234621	78679170	2191	-0.3937
28b602f2-2fc5-4c5e-a7dd-91c7927658f9	16	78680360	89317317	7066	-0.312
28b602f2-2fc5-4c5e-a7dd-91c7927658f9	17	1074619	1192024	21	-0.2259
28b602f2-2fc5-4c5e-a7dd-91c7927658f9	17	1262192	2117695	322	0.555
28b602f2-2fc5-4c5e-a7dd-91c7927658f9	17	2120143	2133459	10	1.4909
28b602f2-2fc5-4c5e-a7dd-91c7927658f9	17	2136509	10030080	4303	0.5364
28b602f2-2fc5-4c5e-a7dd-91c7927658f9	17	10030170	12568569	1696	0.459
28b602f2-2fc5-4c5e-a7dd-91c7927658f9	17	12569030	13846821	900	0.5397
28b602f2-2fc5-4c5e-a7dd-91c7927658f9	17	13847277	13857710	4	-0.2813
28b602f2-2fc5-4c5e-a7dd-91c7927658f9	17	13861842	14231324	276	0.511
28b602f2-2fc5-4c5e-a7dd-91c7927658f9	17	15654216	16923551	446	0.8967
28b602f2-2fc5-4c5e-a7dd-91c7927658f9	17	16924480	18349125	795	0.9944
28b602f2-2fc5-4c5e-a7dd-91c7927658f9	17	18351350	21774057	945	0.8959
28b602f2-2fc5-4c5e-a7dd-91c7927658f9	17	26943491	26983019	13	-0.1953
28b602f2-2fc5-4c5e-a7dd-91c7927658f9	17	26986664	26989437	3	1.1586
28b602f2-2fc5-4c5e-a7dd-91c7927658f9	17	26990128	41557666	6533	-0.3041
28b602f2-2fc5-4c5e-a7dd-91c7927658f9	17	41559749	50953235	3852	-0.2557
28b602f2-2fc5-4c5e-a7dd-91c7927658f9	17	50955808	51872758	444	-0.3238
28b602f2-2fc5-4c5e-a7dd-91c7927658f9	17	51874841	56528802	2980	-0.4056
28b602f2-2fc5-4c5e-a7dd-91c7927658f9	17	56528844	59841009	1929	-0.3
28b602f2-2fc5-4c5e-a7dd-91c7927658f9	17	59842355	59859553	10	1.0115
28b602f2-2fc5-4c5e-a7dd-91c7927658f9	17	59861138	65499636	2693	-0.2739
28b602f2-2fc5-4c5e-a7dd-91c7927658f9	17	65499673	71478809	3835	-0.3261
28b602f2-2fc5-4c5e-a7dd-91c7927658f9	17	71483579	82959812	5185	-0.2681
28b602f2-2fc5-4c5e-a7dd-91c7927658f9	18	326691	2293197	677	0.1267
28b602f2-2fc5-4c5e-a7dd-91c7927658f9	18	2298725	4251491	1246	0.1621
28b602f2-2fc5-4c5e-a7dd-91c7927658f9	18	4257032	8410054	2437	0.0966
28b602f2-2fc5-4c5e-a7dd-91c7927658f9	18	8412758	10715292	1766	0.1829
28b602f2-2fc5-4c5e-a7dd-91c7927658f9	18	10716032	11445964	515	0.1408
28b602f2-2fc5-4c5e-a7dd-91c7927658f9	18	11445967	11446246	3	-0.6993
28b602f2-2fc5-4c5e-a7dd-91c7927658f9	18	11451188	14028167	1517	0.128
28b602f2-2fc5-4c5e-a7dd-91c7927658f9	18	14028915	22235514	584	0.0479
28b602f2-2fc5-4c5e-a7dd-91c7927658f9	18	22236430	25879701	2321	0.1208
28b602f2-2fc5-4c5e-a7dd-91c7927658f9	18	25879828	34637175	5320	0.0197
28b602f2-2fc5-4c5e-a7dd-91c7927658f9	18	34639193	37679043	1911	0.0948
28b602f2-2fc5-4c5e-a7dd-91c7927658f9	18	37682043	43352833	3382	-0.025
28b602f2-2fc5-4c5e-a7dd-91c7927658f9	18	43353601	45854357	1583	0.1119
28b602f2-2fc5-4c5e-a7dd-91c7927658f9	18	45854956	48122243	1443	0.0703
28b602f2-2fc5-4c5e-a7dd-91c7927658f9	18	48123257	50847248	1876	0.1304
28b602f2-2fc5-4c5e-a7dd-91c7927658f9	18	50847506	53956076	2088	0.0178
28b602f2-2fc5-4c5e-a7dd-91c7927658f9	18	53961096	60104937	4003	0.0989
28b602f2-2fc5-4c5e-a7dd-91c7927658f9	18	60107399	62270436	1333	0.0314
28b602f2-2fc5-4c5e-a7dd-91c7927658f9	18	62274021	62274035	2	1.1956
28b602f2-2fc5-4c5e-a7dd-91c7927658f9	18	62275392	64165995	1334	0.0211
28b602f2-2fc5-4c5e-a7dd-91c7927658f9	18	64170575	66649650	1125	-0.0421
28b602f2-2fc5-4c5e-a7dd-91c7927658f9	18	66649982	74637850	3267	0.0178
28b602f2-2fc5-4c5e-a7dd-91c7927658f9	18	74644678	77749538	2233	0.068
28b602f2-2fc5-4c5e-a7dd-91c7927658f9	18	77750070	79349796	906	0.0219
28b602f2-2fc5-4c5e-a7dd-91c7927658f9	19	283868	715430	81	-0.2952
28b602f2-2fc5-4c5e-a7dd-91c7927658f9	19	750173	2509357	369	0.5827
28b602f2-2fc5-4c5e-a7dd-91c7927658f9	19	2512797	13266195	4231	-0.2942
28b602f2-2fc5-4c5e-a7dd-91c7927658f9	19	13272091	13276436	3	1.7629
28b602f2-2fc5-4c5e-a7dd-91c7927658f9	19	13280499	14456744	478	-0.2635
28b602f2-2fc5-4c5e-a7dd-91c7927658f9	19	14462842	14466434	4	1.1524
28b602f2-2fc5-4c5e-a7dd-91c7927658f9	19	14469042	19836130	2556	-0.2936
28b602f2-2fc5-4c5e-a7dd-91c7927658f9	19	21064698	23770877	1228	0.3778
28b602f2-2fc5-4c5e-a7dd-91c7927658f9	19	23771402	36258756	5804	0.443
28b602f2-2fc5-4c5e-a7dd-91c7927658f9	19	36260813	37479855	574	0.3848
28b602f2-2fc5-4c5e-a7dd-91c7927658f9	19	37480202	37563218	39	0.0088
28b602f2-2fc5-4c5e-a7dd-91c7927658f9	19	37564501	38030735	245	0.3778
28b602f2-2fc5-4c5e-a7dd-91c7927658f9	19	38030888	38740263	353	0.4744
28b602f2-2fc5-4c5e-a7dd-91c7927658f9	19	38748537	38828554	64	0.3851
28b602f2-2fc5-4c5e-a7dd-91c7927658f9	19	38830320	50473090	4702	0.4974
28b602f2-2fc5-4c5e-a7dd-91c7927658f9	19	50473277	58370362	3387	0.4492
28b602f2-2fc5-4c5e-a7dd-91c7927658f9	20	472817	614049	84	-0.1915
28b602f2-2fc5-4c5e-a7dd-91c7927658f9	20	615785	693463	66	-0.0511
28b602f2-2fc5-4c5e-a7dd-91c7927658f9	20	694318	858606	122	-0.2046
28b602f2-2fc5-4c5e-a7dd-91c7927658f9	20	858670	5912626	2960	-0.0959
28b602f2-2fc5-4c5e-a7dd-91c7927658f9	20	5912825	6530255	477	-0.1545
28b602f2-2fc5-4c5e-a7dd-91c7927658f9	20	6533018	6942090	334	0.0445
28b602f2-2fc5-4c5e-a7dd-91c7927658f9	20	6942163	13946640	4626	-0.1175
28b602f2-2fc5-4c5e-a7dd-91c7927658f9	20	13949845	14710476	376	0.4184
28b602f2-2fc5-4c5e-a7dd-91c7927658f9	20	14711021	16169819	903	-0.1736
28b602f2-2fc5-4c5e-a7dd-91c7927658f9	20	16173017	16173441	3	-0.9242
28b602f2-2fc5-4c5e-a7dd-91c7927658f9	20	16177505	17347642	1030	-0.1475
28b602f2-2fc5-4c5e-a7dd-91c7927658f9	20	17348974	18365549	805	-0.0756
28b602f2-2fc5-4c5e-a7dd-91c7927658f9	20	18365592	18493314	88	0.0901
28b602f2-2fc5-4c5e-a7dd-91c7927658f9	20	18493375	19911903	1193	-0.106
28b602f2-2fc5-4c5e-a7dd-91c7927658f9	20	19918835	19968656	56	0.5216
28b602f2-2fc5-4c5e-a7dd-91c7927658f9	20	19970347	20038294	63	0.0094
28b602f2-2fc5-4c5e-a7dd-91c7927658f9	20	20039410	20741456	478	-0.1422
28b602f2-2fc5-4c5e-a7dd-91c7927658f9	20	20743753	21327645	422	0.5017
28b602f2-2fc5-4c5e-a7dd-91c7927658f9	20	21331581	21617140	134	-0.1907
28b602f2-2fc5-4c5e-a7dd-91c7927658f9	20	21620485	21722977	51	0.0233
28b602f2-2fc5-4c5e-a7dd-91c7927658f9	20	21723382	22019803	175	-0.205
28b602f2-2fc5-4c5e-a7dd-91c7927658f9	20	22026964	24574131	1773	0.0122
28b602f2-2fc5-4c5e-a7dd-91c7927658f9	20	24574894	25520186	452	0.1039
28b602f2-2fc5-4c5e-a7dd-91c7927658f9	20	25522336	31293239	271	0.0316
28b602f2-2fc5-4c5e-a7dd-91c7927658f9	20	31294348	34325728	1490	0.2236
28b602f2-2fc5-4c5e-a7dd-91c7927658f9	20	34326893	44596535	6300	0.193
28b602f2-2fc5-4c5e-a7dd-91c7927658f9	20	44596825	52959641	5385	0.2283
28b602f2-2fc5-4c5e-a7dd-91c7927658f9	20	52961489	53540388	411	-1.1515
28b602f2-2fc5-4c5e-a7dd-91c7927658f9	20	53545858	54685916	860	0.2069
28b602f2-2fc5-4c5e-a7dd-91c7927658f9	20	54687417	56508937	1384	0.1278
28b602f2-2fc5-4c5e-a7dd-91c7927658f9	20	56509176	56968690	309	0.1922
28b602f2-2fc5-4c5e-a7dd-91c7927658f9	20	56970912	58917449	1475	0.2565
28b602f2-2fc5-4c5e-a7dd-91c7927658f9	20	58918333	61322106	1890	0.1817
28b602f2-2fc5-4c5e-a7dd-91c7927658f9	20	61323223	61323953	2	-1.3273
28b602f2-2fc5-4c5e-a7dd-91c7927658f9	20	61324449	63588502	1023	0.2128
28b602f2-2fc5-4c5e-a7dd-91c7927658f9	21	13974127	14732784	487	0.4373
28b602f2-2fc5-4c5e-a7dd-91c7927658f9	21	14743272	17700675	1771	0.4963
28b602f2-2fc5-4c5e-a7dd-91c7927658f9	21	17700715	18603831	624	0.4383
28b602f2-2fc5-4c5e-a7dd-91c7927658f9	21	18604234	24661779	3673	0.344
28b602f2-2fc5-4c5e-a7dd-91c7927658f9	21	24663529	33818308	6095	0.4644
28b602f2-2fc5-4c5e-a7dd-91c7927658f9	21	33820885	39937640	4303	0.5254
28b602f2-2fc5-4c5e-a7dd-91c7927658f9	21	39937898	41055457	964	0.4406
28b602f2-2fc5-4c5e-a7dd-91c7927658f9	21	41058582	46262057	2636	0.5218
28b602f2-2fc5-4c5e-a7dd-91c7927658f9	22	16934932	17500594	334	-0.369
28b602f2-2fc5-4c5e-a7dd-91c7927658f9	22	17506060	28136658	3700	-0.2826
28b602f2-2fc5-4c5e-a7dd-91c7927658f9	22	28141120	28141127	2	-1.6963
28b602f2-2fc5-4c5e-a7dd-91c7927658f9	22	28142004	33295431	3074	-0.2864
28b602f2-2fc5-4c5e-a7dd-91c7927658f9	22	33295534	34760344	1365	-0.3634
28b602f2-2fc5-4c5e-a7dd-91c7927658f9	22	34760796	41417882	3503	-0.2718
28b602f2-2fc5-4c5e-a7dd-91c7927658f9	22	41418480	41419634	2	-1.9921
28b602f2-2fc5-4c5e-a7dd-91c7927658f9	22	41423019	47094607	3537	-0.2812
28b602f2-2fc5-4c5e-a7dd-91c7927658f9	22	47094906	48940621	1523	-0.3881
28b602f2-2fc5-4c5e-a7dd-91c7927658f9	X	3236359	3444478	154	0.619
28b602f2-2fc5-4c5e-a7dd-91c7927658f9	X	3444576	3458100	13	1.0264
28b602f2-2fc5-4c5e-a7dd-91c7927658f9	X	3458263	9069758	911	0.5233
28b602f2-2fc5-4c5e-a7dd-91c7927658f9	X	9070657	14149156	3136	0.6006
28b602f2-2fc5-4c5e-a7dd-91c7927658f9	X	14149443	25254521	5278	0.5587
28b602f2-2fc5-4c5e-a7dd-91c7927658f9	X	25254587	30280721	2754	0.4183
28b602f2-2fc5-4c5e-a7dd-91c7927658f9	X	30283020	32031898	956	0.5103
28b602f2-2fc5-4c5e-a7dd-91c7927658f9	X	32032703	37310030	1973	0.446
28b602f2-2fc5-4c5e-a7dd-91c7927658f9	X	37310034	43188945	2668	0.5605
28b602f2-2fc5-4c5e-a7dd-91c7927658f9	X	43189925	45149060	1000	0.4851
28b602f2-2fc5-4c5e-a7dd-91c7927658f9	X	45151156	47627015	1242	0.5751
28b602f2-2fc5-4c5e-a7dd-91c7927658f9	X	47627058	58291715	3834	0.4824
28b602f2-2fc5-4c5e-a7dd-91c7927658f9	X	62952913	66412304	1236	-0.2771
28b602f2-2fc5-4c5e-a7dd-91c7927658f9	X	66412388	66413005	5	-1.64
28b602f2-2fc5-4c5e-a7dd-91c7927658f9	X	66413233	79099633	4431	-0.2752
28b602f2-2fc5-4c5e-a7dd-91c7927658f9	X	79100077	79949838	486	-0.3381
28b602f2-2fc5-4c5e-a7dd-91c7927658f9	X	79950473	79954706	2	-2.8681
28b602f2-2fc5-4c5e-a7dd-91c7927658f9	X	79954955	89379145	4535	-0.344
28b602f2-2fc5-4c5e-a7dd-91c7927658f9	X	89379893	91656708	325	-0.2382
28b602f2-2fc5-4c5e-a7dd-91c7927658f9	X	91666102	92459000	289	0.5107
28b602f2-2fc5-4c5e-a7dd-91c7927658f9	X	92465721	93109169	180	-0.2758
28b602f2-2fc5-4c5e-a7dd-91c7927658f9	X	93111616	97613839	1570	-0.4
28b602f2-2fc5-4c5e-a7dd-91c7927658f9	X	97613913	107966649	4786	-0.3124
28b602f2-2fc5-4c5e-a7dd-91c7927658f9	X	107968585	111412216	1806	-0.252
28b602f2-2fc5-4c5e-a7dd-91c7927658f9	X	111412408	112266812	389	-0.3092
28b602f2-2fc5-4c5e-a7dd-91c7927658f9	X	112266846	112267805	3	-3.5464
28b602f2-2fc5-4c5e-a7dd-91c7927658f9	X	112273800	118208418	2695	-0.3425
28b602f2-2fc5-4c5e-a7dd-91c7927658f9	X	118208809	124538285	3293	-0.2799
28b602f2-2fc5-4c5e-a7dd-91c7927658f9	X	124538554	128634446	1722	-0.3526
28b602f2-2fc5-4c5e-a7dd-91c7927658f9	X	128634716	137442746	3873	-0.2585
28b602f2-2fc5-4c5e-a7dd-91c7927658f9	X	137446578	149956323	6194	-0.354
28b602f2-2fc5-4c5e-a7dd-91c7927658f9	X	149957359	155677414	1937	-0.2792
