GDC_Aliquot	Chromosome	Start	End	Num_Probes	Segment_Mean
58a9fc52-af4d-4f80-9a14-235faf1dfb46	1	3301765	8752613	3395	0.0496
58a9fc52-af4d-4f80-9a14-235faf1dfb46	1	8754572	8754739	2	-0.8935
58a9fc52-af4d-4f80-9a14-235faf1dfb46	1	8756654	12294250	1717	0.0488
58a9fc52-af4d-4f80-9a14-235faf1dfb46	1	12295430	12295446	2	-0.9739
58a9fc52-af4d-4f80-9a14-235faf1dfb46	1	12297031	13557591	321	0.0823
58a9fc52-af4d-4f80-9a14-235faf1dfb46	1	13558708	15185844	1279	-0.1655
58a9fc52-af4d-4f80-9a14-235faf1dfb46	1	15186261	18526339	1736	0.0524
58a9fc52-af4d-4f80-9a14-235faf1dfb46	1	18526996	53005991	17901	-0.1726
58a9fc52-af4d-4f80-9a14-235faf1dfb46	1	53010517	108824363	34703	-0.1502
58a9fc52-af4d-4f80-9a14-235faf1dfb46	1	108827892	108829252	2	-1.9616
58a9fc52-af4d-4f80-9a14-235faf1dfb46	1	108830979	149910462	6927	-0.1457
58a9fc52-af4d-4f80-9a14-235faf1dfb46	1	149913375	161708017	6179	0.2191
58a9fc52-af4d-4f80-9a14-235faf1dfb46	1	161708521	165611400	3132	0.2566
58a9fc52-af4d-4f80-9a14-235faf1dfb46	1	165611875	167965184	1699	0.2129
58a9fc52-af4d-4f80-9a14-235faf1dfb46	1	167965515	168435997	287	0.0397
58a9fc52-af4d-4f80-9a14-235faf1dfb46	1	168436577	169703219	1002	-0.1561
58a9fc52-af4d-4f80-9a14-235faf1dfb46	1	169706208	175123704	3305	0.3869
58a9fc52-af4d-4f80-9a14-235faf1dfb46	1	175132858	175460288	261	0.0732
58a9fc52-af4d-4f80-9a14-235faf1dfb46	1	175461075	184409856	5648	0.3798
58a9fc52-af4d-4f80-9a14-235faf1dfb46	1	184415530	184536063	92	0.1829
58a9fc52-af4d-4f80-9a14-235faf1dfb46	1	184536552	185664628	634	0.3781
58a9fc52-af4d-4f80-9a14-235faf1dfb46	1	185671086	186235811	354	0.0497
58a9fc52-af4d-4f80-9a14-235faf1dfb46	1	186236037	194052867	4743	-0.1627
58a9fc52-af4d-4f80-9a14-235faf1dfb46	1	194056322	194056841	4	-0.9513
58a9fc52-af4d-4f80-9a14-235faf1dfb46	1	194057302	195941979	988	-0.1491
58a9fc52-af4d-4f80-9a14-235faf1dfb46	1	195942196	196083942	104	-0.7343
58a9fc52-af4d-4f80-9a14-235faf1dfb46	1	196084305	196713634	374	0.0407
58a9fc52-af4d-4f80-9a14-235faf1dfb46	1	196716846	197949412	505	0.3705
58a9fc52-af4d-4f80-9a14-235faf1dfb46	1	197950768	217091595	12726	-0.1608
58a9fc52-af4d-4f80-9a14-235faf1dfb46	1	217091731	227299956	6347	-0.1378
58a9fc52-af4d-4f80-9a14-235faf1dfb46	1	227306328	227308737	2	-1.5385
58a9fc52-af4d-4f80-9a14-235faf1dfb46	1	227311497	239306551	8216	-0.1541
58a9fc52-af4d-4f80-9a14-235faf1dfb46	1	239310255	239782776	320	0.3581
58a9fc52-af4d-4f80-9a14-235faf1dfb46	1	239787745	240203040	350	0.3124
58a9fc52-af4d-4f80-9a14-235faf1dfb46	1	240203078	240220649	31	0.0873
58a9fc52-af4d-4f80-9a14-235faf1dfb46	1	240225176	240944074	551	0.3038
58a9fc52-af4d-4f80-9a14-235faf1dfb46	1	240945759	245286633	2596	0.3634
58a9fc52-af4d-4f80-9a14-235faf1dfb46	1	245289508	247650984	997	-0.1587
58a9fc52-af4d-4f80-9a14-235faf1dfb46	2	480597	6179922	3269	-0.1733
58a9fc52-af4d-4f80-9a14-235faf1dfb46	2	6181682	18291002	8283	-0.1434
58a9fc52-af4d-4f80-9a14-235faf1dfb46	2	18291313	21516710	2244	-0.11
58a9fc52-af4d-4f80-9a14-235faf1dfb46	2	21519418	43411716	11894	-0.1457
58a9fc52-af4d-4f80-9a14-235faf1dfb46	2	43411795	43463855	37	-0.4915
58a9fc52-af4d-4f80-9a14-235faf1dfb46	2	43471811	66230656	13097	-0.1488
58a9fc52-af4d-4f80-9a14-235faf1dfb46	2	66230989	66231150	2	-1.3862
58a9fc52-af4d-4f80-9a14-235faf1dfb46	2	66234235	79629705	7373	-0.1457
58a9fc52-af4d-4f80-9a14-235faf1dfb46	2	79631766	84210358	2713	-0.1766
58a9fc52-af4d-4f80-9a14-235faf1dfb46	2	84211610	84233741	16	0.2526
58a9fc52-af4d-4f80-9a14-235faf1dfb46	2	84236483	84584887	200	0.0804
58a9fc52-af4d-4f80-9a14-235faf1dfb46	2	84587032	84633345	41	0.2344
58a9fc52-af4d-4f80-9a14-235faf1dfb46	2	84634112	84965158	182	0.0559
58a9fc52-af4d-4f80-9a14-235faf1dfb46	2	84976573	85534294	305	0.385
58a9fc52-af4d-4f80-9a14-235faf1dfb46	2	85540443	88063231	649	0.2361
58a9fc52-af4d-4f80-9a14-235faf1dfb46	2	88066681	88471308	204	0.405
58a9fc52-af4d-4f80-9a14-235faf1dfb46	2	88472088	98893059	1531	0.224
58a9fc52-af4d-4f80-9a14-235faf1dfb46	2	98893258	99971267	545	0.5255
58a9fc52-af4d-4f80-9a14-235faf1dfb46	2	99977198	100059291	49	-0.1032
58a9fc52-af4d-4f80-9a14-235faf1dfb46	2	100060160	113357797	7353	0.2642
58a9fc52-af4d-4f80-9a14-235faf1dfb46	2	113362460	117336947	1791	0.2141
58a9fc52-af4d-4f80-9a14-235faf1dfb46	2	117487414	118017146	339	0.4022
58a9fc52-af4d-4f80-9a14-235faf1dfb46	2	118018769	121336599	2088	0.0967
58a9fc52-af4d-4f80-9a14-235faf1dfb46	2	121336900	121579955	102	-0.1249
58a9fc52-af4d-4f80-9a14-235faf1dfb46	2	121588483	125324708	1646	0.0509
58a9fc52-af4d-4f80-9a14-235faf1dfb46	2	125326831	133971640	4084	0.274
58a9fc52-af4d-4f80-9a14-235faf1dfb46	2	133972050	142480538	4836	-0.1674
58a9fc52-af4d-4f80-9a14-235faf1dfb46	2	142480997	200483206	32423	-0.1358
58a9fc52-af4d-4f80-9a14-235faf1dfb46	2	200485706	200635390	95	-0.2007
58a9fc52-af4d-4f80-9a14-235faf1dfb46	2	200635460	200662615	29	-0.4592
58a9fc52-af4d-4f80-9a14-235faf1dfb46	2	200664427	202329463	861	-0.1431
58a9fc52-af4d-4f80-9a14-235faf1dfb46	2	202329533	202334505	3	-1.4801
58a9fc52-af4d-4f80-9a14-235faf1dfb46	2	202338235	208584186	3652	-0.1309
58a9fc52-af4d-4f80-9a14-235faf1dfb46	2	208584202	213068259	2677	-0.1654
58a9fc52-af4d-4f80-9a14-235faf1dfb46	2	213074025	241537572	17347	-0.1335
58a9fc52-af4d-4f80-9a14-235faf1dfb46	3	2170634	2241612	52	0.1288
58a9fc52-af4d-4f80-9a14-235faf1dfb46	3	2241653	17461426	9395	0.2357
58a9fc52-af4d-4f80-9a14-235faf1dfb46	3	17467407	20499012	1569	0.1943
58a9fc52-af4d-4f80-9a14-235faf1dfb46	3	20503328	32325738	7142	0.2393
58a9fc52-af4d-4f80-9a14-235faf1dfb46	3	32326167	38294781	3474	0.0567
58a9fc52-af4d-4f80-9a14-235faf1dfb46	3	38299353	38301125	2	-1.156
58a9fc52-af4d-4f80-9a14-235faf1dfb46	3	38301223	44942030	3818	0.0606
58a9fc52-af4d-4f80-9a14-235faf1dfb46	3	44943158	45020682	47	-0.1608
58a9fc52-af4d-4f80-9a14-235faf1dfb46	3	45030046	47081503	1273	0.0688
58a9fc52-af4d-4f80-9a14-235faf1dfb46	3	47088954	53490024	2593	0.0334
58a9fc52-af4d-4f80-9a14-235faf1dfb46	3	53490207	73618766	13380	0.0668
58a9fc52-af4d-4f80-9a14-235faf1dfb46	3	73629873	75883312	1103	1.0744
58a9fc52-af4d-4f80-9a14-235faf1dfb46	3	75889680	76584356	340	0.743
58a9fc52-af4d-4f80-9a14-235faf1dfb46	3	76585376	77773583	748	0.5581
58a9fc52-af4d-4f80-9a14-235faf1dfb46	3	77775868	77801580	8	-0.5881
58a9fc52-af4d-4f80-9a14-235faf1dfb46	3	77802243	78591644	410	0.5918
58a9fc52-af4d-4f80-9a14-235faf1dfb46	3	78591951	79317390	374	0.7712
58a9fc52-af4d-4f80-9a14-235faf1dfb46	3	79318094	79435389	60	0.8945
58a9fc52-af4d-4f80-9a14-235faf1dfb46	3	79440615	80115746	393	1.0285
58a9fc52-af4d-4f80-9a14-235faf1dfb46	3	80119417	80851589	405	0.8944
58a9fc52-af4d-4f80-9a14-235faf1dfb46	3	80852598	82839068	1088	1.1329
58a9fc52-af4d-4f80-9a14-235faf1dfb46	3	82839243	82854703	4	0.6355
58a9fc52-af4d-4f80-9a14-235faf1dfb46	3	82855312	84359743	646	1.0177
58a9fc52-af4d-4f80-9a14-235faf1dfb46	3	84360303	84379938	9	0.4959
58a9fc52-af4d-4f80-9a14-235faf1dfb46	3	84385501	84645221	112	1.0086
58a9fc52-af4d-4f80-9a14-235faf1dfb46	3	84649532	85067117	255	0.8597
58a9fc52-af4d-4f80-9a14-235faf1dfb46	3	85069903	85398339	124	1.2044
58a9fc52-af4d-4f80-9a14-235faf1dfb46	3	85403814	85950801	217	1.4511
58a9fc52-af4d-4f80-9a14-235faf1dfb46	3	85979977	88356275	1164	1.1707
58a9fc52-af4d-4f80-9a14-235faf1dfb46	3	88361441	88939570	307	1.5206
58a9fc52-af4d-4f80-9a14-235faf1dfb46	3	88940059	95174941	1214	0.0418
58a9fc52-af4d-4f80-9a14-235faf1dfb46	3	95177625	96232590	577	0.1185
58a9fc52-af4d-4f80-9a14-235faf1dfb46	3	96233282	96511812	141	0.0593
58a9fc52-af4d-4f80-9a14-235faf1dfb46	3	96518539	97122602	295	0.4179
58a9fc52-af4d-4f80-9a14-235faf1dfb46	3	97123424	97163924	15	0.1505
58a9fc52-af4d-4f80-9a14-235faf1dfb46	3	97166853	110943931	7494	-0.1561
58a9fc52-af4d-4f80-9a14-235faf1dfb46	3	110944409	112932886	1241	-0.1085
58a9fc52-af4d-4f80-9a14-235faf1dfb46	3	112936143	142473145	17008	-0.151
58a9fc52-af4d-4f80-9a14-235faf1dfb46	3	142473453	142727363	120	-0.3979
58a9fc52-af4d-4f80-9a14-235faf1dfb46	3	142737261	151128187	4208	-0.1381
58a9fc52-af4d-4f80-9a14-235faf1dfb46	3	151128696	157396499	3525	-0.4167
58a9fc52-af4d-4f80-9a14-235faf1dfb46	3	157397838	163098650	2906	-0.1464
58a9fc52-af4d-4f80-9a14-235faf1dfb46	3	163102737	172357977	4556	-0.4174
58a9fc52-af4d-4f80-9a14-235faf1dfb46	3	172358354	173055553	476	-0.1456
58a9fc52-af4d-4f80-9a14-235faf1dfb46	3	173055768	173444122	226	-0.4125
58a9fc52-af4d-4f80-9a14-235faf1dfb46	3	173444214	174685977	523	-0.1487
58a9fc52-af4d-4f80-9a14-235faf1dfb46	3	174700748	178708672	1850	0.0924
58a9fc52-af4d-4f80-9a14-235faf1dfb46	3	178712151	187680277	4822	0.0579
58a9fc52-af4d-4f80-9a14-235faf1dfb46	3	187682451	189372662	1144	0.0923
58a9fc52-af4d-4f80-9a14-235faf1dfb46	3	189376519	189380938	5	-0.8877
58a9fc52-af4d-4f80-9a14-235faf1dfb46	3	189384112	191878772	1679	0.0836
58a9fc52-af4d-4f80-9a14-235faf1dfb46	3	191878954	197812401	2424	-0.1518
58a9fc52-af4d-4f80-9a14-235faf1dfb46	4	1059384	2748111	619	0.257
58a9fc52-af4d-4f80-9a14-235faf1dfb46	4	2750792	4404989	682	0.4293
58a9fc52-af4d-4f80-9a14-235faf1dfb46	4	4405490	8695449	3027	0.2971
58a9fc52-af4d-4f80-9a14-235faf1dfb46	4	8697040	10511718	653	0.2315
58a9fc52-af4d-4f80-9a14-235faf1dfb46	4	10513057	10937505	324	0.4026
58a9fc52-af4d-4f80-9a14-235faf1dfb46	4	10938699	11377661	399	0.2461
58a9fc52-af4d-4f80-9a14-235faf1dfb46	4	11378430	11474437	78	0.4183
58a9fc52-af4d-4f80-9a14-235faf1dfb46	4	11477864	12506828	725	0.2396
58a9fc52-af4d-4f80-9a14-235faf1dfb46	4	12506909	13012671	372	0.3806
58a9fc52-af4d-4f80-9a14-235faf1dfb46	4	13014900	16736007	2742	0.2651
58a9fc52-af4d-4f80-9a14-235faf1dfb46	4	16738592	16738978	2	-0.9438
58a9fc52-af4d-4f80-9a14-235faf1dfb46	4	16740164	17397885	524	0.2722
58a9fc52-af4d-4f80-9a14-235faf1dfb46	4	17400218	17619760	189	0.4109
58a9fc52-af4d-4f80-9a14-235faf1dfb46	4	17620315	17913862	158	0.2574
58a9fc52-af4d-4f80-9a14-235faf1dfb46	4	17914069	18181098	133	0.4371
58a9fc52-af4d-4f80-9a14-235faf1dfb46	4	18184901	23842032	3555	0.2534
58a9fc52-af4d-4f80-9a14-235faf1dfb46	4	23843816	28053095	2785	0.289
58a9fc52-af4d-4f80-9a14-235faf1dfb46	4	28060544	44353263	9467	0.2602
58a9fc52-af4d-4f80-9a14-235faf1dfb46	4	44477302	44488260	16	0.7086
58a9fc52-af4d-4f80-9a14-235faf1dfb46	4	44488693	44592225	76	0.8677
58a9fc52-af4d-4f80-9a14-235faf1dfb46	4	44594774	44723371	74	0.6864
58a9fc52-af4d-4f80-9a14-235faf1dfb46	4	44728820	45264423	285	0.3836
58a9fc52-af4d-4f80-9a14-235faf1dfb46	4	45264481	45264483	2	-0.6923
58a9fc52-af4d-4f80-9a14-235faf1dfb46	4	45266009	46444897	558	0.387
58a9fc52-af4d-4f80-9a14-235faf1dfb46	4	46445901	47856973	743	0.5513
58a9fc52-af4d-4f80-9a14-235faf1dfb46	4	47859239	52652079	567	0.7693
58a9fc52-af4d-4f80-9a14-235faf1dfb46	4	52652578	54239717	984	0.5589
58a9fc52-af4d-4f80-9a14-235faf1dfb46	4	54239766	54249593	9	0.1056
58a9fc52-af4d-4f80-9a14-235faf1dfb46	4	54254390	54296104	102	0.4705
58a9fc52-af4d-4f80-9a14-235faf1dfb46	4	54296401	56019996	1227	0.5906
58a9fc52-af4d-4f80-9a14-235faf1dfb46	4	56020455	60108275	2420	0.5267
58a9fc52-af4d-4f80-9a14-235faf1dfb46	4	60115737	60345079	142	0.1813
58a9fc52-af4d-4f80-9a14-235faf1dfb46	4	60353168	64515499	2066	0.0221
58a9fc52-af4d-4f80-9a14-235faf1dfb46	4	64523578	65348325	491	-0.201
58a9fc52-af4d-4f80-9a14-235faf1dfb46	4	65350154	69502682	1776	0.0319
58a9fc52-af4d-4f80-9a14-235faf1dfb46	4	69505312	70732519	701	-0.1906
58a9fc52-af4d-4f80-9a14-235faf1dfb46	4	70734535	70999479	110	0.0128
58a9fc52-af4d-4f80-9a14-235faf1dfb46	4	71008506	71038874	12	-0.2605
58a9fc52-af4d-4f80-9a14-235faf1dfb46	4	71039358	71226960	106	0.0747
58a9fc52-af4d-4f80-9a14-235faf1dfb46	4	71228866	71676476	196	0.2292
58a9fc52-af4d-4f80-9a14-235faf1dfb46	4	71689906	72130205	249	0.0594
58a9fc52-af4d-4f80-9a14-235faf1dfb46	4	72132589	82871885	6534	-0.1492
58a9fc52-af4d-4f80-9a14-235faf1dfb46	4	82874480	84980258	1235	0.0533
58a9fc52-af4d-4f80-9a14-235faf1dfb46	4	84985730	89063981	2446	-0.1552
58a9fc52-af4d-4f80-9a14-235faf1dfb46	4	89064000	97029577	4407	-0.1837
58a9fc52-af4d-4f80-9a14-235faf1dfb46	4	97031084	129455233	17978	-0.1475
58a9fc52-af4d-4f80-9a14-235faf1dfb46	4	129456341	136017824	2958	0.0456
58a9fc52-af4d-4f80-9a14-235faf1dfb46	4	136027909	157494725	12356	0.0895
58a9fc52-af4d-4f80-9a14-235faf1dfb46	4	157494738	157494757	2	-1.2235
58a9fc52-af4d-4f80-9a14-235faf1dfb46	4	157495348	158545369	626	0.0878
58a9fc52-af4d-4f80-9a14-235faf1dfb46	4	158550825	162013682	1954	-0.1663
58a9fc52-af4d-4f80-9a14-235faf1dfb46	4	162014141	162014297	2	-2.3867
58a9fc52-af4d-4f80-9a14-235faf1dfb46	4	162016957	175508005	7300	-0.159
58a9fc52-af4d-4f80-9a14-235faf1dfb46	4	175511831	176101661	308	0.0551
58a9fc52-af4d-4f80-9a14-235faf1dfb46	4	176102780	187842528	5789	-0.4096
58a9fc52-af4d-4f80-9a14-235faf1dfb46	5	913983	8691276	5633	0.0198
58a9fc52-af4d-4f80-9a14-235faf1dfb46	5	8691434	8997696	216	0.2237
58a9fc52-af4d-4f80-9a14-235faf1dfb46	5	8997850	14393673	3507	0.0568
58a9fc52-af4d-4f80-9a14-235faf1dfb46	5	14395111	15337964	601	0.2732
58a9fc52-af4d-4f80-9a14-235faf1dfb46	5	15338055	18117422	1130	0.4118
58a9fc52-af4d-4f80-9a14-235faf1dfb46	5	18118891	19258467	626	0.206
58a9fc52-af4d-4f80-9a14-235faf1dfb46	5	19259607	19561705	184	0.3547
58a9fc52-af4d-4f80-9a14-235faf1dfb46	5	19567393	24374608	2378	-0.0138
58a9fc52-af4d-4f80-9a14-235faf1dfb46	5	24377970	24458921	46	0.4766
58a9fc52-af4d-4f80-9a14-235faf1dfb46	5	24459561	27928922	1804	0.5784
58a9fc52-af4d-4f80-9a14-235faf1dfb46	5	27929916	29023688	547	0.4583
58a9fc52-af4d-4f80-9a14-235faf1dfb46	5	29027515	29950877	556	1.1004
58a9fc52-af4d-4f80-9a14-235faf1dfb46	5	29951477	30750289	446	0.9342
58a9fc52-af4d-4f80-9a14-235faf1dfb46	5	30752590	30853136	70	1.0815
58a9fc52-af4d-4f80-9a14-235faf1dfb46	5	30856296	31925084	895	1.2631
58a9fc52-af4d-4f80-9a14-235faf1dfb46	5	31925317	31926403	2	-0.5617
58a9fc52-af4d-4f80-9a14-235faf1dfb46	5	31926985	32209811	166	1.2488
58a9fc52-af4d-4f80-9a14-235faf1dfb46	5	32211180	32532590	200	1.3331
58a9fc52-af4d-4f80-9a14-235faf1dfb46	5	32532976	37255481	2555	1.4758
58a9fc52-af4d-4f80-9a14-235faf1dfb46	5	37259058	37956983	285	1.3466
58a9fc52-af4d-4f80-9a14-235faf1dfb46	5	37957564	41315155	2315	1.477
58a9fc52-af4d-4f80-9a14-235faf1dfb46	5	41318558	44708776	1651	1.6177
58a9fc52-af4d-4f80-9a14-235faf1dfb46	5	44711411	45378354	255	1.5127
58a9fc52-af4d-4f80-9a14-235faf1dfb46	5	45383300	51794556	503	0.0272
58a9fc52-af4d-4f80-9a14-235faf1dfb46	5	51797904	52045833	144	0.3388
58a9fc52-af4d-4f80-9a14-235faf1dfb46	5	52046370	52542025	260	0.2142
58a9fc52-af4d-4f80-9a14-235faf1dfb46	5	52544269	52870578	283	-0.1462
58a9fc52-af4d-4f80-9a14-235faf1dfb46	5	52875173	52981019	101	0.899
58a9fc52-af4d-4f80-9a14-235faf1dfb46	5	52983630	53010791	31	0.4644
58a9fc52-af4d-4f80-9a14-235faf1dfb46	5	53017734	53491410	290	0.7235
58a9fc52-af4d-4f80-9a14-235faf1dfb46	5	53491528	54648927	763	0.5583
58a9fc52-af4d-4f80-9a14-235faf1dfb46	5	54652234	57093639	1556	-0.1591
58a9fc52-af4d-4f80-9a14-235faf1dfb46	5	57093978	61669690	2830	-0.4246
58a9fc52-af4d-4f80-9a14-235faf1dfb46	5	61674116	64033273	1053	-0.1593
58a9fc52-af4d-4f80-9a14-235faf1dfb46	5	64033531	64682584	318	0.2779
58a9fc52-af4d-4f80-9a14-235faf1dfb46	5	64684813	64685688	3	-0.5714
58a9fc52-af4d-4f80-9a14-235faf1dfb46	5	64688795	68557739	2536	0.2746
58a9fc52-af4d-4f80-9a14-235faf1dfb46	5	68557862	68819109	172	0.0951
58a9fc52-af4d-4f80-9a14-235faf1dfb46	5	68819773	69444826	311	-0.157
58a9fc52-af4d-4f80-9a14-235faf1dfb46	5	69448492	73499735	1287	0.079
58a9fc52-af4d-4f80-9a14-235faf1dfb46	5	73501641	73502228	3	-0.864
58a9fc52-af4d-4f80-9a14-235faf1dfb46	5	73506764	76699565	2088	0.0493
58a9fc52-af4d-4f80-9a14-235faf1dfb46	5	76700226	76751114	47	-0.0442
58a9fc52-af4d-4f80-9a14-235faf1dfb46	5	76751477	78204076	841	-0.1496
58a9fc52-af4d-4f80-9a14-235faf1dfb46	5	78204481	78409743	93	0.0821
58a9fc52-af4d-4f80-9a14-235faf1dfb46	5	78412062	78459944	34	-0.1609
58a9fc52-af4d-4f80-9a14-235faf1dfb46	5	78461217	78897737	291	0.0863
58a9fc52-af4d-4f80-9a14-235faf1dfb46	5	78897839	97324822	9879	-0.1562
58a9fc52-af4d-4f80-9a14-235faf1dfb46	5	97327794	98565701	589	0.0631
58a9fc52-af4d-4f80-9a14-235faf1dfb46	5	98565888	99167137	338	-0.1528
58a9fc52-af4d-4f80-9a14-235faf1dfb46	5	100226861	101561864	564	0.0465
58a9fc52-af4d-4f80-9a14-235faf1dfb46	5	101569507	102037310	118	-0.1569
58a9fc52-af4d-4f80-9a14-235faf1dfb46	5	102037882	104347528	1197	0.0656
58a9fc52-af4d-4f80-9a14-235faf1dfb46	5	104348732	105725802	694	0.3952
58a9fc52-af4d-4f80-9a14-235faf1dfb46	5	105728501	106556732	393	0.2605
58a9fc52-af4d-4f80-9a14-235faf1dfb46	5	106559327	107164387	195	0.6011
58a9fc52-af4d-4f80-9a14-235faf1dfb46	5	107164962	109929412	1835	0.7486
58a9fc52-af4d-4f80-9a14-235faf1dfb46	5	109932371	109992149	41	0.513
58a9fc52-af4d-4f80-9a14-235faf1dfb46	5	109993340	110137730	85	0.3646
58a9fc52-af4d-4f80-9a14-235faf1dfb46	5	110152186	112432018	1399	0.551
58a9fc52-af4d-4f80-9a14-235faf1dfb46	5	112433574	113227237	711	0.6556
58a9fc52-af4d-4f80-9a14-235faf1dfb46	5	113233282	113952988	411	0.9433
58a9fc52-af4d-4f80-9a14-235faf1dfb46	5	113953172	114020580	54	1.4651
58a9fc52-af4d-4f80-9a14-235faf1dfb46	5	114022486	114550236	385	0.652
58a9fc52-af4d-4f80-9a14-235faf1dfb46	5	114551944	115123364	304	1.1277
58a9fc52-af4d-4f80-9a14-235faf1dfb46	5	115124883	115456948	218	0.3023
58a9fc52-af4d-4f80-9a14-235faf1dfb46	5	115457960	117983108	1474	0.2292
58a9fc52-af4d-4f80-9a14-235faf1dfb46	5	117983677	119365480	863	0.0375
58a9fc52-af4d-4f80-9a14-235faf1dfb46	5	119365650	119365738	2	-0.9724
58a9fc52-af4d-4f80-9a14-235faf1dfb46	5	119366180	119970167	330	0.0299
58a9fc52-af4d-4f80-9a14-235faf1dfb46	5	119970685	120896472	506	-0.172
58a9fc52-af4d-4f80-9a14-235faf1dfb46	5	120902021	123426535	1422	0.0532
58a9fc52-af4d-4f80-9a14-235faf1dfb46	5	123433621	123509250	36	0.1696
58a9fc52-af4d-4f80-9a14-235faf1dfb46	5	123518697	124291523	437	0.498
58a9fc52-af4d-4f80-9a14-235faf1dfb46	5	124292661	163123997	23813	-0.1484
58a9fc52-af4d-4f80-9a14-235faf1dfb46	5	163124115	163129737	10	-0.682
58a9fc52-af4d-4f80-9a14-235faf1dfb46	5	163130513	173066441	6520	-0.1523
58a9fc52-af4d-4f80-9a14-235faf1dfb46	5	173070863	173071650	2	-1.669
58a9fc52-af4d-4f80-9a14-235faf1dfb46	5	173076368	179108320	3259	-0.1628
58a9fc52-af4d-4f80-9a14-235faf1dfb46	5	179112090	179363850	156	-0.4649
58a9fc52-af4d-4f80-9a14-235faf1dfb46	5	179363977	179540664	99	-0.2301
58a9fc52-af4d-4f80-9a14-235faf1dfb46	5	179540832	180175541	344	0.9878
58a9fc52-af4d-4f80-9a14-235faf1dfb46	5	180176337	180895735	289	0.7967
58a9fc52-af4d-4f80-9a14-235faf1dfb46	5	180895785	180899571	4	-0.1946
58a9fc52-af4d-4f80-9a14-235faf1dfb46	5	180899617	180934240	18	0.9989
58a9fc52-af4d-4f80-9a14-235faf1dfb46	6	1011760	2978845	1523	-0.1473
58a9fc52-af4d-4f80-9a14-235faf1dfb46	6	2980649	3773716	533	0.0916
58a9fc52-af4d-4f80-9a14-235faf1dfb46	6	3776000	8789826	3684	-0.1596
58a9fc52-af4d-4f80-9a14-235faf1dfb46	6	8790110	8790488	2	-1.3551
58a9fc52-af4d-4f80-9a14-235faf1dfb46	6	8793825	15358413	4561	-0.1643
58a9fc52-af4d-4f80-9a14-235faf1dfb46	6	15536578	24326057	6213	0.0654
58a9fc52-af4d-4f80-9a14-235faf1dfb46	6	24328478	33112035	2964	-0.1769
58a9fc52-af4d-4f80-9a14-235faf1dfb46	6	33114021	33114858	2	-1.8665
58a9fc52-af4d-4f80-9a14-235faf1dfb46	6	33115107	54166553	12761	-0.1666
58a9fc52-af4d-4f80-9a14-235faf1dfb46	6	54167086	54729509	355	0.2469
58a9fc52-af4d-4f80-9a14-235faf1dfb46	6	54729551	54730170	2	-2.1551
58a9fc52-af4d-4f80-9a14-235faf1dfb46	6	54733851	57259213	1441	0.2799
58a9fc52-af4d-4f80-9a14-235faf1dfb46	6	57259427	70565007	4953	0.2165
58a9fc52-af4d-4f80-9a14-235faf1dfb46	6	70568521	71581481	488	0.4246
58a9fc52-af4d-4f80-9a14-235faf1dfb46	6	71581520	71723274	90	0.2757
58a9fc52-af4d-4f80-9a14-235faf1dfb46	6	71727425	91867653	11556	0.0732
58a9fc52-af4d-4f80-9a14-235faf1dfb46	6	91867990	98941064	3351	0.0395
58a9fc52-af4d-4f80-9a14-235faf1dfb46	6	98941075	125825239	15427	0.0772
58a9fc52-af4d-4f80-9a14-235faf1dfb46	6	125825565	126436262	307	-0.159
58a9fc52-af4d-4f80-9a14-235faf1dfb46	6	126437887	134375877	5078	0.0903
58a9fc52-af4d-4f80-9a14-235faf1dfb46	6	134376239	134376302	2	-1.034
58a9fc52-af4d-4f80-9a14-235faf1dfb46	6	134376858	148180808	8416	0.0922
58a9fc52-af4d-4f80-9a14-235faf1dfb46	6	148185476	148185808	2	-1.0598
58a9fc52-af4d-4f80-9a14-235faf1dfb46	6	148186119	166104050	11640	0.0826
58a9fc52-af4d-4f80-9a14-235faf1dfb46	6	166104113	166113700	9	0.2568
58a9fc52-af4d-4f80-9a14-235faf1dfb46	6	166115228	170596889	1589	-0.1376
58a9fc52-af4d-4f80-9a14-235faf1dfb46	7	664936	755537	22	-0.3188
58a9fc52-af4d-4f80-9a14-235faf1dfb46	7	755590	13937159	6247	0.0444
58a9fc52-af4d-4f80-9a14-235faf1dfb46	7	13937212	13937330	4	-0.7655
58a9fc52-af4d-4f80-9a14-235faf1dfb46	7	13937817	15980674	1486	0.0713
58a9fc52-af4d-4f80-9a14-235faf1dfb46	7	15983449	15983465	3	-1.1312
58a9fc52-af4d-4f80-9a14-235faf1dfb46	7	15983505	20687388	2195	0.0775
58a9fc52-af4d-4f80-9a14-235faf1dfb46	7	20687705	24094829	2380	0.0327
58a9fc52-af4d-4f80-9a14-235faf1dfb46	7	24094921	48538896	15695	0.0801
58a9fc52-af4d-4f80-9a14-235faf1dfb46	7	48539525	54238273	3960	0.0368
58a9fc52-af4d-4f80-9a14-235faf1dfb46	7	54238511	55249558	843	0.094
58a9fc52-af4d-4f80-9a14-235faf1dfb46	7	55249810	64330045	773	0.0116
58a9fc52-af4d-4f80-9a14-235faf1dfb46	7	64330891	67111565	778	-0.173
58a9fc52-af4d-4f80-9a14-235faf1dfb46	7	67116045	73389687	3242	0.203
58a9fc52-af4d-4f80-9a14-235faf1dfb46	7	73390083	73737314	108	0.1078
58a9fc52-af4d-4f80-9a14-235faf1dfb46	7	73741729	81943306	3906	-0.4337
58a9fc52-af4d-4f80-9a14-235faf1dfb46	7	81952021	97186697	7871	0.2262
58a9fc52-af4d-4f80-9a14-235faf1dfb46	7	97189479	102771192	2137	0.188
58a9fc52-af4d-4f80-9a14-235faf1dfb46	7	102778267	103810595	536	0.6613
58a9fc52-af4d-4f80-9a14-235faf1dfb46	7	103810644	104013536	158	0.1669
58a9fc52-af4d-4f80-9a14-235faf1dfb46	7	104013910	104774318	539	0.3761
58a9fc52-af4d-4f80-9a14-235faf1dfb46	7	104774968	111001863	3585	0.2012
58a9fc52-af4d-4f80-9a14-235faf1dfb46	7	111001907	112692536	500	0.0711
58a9fc52-af4d-4f80-9a14-235faf1dfb46	7	112693248	115541666	1463	0.2202
58a9fc52-af4d-4f80-9a14-235faf1dfb46	7	115543620	116232454	378	0.3118
58a9fc52-af4d-4f80-9a14-235faf1dfb46	7	116232834	117817495	1072	0.4489
58a9fc52-af4d-4f80-9a14-235faf1dfb46	7	117824251	117828597	5	0.1748
58a9fc52-af4d-4f80-9a14-235faf1dfb46	7	117830639	144633876	14435	0.0631
58a9fc52-af4d-4f80-9a14-235faf1dfb46	7	144634541	146866772	1161	0.018
58a9fc52-af4d-4f80-9a14-235faf1dfb46	7	146867317	149775989	1827	0.0633
58a9fc52-af4d-4f80-9a14-235faf1dfb46	7	149781233	158592540	4441	-0.4468
58a9fc52-af4d-4f80-9a14-235faf1dfb46	8	667625	868749	122	-0.4641
58a9fc52-af4d-4f80-9a14-235faf1dfb46	8	883807	5390815	2527	-0.1936
58a9fc52-af4d-4f80-9a14-235faf1dfb46	8	6348805	10996327	2063	-0.4507
58a9fc52-af4d-4f80-9a14-235faf1dfb46	8	10996358	24499650	9105	-0.1687
58a9fc52-af4d-4f80-9a14-235faf1dfb46	8	24499729	24499771	2	-2.8639
58a9fc52-af4d-4f80-9a14-235faf1dfb46	8	24499953	25511117	740	-0.1647
58a9fc52-af4d-4f80-9a14-235faf1dfb46	8	25520312	27285657	1309	0.0626
58a9fc52-af4d-4f80-9a14-235faf1dfb46	8	27286623	27456371	131	0.248
58a9fc52-af4d-4f80-9a14-235faf1dfb46	8	27459125	27862269	297	0.0681
58a9fc52-af4d-4f80-9a14-235faf1dfb46	8	27862405	33280666	3537	-0.1716
58a9fc52-af4d-4f80-9a14-235faf1dfb46	8	33280706	33552077	138	0.0188
58a9fc52-af4d-4f80-9a14-235faf1dfb46	8	33552559	33812861	110	-0.2162
58a9fc52-af4d-4f80-9a14-235faf1dfb46	8	33815048	33815205	2	0.6488
58a9fc52-af4d-4f80-9a14-235faf1dfb46	8	33815612	33923660	41	0.0553
58a9fc52-af4d-4f80-9a14-235faf1dfb46	8	33924120	34353618	249	0.2187
58a9fc52-af4d-4f80-9a14-235faf1dfb46	8	34354219	35538335	565	0.0303
58a9fc52-af4d-4f80-9a14-235faf1dfb46	8	35538629	35542464	3	-0.6588
58a9fc52-af4d-4f80-9a14-235faf1dfb46	8	35542578	35835767	178	0.0309
58a9fc52-af4d-4f80-9a14-235faf1dfb46	8	35836668	36780733	372	0.2511
58a9fc52-af4d-4f80-9a14-235faf1dfb46	8	36780821	37752988	615	0.1006
58a9fc52-af4d-4f80-9a14-235faf1dfb46	8	37754094	37976794	65	0.2573
58a9fc52-af4d-4f80-9a14-235faf1dfb46	8	37979382	39219613	547	0.4148
58a9fc52-af4d-4f80-9a14-235faf1dfb46	8	39220822	50128231	3926	0.2571
58a9fc52-af4d-4f80-9a14-235faf1dfb46	8	50128343	57554659	4395	0.1979
58a9fc52-af4d-4f80-9a14-235faf1dfb46	8	57556475	61521914	2582	0.2426
58a9fc52-af4d-4f80-9a14-235faf1dfb46	8	61524266	61678441	114	-0.0178
58a9fc52-af4d-4f80-9a14-235faf1dfb46	8	61685527	61853143	110	0.2496
58a9fc52-af4d-4f80-9a14-235faf1dfb46	8	61858999	62084281	139	0.0171
58a9fc52-af4d-4f80-9a14-235faf1dfb46	8	62089060	62855243	515	0.5446
58a9fc52-af4d-4f80-9a14-235faf1dfb46	8	62858088	62860534	5	0.1093
58a9fc52-af4d-4f80-9a14-235faf1dfb46	8	62861142	67249467	2161	0.0363
58a9fc52-af4d-4f80-9a14-235faf1dfb46	8	67258697	82439712	8977	0.0713
58a9fc52-af4d-4f80-9a14-235faf1dfb46	8	82443849	86741377	2119	0.0275
58a9fc52-af4d-4f80-9a14-235faf1dfb46	8	86743180	87119551	211	-0.1626
58a9fc52-af4d-4f80-9a14-235faf1dfb46	8	87128732	87192511	39	0.0935
58a9fc52-af4d-4f80-9a14-235faf1dfb46	8	87192689	87292642	47	-0.1943
58a9fc52-af4d-4f80-9a14-235faf1dfb46	8	87292657	87343520	25	0.0231
58a9fc52-af4d-4f80-9a14-235faf1dfb46	8	87346543	87598138	129	0.2808
58a9fc52-af4d-4f80-9a14-235faf1dfb46	8	87604900	88145850	290	0.0814
58a9fc52-af4d-4f80-9a14-235faf1dfb46	8	88147659	97927495	5887	-0.1408
58a9fc52-af4d-4f80-9a14-235faf1dfb46	8	97927746	99790750	923	0.073
58a9fc52-af4d-4f80-9a14-235faf1dfb46	8	99801462	101068413	718	0.7093
58a9fc52-af4d-4f80-9a14-235faf1dfb46	8	101071224	101281245	157	0.4545
58a9fc52-af4d-4f80-9a14-235faf1dfb46	8	101282194	101851675	425	0.0778
58a9fc52-af4d-4f80-9a14-235faf1dfb46	8	101886421	102081957	122	0.2514
58a9fc52-af4d-4f80-9a14-235faf1dfb46	8	102082415	102418179	171	0.0431
58a9fc52-af4d-4f80-9a14-235faf1dfb46	8	102423489	102429815	3	0.7582
58a9fc52-af4d-4f80-9a14-235faf1dfb46	8	102429945	102581894	91	0.0366
58a9fc52-af4d-4f80-9a14-235faf1dfb46	8	102582858	106811575	2147	-0.1225
58a9fc52-af4d-4f80-9a14-235faf1dfb46	8	106813247	107276121	331	0.0981
58a9fc52-af4d-4f80-9a14-235faf1dfb46	8	107280436	107282869	3	-0.4786
58a9fc52-af4d-4f80-9a14-235faf1dfb46	8	107283466	107359643	58	-0.021
58a9fc52-af4d-4f80-9a14-235faf1dfb46	8	107360218	107365328	5	-0.3768
58a9fc52-af4d-4f80-9a14-235faf1dfb46	8	107372600	107506458	101	0.0633
58a9fc52-af4d-4f80-9a14-235faf1dfb46	8	107507974	108719401	733	-0.1735
58a9fc52-af4d-4f80-9a14-235faf1dfb46	8	108721308	110149462	694	0.0151
58a9fc52-af4d-4f80-9a14-235faf1dfb46	8	110150318	110430391	145	-0.1739
58a9fc52-af4d-4f80-9a14-235faf1dfb46	8	110434753	111684842	629	0.0372
58a9fc52-af4d-4f80-9a14-235faf1dfb46	8	111686021	112612396	499	-0.177
58a9fc52-af4d-4f80-9a14-235faf1dfb46	8	112612411	112920559	145	0.0309
58a9fc52-af4d-4f80-9a14-235faf1dfb46	8	112920824	113536756	313	-0.1695
58a9fc52-af4d-4f80-9a14-235faf1dfb46	8	113536772	114238263	416	-0.4064
58a9fc52-af4d-4f80-9a14-235faf1dfb46	8	114238687	121043475	4279	-0.1409
58a9fc52-af4d-4f80-9a14-235faf1dfb46	8	121045605	126542419	3645	0.4175
58a9fc52-af4d-4f80-9a14-235faf1dfb46	8	126542685	128810374	1652	0.2599
58a9fc52-af4d-4f80-9a14-235faf1dfb46	8	128812873	133601645	3466	0.0811
58a9fc52-af4d-4f80-9a14-235faf1dfb46	8	133602720	139474571	4421	0.0352
58a9fc52-af4d-4f80-9a14-235faf1dfb46	8	139475156	144182542	1397	0.0665
58a9fc52-af4d-4f80-9a14-235faf1dfb46	9	789794	1591333	199	0.2723
58a9fc52-af4d-4f80-9a14-235faf1dfb46	9	1592138	1592353	2	1.6066
58a9fc52-af4d-4f80-9a14-235faf1dfb46	9	1592554	1738753	203	0.2773
58a9fc52-af4d-4f80-9a14-235faf1dfb46	9	1740278	1740718	4	-0.4048
58a9fc52-af4d-4f80-9a14-235faf1dfb46	9	1742582	2481455	682	0.2606
58a9fc52-af4d-4f80-9a14-235faf1dfb46	9	2481651	2481683	2	1.2823
58a9fc52-af4d-4f80-9a14-235faf1dfb46	9	2483527	9685304	4418	0.2735
58a9fc52-af4d-4f80-9a14-235faf1dfb46	9	9687679	10739058	542	0.1979
58a9fc52-af4d-4f80-9a14-235faf1dfb46	9	10741174	10871795	66	0.2786
58a9fc52-af4d-4f80-9a14-235faf1dfb46	9	10873238	14833403	1998	0.0865
58a9fc52-af4d-4f80-9a14-235faf1dfb46	9	14835521	14837239	6	0.3267
58a9fc52-af4d-4f80-9a14-235faf1dfb46	9	14837988	20629554	4574	-0.4124
58a9fc52-af4d-4f80-9a14-235faf1dfb46	9	20629692	20632877	2	-1.7658
58a9fc52-af4d-4f80-9a14-235faf1dfb46	9	20633458	21899356	892	-0.4005
58a9fc52-af4d-4f80-9a14-235faf1dfb46	9	21900125	21959052	39	-0.8003
58a9fc52-af4d-4f80-9a14-235faf1dfb46	9	21963431	27773061	3658	-0.434
58a9fc52-af4d-4f80-9a14-235faf1dfb46	9	27774183	28165278	296	-0.1788
58a9fc52-af4d-4f80-9a14-235faf1dfb46	9	28166402	30145983	715	-0.4372
58a9fc52-af4d-4f80-9a14-235faf1dfb46	9	30146065	30301261	103	0.0547
58a9fc52-af4d-4f80-9a14-235faf1dfb46	9	30301933	30392095	56	0.5991
58a9fc52-af4d-4f80-9a14-235faf1dfb46	9	30396361	30419130	16	0.8802
58a9fc52-af4d-4f80-9a14-235faf1dfb46	9	30597972	30614615	7	0.5505
58a9fc52-af4d-4f80-9a14-235faf1dfb46	9	30615070	30860879	127	0.3649
58a9fc52-af4d-4f80-9a14-235faf1dfb46	9	30861547	31470395	408	0.1801
58a9fc52-af4d-4f80-9a14-235faf1dfb46	9	31470560	34784484	2063	-0.1592
58a9fc52-af4d-4f80-9a14-235faf1dfb46	9	34788849	68457844	2484	0.0232
58a9fc52-af4d-4f80-9a14-235faf1dfb46	9	68458161	77874342	6607	0.0991
58a9fc52-af4d-4f80-9a14-235faf1dfb46	9	77875639	104508315	17141	0.0814
58a9fc52-af4d-4f80-9a14-235faf1dfb46	9	104508388	116194285	8228	0.1035
58a9fc52-af4d-4f80-9a14-235faf1dfb46	9	116194288	116195003	4	-0.8818
58a9fc52-af4d-4f80-9a14-235faf1dfb46	9	116196089	138044505	12796	0.0734
58a9fc52-af4d-4f80-9a14-235faf1dfb46	10	366509	397134	24	-1.1243
58a9fc52-af4d-4f80-9a14-235faf1dfb46	10	400331	1633353	518	-0.4673
58a9fc52-af4d-4f80-9a14-235faf1dfb46	10	1633990	4072823	1642	-0.1907
58a9fc52-af4d-4f80-9a14-235faf1dfb46	10	4072859	5317047	1013	-0.135
58a9fc52-af4d-4f80-9a14-235faf1dfb46	10	5317177	12323048	5182	-0.182
58a9fc52-af4d-4f80-9a14-235faf1dfb46	10	12324616	12325203	2	-1.7409
58a9fc52-af4d-4f80-9a14-235faf1dfb46	10	12327685	25661791	9550	-0.1802
58a9fc52-af4d-4f80-9a14-235faf1dfb46	10	25665204	25688047	20	0.4661
58a9fc52-af4d-4f80-9a14-235faf1dfb46	10	25688341	28697279	1867	0.2396
58a9fc52-af4d-4f80-9a14-235faf1dfb46	10	28701233	28746025	38	0.4502
58a9fc52-af4d-4f80-9a14-235faf1dfb46	10	28751721	38693992	6329	0.0549
58a9fc52-af4d-4f80-9a14-235faf1dfb46	10	38694109	42457683	26	-0.0777
58a9fc52-af4d-4f80-9a14-235faf1dfb46	10	42459603	71521981	16185	-0.4272
58a9fc52-af4d-4f80-9a14-235faf1dfb46	10	71525606	72991219	779	-0.1832
58a9fc52-af4d-4f80-9a14-235faf1dfb46	10	72998620	80276807	4232	0.0748
58a9fc52-af4d-4f80-9a14-235faf1dfb46	10	80277120	85935119	4026	0.0417
58a9fc52-af4d-4f80-9a14-235faf1dfb46	10	85935157	96201199	5996	0.0806
58a9fc52-af4d-4f80-9a14-235faf1dfb46	10	96201237	108798429	7649	0.0512
58a9fc52-af4d-4f80-9a14-235faf1dfb46	10	108801677	118135583	6290	0.0894
58a9fc52-af4d-4f80-9a14-235faf1dfb46	10	118141144	124393092	4621	-0.4319
58a9fc52-af4d-4f80-9a14-235faf1dfb46	10	124397757	126655728	1566	0.0736
58a9fc52-af4d-4f80-9a14-235faf1dfb46	10	126656586	133411599	3575	-0.1576
58a9fc52-af4d-4f80-9a14-235faf1dfb46	11	456012	5278971	2097	-0.4308
58a9fc52-af4d-4f80-9a14-235faf1dfb46	11	5280129	19950598	10214	-0.1539
58a9fc52-af4d-4f80-9a14-235faf1dfb46	11	19951057	20138366	208	0.0739
58a9fc52-af4d-4f80-9a14-235faf1dfb46	11	20138590	33139615	8419	-0.1586
58a9fc52-af4d-4f80-9a14-235faf1dfb46	11	33144516	34508631	868	0.0628
58a9fc52-af4d-4f80-9a14-235faf1dfb46	11	34508724	38745114	2475	-0.1404
58a9fc52-af4d-4f80-9a14-235faf1dfb46	11	38754738	43409728	3065	-0.1888
58a9fc52-af4d-4f80-9a14-235faf1dfb46	11	43410875	47564588	2404	-0.155
58a9fc52-af4d-4f80-9a14-235faf1dfb46	11	47567867	48352939	399	-0.4473
58a9fc52-af4d-4f80-9a14-235faf1dfb46	11	48953076	60249202	2702	0.0342
58a9fc52-af4d-4f80-9a14-235faf1dfb46	11	60253816	83985734	12000	-0.1765
58a9fc52-af4d-4f80-9a14-235faf1dfb46	11	83990015	84290767	193	-0.3873
58a9fc52-af4d-4f80-9a14-235faf1dfb46	11	84290818	101418838	10720	-0.1525
58a9fc52-af4d-4f80-9a14-235faf1dfb46	11	101421486	101438479	12	0.5085
58a9fc52-af4d-4f80-9a14-235faf1dfb46	11	101439859	105545465	2298	-0.1386
58a9fc52-af4d-4f80-9a14-235faf1dfb46	11	105547088	105563277	14	0.5635
58a9fc52-af4d-4f80-9a14-235faf1dfb46	11	105566300	116786845	7303	-0.1456
58a9fc52-af4d-4f80-9a14-235faf1dfb46	11	116789777	116814051	19	0.4365
58a9fc52-af4d-4f80-9a14-235faf1dfb46	11	116819862	117385456	316	-0.1661
58a9fc52-af4d-4f80-9a14-235faf1dfb46	11	117385613	117403937	12	0.3498
58a9fc52-af4d-4f80-9a14-235faf1dfb46	11	117407262	117461636	35	-0.215
58a9fc52-af4d-4f80-9a14-235faf1dfb46	11	117461841	117581497	104	0.1939
58a9fc52-af4d-4f80-9a14-235faf1dfb46	11	117581977	117643086	46	0.4005
58a9fc52-af4d-4f80-9a14-235faf1dfb46	11	117650009	117658907	7	0.7302
58a9fc52-af4d-4f80-9a14-235faf1dfb46	11	117660220	117675267	13	0.3836
58a9fc52-af4d-4f80-9a14-235faf1dfb46	11	117675767	117775639	83	0.7413
58a9fc52-af4d-4f80-9a14-235faf1dfb46	11	117775824	117839418	41	0.562
58a9fc52-af4d-4f80-9a14-235faf1dfb46	11	117839435	117927845	65	0.4307
58a9fc52-af4d-4f80-9a14-235faf1dfb46	11	117927978	118107863	154	-0.1487
58a9fc52-af4d-4f80-9a14-235faf1dfb46	11	118108152	118124674	14	0.2199
58a9fc52-af4d-4f80-9a14-235faf1dfb46	11	118124923	118155960	30	-0.1539
58a9fc52-af4d-4f80-9a14-235faf1dfb46	11	118156359	118168026	15	0.3857
58a9fc52-af4d-4f80-9a14-235faf1dfb46	11	118171998	130821055	8810	-0.1542
58a9fc52-af4d-4f80-9a14-235faf1dfb46	11	130821272	134272740	2251	-0.4355
58a9fc52-af4d-4f80-9a14-235faf1dfb46	12	780472	38827290	19679	-0.1655
58a9fc52-af4d-4f80-9a14-235faf1dfb46	12	38829764	48099528	5177	0.2291
58a9fc52-af4d-4f80-9a14-235faf1dfb46	12	48099948	48339867	138	0.3934
58a9fc52-af4d-4f80-9a14-235faf1dfb46	12	48340029	51352011	1402	0.3209
58a9fc52-af4d-4f80-9a14-235faf1dfb46	12	51355859	51701773	187	0.3954
58a9fc52-af4d-4f80-9a14-235faf1dfb46	12	51702024	72707335	12570	0.2457
58a9fc52-af4d-4f80-9a14-235faf1dfb46	12	72710092	73335503	283	0.1459
58a9fc52-af4d-4f80-9a14-235faf1dfb46	12	73339205	82417075	5616	0.2321
58a9fc52-af4d-4f80-9a14-235faf1dfb46	12	82417514	84652935	1336	0.0144
58a9fc52-af4d-4f80-9a14-235faf1dfb46	12	84653849	88635669	2063	0.2161
58a9fc52-af4d-4f80-9a14-235faf1dfb46	12	88636047	91824933	1902	0.2719
58a9fc52-af4d-4f80-9a14-235faf1dfb46	12	91825268	109663878	11707	0.2311
58a9fc52-af4d-4f80-9a14-235faf1dfb46	12	109664233	129284353	11228	0.2093
58a9fc52-af4d-4f80-9a14-235faf1dfb46	12	129284847	132605822	921	0.2635
58a9fc52-af4d-4f80-9a14-235faf1dfb46	13	18874255	28621320	5610	-0.4424
58a9fc52-af4d-4f80-9a14-235faf1dfb46	13	28621740	32602524	2773	0.0816
58a9fc52-af4d-4f80-9a14-235faf1dfb46	13	32613034	37852272	3563	0.2748
58a9fc52-af4d-4f80-9a14-235faf1dfb46	13	37854139	40897889	2112	-0.1453
58a9fc52-af4d-4f80-9a14-235faf1dfb46	13	40901950	40911075	6	-1.0869
58a9fc52-af4d-4f80-9a14-235faf1dfb46	13	40914247	51878749	6083	-0.1534
58a9fc52-af4d-4f80-9a14-235faf1dfb46	13	51879466	73535552	10991	-0.1782
58a9fc52-af4d-4f80-9a14-235faf1dfb46	13	73536321	114226675	25710	-0.1529
58a9fc52-af4d-4f80-9a14-235faf1dfb46	14	20033191	22664866	910	0.3698
58a9fc52-af4d-4f80-9a14-235faf1dfb46	14	22666554	29191178	3565	0.2422
58a9fc52-af4d-4f80-9a14-235faf1dfb46	14	29191894	31939744	1474	0.0558
58a9fc52-af4d-4f80-9a14-235faf1dfb46	14	31941962	34185159	1789	0.105
58a9fc52-af4d-4f80-9a14-235faf1dfb46	14	34189214	37563308	1937	0.0635
58a9fc52-af4d-4f80-9a14-235faf1dfb46	14	37563653	46099312	3652	-0.1688
58a9fc52-af4d-4f80-9a14-235faf1dfb46	14	46102428	46128010	18	-0.9389
58a9fc52-af4d-4f80-9a14-235faf1dfb46	14	46128734	48808774	1423	-0.1727
58a9fc52-af4d-4f80-9a14-235faf1dfb46	14	48812593	88206118	24688	-0.148
58a9fc52-af4d-4f80-9a14-235faf1dfb46	14	88208833	96213811	5172	-0.1691
58a9fc52-af4d-4f80-9a14-235faf1dfb46	14	96213924	101681539	3629	0.059
58a9fc52-af4d-4f80-9a14-235faf1dfb46	14	101687183	105533894	1435	0.9148
58a9fc52-af4d-4f80-9a14-235faf1dfb46	15	23437561	26087960	1483	0.0094
58a9fc52-af4d-4f80-9a14-235faf1dfb46	15	26089967	26595851	362	0.3904
58a9fc52-af4d-4f80-9a14-235faf1dfb46	15	26596070	30922250	924	0.0046
58a9fc52-af4d-4f80-9a14-235faf1dfb46	15	30924458	40421820	5798	0.0577
58a9fc52-af4d-4f80-9a14-235faf1dfb46	15	40422904	47550702	3519	0.0268
58a9fc52-af4d-4f80-9a14-235faf1dfb46	15	47553409	53611979	3813	0.064
58a9fc52-af4d-4f80-9a14-235faf1dfb46	15	53615482	54936444	975	0.0097
58a9fc52-af4d-4f80-9a14-235faf1dfb46	15	54936546	54937766	3	-1.3798
58a9fc52-af4d-4f80-9a14-235faf1dfb46	15	54938020	95643502	24341	0.0437
58a9fc52-af4d-4f80-9a14-235faf1dfb46	15	95647225	95647614	5	-0.8149
58a9fc52-af4d-4f80-9a14-235faf1dfb46	15	95649945	101344124	3439	0.0374
58a9fc52-af4d-4f80-9a14-235faf1dfb46	16	603333	2206818	412	0.0063
58a9fc52-af4d-4f80-9a14-235faf1dfb46	16	2213515	49035029	14820	-0.1895
58a9fc52-af4d-4f80-9a14-235faf1dfb46	16	49035091	89317317	25877	-0.1671
58a9fc52-af4d-4f80-9a14-235faf1dfb46	17	1074619	7639341	3182	0.2027
58a9fc52-af4d-4f80-9a14-235faf1dfb46	17	7643486	7680735	15	-0.834
58a9fc52-af4d-4f80-9a14-235faf1dfb46	17	7688443	8416905	310	0.366
58a9fc52-af4d-4f80-9a14-235faf1dfb46	17	8416958	13815961	3711	0.5243
58a9fc52-af4d-4f80-9a14-235faf1dfb46	17	13816113	18819522	1625	0.3926
58a9fc52-af4d-4f80-9a14-235faf1dfb46	17	18843779	18915059	43	-0.4916
58a9fc52-af4d-4f80-9a14-235faf1dfb46	17	18919720	21399695	829	0.3739
58a9fc52-af4d-4f80-9a14-235faf1dfb46	17	21774057	31646282	2010	-0.1873
58a9fc52-af4d-4f80-9a14-235faf1dfb46	17	31646303	55274991	10829	0.0218
58a9fc52-af4d-4f80-9a14-235faf1dfb46	17	55276729	55730459	377	0.3934
58a9fc52-af4d-4f80-9a14-235faf1dfb46	17	55733047	64585393	4765	0.2216
58a9fc52-af4d-4f80-9a14-235faf1dfb46	17	64591704	64707564	49	-0.0128
58a9fc52-af4d-4f80-9a14-235faf1dfb46	17	64709387	66325960	918	0.2311
58a9fc52-af4d-4f80-9a14-235faf1dfb46	17	66333126	82442879	8260	0.043
58a9fc52-af4d-4f80-9a14-235faf1dfb46	17	82443018	82453586	3	1.0278
58a9fc52-af4d-4f80-9a14-235faf1dfb46	17	82458038	82959812	291	0.0169
58a9fc52-af4d-4f80-9a14-235faf1dfb46	18	326691	4821262	2297	-0.1495
58a9fc52-af4d-4f80-9a14-235faf1dfb46	18	4823870	4964931	59	0.5817
58a9fc52-af4d-4f80-9a14-235faf1dfb46	18	5013859	37793135	16014	-0.1574
58a9fc52-af4d-4f80-9a14-235faf1dfb46	18	37795626	39327678	988	0.2196
58a9fc52-af4d-4f80-9a14-235faf1dfb46	18	39327943	41759458	1409	0.3381
58a9fc52-af4d-4f80-9a14-235faf1dfb46	18	41761144	46742093	2979	0.3981
58a9fc52-af4d-4f80-9a14-235faf1dfb46	18	46742533	46755184	8	0.1536
58a9fc52-af4d-4f80-9a14-235faf1dfb46	18	46756228	50309225	2396	0.0786
58a9fc52-af4d-4f80-9a14-235faf1dfb46	18	50309390	50331618	13	-0.2744
58a9fc52-af4d-4f80-9a14-235faf1dfb46	18	50331921	50790789	356	0.0551
58a9fc52-af4d-4f80-9a14-235faf1dfb46	18	50791201	50791912	3	-0.6827
58a9fc52-af4d-4f80-9a14-235faf1dfb46	18	50792026	50950835	113	0.0159
58a9fc52-af4d-4f80-9a14-235faf1dfb46	18	50960026	51736849	586	-0.142
58a9fc52-af4d-4f80-9a14-235faf1dfb46	18	51736915	53197904	988	0.018
58a9fc52-af4d-4f80-9a14-235faf1dfb46	18	53200167	57257082	2460	-0.1465
58a9fc52-af4d-4f80-9a14-235faf1dfb46	18	57258811	62571848	3526	0.1955
58a9fc52-af4d-4f80-9a14-235faf1dfb46	18	62572054	64202913	1164	0.0506
58a9fc52-af4d-4f80-9a14-235faf1dfb46	18	64205744	79349796	7497	-0.4246
58a9fc52-af4d-4f80-9a14-235faf1dfb46	19	283868	10988825	3732	0.0183
58a9fc52-af4d-4f80-9a14-235faf1dfb46	19	10989099	12353378	624	0.2104
58a9fc52-af4d-4f80-9a14-235faf1dfb46	19	12353752	15162711	1246	0.3484
58a9fc52-af4d-4f80-9a14-235faf1dfb46	19	15162725	18976738	1741	0.2059
58a9fc52-af4d-4f80-9a14-235faf1dfb46	19	18978558	27749586	1704	-0.0159
58a9fc52-af4d-4f80-9a14-235faf1dfb46	19	27749601	29953024	1711	0.2532
58a9fc52-af4d-4f80-9a14-235faf1dfb46	19	29954152	30793899	569	0.3116
58a9fc52-af4d-4f80-9a14-235faf1dfb46	19	30797211	30797633	2	-0.8004
58a9fc52-af4d-4f80-9a14-235faf1dfb46	19	30799692	33666129	1899	0.3102
58a9fc52-af4d-4f80-9a14-235faf1dfb46	19	33671092	34809817	760	-0.2017
58a9fc52-af4d-4f80-9a14-235faf1dfb46	19	34814122	38897279	2068	0.1829
58a9fc52-af4d-4f80-9a14-235faf1dfb46	19	38897323	50475136	4681	0.0091
58a9fc52-af4d-4f80-9a14-235faf1dfb46	19	50484437	50495168	7	0.5973
58a9fc52-af4d-4f80-9a14-235faf1dfb46	19	50505342	51364735	401	0.0024
58a9fc52-af4d-4f80-9a14-235faf1dfb46	19	51375587	51404486	24	0.5393
58a9fc52-af4d-4f80-9a14-235faf1dfb46	19	51408764	58370362	2955	-0.0158
58a9fc52-af4d-4f80-9a14-235faf1dfb46	20	472817	7824998	4537	-0.0144
58a9fc52-af4d-4f80-9a14-235faf1dfb46	20	7825099	14377810	4356	0.0236
58a9fc52-af4d-4f80-9a14-235faf1dfb46	20	14378448	15557647	466	-0.0209
58a9fc52-af4d-4f80-9a14-235faf1dfb46	20	15559485	16460547	874	0.614
58a9fc52-af4d-4f80-9a14-235faf1dfb46	20	16461361	19952161	2874	-0.0015
58a9fc52-af4d-4f80-9a14-235faf1dfb46	20	19952363	19954863	4	-0.6709
58a9fc52-af4d-4f80-9a14-235faf1dfb46	20	19957325	22682389	1847	-0.0139
58a9fc52-af4d-4f80-9a14-235faf1dfb46	20	22686266	26217295	1964	0.0347
58a9fc52-af4d-4f80-9a14-235faf1dfb46	20	31247668	32929834	810	0.0796
58a9fc52-af4d-4f80-9a14-235faf1dfb46	20	32932914	34890578	925	0.143
58a9fc52-af4d-4f80-9a14-235faf1dfb46	20	34895951	35294364	215	0.0925
58a9fc52-af4d-4f80-9a14-235faf1dfb46	20	35296856	35894770	265	-0.0973
58a9fc52-af4d-4f80-9a14-235faf1dfb46	20	35896323	37090567	593	0.2591
58a9fc52-af4d-4f80-9a14-235faf1dfb46	20	37092246	37121592	18	0.0634
58a9fc52-af4d-4f80-9a14-235faf1dfb46	20	37122684	38917984	1095	0.5358
58a9fc52-af4d-4f80-9a14-235faf1dfb46	20	38918529	38935367	8	1.1061
58a9fc52-af4d-4f80-9a14-235faf1dfb46	20	38939159	39622486	462	0.5305
58a9fc52-af4d-4f80-9a14-235faf1dfb46	20	39622763	41730880	1380	0.5867
58a9fc52-af4d-4f80-9a14-235faf1dfb46	20	41731384	41731388	5	-0.1096
58a9fc52-af4d-4f80-9a14-235faf1dfb46	20	41732145	42680714	729	0.555
58a9fc52-af4d-4f80-9a14-235faf1dfb46	20	42680746	43391242	535	0.7105
58a9fc52-af4d-4f80-9a14-235faf1dfb46	20	43391279	48410038	3391	0.5972
58a9fc52-af4d-4f80-9a14-235faf1dfb46	20	48410063	54115823	3591	0.523
58a9fc52-af4d-4f80-9a14-235faf1dfb46	20	54116505	54326615	188	0.6217
58a9fc52-af4d-4f80-9a14-235faf1dfb46	20	54331096	63588502	6354	0.5056
58a9fc52-af4d-4f80-9a14-235faf1dfb46	21	13974127	14877783	582	-0.1717
58a9fc52-af4d-4f80-9a14-235faf1dfb46	21	14878324	15013716	79	-0.7369
58a9fc52-af4d-4f80-9a14-235faf1dfb46	21	15018570	17052432	1240	-0.1391
58a9fc52-af4d-4f80-9a14-235faf1dfb46	21	17052725	19381273	1523	0.0191
58a9fc52-af4d-4f80-9a14-235faf1dfb46	21	19381359	19719201	232	0.191
58a9fc52-af4d-4f80-9a14-235faf1dfb46	21	19719273	20091287	213	0.4694
58a9fc52-af4d-4f80-9a14-235faf1dfb46	21	20100380	20320564	133	0.6904
58a9fc52-af4d-4f80-9a14-235faf1dfb46	21	20321433	25895024	3336	0.207
58a9fc52-af4d-4f80-9a14-235faf1dfb46	21	25897649	30349031	3246	0.2969
58a9fc52-af4d-4f80-9a14-235faf1dfb46	21	30350320	31025583	301	0.237
58a9fc52-af4d-4f80-9a14-235faf1dfb46	21	31036916	46262057	9674	0.0649
58a9fc52-af4d-4f80-9a14-235faf1dfb46	22	16934932	21746429	774	0.0287
58a9fc52-af4d-4f80-9a14-235faf1dfb46	22	21747003	35903416	8465	-0.1486
58a9fc52-af4d-4f80-9a14-235faf1dfb46	22	35910218	35957032	30	0.0245
58a9fc52-af4d-4f80-9a14-235faf1dfb46	22	35957655	35966285	3	-0.6075
58a9fc52-af4d-4f80-9a14-235faf1dfb46	22	35970110	36042607	28	-0.0879
58a9fc52-af4d-4f80-9a14-235faf1dfb46	22	36087893	37853782	978	0.1478
58a9fc52-af4d-4f80-9a14-235faf1dfb46	22	37853797	38110681	104	0.3296
58a9fc52-af4d-4f80-9a14-235faf1dfb46	22	38148291	42686820	2133	0.1265
58a9fc52-af4d-4f80-9a14-235faf1dfb46	22	42687039	42694846	6	-0.4779
58a9fc52-af4d-4f80-9a14-235faf1dfb46	22	42694996	46981350	2943	-0.1163
58a9fc52-af4d-4f80-9a14-235faf1dfb46	22	46997271	48940621	1599	-0.4463
58a9fc52-af4d-4f80-9a14-235faf1dfb46	X	3236359	3552695	231	1.3518
58a9fc52-af4d-4f80-9a14-235faf1dfb46	X	3562319	4574312	28	0.9761
58a9fc52-af4d-4f80-9a14-235faf1dfb46	X	5581074	6455075	464	0.3658
58a9fc52-af4d-4f80-9a14-235faf1dfb46	X	6457276	9472178	654	-0.4567
58a9fc52-af4d-4f80-9a14-235faf1dfb46	X	9472237	11588935	1043	-0.1621
58a9fc52-af4d-4f80-9a14-235faf1dfb46	X	11589864	15641323	2402	0.087
58a9fc52-af4d-4f80-9a14-235faf1dfb46	X	15641338	15942241	179	0.6285
58a9fc52-af4d-4f80-9a14-235faf1dfb46	X	15957868	16789604	467	0.0596
58a9fc52-af4d-4f80-9a14-235faf1dfb46	X	16794659	16967303	90	0.4481
58a9fc52-af4d-4f80-9a14-235faf1dfb46	X	16974832	17710902	368	0.9916
58a9fc52-af4d-4f80-9a14-235faf1dfb46	X	17712988	28773752	5476	0.4113
58a9fc52-af4d-4f80-9a14-235faf1dfb46	X	28777189	28885410	64	1.0327
58a9fc52-af4d-4f80-9a14-235faf1dfb46	X	28887227	32049062	1770	0.4028
58a9fc52-af4d-4f80-9a14-235faf1dfb46	X	32049170	32195845	101	0.254
58a9fc52-af4d-4f80-9a14-235faf1dfb46	X	32196667	32397328	178	0.4154
58a9fc52-af4d-4f80-9a14-235faf1dfb46	X	32397545	54046627	8796	0.2703
58a9fc52-af4d-4f80-9a14-235faf1dfb46	X	54047079	54533230	181	0.391
58a9fc52-af4d-4f80-9a14-235faf1dfb46	X	54535655	67903930	3251	0.0258
58a9fc52-af4d-4f80-9a14-235faf1dfb46	X	67906525	67910516	2	-1.4091
58a9fc52-af4d-4f80-9a14-235faf1dfb46	X	67910806	69222270	664	0.0888
58a9fc52-af4d-4f80-9a14-235faf1dfb46	X	69224527	70580499	554	-0.1762
58a9fc52-af4d-4f80-9a14-235faf1dfb46	X	70581262	73074149	906	0.0536
58a9fc52-af4d-4f80-9a14-235faf1dfb46	X	73076396	84036998	4142	-0.1876
58a9fc52-af4d-4f80-9a14-235faf1dfb46	X	84037169	84191476	75	-0.4738
58a9fc52-af4d-4f80-9a14-235faf1dfb46	X	84193110	155677414	31771	-0.1763
