GDC_Aliquot	Chromosome	Start	End	Num_Probes	Segment_Mean
e34dbe2a-2fbc-4633-bea8-32b2aeab9ee0	1	3301765	7652270	2836	0.1676
e34dbe2a-2fbc-4633-bea8-32b2aeab9ee0	1	7657902	11778398	2008	0.1047
e34dbe2a-2fbc-4633-bea8-32b2aeab9ee0	1	11783110	20664946	5025	0.1651
e34dbe2a-2fbc-4633-bea8-32b2aeab9ee0	1	20666714	21188277	257	0.0669
e34dbe2a-2fbc-4633-bea8-32b2aeab9ee0	1	21189326	26408224	2602	0.1284
e34dbe2a-2fbc-4633-bea8-32b2aeab9ee0	1	26408805	29191733	1003	0.0756
e34dbe2a-2fbc-4633-bea8-32b2aeab9ee0	1	29191781	30421157	879	0.191
e34dbe2a-2fbc-4633-bea8-32b2aeab9ee0	1	30421683	32109152	847	0.1098
e34dbe2a-2fbc-4633-bea8-32b2aeab9ee0	1	32113108	32117003	3	-1.1621
e34dbe2a-2fbc-4633-bea8-32b2aeab9ee0	1	32117567	33144666	389	0.1061
e34dbe2a-2fbc-4633-bea8-32b2aeab9ee0	1	33148561	34464335	956	0.1888
e34dbe2a-2fbc-4633-bea8-32b2aeab9ee0	1	34464655	36511964	938	0.1154
e34dbe2a-2fbc-4633-bea8-32b2aeab9ee0	1	36512402	37334290	578	0.1849
e34dbe2a-2fbc-4633-bea8-32b2aeab9ee0	1	37334471	44330355	3871	0.1252
e34dbe2a-2fbc-4633-bea8-32b2aeab9ee0	1	44332700	44366533	23	-0.3196
e34dbe2a-2fbc-4633-bea8-32b2aeab9ee0	1	44376924	46298732	804	0.0933
e34dbe2a-2fbc-4633-bea8-32b2aeab9ee0	1	46306673	47441525	594	0.1462
e34dbe2a-2fbc-4633-bea8-32b2aeab9ee0	1	47441932	50474269	1743	0.1928
e34dbe2a-2fbc-4633-bea8-32b2aeab9ee0	1	50477698	54663891	2115	0.1306
e34dbe2a-2fbc-4633-bea8-32b2aeab9ee0	1	54664069	60839033	4582	0.1922
e34dbe2a-2fbc-4633-bea8-32b2aeab9ee0	1	60839093	69741271	6218	0.1569
e34dbe2a-2fbc-4633-bea8-32b2aeab9ee0	1	69744255	74903931	2678	0.1143
e34dbe2a-2fbc-4633-bea8-32b2aeab9ee0	1	74904729	80449708	3254	0.1601
e34dbe2a-2fbc-4633-bea8-32b2aeab9ee0	1	80449818	82633931	1372	0.104
e34dbe2a-2fbc-4633-bea8-32b2aeab9ee0	1	82634755	82635972	2	-0.8328
e34dbe2a-2fbc-4633-bea8-32b2aeab9ee0	1	82636013	84737513	1334	0.119
e34dbe2a-2fbc-4633-bea8-32b2aeab9ee0	1	84739974	91832281	4582	0.1643
e34dbe2a-2fbc-4633-bea8-32b2aeab9ee0	1	91832619	93557168	801	0.1103
e34dbe2a-2fbc-4633-bea8-32b2aeab9ee0	1	93561304	94094507	373	0.177
e34dbe2a-2fbc-4633-bea8-32b2aeab9ee0	1	94095382	94636361	358	-0.0172
e34dbe2a-2fbc-4633-bea8-32b2aeab9ee0	1	94637594	101020505	3946	0.1469
e34dbe2a-2fbc-4633-bea8-32b2aeab9ee0	1	101023801	110355952	4979	-0.4655
e34dbe2a-2fbc-4633-bea8-32b2aeab9ee0	1	110362191	110401565	25	-1.5141
e34dbe2a-2fbc-4633-bea8-32b2aeab9ee0	1	110404073	119984772	6120	-0.4587
e34dbe2a-2fbc-4633-bea8-32b2aeab9ee0	1	146716041	151650510	644	0.1259
e34dbe2a-2fbc-4633-bea8-32b2aeab9ee0	1	151653443	153572621	1134	0.2341
e34dbe2a-2fbc-4633-bea8-32b2aeab9ee0	1	153573458	156451862	1271	0.1618
e34dbe2a-2fbc-4633-bea8-32b2aeab9ee0	1	156453066	187826722	20623	0.2335
e34dbe2a-2fbc-4633-bea8-32b2aeab9ee0	1	187827578	188543311	477	0.1891
e34dbe2a-2fbc-4633-bea8-32b2aeab9ee0	1	188544110	190689405	1143	0.1307
e34dbe2a-2fbc-4633-bea8-32b2aeab9ee0	1	190689509	200811577	5936	0.1833
e34dbe2a-2fbc-4633-bea8-32b2aeab9ee0	1	200815006	202202897	936	-0.3449
e34dbe2a-2fbc-4633-bea8-32b2aeab9ee0	1	202206757	202210965	4	-1.5127
e34dbe2a-2fbc-4633-bea8-32b2aeab9ee0	1	202212001	207492963	3279	-0.3671
e34dbe2a-2fbc-4633-bea8-32b2aeab9ee0	1	207493877	208355284	636	-0.3194
e34dbe2a-2fbc-4633-bea8-32b2aeab9ee0	1	208355686	208355700	2	-1.8553
e34dbe2a-2fbc-4633-bea8-32b2aeab9ee0	1	208356284	211499230	2291	-0.3034
e34dbe2a-2fbc-4633-bea8-32b2aeab9ee0	1	211500699	212888020	893	-0.3765
e34dbe2a-2fbc-4633-bea8-32b2aeab9ee0	1	212890754	223255227	6907	-0.3189
e34dbe2a-2fbc-4633-bea8-32b2aeab9ee0	1	223255895	247650984	15401	-0.347
e34dbe2a-2fbc-4633-bea8-32b2aeab9ee0	2	480597	590698	86	-0.0199
e34dbe2a-2fbc-4633-bea8-32b2aeab9ee0	2	594741	2368396	401	0.1761
e34dbe2a-2fbc-4633-bea8-32b2aeab9ee0	2	2368409	4423279	1433	0.3259
e34dbe2a-2fbc-4633-bea8-32b2aeab9ee0	2	4423548	5265550	586	0.2009
e34dbe2a-2fbc-4633-bea8-32b2aeab9ee0	2	5265877	5445467	168	0.388
e34dbe2a-2fbc-4633-bea8-32b2aeab9ee0	2	5446745	5860903	315	0.5676
e34dbe2a-2fbc-4633-bea8-32b2aeab9ee0	2	5862037	6125723	242	0.6601
e34dbe2a-2fbc-4633-bea8-32b2aeab9ee0	2	6126364	6409286	235	0.2782
e34dbe2a-2fbc-4633-bea8-32b2aeab9ee0	2	6410134	7197151	643	0.1695
e34dbe2a-2fbc-4633-bea8-32b2aeab9ee0	2	7199725	60734447	31814	-0.0552
e34dbe2a-2fbc-4633-bea8-32b2aeab9ee0	2	60735182	88831554	14836	-0.3521
e34dbe2a-2fbc-4633-bea8-32b2aeab9ee0	2	94675825	97999977	836	0.2056
e34dbe2a-2fbc-4633-bea8-32b2aeab9ee0	2	98004829	98005494	2	1.3004
e34dbe2a-2fbc-4633-bea8-32b2aeab9ee0	2	98008709	117614267	10353	0.2215
e34dbe2a-2fbc-4633-bea8-32b2aeab9ee0	2	117614858	121250282	2301	0.2562
e34dbe2a-2fbc-4633-bea8-32b2aeab9ee0	2	121251989	134605054	6352	0.2259
e34dbe2a-2fbc-4633-bea8-32b2aeab9ee0	2	134614942	142224651	4228	0.195
e34dbe2a-2fbc-4633-bea8-32b2aeab9ee0	2	142225041	142226976	2	-0.8835
e34dbe2a-2fbc-4633-bea8-32b2aeab9ee0	2	142227485	149050228	3604	0.1899
e34dbe2a-2fbc-4633-bea8-32b2aeab9ee0	2	149050444	153919342	3195	0.2325
e34dbe2a-2fbc-4633-bea8-32b2aeab9ee0	2	153921319	198002180	24290	0.1951
e34dbe2a-2fbc-4633-bea8-32b2aeab9ee0	2	198004330	200768419	1776	0.2502
e34dbe2a-2fbc-4633-bea8-32b2aeab9ee0	2	200769171	203714390	1293	0.2011
e34dbe2a-2fbc-4633-bea8-32b2aeab9ee0	2	203716144	209844940	3875	0.2434
e34dbe2a-2fbc-4633-bea8-32b2aeab9ee0	2	209844946	214337349	2640	0.1864
e34dbe2a-2fbc-4633-bea8-32b2aeab9ee0	2	214337748	219698792	3296	0.2521
e34dbe2a-2fbc-4633-bea8-32b2aeab9ee0	2	219699660	220229151	393	0.3196
e34dbe2a-2fbc-4633-bea8-32b2aeab9ee0	2	220229621	234577097	8819	0.2385
e34dbe2a-2fbc-4633-bea8-32b2aeab9ee0	2	234578966	237638875	2038	0.2898
e34dbe2a-2fbc-4633-bea8-32b2aeab9ee0	2	237639336	241537572	2136	0.2501
e34dbe2a-2fbc-4633-bea8-32b2aeab9ee0	3	2170634	3209374	474	0.2289
e34dbe2a-2fbc-4633-bea8-32b2aeab9ee0	3	3215206	3215539	2	-2.2095
e34dbe2a-2fbc-4633-bea8-32b2aeab9ee0	3	3216204	7282499	2108	0.2047
e34dbe2a-2fbc-4633-bea8-32b2aeab9ee0	3	7283979	9403684	1690	0.2539
e34dbe2a-2fbc-4633-bea8-32b2aeab9ee0	3	9406401	21690622	7397	0.2014
e34dbe2a-2fbc-4633-bea8-32b2aeab9ee0	3	21691453	21692624	2	-1.0971
e34dbe2a-2fbc-4633-bea8-32b2aeab9ee0	3	21692742	28019533	3566	0.2103
e34dbe2a-2fbc-4633-bea8-32b2aeab9ee0	3	28030278	32116162	2800	0.074
e34dbe2a-2fbc-4633-bea8-32b2aeab9ee0	3	32117491	32117670	2	-1.2997
e34dbe2a-2fbc-4633-bea8-32b2aeab9ee0	3	32118044	38990012	4137	0.0665
e34dbe2a-2fbc-4633-bea8-32b2aeab9ee0	3	38990421	65936310	15265	-0.6528
e34dbe2a-2fbc-4633-bea8-32b2aeab9ee0	3	65938065	75091588	6293	0.08
e34dbe2a-2fbc-4633-bea8-32b2aeab9ee0	3	75101253	94015345	7468	0.0248
e34dbe2a-2fbc-4633-bea8-32b2aeab9ee0	3	94015827	103328139	4789	0.2172
e34dbe2a-2fbc-4633-bea8-32b2aeab9ee0	3	103332988	105262011	1260	0.1516
e34dbe2a-2fbc-4633-bea8-32b2aeab9ee0	3	105262407	113092581	4362	0.2119
e34dbe2a-2fbc-4633-bea8-32b2aeab9ee0	3	113093479	113097899	4	-0.6967
e34dbe2a-2fbc-4633-bea8-32b2aeab9ee0	3	113099188	122895373	5753	0.2115
e34dbe2a-2fbc-4633-bea8-32b2aeab9ee0	3	122900445	127327945	2757	0.247
e34dbe2a-2fbc-4633-bea8-32b2aeab9ee0	3	127328637	162259891	18936	0.2153
e34dbe2a-2fbc-4633-bea8-32b2aeab9ee0	3	162263223	166833619	1879	0.1384
e34dbe2a-2fbc-4633-bea8-32b2aeab9ee0	3	166835198	174680705	4196	0.2037
e34dbe2a-2fbc-4633-bea8-32b2aeab9ee0	3	174682844	174715976	20	-0.2718
e34dbe2a-2fbc-4633-bea8-32b2aeab9ee0	3	174716273	174970712	161	0.1443
e34dbe2a-2fbc-4633-bea8-32b2aeab9ee0	3	174972130	192601966	9720	0.204
e34dbe2a-2fbc-4633-bea8-32b2aeab9ee0	3	192602550	194639901	1187	0.1439
e34dbe2a-2fbc-4633-bea8-32b2aeab9ee0	3	194646186	197812401	868	0.0982
e34dbe2a-2fbc-4633-bea8-32b2aeab9ee0	4	1059384	25994264	15690	-0.3397
e34dbe2a-2fbc-4633-bea8-32b2aeab9ee0	4	25995891	43996770	10610	0.2375
e34dbe2a-2fbc-4633-bea8-32b2aeab9ee0	4	44000429	45078019	497	-0.3881
e34dbe2a-2fbc-4633-bea8-32b2aeab9ee0	4	45085170	45088830	2	-1.866
e34dbe2a-2fbc-4633-bea8-32b2aeab9ee0	4	45089123	48067890	1532	-0.3741
e34dbe2a-2fbc-4633-bea8-32b2aeab9ee0	4	51832470	51833594	3	0.1372
e34dbe2a-2fbc-4633-bea8-32b2aeab9ee0	4	51833610	58127138	4087	0.258
e34dbe2a-2fbc-4633-bea8-32b2aeab9ee0	4	58127441	73974896	8070	0.1911
e34dbe2a-2fbc-4633-bea8-32b2aeab9ee0	4	73974978	90080141	9760	0.2275
e34dbe2a-2fbc-4633-bea8-32b2aeab9ee0	4	90080667	99329813	4979	0.1972
e34dbe2a-2fbc-4633-bea8-32b2aeab9ee0	4	99332551	99333769	3	-0.8114
e34dbe2a-2fbc-4633-bea8-32b2aeab9ee0	4	99333778	104502253	2873	0.2003
e34dbe2a-2fbc-4633-bea8-32b2aeab9ee0	4	104504111	108804217	2432	0.0171
e34dbe2a-2fbc-4633-bea8-32b2aeab9ee0	4	108804282	108819591	12	0.3905
e34dbe2a-2fbc-4633-bea8-32b2aeab9ee0	4	108824591	108900368	49	-0.3292
e34dbe2a-2fbc-4633-bea8-32b2aeab9ee0	4	108904525	108909443	8	0.2547
e34dbe2a-2fbc-4633-bea8-32b2aeab9ee0	4	108909672	115094931	3682	0.3579
e34dbe2a-2fbc-4633-bea8-32b2aeab9ee0	4	115098769	117424719	1182	0.3048
e34dbe2a-2fbc-4633-bea8-32b2aeab9ee0	4	117430037	131002101	7524	0.3621
e34dbe2a-2fbc-4633-bea8-32b2aeab9ee0	4	131004472	132158496	310	0.1885
e34dbe2a-2fbc-4633-bea8-32b2aeab9ee0	4	132160003	134560853	1023	0.3182
e34dbe2a-2fbc-4633-bea8-32b2aeab9ee0	4	134568527	134671191	53	0.2102
e34dbe2a-2fbc-4633-bea8-32b2aeab9ee0	4	134671676	160764150	14991	0.0404
e34dbe2a-2fbc-4633-bea8-32b2aeab9ee0	4	160765063	164372664	2083	-0.0163
e34dbe2a-2fbc-4633-bea8-32b2aeab9ee0	4	164376017	187842528	12029	0.0444
e34dbe2a-2fbc-4633-bea8-32b2aeab9ee0	5	913983	1428688	129	0.3191
e34dbe2a-2fbc-4633-bea8-32b2aeab9ee0	5	1880474	6556592	3910	-0.1363
e34dbe2a-2fbc-4633-bea8-32b2aeab9ee0	5	6557017	6558048	2	-2.3917
e34dbe2a-2fbc-4633-bea8-32b2aeab9ee0	5	6558178	18745427	7472	-0.1292
e34dbe2a-2fbc-4633-bea8-32b2aeab9ee0	5	18746713	30528936	6068	-0.1817
e34dbe2a-2fbc-4633-bea8-32b2aeab9ee0	5	30530417	50944465	8612	-0.1187
e34dbe2a-2fbc-4633-bea8-32b2aeab9ee0	5	50947501	84562175	19014	0.0604
e34dbe2a-2fbc-4633-bea8-32b2aeab9ee0	5	84562671	90720312	3135	0.0167
e34dbe2a-2fbc-4633-bea8-32b2aeab9ee0	5	90720460	100305931	4526	0.0585
e34dbe2a-2fbc-4633-bea8-32b2aeab9ee0	5	100342956	106098618	2709	0.0228
e34dbe2a-2fbc-4633-bea8-32b2aeab9ee0	5	106099337	112967161	4262	0.0663
e34dbe2a-2fbc-4633-bea8-32b2aeab9ee0	5	112970975	112971388	2	-1.0021
e34dbe2a-2fbc-4633-bea8-32b2aeab9ee0	5	112972091	125829177	7700	0.0655
e34dbe2a-2fbc-4633-bea8-32b2aeab9ee0	5	125829949	133120635	3962	0.0367
e34dbe2a-2fbc-4633-bea8-32b2aeab9ee0	5	133122000	135436576	1549	0.0628
e34dbe2a-2fbc-4633-bea8-32b2aeab9ee0	5	135438261	135438494	3	-0.9653
e34dbe2a-2fbc-4633-bea8-32b2aeab9ee0	5	135438555	135445219	10	0.0406
e34dbe2a-2fbc-4633-bea8-32b2aeab9ee0	5	135445391	137751353	1630	0.1189
e34dbe2a-2fbc-4633-bea8-32b2aeab9ee0	5	137752360	143496912	2927	0.0414
e34dbe2a-2fbc-4633-bea8-32b2aeab9ee0	5	143499577	161156651	11634	0.0719
e34dbe2a-2fbc-4633-bea8-32b2aeab9ee0	5	161156760	166805645	3450	0.0413
e34dbe2a-2fbc-4633-bea8-32b2aeab9ee0	5	166806051	176426617	6416	0.0812
e34dbe2a-2fbc-4633-bea8-32b2aeab9ee0	5	176427198	180934240	1985	0.0396
e34dbe2a-2fbc-4633-bea8-32b2aeab9ee0	6	1011760	17744520	11853	-0.1944
e34dbe2a-2fbc-4633-bea8-32b2aeab9ee0	6	17744549	18347035	360	-0.0096
e34dbe2a-2fbc-4633-bea8-32b2aeab9ee0	6	18350766	24693618	4594	0.0426
e34dbe2a-2fbc-4633-bea8-32b2aeab9ee0	6	24694056	30776752	2368	0.0043
e34dbe2a-2fbc-4633-bea8-32b2aeab9ee0	6	30777677	37852130	2929	-0.239
e34dbe2a-2fbc-4633-bea8-32b2aeab9ee0	6	37854286	40983230	2348	-0.1686
e34dbe2a-2fbc-4633-bea8-32b2aeab9ee0	6	40984656	41344154	236	0.2566
e34dbe2a-2fbc-4633-bea8-32b2aeab9ee0	6	41344791	43464513	1145	0.0416
e34dbe2a-2fbc-4633-bea8-32b2aeab9ee0	6	43469363	46622693	1767	0.1351
e34dbe2a-2fbc-4633-bea8-32b2aeab9ee0	6	46622942	49158218	1546	0.0536
e34dbe2a-2fbc-4633-bea8-32b2aeab9ee0	6	49164680	49250712	48	-0.3004
e34dbe2a-2fbc-4633-bea8-32b2aeab9ee0	6	49251901	52642487	2024	0.0187
e34dbe2a-2fbc-4633-bea8-32b2aeab9ee0	6	52642749	52644971	3	0.9973
e34dbe2a-2fbc-4633-bea8-32b2aeab9ee0	6	52645167	56695966	2628	0.0496
e34dbe2a-2fbc-4633-bea8-32b2aeab9ee0	6	56702844	61596616	288	-0.1582
e34dbe2a-2fbc-4633-bea8-32b2aeab9ee0	6	61599521	62456403	379	0.1464
e34dbe2a-2fbc-4633-bea8-32b2aeab9ee0	6	62456897	63858995	676	-0.0109
e34dbe2a-2fbc-4633-bea8-32b2aeab9ee0	6	63862153	64169223	160	-0.1783
e34dbe2a-2fbc-4633-bea8-32b2aeab9ee0	6	64173037	66802069	1452	-0.2279
e34dbe2a-2fbc-4633-bea8-32b2aeab9ee0	6	66802789	67052146	196	-0.3806
e34dbe2a-2fbc-4633-bea8-32b2aeab9ee0	6	67052244	68884234	1070	-0.2385
e34dbe2a-2fbc-4633-bea8-32b2aeab9ee0	6	68885116	83807236	8347	-0.1745
e34dbe2a-2fbc-4633-bea8-32b2aeab9ee0	6	83810914	86554240	1571	-0.1374
e34dbe2a-2fbc-4633-bea8-32b2aeab9ee0	6	86554731	91935237	3276	-0.1962
e34dbe2a-2fbc-4633-bea8-32b2aeab9ee0	6	91935452	95879420	1516	-0.3725
e34dbe2a-2fbc-4633-bea8-32b2aeab9ee0	6	95884965	96115111	165	-0.133
e34dbe2a-2fbc-4633-bea8-32b2aeab9ee0	6	96115660	116263231	11845	-0.3653
e34dbe2a-2fbc-4633-bea8-32b2aeab9ee0	6	116265327	116360315	52	-1.3527
e34dbe2a-2fbc-4633-bea8-32b2aeab9ee0	6	116363633	116380420	3	-0.4269
e34dbe2a-2fbc-4633-bea8-32b2aeab9ee0	6	116380750	133413903	9957	0.2535
e34dbe2a-2fbc-4633-bea8-32b2aeab9ee0	6	133414899	133415904	4	-1.4598
e34dbe2a-2fbc-4633-bea8-32b2aeab9ee0	6	133415963	163816276	19296	0.2511
e34dbe2a-2fbc-4633-bea8-32b2aeab9ee0	6	163816766	166514010	1735	0.3549
e34dbe2a-2fbc-4633-bea8-32b2aeab9ee0	6	166514115	166529258	14	0.2015
e34dbe2a-2fbc-4633-bea8-32b2aeab9ee0	6	166533195	170596889	1292	0.7065
e34dbe2a-2fbc-4633-bea8-32b2aeab9ee0	7	664936	7448970	2618	0.2008
e34dbe2a-2fbc-4633-bea8-32b2aeab9ee0	7	7449280	7449945	4	-0.7521
e34dbe2a-2fbc-4633-bea8-32b2aeab9ee0	7	7452771	14687502	4289	0.1872
e34dbe2a-2fbc-4633-bea8-32b2aeab9ee0	7	14691076	14691198	3	-1.0568
e34dbe2a-2fbc-4633-bea8-32b2aeab9ee0	7	14693870	18121997	1808	0.1957
e34dbe2a-2fbc-4633-bea8-32b2aeab9ee0	7	18125357	52018900	21881	0.2264
e34dbe2a-2fbc-4633-bea8-32b2aeab9ee0	7	52019343	53299590	958	0.1709
e34dbe2a-2fbc-4633-bea8-32b2aeab9ee0	7	53301362	57185111	2015	0.2394
e34dbe2a-2fbc-4633-bea8-32b2aeab9ee0	7	57854817	67034893	868	0.1528
e34dbe2a-2fbc-4633-bea8-32b2aeab9ee0	7	67035986	72433306	3156	0.2086
e34dbe2a-2fbc-4633-bea8-32b2aeab9ee0	7	72433452	78013644	1488	0.1162
e34dbe2a-2fbc-4633-bea8-32b2aeab9ee0	7	78013679	83621110	3640	0.198
e34dbe2a-2fbc-4633-bea8-32b2aeab9ee0	7	83623117	130866994	24097	0.1472
e34dbe2a-2fbc-4633-bea8-32b2aeab9ee0	7	130867953	131674249	543	0.2352
e34dbe2a-2fbc-4633-bea8-32b2aeab9ee0	7	131675898	132609848	614	0.3359
e34dbe2a-2fbc-4633-bea8-32b2aeab9ee0	7	132610082	138167565	3538	0.2748
e34dbe2a-2fbc-4633-bea8-32b2aeab9ee0	7	138171947	150677152	6254	0.248
e34dbe2a-2fbc-4633-bea8-32b2aeab9ee0	7	150677419	150728263	13	-0.261
e34dbe2a-2fbc-4633-bea8-32b2aeab9ee0	7	150730136	152160778	798	0.2499
e34dbe2a-2fbc-4633-bea8-32b2aeab9ee0	7	152161834	152502774	119	0.1356
e34dbe2a-2fbc-4633-bea8-32b2aeab9ee0	7	152502813	152676568	95	0.2427
e34dbe2a-2fbc-4633-bea8-32b2aeab9ee0	7	152677078	158592540	3143	0.2764
e34dbe2a-2fbc-4633-bea8-32b2aeab9ee0	8	667625	678410	7	-0.2511
e34dbe2a-2fbc-4633-bea8-32b2aeab9ee0	8	683110	1917721	617	0.1761
e34dbe2a-2fbc-4633-bea8-32b2aeab9ee0	8	1918630	4123120	1229	-0.0016
e34dbe2a-2fbc-4633-bea8-32b2aeab9ee0	8	4220531	4353224	52	-0.3207
e34dbe2a-2fbc-4633-bea8-32b2aeab9ee0	8	4353849	5047915	465	-0.0183
e34dbe2a-2fbc-4633-bea8-32b2aeab9ee0	8	5058053	17592226	6431	0.3592
e34dbe2a-2fbc-4633-bea8-32b2aeab9ee0	8	17596651	18507731	839	0.0406
e34dbe2a-2fbc-4633-bea8-32b2aeab9ee0	8	18508092	18508305	2	1.0538
e34dbe2a-2fbc-4633-bea8-32b2aeab9ee0	8	18508496	20330289	1464	0.0579
e34dbe2a-2fbc-4633-bea8-32b2aeab9ee0	8	20331766	22872569	1725	-0.3658
e34dbe2a-2fbc-4633-bea8-32b2aeab9ee0	8	22873723	22993561	95	-3.5636
e34dbe2a-2fbc-4633-bea8-32b2aeab9ee0	8	22994656	23008353	8	-1.5138
e34dbe2a-2fbc-4633-bea8-32b2aeab9ee0	8	23008494	34945045	7805	-0.3823
e34dbe2a-2fbc-4633-bea8-32b2aeab9ee0	8	34945055	42483424	4081	0.3607
e34dbe2a-2fbc-4633-bea8-32b2aeab9ee0	8	42488102	42491712	4	-0.8598
e34dbe2a-2fbc-4633-bea8-32b2aeab9ee0	8	42496200	46553821	255	0.32
e34dbe2a-2fbc-4633-bea8-32b2aeab9ee0	8	46554650	54361240	4070	0.218
e34dbe2a-2fbc-4633-bea8-32b2aeab9ee0	8	54367265	61809155	4720	0.3349
e34dbe2a-2fbc-4633-bea8-32b2aeab9ee0	8	61809686	64431313	1499	0.1752
e34dbe2a-2fbc-4633-bea8-32b2aeab9ee0	8	64432860	64519471	57	0.4701
e34dbe2a-2fbc-4633-bea8-32b2aeab9ee0	8	64523599	66328699	952	0.3319
e34dbe2a-2fbc-4633-bea8-32b2aeab9ee0	8	66333537	67417127	388	0.0031
e34dbe2a-2fbc-4633-bea8-32b2aeab9ee0	8	67417207	73623517	4076	0.045
e34dbe2a-2fbc-4633-bea8-32b2aeab9ee0	8	73625909	82967580	5136	0.0074
e34dbe2a-2fbc-4633-bea8-32b2aeab9ee0	8	82971425	86555620	1718	0.1258
e34dbe2a-2fbc-4633-bea8-32b2aeab9ee0	8	86555906	98627677	7202	0.1969
e34dbe2a-2fbc-4633-bea8-32b2aeab9ee0	8	98627820	100297262	721	0.1373
e34dbe2a-2fbc-4633-bea8-32b2aeab9ee0	8	100297320	103090682	1762	0.1871
e34dbe2a-2fbc-4633-bea8-32b2aeab9ee0	8	103092909	107657499	2437	-0.3905
e34dbe2a-2fbc-4633-bea8-32b2aeab9ee0	8	107659235	109730660	1153	0.1749
e34dbe2a-2fbc-4633-bea8-32b2aeab9ee0	8	109731300	114497474	2430	0.1104
e34dbe2a-2fbc-4633-bea8-32b2aeab9ee0	8	114498036	122910963	5420	0.1953
e34dbe2a-2fbc-4633-bea8-32b2aeab9ee0	8	122912188	130468608	5129	0.1716
e34dbe2a-2fbc-4633-bea8-32b2aeab9ee0	8	130468853	132374654	1404	0.2164
e34dbe2a-2fbc-4633-bea8-32b2aeab9ee0	8	132376390	132376406	2	-1.09
e34dbe2a-2fbc-4633-bea8-32b2aeab9ee0	8	132379169	144182542	6854	0.1988
e34dbe2a-2fbc-4633-bea8-32b2aeab9ee0	9	789794	12542187	6354	-0.3312
e34dbe2a-2fbc-4633-bea8-32b2aeab9ee0	9	12542478	19729806	5688	-0.2845
e34dbe2a-2fbc-4633-bea8-32b2aeab9ee0	9	19730704	20026885	233	-0.3343
e34dbe2a-2fbc-4633-bea8-32b2aeab9ee0	9	20027325	26226443	4023	-0.4934
e34dbe2a-2fbc-4633-bea8-32b2aeab9ee0	9	26226816	28124444	1274	-0.1805
e34dbe2a-2fbc-4633-bea8-32b2aeab9ee0	9	28125258	36577220	4438	-0.3255
e34dbe2a-2fbc-4633-bea8-32b2aeab9ee0	9	36585027	38752071	1541	-0.0486
e34dbe2a-2fbc-4633-bea8-32b2aeab9ee0	9	68423153	79432056	7749	0.2156
e34dbe2a-2fbc-4633-bea8-32b2aeab9ee0	9	79436642	81194024	1328	0.155
e34dbe2a-2fbc-4633-bea8-32b2aeab9ee0	9	81195944	84099075	1848	0.2077
e34dbe2a-2fbc-4633-bea8-32b2aeab9ee0	9	84099096	88091647	2865	0.235
e34dbe2a-2fbc-4633-bea8-32b2aeab9ee0	9	88092029	97688669	5971	0.2022
e34dbe2a-2fbc-4633-bea8-32b2aeab9ee0	9	97689859	99511296	1302	0.6395
e34dbe2a-2fbc-4633-bea8-32b2aeab9ee0	9	99514614	105825551	3720	0.6091
e34dbe2a-2fbc-4633-bea8-32b2aeab9ee0	9	105887212	111469034	4297	0.6476
e34dbe2a-2fbc-4633-bea8-32b2aeab9ee0	9	111472452	112870792	762	0.567
e34dbe2a-2fbc-4633-bea8-32b2aeab9ee0	9	112872002	115625037	1890	0.6506
e34dbe2a-2fbc-4633-bea8-32b2aeab9ee0	9	115626525	122677498	5141	0.2421
e34dbe2a-2fbc-4633-bea8-32b2aeab9ee0	9	122677724	134054835	6618	0.1758
e34dbe2a-2fbc-4633-bea8-32b2aeab9ee0	9	134054863	138044505	1407	0.2127
e34dbe2a-2fbc-4633-bea8-32b2aeab9ee0	10	366509	377446	4	-0.3961
e34dbe2a-2fbc-4633-bea8-32b2aeab9ee0	10	377731	21327886	15322	-0.0568
e34dbe2a-2fbc-4633-bea8-32b2aeab9ee0	10	21328618	22928580	813	-0.1173
e34dbe2a-2fbc-4633-bea8-32b2aeab9ee0	10	22928798	22929467	2	-1.1416
e34dbe2a-2fbc-4633-bea8-32b2aeab9ee0	10	22930873	23143165	142	-0.1086
e34dbe2a-2fbc-4633-bea8-32b2aeab9ee0	10	23143764	26137682	1982	-0.04
e34dbe2a-2fbc-4633-bea8-32b2aeab9ee0	10	26142748	28802938	1659	-0.0903
e34dbe2a-2fbc-4633-bea8-32b2aeab9ee0	10	28803003	42450960	6326	-0.0457
e34dbe2a-2fbc-4633-bea8-32b2aeab9ee0	10	42452522	48582221	2488	-0.342
e34dbe2a-2fbc-4633-bea8-32b2aeab9ee0	10	48582505	48585261	4	-1.945
e34dbe2a-2fbc-4633-bea8-32b2aeab9ee0	10	48585470	59903879	6627	-0.334
e34dbe2a-2fbc-4633-bea8-32b2aeab9ee0	10	59907508	104381949	26711	-0.3584
e34dbe2a-2fbc-4633-bea8-32b2aeab9ee0	10	104383383	118271562	9432	-0.3289
e34dbe2a-2fbc-4633-bea8-32b2aeab9ee0	10	118272440	118272904	2	-2.6627
e34dbe2a-2fbc-4633-bea8-32b2aeab9ee0	10	118274731	118296258	17	-0.1985
e34dbe2a-2fbc-4633-bea8-32b2aeab9ee0	10	118297200	118343295	31	-0.3956
e34dbe2a-2fbc-4633-bea8-32b2aeab9ee0	10	118343311	118344815	2	-1.6126
e34dbe2a-2fbc-4633-bea8-32b2aeab9ee0	10	118346875	118825603	333	-0.3494
e34dbe2a-2fbc-4633-bea8-32b2aeab9ee0	10	118827753	118828200	2	-2.0974
e34dbe2a-2fbc-4633-bea8-32b2aeab9ee0	10	118828750	119677500	537	-0.3813
e34dbe2a-2fbc-4633-bea8-32b2aeab9ee0	10	119677984	130376713	8036	-0.3235
e34dbe2a-2fbc-4633-bea8-32b2aeab9ee0	10	130377612	133411599	707	-0.3981
e34dbe2a-2fbc-4633-bea8-32b2aeab9ee0	11	456012	13853966	8244	-0.3299
e34dbe2a-2fbc-4633-bea8-32b2aeab9ee0	11	13854390	15535230	999	0.0497
e34dbe2a-2fbc-4633-bea8-32b2aeab9ee0	11	15535344	20596844	3648	-0.1444
e34dbe2a-2fbc-4633-bea8-32b2aeab9ee0	11	20601496	24889766	2964	-0.3256
e34dbe2a-2fbc-4633-bea8-32b2aeab9ee0	11	24889919	24890199	2	-2.371
e34dbe2a-2fbc-4633-bea8-32b2aeab9ee0	11	24890663	25727375	380	-0.322
e34dbe2a-2fbc-4633-bea8-32b2aeab9ee0	11	25729531	25730954	3	-2.541
e34dbe2a-2fbc-4633-bea8-32b2aeab9ee0	11	25732805	25814472	73	-0.3799
e34dbe2a-2fbc-4633-bea8-32b2aeab9ee0	11	25814524	37828499	7460	-0.3073
e34dbe2a-2fbc-4633-bea8-32b2aeab9ee0	11	37829591	44380953	4271	-0.344
e34dbe2a-2fbc-4633-bea8-32b2aeab9ee0	11	44381044	45838827	1044	-0.1768
e34dbe2a-2fbc-4633-bea8-32b2aeab9ee0	11	45839208	48157334	987	0.0202
e34dbe2a-2fbc-4633-bea8-32b2aeab9ee0	11	48157563	50085543	545	0.1474
e34dbe2a-2fbc-4633-bea8-32b2aeab9ee0	11	50088070	56244856	6	-0.2181
e34dbe2a-2fbc-4633-bea8-32b2aeab9ee0	11	56246322	57881771	914	0.4128
e34dbe2a-2fbc-4633-bea8-32b2aeab9ee0	11	57885339	59946682	1155	0.2043
e34dbe2a-2fbc-4633-bea8-32b2aeab9ee0	11	59952445	62702009	1494	0.3663
e34dbe2a-2fbc-4633-bea8-32b2aeab9ee0	11	62703247	62998607	143	0.2119
e34dbe2a-2fbc-4633-bea8-32b2aeab9ee0	11	62998959	63140575	62	0.3164
e34dbe2a-2fbc-4633-bea8-32b2aeab9ee0	11	63141818	63520846	244	0.5552
e34dbe2a-2fbc-4633-bea8-32b2aeab9ee0	11	63526653	64350892	268	0.2908
e34dbe2a-2fbc-4633-bea8-32b2aeab9ee0	11	64350950	67264085	724	0.1993
e34dbe2a-2fbc-4633-bea8-32b2aeab9ee0	11	67264497	69854948	1097	0.3145
e34dbe2a-2fbc-4633-bea8-32b2aeab9ee0	11	69855949	70737755	476	0.3552
e34dbe2a-2fbc-4633-bea8-32b2aeab9ee0	11	70741831	71713405	518	0.4801
e34dbe2a-2fbc-4633-bea8-32b2aeab9ee0	11	71714949	71812272	18	0.1825
e34dbe2a-2fbc-4633-bea8-32b2aeab9ee0	11	71812517	72624641	357	0.4424
e34dbe2a-2fbc-4633-bea8-32b2aeab9ee0	11	72624790	73947492	605	0.3206
e34dbe2a-2fbc-4633-bea8-32b2aeab9ee0	11	73952631	78673503	2577	0.3892
e34dbe2a-2fbc-4633-bea8-32b2aeab9ee0	11	78673757	79128608	409	0.5031
e34dbe2a-2fbc-4633-bea8-32b2aeab9ee0	11	79135093	80718754	1233	0.3585
e34dbe2a-2fbc-4633-bea8-32b2aeab9ee0	11	80718851	84498677	2243	0.218
e34dbe2a-2fbc-4633-bea8-32b2aeab9ee0	11	84499888	91629889	4185	0.0311
e34dbe2a-2fbc-4633-bea8-32b2aeab9ee0	11	91629997	93012353	873	0.0813
e34dbe2a-2fbc-4633-bea8-32b2aeab9ee0	11	93012411	107777591	9367	0.0258
e34dbe2a-2fbc-4633-bea8-32b2aeab9ee0	11	107808194	134272740	17932	-0.3448
e34dbe2a-2fbc-4633-bea8-32b2aeab9ee0	12	780472	29381276	17110	-0.3524
e34dbe2a-2fbc-4633-bea8-32b2aeab9ee0	12	29385321	38827290	2585	0.0445
e34dbe2a-2fbc-4633-bea8-32b2aeab9ee0	12	38829764	48995693	5654	0.1631
e34dbe2a-2fbc-4633-bea8-32b2aeab9ee0	12	48999768	51352011	1076	0.1113
e34dbe2a-2fbc-4633-bea8-32b2aeab9ee0	12	51355859	57711099	3337	0.1512
e34dbe2a-2fbc-4633-bea8-32b2aeab9ee0	12	57711324	59391262	1175	0.2137
e34dbe2a-2fbc-4633-bea8-32b2aeab9ee0	12	59391352	76954589	10683	0.1704
e34dbe2a-2fbc-4633-bea8-32b2aeab9ee0	12	76975204	78646256	1250	0.1962
e34dbe2a-2fbc-4633-bea8-32b2aeab9ee0	12	78648803	100364705	13211	0.1536
e34dbe2a-2fbc-4633-bea8-32b2aeab9ee0	12	100366316	106198345	3989	0.1812
e34dbe2a-2fbc-4633-bea8-32b2aeab9ee0	12	106198931	109755670	2147	0.1539
e34dbe2a-2fbc-4633-bea8-32b2aeab9ee0	12	109757968	112568541	1296	0.1054
e34dbe2a-2fbc-4633-bea8-32b2aeab9ee0	12	112568879	115276811	1684	0.1829
e34dbe2a-2fbc-4633-bea8-32b2aeab9ee0	12	115276829	115277363	2	-1.0701
e34dbe2a-2fbc-4633-bea8-32b2aeab9ee0	12	115277377	118875767	2523	0.1791
e34dbe2a-2fbc-4633-bea8-32b2aeab9ee0	12	118878894	118879391	2	1.0636
e34dbe2a-2fbc-4633-bea8-32b2aeab9ee0	12	118879887	119839745	654	0.1915
e34dbe2a-2fbc-4633-bea8-32b2aeab9ee0	12	119840437	123617834	1626	0.0917
e34dbe2a-2fbc-4633-bea8-32b2aeab9ee0	12	123618370	131704975	4125	0.1868
e34dbe2a-2fbc-4633-bea8-32b2aeab9ee0	12	131705813	132605822	205	0.1008
e34dbe2a-2fbc-4633-bea8-32b2aeab9ee0	13	18874255	22254573	1638	0.1402
e34dbe2a-2fbc-4633-bea8-32b2aeab9ee0	13	22256205	28994590	4207	-0.0573
e34dbe2a-2fbc-4633-bea8-32b2aeab9ee0	13	29001592	48198487	12786	-0.0259
e34dbe2a-2fbc-4633-bea8-32b2aeab9ee0	13	48199717	51795228	1468	-0.0577
e34dbe2a-2fbc-4633-bea8-32b2aeab9ee0	13	51795757	55119096	1599	-0.3323
e34dbe2a-2fbc-4633-bea8-32b2aeab9ee0	13	55119194	89987724	19436	-0.368
e34dbe2a-2fbc-4633-bea8-32b2aeab9ee0	13	89990854	114226675	15794	-0.339
e34dbe2a-2fbc-4633-bea8-32b2aeab9ee0	14	20033191	28894144	4327	-0.3288
e34dbe2a-2fbc-4633-bea8-32b2aeab9ee0	14	28894382	29229849	182	0.2514
e34dbe2a-2fbc-4633-bea8-32b2aeab9ee0	14	29239365	30175856	530	-0.31
e34dbe2a-2fbc-4633-bea8-32b2aeab9ee0	14	30176458	35690691	3392	0.2551
e34dbe2a-2fbc-4633-bea8-32b2aeab9ee0	14	35692835	35823678	60	-0.3776
e34dbe2a-2fbc-4633-bea8-32b2aeab9ee0	14	35836833	44149752	4287	0.0524
e34dbe2a-2fbc-4633-bea8-32b2aeab9ee0	14	44150610	66236138	13054	-0.322
e34dbe2a-2fbc-4633-bea8-32b2aeab9ee0	14	66237736	66321553	48	-0.0029
e34dbe2a-2fbc-4633-bea8-32b2aeab9ee0	14	66321986	66439146	63	0.2541
e34dbe2a-2fbc-4633-bea8-32b2aeab9ee0	14	66443173	72084702	3188	0.0543
e34dbe2a-2fbc-4633-bea8-32b2aeab9ee0	14	72087528	72906498	694	0.1239
e34dbe2a-2fbc-4633-bea8-32b2aeab9ee0	14	72908000	76939276	2299	0.0511
e34dbe2a-2fbc-4633-bea8-32b2aeab9ee0	14	76943539	76944588	2	-1.4874
e34dbe2a-2fbc-4633-bea8-32b2aeab9ee0	14	76944763	81473098	3084	0.0887
e34dbe2a-2fbc-4633-bea8-32b2aeab9ee0	14	81474025	85033020	2293	0.2304
e34dbe2a-2fbc-4633-bea8-32b2aeab9ee0	14	85038884	86636251	1038	-0.2952
e34dbe2a-2fbc-4633-bea8-32b2aeab9ee0	14	86637327	86637353	2	-1.6409
e34dbe2a-2fbc-4633-bea8-32b2aeab9ee0	14	86643224	88180662	940	-0.2827
e34dbe2a-2fbc-4633-bea8-32b2aeab9ee0	14	88180878	97137612	5810	-0.3467
e34dbe2a-2fbc-4633-bea8-32b2aeab9ee0	14	97141768	97142417	2	-1.8019
e34dbe2a-2fbc-4633-bea8-32b2aeab9ee0	14	97145427	105533894	4443	-0.3477
e34dbe2a-2fbc-4633-bea8-32b2aeab9ee0	15	23437561	43002967	9802	-0.3831
e34dbe2a-2fbc-4633-bea8-32b2aeab9ee0	15	43003607	63093673	12743	0.2119
e34dbe2a-2fbc-4633-bea8-32b2aeab9ee0	15	63093782	65874660	1319	0.1386
e34dbe2a-2fbc-4633-bea8-32b2aeab9ee0	15	65875443	70917486	3345	0.1918
e34dbe2a-2fbc-4633-bea8-32b2aeab9ee0	15	70917583	71746337	571	0.2613
e34dbe2a-2fbc-4633-bea8-32b2aeab9ee0	15	71746805	78970505	3434	0.181
e34dbe2a-2fbc-4633-bea8-32b2aeab9ee0	15	78971001	89075328	6048	0.2237
e34dbe2a-2fbc-4633-bea8-32b2aeab9ee0	15	89076162	91174007	1126	0.1611
e34dbe2a-2fbc-4633-bea8-32b2aeab9ee0	15	91174098	101344124	6382	0.2218
e34dbe2a-2fbc-4633-bea8-32b2aeab9ee0	16	603333	4083923	1175	0.1863
e34dbe2a-2fbc-4633-bea8-32b2aeab9ee0	16	4086417	4087003	2	-0.754
e34dbe2a-2fbc-4633-bea8-32b2aeab9ee0	16	4090023	5200004	546	0.2053
e34dbe2a-2fbc-4633-bea8-32b2aeab9ee0	16	5205773	5980332	592	0.2826
e34dbe2a-2fbc-4633-bea8-32b2aeab9ee0	16	5986357	10261986	2857	-0.297
e34dbe2a-2fbc-4633-bea8-32b2aeab9ee0	16	10262359	13363366	2137	-0.1934
e34dbe2a-2fbc-4633-bea8-32b2aeab9ee0	16	13364341	25271640	3854	-0.3347
e34dbe2a-2fbc-4633-bea8-32b2aeab9ee0	16	25273199	27126074	1458	-0.1749
e34dbe2a-2fbc-4633-bea8-32b2aeab9ee0	16	27127156	27195602	61	-0.4186
e34dbe2a-2fbc-4633-bea8-32b2aeab9ee0	16	27195767	31795613	1326	-0.2126
e34dbe2a-2fbc-4633-bea8-32b2aeab9ee0	16	31795847	89317317	27142	-0.3321
e34dbe2a-2fbc-4633-bea8-32b2aeab9ee0	17	1074619	2524890	617	-0.1487
e34dbe2a-2fbc-4633-bea8-32b2aeab9ee0	17	2525214	2528316	4	0.9499
e34dbe2a-2fbc-4633-bea8-32b2aeab9ee0	17	2529006	2922179	167	-0.1707
e34dbe2a-2fbc-4633-bea8-32b2aeab9ee0	17	2974709	5796200	1319	0.3725
e34dbe2a-2fbc-4633-bea8-32b2aeab9ee0	17	5798506	7645893	1084	-0.3865
e34dbe2a-2fbc-4633-bea8-32b2aeab9ee0	17	7646363	7707633	19	-1.2462
e34dbe2a-2fbc-4633-bea8-32b2aeab9ee0	17	7711954	13815407	4020	-0.3345
e34dbe2a-2fbc-4633-bea8-32b2aeab9ee0	17	13815961	21774057	2503	0.3885
e34dbe2a-2fbc-4633-bea8-32b2aeab9ee0	17	26943491	27743752	364	0.2433
e34dbe2a-2fbc-4633-bea8-32b2aeab9ee0	17	27745030	27955549	136	0.3909
e34dbe2a-2fbc-4633-bea8-32b2aeab9ee0	17	27957894	32226257	1793	0.26
e34dbe2a-2fbc-4633-bea8-32b2aeab9ee0	17	32228977	32915608	370	0.3352
e34dbe2a-2fbc-4633-bea8-32b2aeab9ee0	17	32916008	34683539	746	0.4003
e34dbe2a-2fbc-4633-bea8-32b2aeab9ee0	17	34684295	36628467	814	0.3173
e34dbe2a-2fbc-4633-bea8-32b2aeab9ee0	17	36628895	51167386	6293	0.1727
e34dbe2a-2fbc-4633-bea8-32b2aeab9ee0	17	51168984	53264781	1073	0.2437
e34dbe2a-2fbc-4633-bea8-32b2aeab9ee0	17	53265148	54189700	573	0.169
e34dbe2a-2fbc-4633-bea8-32b2aeab9ee0	17	54190327	56742854	1897	0.2412
e34dbe2a-2fbc-4633-bea8-32b2aeab9ee0	17	56742900	65102530	4137	0.1781
e34dbe2a-2fbc-4633-bea8-32b2aeab9ee0	17	65103209	67041789	1294	0.2317
e34dbe2a-2fbc-4633-bea8-32b2aeab9ee0	17	67044957	68535008	731	0.1797
e34dbe2a-2fbc-4633-bea8-32b2aeab9ee0	17	68535022	73829384	3885	0.2435
e34dbe2a-2fbc-4633-bea8-32b2aeab9ee0	17	74695492	82959812	3436	0.1744
e34dbe2a-2fbc-4633-bea8-32b2aeab9ee0	18	326691	5632076	2800	0.2681
e34dbe2a-2fbc-4633-bea8-32b2aeab9ee0	18	5632198	9111139	2171	0.3113
e34dbe2a-2fbc-4633-bea8-32b2aeab9ee0	18	9115719	11426293	1676	0.2759
e34dbe2a-2fbc-4633-bea8-32b2aeab9ee0	18	11430174	11446202	11	-0.2124
e34dbe2a-2fbc-4633-bea8-32b2aeab9ee0	18	11446246	21109102	1612	0.2642
e34dbe2a-2fbc-4633-bea8-32b2aeab9ee0	18	21109786	57181517	22381	-0.3081
e34dbe2a-2fbc-4633-bea8-32b2aeab9ee0	18	57183971	57202307	22	-1.1907
e34dbe2a-2fbc-4633-bea8-32b2aeab9ee0	18	57204529	66418442	5692	-0.3343
e34dbe2a-2fbc-4633-bea8-32b2aeab9ee0	18	66418981	66990638	298	0.2014
e34dbe2a-2fbc-4633-bea8-32b2aeab9ee0	18	66998624	67014755	10	-0.2369
e34dbe2a-2fbc-4633-bea8-32b2aeab9ee0	18	67015942	67035830	19	0.2172
e34dbe2a-2fbc-4633-bea8-32b2aeab9ee0	18	67039924	71382253	2484	-0.33
e34dbe2a-2fbc-4633-bea8-32b2aeab9ee0	18	73699619	76387372	1931	0.6514
e34dbe2a-2fbc-4633-bea8-32b2aeab9ee0	18	76389985	77873651	984	0.249
e34dbe2a-2fbc-4633-bea8-32b2aeab9ee0	18	77885144	77929399	35	0.731
e34dbe2a-2fbc-4633-bea8-32b2aeab9ee0	18	77932390	77961160	19	0.2145
e34dbe2a-2fbc-4633-bea8-32b2aeab9ee0	18	77962415	78178014	135	0.7134
e34dbe2a-2fbc-4633-bea8-32b2aeab9ee0	18	78178925	79349796	638	0.2591
e34dbe2a-2fbc-4633-bea8-32b2aeab9ee0	19	283868	3354958	742	-0.5057
e34dbe2a-2fbc-4633-bea8-32b2aeab9ee0	19	3363203	3777234	104	0.2112
e34dbe2a-2fbc-4633-bea8-32b2aeab9ee0	19	3793920	23870190	8208	0.3874
e34dbe2a-2fbc-4633-bea8-32b2aeab9ee0	19	23872082	27749470	2	-0.5575
e34dbe2a-2fbc-4633-bea8-32b2aeab9ee0	19	27749586	34353658	4670	0.0056
e34dbe2a-2fbc-4633-bea8-32b2aeab9ee0	19	34357811	57214321	9822	-0.0895
e34dbe2a-2fbc-4633-bea8-32b2aeab9ee0	19	57217033	57305175	62	0.1268
e34dbe2a-2fbc-4633-bea8-32b2aeab9ee0	19	57305805	57560444	140	-0.1234
e34dbe2a-2fbc-4633-bea8-32b2aeab9ee0	19	57561172	58370362	395	-0.2598
e34dbe2a-2fbc-4633-bea8-32b2aeab9ee0	20	472817	5780959	3118	-0.3582
e34dbe2a-2fbc-4633-bea8-32b2aeab9ee0	20	5781088	5782370	2	-1.9229
e34dbe2a-2fbc-4633-bea8-32b2aeab9ee0	20	5782415	26217295	13804	-0.319
e34dbe2a-2fbc-4633-bea8-32b2aeab9ee0	20	31247668	31662537	191	0.269
e34dbe2a-2fbc-4633-bea8-32b2aeab9ee0	20	31664085	36663746	2355	0.2087
e34dbe2a-2fbc-4633-bea8-32b2aeab9ee0	20	36667855	37144677	292	0.1045
e34dbe2a-2fbc-4633-bea8-32b2aeab9ee0	20	37144941	37411235	143	0.193
e34dbe2a-2fbc-4633-bea8-32b2aeab9ee0	20	37413797	39101991	1061	0.2324
e34dbe2a-2fbc-4633-bea8-32b2aeab9ee0	20	39103384	43397785	3017	0.29
e34dbe2a-2fbc-4633-bea8-32b2aeab9ee0	20	43399649	47392438	2601	0.2481
e34dbe2a-2fbc-4633-bea8-32b2aeab9ee0	20	47393812	47640597	127	0.1296
e34dbe2a-2fbc-4633-bea8-32b2aeab9ee0	20	47641184	48354623	616	0.2842
e34dbe2a-2fbc-4633-bea8-32b2aeab9ee0	20	48354947	50818200	1354	0.2118
e34dbe2a-2fbc-4633-bea8-32b2aeab9ee0	20	50821035	63588502	8835	0.2576
e34dbe2a-2fbc-4633-bea8-32b2aeab9ee0	21	13974127	18850864	3021	0.1157
e34dbe2a-2fbc-4633-bea8-32b2aeab9ee0	21	18851151	20693772	1239	0.0452
e34dbe2a-2fbc-4633-bea8-32b2aeab9ee0	21	20693828	26167613	3315	-0.1359
e34dbe2a-2fbc-4633-bea8-32b2aeab9ee0	21	26167959	29189697	2195	-0.0823
e34dbe2a-2fbc-4633-bea8-32b2aeab9ee0	21	29191081	38240968	5861	-0.1183
e34dbe2a-2fbc-4633-bea8-32b2aeab9ee0	21	38241621	40650081	2001	0.0597
e34dbe2a-2fbc-4633-bea8-32b2aeab9ee0	21	40650192	40652258	4	-0.6841
e34dbe2a-2fbc-4633-bea8-32b2aeab9ee0	21	40653528	41771801	953	0.0679
e34dbe2a-2fbc-4633-bea8-32b2aeab9ee0	21	41771867	45767092	1752	0.0064
e34dbe2a-2fbc-4633-bea8-32b2aeab9ee0	21	45770867	46262057	250	0.0744
e34dbe2a-2fbc-4633-bea8-32b2aeab9ee0	22	16934932	18102298	743	-0.3495
e34dbe2a-2fbc-4633-bea8-32b2aeab9ee0	22	18103221	18107878	5	-1.738
e34dbe2a-2fbc-4633-bea8-32b2aeab9ee0	22	18112195	25874951	1211	-0.3611
e34dbe2a-2fbc-4633-bea8-32b2aeab9ee0	22	25877883	27676032	1829	-0.1658
e34dbe2a-2fbc-4633-bea8-32b2aeab9ee0	22	27676045	27685134	10	-0.6645
e34dbe2a-2fbc-4633-bea8-32b2aeab9ee0	22	27685206	27821668	73	-0.1848
e34dbe2a-2fbc-4633-bea8-32b2aeab9ee0	22	27823596	27883700	25	0.1799
e34dbe2a-2fbc-4633-bea8-32b2aeab9ee0	22	27883778	31218449	1820	0.0544
e34dbe2a-2fbc-4633-bea8-32b2aeab9ee0	22	31221171	31256352	15	0.4468
e34dbe2a-2fbc-4633-bea8-32b2aeab9ee0	22	31257008	31792267	264	0.208
e34dbe2a-2fbc-4633-bea8-32b2aeab9ee0	22	31800511	31992267	135	0.2398
e34dbe2a-2fbc-4633-bea8-32b2aeab9ee0	22	31992343	32920295	717	0.5001
e34dbe2a-2fbc-4633-bea8-32b2aeab9ee0	22	32923223	33157896	164	0.3577
e34dbe2a-2fbc-4633-bea8-32b2aeab9ee0	22	33158387	34446479	1214	0.2714
e34dbe2a-2fbc-4633-bea8-32b2aeab9ee0	22	34447401	34605204	151	0.3592
e34dbe2a-2fbc-4633-bea8-32b2aeab9ee0	22	34605240	35560057	772	0.1171
e34dbe2a-2fbc-4633-bea8-32b2aeab9ee0	22	35560965	37234822	857	0.0313
e34dbe2a-2fbc-4633-bea8-32b2aeab9ee0	22	37241139	38503664	578	0.2364
e34dbe2a-2fbc-4633-bea8-32b2aeab9ee0	22	38508711	38556394	26	0.1047
e34dbe2a-2fbc-4633-bea8-32b2aeab9ee0	22	38557009	43388066	2364	0.0234
e34dbe2a-2fbc-4633-bea8-32b2aeab9ee0	22	43388088	43389508	2	-1.1805
e34dbe2a-2fbc-4633-bea8-32b2aeab9ee0	22	43390013	43584938	126	0.0426
e34dbe2a-2fbc-4633-bea8-32b2aeab9ee0	22	43591030	43824349	160	0.2917
e34dbe2a-2fbc-4633-bea8-32b2aeab9ee0	22	43825139	45329511	1186	0.0829
e34dbe2a-2fbc-4633-bea8-32b2aeab9ee0	22	45331684	48940621	2636	0.1876
e34dbe2a-2fbc-4633-bea8-32b2aeab9ee0	X	3236359	25970688	9801	0.0254
e34dbe2a-2fbc-4633-bea8-32b2aeab9ee0	X	25971340	37334479	5435	-0.0218
e34dbe2a-2fbc-4633-bea8-32b2aeab9ee0	X	37334889	52272023	6673	0.0263
e34dbe2a-2fbc-4633-bea8-32b2aeab9ee0	X	52282136	58222446	2072	0.4282
e34dbe2a-2fbc-4633-bea8-32b2aeab9ee0	X	58222539	64540597	488	0.5064
e34dbe2a-2fbc-4633-bea8-32b2aeab9ee0	X	64543130	78526048	4963	0.003
e34dbe2a-2fbc-4633-bea8-32b2aeab9ee0	X	78527601	99306203	8659	-0.0562
e34dbe2a-2fbc-4633-bea8-32b2aeab9ee0	X	99312060	125683735	12727	-0.0236
e34dbe2a-2fbc-4633-bea8-32b2aeab9ee0	X	125684687	127996766	947	-0.0867
e34dbe2a-2fbc-4633-bea8-32b2aeab9ee0	X	127998659	138542661	4635	-0.0256
e34dbe2a-2fbc-4633-bea8-32b2aeab9ee0	X	138543300	148979850	5291	-0.0723
e34dbe2a-2fbc-4633-bea8-32b2aeab9ee0	X	148980125	155677414	2268	-0.0095
