GDC_Aliquot	Chromosome	Start	End	Num_Probes	Segment_Mean
800e67e0-1418-4a35-b870-fa62774ba16f	1	3301765	247650984	129657	0.002
800e67e0-1418-4a35-b870-fa62774ba16f	2	480597	56263526	33215	0.0045
800e67e0-1418-4a35-b870-fa62774ba16f	2	56263545	56264469	4	-1.3175
800e67e0-1418-4a35-b870-fa62774ba16f	2	56264564	212481945	81155	0.0035
800e67e0-1418-4a35-b870-fa62774ba16f	2	212485273	212485318	2	-1.3337
800e67e0-1418-4a35-b870-fa62774ba16f	2	212485653	241537572	17750	0.0074
800e67e0-1418-4a35-b870-fa62774ba16f	3	2170634	197812401	107120	-0.0009
800e67e0-1418-4a35-b870-fa62774ba16f	4	1059384	187842528	103420	0.0006
800e67e0-1418-4a35-b870-fa62774ba16f	5	913983	180934240	101055	0.0015
800e67e0-1418-4a35-b870-fa62774ba16f	6	1011760	170596889	97094	0.001
800e67e0-1418-4a35-b870-fa62774ba16f	7	664936	9202149	3369	0.0023
800e67e0-1418-4a35-b870-fa62774ba16f	7	9202211	9202226	3	-1.4549
800e67e0-1418-4a35-b870-fa62774ba16f	7	9204258	158592540	78530	0.0016
800e67e0-1418-4a35-b870-fa62774ba16f	8	667625	3624354	1507	0.016
800e67e0-1418-4a35-b870-fa62774ba16f	8	3625109	3630522	4	0.9646
800e67e0-1418-4a35-b870-fa62774ba16f	8	3630780	15071695	5625	0.0028
800e67e0-1418-4a35-b870-fa62774ba16f	8	15071913	15110658	42	0.7127
800e67e0-1418-4a35-b870-fa62774ba16f	8	15116361	144182542	74988	0.0023
800e67e0-1418-4a35-b870-fa62774ba16f	9	789794	138044505	68450	0.0012
800e67e0-1418-4a35-b870-fa62774ba16f	10	366509	25433515	17776	0.0034
800e67e0-1418-4a35-b870-fa62774ba16f	10	25436584	25443730	12	-0.7658
800e67e0-1418-4a35-b870-fa62774ba16f	10	25444066	30751588	3732	0.0016
800e67e0-1418-4a35-b870-fa62774ba16f	10	30751897	30751901	2	-1.2461
800e67e0-1418-4a35-b870-fa62774ba16f	10	30752205	52437360	9447	0.0029
800e67e0-1418-4a35-b870-fa62774ba16f	10	52437746	52437988	3	-1.1269
800e67e0-1418-4a35-b870-fa62774ba16f	10	52440672	83289725	18593	0.0015
800e67e0-1418-4a35-b870-fa62774ba16f	10	83290163	83290540	4	-1.2489
800e67e0-1418-4a35-b870-fa62774ba16f	10	83293178	87916740	2975	-0.001
800e67e0-1418-4a35-b870-fa62774ba16f	10	87918486	87920960	26	-0.7512
800e67e0-1418-4a35-b870-fa62774ba16f	10	87923076	103313263	8942	-0.0012
800e67e0-1418-4a35-b870-fa62774ba16f	10	103313607	103323210	4	-1.0946
800e67e0-1418-4a35-b870-fa62774ba16f	10	103326536	122062364	12967	0.0008
800e67e0-1418-4a35-b870-fa62774ba16f	10	122073590	122075578	3	-1.2681
800e67e0-1418-4a35-b870-fa62774ba16f	10	122079172	133411599	6762	0.0031
800e67e0-1418-4a35-b870-fa62774ba16f	11	456012	134272740	77532	0.0027
800e67e0-1418-4a35-b870-fa62774ba16f	12	780472	60358635	31514	0.0013
800e67e0-1418-4a35-b870-fa62774ba16f	12	60358861	60365656	2	-1.636
800e67e0-1418-4a35-b870-fa62774ba16f	12	60366171	119072739	36320	0.0029
800e67e0-1418-4a35-b870-fa62774ba16f	12	119073011	119073019	2	-1.2119
800e67e0-1418-4a35-b870-fa62774ba16f	12	119077232	132605822	6474	0.0058
800e67e0-1418-4a35-b870-fa62774ba16f	13	18874255	114226675	56959	-0.0013
800e67e0-1418-4a35-b870-fa62774ba16f	14	20033191	105533894	49768	0.0005
800e67e0-1418-4a35-b870-fa62774ba16f	15	23437561	101344124	44768	0.0027
800e67e0-1418-4a35-b870-fa62774ba16f	16	603333	87004449	40387	-0.0002
800e67e0-1418-4a35-b870-fa62774ba16f	16	87006901	87027478	4	-1.589
800e67e0-1418-4a35-b870-fa62774ba16f	16	87027584	89317317	785	0.0047
800e67e0-1418-4a35-b870-fa62774ba16f	17	1074619	41500729	16284	-0.0013
800e67e0-1418-4a35-b870-fa62774ba16f	17	41501085	41510342	2	-1.7089
800e67e0-1418-4a35-b870-fa62774ba16f	17	41540812	55631042	6596	-0.0001
800e67e0-1418-4a35-b870-fa62774ba16f	17	55632698	55650422	14	-1.1076
800e67e0-1418-4a35-b870-fa62774ba16f	17	55652432	82959812	14379	-0.004
800e67e0-1418-4a35-b870-fa62774ba16f	18	326691	47332529	24043	-0.0006
800e67e0-1418-4a35-b870-fa62774ba16f	18	47336072	47336524	2	-1.3242
800e67e0-1418-4a35-b870-fa62774ba16f	18	47337751	79349796	18893	-0.0042
800e67e0-1418-4a35-b870-fa62774ba16f	19	283868	58370362	24143	0.001
800e67e0-1418-4a35-b870-fa62774ba16f	20	472817	63588502	37543	0.0007
800e67e0-1418-4a35-b870-fa62774ba16f	21	13974127	46262057	20582	-0.0005
800e67e0-1418-4a35-b870-fa62774ba16f	22	16934932	31381621	5799	-0.0018
800e67e0-1418-4a35-b870-fa62774ba16f	22	31382595	31384583	2	-1.7167
800e67e0-1418-4a35-b870-fa62774ba16f	22	31388932	48940621	11287	0.0004
800e67e0-1418-4a35-b870-fa62774ba16f	X	3236359	155677414	62838	-0.0036
