GDC_Aliquot	Chromosome	Start	End	Num_Probes	Segment_Mean
dd87231a-d658-43b1-ace0-e43c41832718	1	3301765	4971809	1208	-0.3847
dd87231a-d658-43b1-ace0-e43c41832718	1	4979033	8485222	2060	0.2392
dd87231a-d658-43b1-ace0-e43c41832718	1	8486854	8670566	66	-0.3874
dd87231a-d658-43b1-ace0-e43c41832718	1	8671463	37565714	15020	0.2479
dd87231a-d658-43b1-ace0-e43c41832718	1	37566032	37641554	35	0.6378
dd87231a-d658-43b1-ace0-e43c41832718	1	37643485	209946075	86698	0.2491
dd87231a-d658-43b1-ace0-e43c41832718	1	209948166	210219924	165	-0.3728
dd87231a-d658-43b1-ace0-e43c41832718	1	210224051	210256399	20	0.2458
dd87231a-d658-43b1-ace0-e43c41832718	1	210257656	210300559	32	-0.3258
dd87231a-d658-43b1-ace0-e43c41832718	1	210301123	236805196	17145	0.2153
dd87231a-d658-43b1-ace0-e43c41832718	1	236808349	237104070	260	-0.346
dd87231a-d658-43b1-ace0-e43c41832718	1	237116905	237163179	49	0.2283
dd87231a-d658-43b1-ace0-e43c41832718	1	237166580	237235293	63	-0.3277
dd87231a-d658-43b1-ace0-e43c41832718	1	237237750	237250508	18	0.3323
dd87231a-d658-43b1-ace0-e43c41832718	1	237254034	237277865	23	-0.4154
dd87231a-d658-43b1-ace0-e43c41832718	1	237288854	237360121	48	0.1164
dd87231a-d658-43b1-ace0-e43c41832718	1	237363526	237419958	43	-0.3081
dd87231a-d658-43b1-ace0-e43c41832718	1	237424804	237450271	26	0.2081
dd87231a-d658-43b1-ace0-e43c41832718	1	237453253	237626017	166	-0.3877
dd87231a-d658-43b1-ace0-e43c41832718	1	237628927	237692612	55	0.2207
dd87231a-d658-43b1-ace0-e43c41832718	1	237698968	237731463	23	-0.34
dd87231a-d658-43b1-ace0-e43c41832718	1	237732282	237749305	18	0.2266
dd87231a-d658-43b1-ace0-e43c41832718	1	237754128	237789509	17	-0.3511
dd87231a-d658-43b1-ace0-e43c41832718	1	237791261	237829108	25	0.1822
dd87231a-d658-43b1-ace0-e43c41832718	1	237830424	237845002	23	-0.4729
dd87231a-d658-43b1-ace0-e43c41832718	1	237845309	237889247	50	0.2475
dd87231a-d658-43b1-ace0-e43c41832718	1	237889622	238024210	94	-0.3825
dd87231a-d658-43b1-ace0-e43c41832718	1	238025080	238691981	555	0.2041
dd87231a-d658-43b1-ace0-e43c41832718	1	238692338	238692794	3	-0.9808
dd87231a-d658-43b1-ace0-e43c41832718	1	238699149	247650984	5270	0.1988
dd87231a-d658-43b1-ace0-e43c41832718	2	480597	67718500	39771	-0.3252
dd87231a-d658-43b1-ace0-e43c41832718	2	67718602	67718746	2	-2.476
dd87231a-d658-43b1-ace0-e43c41832718	2	67719196	74375793	3763	-0.317
dd87231a-d658-43b1-ace0-e43c41832718	2	74376576	74518046	49	0.0944
dd87231a-d658-43b1-ace0-e43c41832718	2	74518118	94754662	7042	0.1876
dd87231a-d658-43b1-ace0-e43c41832718	2	94755952	130454138	17959	0.3885
dd87231a-d658-43b1-ace0-e43c41832718	2	130455273	169847937	22011	-0.0803
dd87231a-d658-43b1-ace0-e43c41832718	2	169848033	169849150	2	-1.7538
dd87231a-d658-43b1-ace0-e43c41832718	2	169863735	186151498	9378	-0.0769
dd87231a-d658-43b1-ace0-e43c41832718	2	186152189	186495945	178	-0.3655
dd87231a-d658-43b1-ace0-e43c41832718	2	186499052	186522744	15	-0.1172
dd87231a-d658-43b1-ace0-e43c41832718	2	186523507	186554351	16	0.111
dd87231a-d658-43b1-ace0-e43c41832718	2	186559790	186663777	66	0.5186
dd87231a-d658-43b1-ace0-e43c41832718	2	186663908	190004501	1617	0.0765
dd87231a-d658-43b1-ace0-e43c41832718	2	190004683	190034528	16	0.293
dd87231a-d658-43b1-ace0-e43c41832718	2	190035148	190479406	256	0.1319
dd87231a-d658-43b1-ace0-e43c41832718	2	190480518	190481329	2	1.3168
dd87231a-d658-43b1-ace0-e43c41832718	2	190482164	191920735	864	0.1139
dd87231a-d658-43b1-ace0-e43c41832718	2	191926439	193091885	493	0.2155
dd87231a-d658-43b1-ace0-e43c41832718	2	193099570	194583464	596	-0.0037
dd87231a-d658-43b1-ace0-e43c41832718	2	194588956	194841198	98	0.5432
dd87231a-d658-43b1-ace0-e43c41832718	2	194851060	195357235	6	0.1895
dd87231a-d658-43b1-ace0-e43c41832718	2	195357342	195598129	152	-0.113
dd87231a-d658-43b1-ace0-e43c41832718	2	195599591	197100505	857	0.1843
dd87231a-d658-43b1-ace0-e43c41832718	2	197102417	197200600	76	-0.0348
dd87231a-d658-43b1-ace0-e43c41832718	2	197200839	197469427	108	0.2875
dd87231a-d658-43b1-ace0-e43c41832718	2	197470197	198373040	472	0.0221
dd87231a-d658-43b1-ace0-e43c41832718	2	198376554	198572861	119	0.1847
dd87231a-d658-43b1-ace0-e43c41832718	2	198573376	198644111	45	0.4354
dd87231a-d658-43b1-ace0-e43c41832718	2	198645484	198675566	22	0.0626
dd87231a-d658-43b1-ace0-e43c41832718	2	198690501	227135420	17334	0.0061
dd87231a-d658-43b1-ace0-e43c41832718	2	227137350	233087936	3167	-0.7656
dd87231a-d658-43b1-ace0-e43c41832718	2	233090259	233093117	2	-2.8733
dd87231a-d658-43b1-ace0-e43c41832718	2	233093980	241537572	5228	-0.7848
dd87231a-d658-43b1-ace0-e43c41832718	3	2170634	3486290	754	0.0335
dd87231a-d658-43b1-ace0-e43c41832718	3	3486659	8232300	2664	-0.0235
dd87231a-d658-43b1-ace0-e43c41832718	3	8233219	23927735	9191	0.0253
dd87231a-d658-43b1-ace0-e43c41832718	3	23930279	58112717	19865	-0.3354
dd87231a-d658-43b1-ace0-e43c41832718	3	58113541	58113948	2	-2.5625
dd87231a-d658-43b1-ace0-e43c41832718	3	58114160	90375879	18625	-0.3387
dd87231a-d658-43b1-ace0-e43c41832718	3	90376841	197812401	55737	-0.0653
dd87231a-d658-43b1-ace0-e43c41832718	4	1059384	6434268	2895	0.2422
dd87231a-d658-43b1-ace0-e43c41832718	4	6439688	6445262	7	0.5929
dd87231a-d658-43b1-ace0-e43c41832718	4	6445529	6454451	5	1.0799
dd87231a-d658-43b1-ace0-e43c41832718	4	6454733	6475580	6	0.5965
dd87231a-d658-43b1-ace0-e43c41832718	4	6477788	48067890	25389	0.2427
dd87231a-d658-43b1-ace0-e43c41832718	4	51832470	52846287	536	1.0835
dd87231a-d658-43b1-ace0-e43c41832718	4	52846376	52883256	30	0.7557
dd87231a-d658-43b1-ace0-e43c41832718	4	52885765	53382615	274	0.936
dd87231a-d658-43b1-ace0-e43c41832718	4	53382820	54241451	594	0.8059
dd87231a-d658-43b1-ace0-e43c41832718	4	54249536	54249593	6	0.0928
dd87231a-d658-43b1-ace0-e43c41832718	4	54254390	55110284	824	0.7925
dd87231a-d658-43b1-ace0-e43c41832718	4	55112043	57834508	1672	-0.3443
dd87231a-d658-43b1-ace0-e43c41832718	4	57863045	58201648	182	0.6394
dd87231a-d658-43b1-ace0-e43c41832718	4	58202470	59291520	588	0.7987
dd87231a-d658-43b1-ace0-e43c41832718	4	59292110	59362799	43	0.6844
dd87231a-d658-43b1-ace0-e43c41832718	4	59368149	59915808	335	0.2248
dd87231a-d658-43b1-ace0-e43c41832718	4	59929872	60009135	52	0.771
dd87231a-d658-43b1-ace0-e43c41832718	4	60011808	60026238	8	0.2765
dd87231a-d658-43b1-ace0-e43c41832718	4	60026271	60140242	53	0.174
dd87231a-d658-43b1-ace0-e43c41832718	4	60140738	60285646	81	-0.0901
dd87231a-d658-43b1-ace0-e43c41832718	4	60288620	60598300	217	0.262
dd87231a-d658-43b1-ace0-e43c41832718	4	60601687	63083996	1260	-0.0089
dd87231a-d658-43b1-ace0-e43c41832718	4	63084371	98275675	19481	-0.3404
dd87231a-d658-43b1-ace0-e43c41832718	4	98287001	98545355	130	0.2421
dd87231a-d658-43b1-ace0-e43c41832718	4	98549146	100225504	951	-0.3347
dd87231a-d658-43b1-ace0-e43c41832718	4	100230556	101355525	717	0.28
dd87231a-d658-43b1-ace0-e43c41832718	4	101356777	103566204	1160	-0.3481
dd87231a-d658-43b1-ace0-e43c41832718	4	103574175	104151375	328	0.23
dd87231a-d658-43b1-ace0-e43c41832718	4	104152355	106282012	1135	-0.3347
dd87231a-d658-43b1-ace0-e43c41832718	4	106284309	106948619	370	0.2943
dd87231a-d658-43b1-ace0-e43c41832718	4	106951129	118913326	6806	-0.3306
dd87231a-d658-43b1-ace0-e43c41832718	4	118918240	119097012	150	0.244
dd87231a-d658-43b1-ace0-e43c41832718	4	119098236	187842528	36929	-0.3468
dd87231a-d658-43b1-ace0-e43c41832718	5	913983	4477337	2274	-0.1106
dd87231a-d658-43b1-ace0-e43c41832718	5	4478434	4746366	209	0.1369
dd87231a-d658-43b1-ace0-e43c41832718	5	4747595	6604839	1583	-0.1015
dd87231a-d658-43b1-ace0-e43c41832718	5	6604857	17072998	6551	0.1098
dd87231a-d658-43b1-ace0-e43c41832718	5	17074993	17391119	190	-0.147
dd87231a-d658-43b1-ace0-e43c41832718	5	17391920	18725799	658	0.2225
dd87231a-d658-43b1-ace0-e43c41832718	5	18727033	18804949	45	-0.3787
dd87231a-d658-43b1-ace0-e43c41832718	5	18809311	21025146	976	-0.1099
dd87231a-d658-43b1-ace0-e43c41832718	5	21025222	21393015	197	-0.3358
dd87231a-d658-43b1-ace0-e43c41832718	5	21581370	23425202	1026	0.4638
dd87231a-d658-43b1-ace0-e43c41832718	5	23425896	24453544	592	0.5549
dd87231a-d658-43b1-ace0-e43c41832718	5	24455147	30163846	3052	0.4334
dd87231a-d658-43b1-ace0-e43c41832718	5	30164999	40657850	6344	0.4698
dd87231a-d658-43b1-ace0-e43c41832718	5	40657914	43245121	1428	0.44
dd87231a-d658-43b1-ace0-e43c41832718	5	43245742	43295835	30	0.3123
dd87231a-d658-43b1-ace0-e43c41832718	5	43296784	50828231	891	-0.0169
dd87231a-d658-43b1-ace0-e43c41832718	5	50829022	61733698	6816	0.2509
dd87231a-d658-43b1-ace0-e43c41832718	5	61734731	66288707	2191	0.205
dd87231a-d658-43b1-ace0-e43c41832718	5	66289612	72018413	2571	0.2369
dd87231a-d658-43b1-ace0-e43c41832718	5	72023925	72030600	2	-1.4851
dd87231a-d658-43b1-ace0-e43c41832718	5	72037982	79791060	4694	0.2146
dd87231a-d658-43b1-ace0-e43c41832718	5	79791080	80025616	189	0.4108
dd87231a-d658-43b1-ace0-e43c41832718	5	80025670	82058223	1169	0.2082
dd87231a-d658-43b1-ace0-e43c41832718	5	82061449	84978735	1623	0.2624
dd87231a-d658-43b1-ace0-e43c41832718	5	84979579	92778116	3947	0.2097
dd87231a-d658-43b1-ace0-e43c41832718	5	92782366	103148006	4643	0.4009
dd87231a-d658-43b1-ace0-e43c41832718	5	103148622	103609823	235	0.2218
dd87231a-d658-43b1-ace0-e43c41832718	5	103611215	106309198	1394	0.3971
dd87231a-d658-43b1-ace0-e43c41832718	5	106311229	106996098	214	0.2017
dd87231a-d658-43b1-ace0-e43c41832718	5	107001887	107135417	87	0.6071
dd87231a-d658-43b1-ace0-e43c41832718	5	107138161	107157536	13	0.3339
dd87231a-d658-43b1-ace0-e43c41832718	5	107159089	107443604	225	0.9472
dd87231a-d658-43b1-ace0-e43c41832718	5	107443991	109837456	1533	0.6314
dd87231a-d658-43b1-ace0-e43c41832718	5	109839763	110313800	284	0.2015
dd87231a-d658-43b1-ace0-e43c41832718	5	110313944	128624049	11066	0.6264
dd87231a-d658-43b1-ace0-e43c41832718	5	128625905	128632593	7	-2.5156
dd87231a-d658-43b1-ace0-e43c41832718	5	128635874	148456566	11576	0.6243
dd87231a-d658-43b1-ace0-e43c41832718	5	148459974	148493834	24	-0.405
dd87231a-d658-43b1-ace0-e43c41832718	5	148494704	149011281	402	-0.121
dd87231a-d658-43b1-ace0-e43c41832718	5	149011577	149681824	442	-0.3744
dd87231a-d658-43b1-ace0-e43c41832718	5	149682659	180934240	19415	-0.1194
dd87231a-d658-43b1-ace0-e43c41832718	6	1011760	4783371	2668	0.3902
dd87231a-d658-43b1-ace0-e43c41832718	6	4784195	9100278	3303	0.1699
dd87231a-d658-43b1-ace0-e43c41832718	6	9100796	25164842	11116	0.1897
dd87231a-d658-43b1-ace0-e43c41832718	6	25165782	39180975	5884	0.1586
dd87231a-d658-43b1-ace0-e43c41832718	6	39183162	39183819	4	-1.3901
dd87231a-d658-43b1-ace0-e43c41832718	6	39184681	40823047	1288	0.1734
dd87231a-d658-43b1-ace0-e43c41832718	6	40824752	57347009	9756	-0.3583
dd87231a-d658-43b1-ace0-e43c41832718	6	61527062	68680481	3778	0.2177
dd87231a-d658-43b1-ace0-e43c41832718	6	68681260	94621693	14556	-0.0213
dd87231a-d658-43b1-ace0-e43c41832718	6	94624007	95566810	103	0.4301
dd87231a-d658-43b1-ace0-e43c41832718	6	95567681	95898769	176	0.2246
dd87231a-d658-43b1-ace0-e43c41832718	6	95900739	96098900	140	0.5102
dd87231a-d658-43b1-ace0-e43c41832718	6	96099099	96275908	117	0.2464
dd87231a-d658-43b1-ace0-e43c41832718	6	96276339	96508150	118	0.4725
dd87231a-d658-43b1-ace0-e43c41832718	6	96508221	97047383	336	0.2554
dd87231a-d658-43b1-ace0-e43c41832718	6	97047396	111823470	8662	0.4497
dd87231a-d658-43b1-ace0-e43c41832718	6	111824018	113465434	1094	0.5138
dd87231a-d658-43b1-ace0-e43c41832718	6	113465782	130240378	9379	0.4686
dd87231a-d658-43b1-ace0-e43c41832718	6	130242617	131220958	673	0.6102
dd87231a-d658-43b1-ace0-e43c41832718	6	131221397	161514644	19403	0.4667
dd87231a-d658-43b1-ace0-e43c41832718	6	161515034	161515808	13	0.0024
dd87231a-d658-43b1-ace0-e43c41832718	6	161515966	164142925	1407	0.4692
dd87231a-d658-43b1-ace0-e43c41832718	6	164144122	166869408	1908	0.267
dd87231a-d658-43b1-ace0-e43c41832718	6	166870228	170238867	763	-0.321
dd87231a-d658-43b1-ace0-e43c41832718	6	170239207	170294680	27	0.0823
dd87231a-d658-43b1-ace0-e43c41832718	6	170294758	170596889	193	-0.3038
dd87231a-d658-43b1-ace0-e43c41832718	7	664936	3809849	1172	0.4784
dd87231a-d658-43b1-ace0-e43c41832718	7	3810535	4023095	8	0.9352
dd87231a-d658-43b1-ace0-e43c41832718	7	4025826	4032288	14	0.4073
dd87231a-d658-43b1-ace0-e43c41832718	7	4032301	4164458	97	0.7676
dd87231a-d658-43b1-ace0-e43c41832718	7	4164478	4276624	81	0.5398
dd87231a-d658-43b1-ace0-e43c41832718	7	4280525	4310055	23	0.7605
dd87231a-d658-43b1-ace0-e43c41832718	7	4311234	4627441	149	0.3904
dd87231a-d658-43b1-ace0-e43c41832718	7	4627570	14115213	4960	0.4546
dd87231a-d658-43b1-ace0-e43c41832718	7	14122900	19766380	2804	0.4877
dd87231a-d658-43b1-ace0-e43c41832718	7	19766774	24542681	3502	0.4478
dd87231a-d658-43b1-ace0-e43c41832718	7	24543155	51140431	17097	0.4814
dd87231a-d658-43b1-ace0-e43c41832718	7	51149480	55804206	3236	0.4607
dd87231a-d658-43b1-ace0-e43c41832718	7	55807443	55971185	72	0.3494
dd87231a-d658-43b1-ace0-e43c41832718	7	56025154	56130508	31	0.141
dd87231a-d658-43b1-ace0-e43c41832718	7	56131044	57185111	260	0.3869
dd87231a-d658-43b1-ace0-e43c41832718	7	57854817	114415073	24329	-0.3375
dd87231a-d658-43b1-ace0-e43c41832718	7	114416405	116334211	1064	-0.2611
dd87231a-d658-43b1-ace0-e43c41832718	7	116335926	116336106	2	-1.5397
dd87231a-d658-43b1-ace0-e43c41832718	7	116337161	118195230	1183	-0.2505
dd87231a-d658-43b1-ace0-e43c41832718	7	118195602	138116667	11219	-0.2178
dd87231a-d658-43b1-ace0-e43c41832718	7	138117005	138916007	424	-0.2659
dd87231a-d658-43b1-ace0-e43c41832718	7	138917103	158592540	9994	-0.3102
dd87231a-d658-43b1-ace0-e43c41832718	8	667625	1270024	175	-0.8541
dd87231a-d658-43b1-ace0-e43c41832718	8	1270581	2849664	605	-0.3419
dd87231a-d658-43b1-ace0-e43c41832718	8	2849674	10648725	3637	0.2197
dd87231a-d658-43b1-ace0-e43c41832718	8	10652983	50339417	22327	0.2451
dd87231a-d658-43b1-ace0-e43c41832718	8	50339483	62375600	7387	0.2232
dd87231a-d658-43b1-ace0-e43c41832718	8	62375603	62384165	4	-0.7487
dd87231a-d658-43b1-ace0-e43c41832718	8	62384352	86617515	13486	0.2323
dd87231a-d658-43b1-ace0-e43c41832718	8	86618449	97398938	6385	0.2582
dd87231a-d658-43b1-ace0-e43c41832718	8	97398965	102423489	2828	0.2344
dd87231a-d658-43b1-ace0-e43c41832718	8	102429409	102429815	2	-1.2177
dd87231a-d658-43b1-ace0-e43c41832718	8	102429945	115848476	7069	0.2281
dd87231a-d658-43b1-ace0-e43c41832718	8	115852763	133302998	12005	0.1856
dd87231a-d658-43b1-ace0-e43c41832718	8	133304273	138644746	3999	0.146
dd87231a-d658-43b1-ace0-e43c41832718	8	138645000	144182542	2075	0.1874
dd87231a-d658-43b1-ace0-e43c41832718	9	789794	15390370	8546	0.2352
dd87231a-d658-43b1-ace0-e43c41832718	9	15392517	18994590	2937	0.2802
dd87231a-d658-43b1-ace0-e43c41832718	9	18994895	29780375	6724	0.2407
dd87231a-d658-43b1-ace0-e43c41832718	9	29780388	38752071	5296	-0.3385
dd87231a-d658-43b1-ace0-e43c41832718	9	68423153	68426962	4	0.3025
dd87231a-d658-43b1-ace0-e43c41832718	9	68429974	68498919	53	0.5122
dd87231a-d658-43b1-ace0-e43c41832718	9	68499396	103936056	23376	0.6135
dd87231a-d658-43b1-ace0-e43c41832718	9	103936437	106660921	1763	0.4626
dd87231a-d658-43b1-ace0-e43c41832718	9	106662471	111288649	3667	0.5201
dd87231a-d658-43b1-ace0-e43c41832718	9	111292493	120106510	6221	0.4932
dd87231a-d658-43b1-ace0-e43c41832718	9	120112773	122801812	1736	0.0261
dd87231a-d658-43b1-ace0-e43c41832718	9	122803397	127200355	2599	0.4779
dd87231a-d658-43b1-ace0-e43c41832718	9	127205162	130765140	1746	0.0109
dd87231a-d658-43b1-ace0-e43c41832718	9	130765390	130765627	2	-1.1299
dd87231a-d658-43b1-ace0-e43c41832718	9	130765975	133938127	2111	-0.0037
dd87231a-d658-43b1-ace0-e43c41832718	9	133941912	133942116	2	-1.2002
dd87231a-d658-43b1-ace0-e43c41832718	9	133942518	134082209	94	0.0605
dd87231a-d658-43b1-ace0-e43c41832718	9	134085181	135729280	751	-0.3466
dd87231a-d658-43b1-ace0-e43c41832718	9	135729601	136862025	310	-0.8279
dd87231a-d658-43b1-ace0-e43c41832718	9	136869456	137656011	143	-0.336
dd87231a-d658-43b1-ace0-e43c41832718	9	137656529	138044505	176	-0.8006
dd87231a-d658-43b1-ace0-e43c41832718	10	366509	3897536	2027	-0.4134
dd87231a-d658-43b1-ace0-e43c41832718	10	3898181	3898426	2	-2.7703
dd87231a-d658-43b1-ace0-e43c41832718	10	3898983	38253428	24027	-0.4019
dd87231a-d658-43b1-ace0-e43c41832718	10	38253960	77602647	19795	-0.3285
dd87231a-d658-43b1-ace0-e43c41832718	10	77603630	77604040	3	-2.3672
dd87231a-d658-43b1-ace0-e43c41832718	10	77604806	87881541	6487	-0.3319
dd87231a-d658-43b1-ace0-e43c41832718	10	87881542	87881548	6	0.6533
dd87231a-d658-43b1-ace0-e43c41832718	10	87883103	112505027	15056	-0.3235
dd87231a-d658-43b1-ace0-e43c41832718	10	112510066	116127809	2480	-0.2829
dd87231a-d658-43b1-ace0-e43c41832718	10	116128097	118542492	1684	-0.3221
dd87231a-d658-43b1-ace0-e43c41832718	10	118544256	133411599	9452	-0.271
dd87231a-d658-43b1-ace0-e43c41832718	11	456012	22005113	13914	-0.3299
dd87231a-d658-43b1-ace0-e43c41832718	11	22013993	22345163	163	0.2525
dd87231a-d658-43b1-ace0-e43c41832718	11	22345681	23438945	800	-0.3047
dd87231a-d658-43b1-ace0-e43c41832718	11	23440942	23679882	191	0.2357
dd87231a-d658-43b1-ace0-e43c41832718	11	23682337	25052251	842	-0.2969
dd87231a-d658-43b1-ace0-e43c41832718	11	25065008	25274945	41	0.2931
dd87231a-d658-43b1-ace0-e43c41832718	11	25274946	26282058	677	-0.2677
dd87231a-d658-43b1-ace0-e43c41832718	11	26283989	26426608	118	0.2799
dd87231a-d658-43b1-ace0-e43c41832718	11	26427096	49971747	13792	-0.3188
dd87231a-d658-43b1-ace0-e43c41832718	11	49972840	81134003	12546	-0.3512
dd87231a-d658-43b1-ace0-e43c41832718	11	81134297	88819111	4654	-0.3178
dd87231a-d658-43b1-ace0-e43c41832718	11	88819799	88819916	3	-1.9378
dd87231a-d658-43b1-ace0-e43c41832718	11	88820111	134272740	29529	-0.3334
dd87231a-d658-43b1-ace0-e43c41832718	12	780472	13723916	7313	-0.3538
dd87231a-d658-43b1-ace0-e43c41832718	12	13732511	20025500	3762	-0.7489
dd87231a-d658-43b1-ace0-e43c41832718	12	20026014	22445033	1494	-0.3411
dd87231a-d658-43b1-ace0-e43c41832718	12	22451069	23440132	620	-0.7427
dd87231a-d658-43b1-ace0-e43c41832718	12	23440869	23535821	53	-0.3648
dd87231a-d658-43b1-ace0-e43c41832718	12	23535927	25684376	1445	-0.7498
dd87231a-d658-43b1-ace0-e43c41832718	12	25684755	25690453	3	-2.786
dd87231a-d658-43b1-ace0-e43c41832718	12	25691561	27615153	1246	-0.776
dd87231a-d658-43b1-ace0-e43c41832718	12	27617159	28547198	590	0.0227
dd87231a-d658-43b1-ace0-e43c41832718	12	28597495	29186023	424	-0.7846
dd87231a-d658-43b1-ace0-e43c41832718	12	29190043	29657353	304	-0.0142
dd87231a-d658-43b1-ace0-e43c41832718	12	29658152	29726104	54	-0.4367
dd87231a-d658-43b1-ace0-e43c41832718	12	29743995	29823363	46	0.1681
dd87231a-d658-43b1-ace0-e43c41832718	12	29823967	30048481	156	-0.3303
dd87231a-d658-43b1-ace0-e43c41832718	12	30061404	30411688	352	0.2464
dd87231a-d658-43b1-ace0-e43c41832718	12	30414359	30517998	67	-0.0352
dd87231a-d658-43b1-ace0-e43c41832718	12	30524245	30643081	90	-0.7836
dd87231a-d658-43b1-ace0-e43c41832718	12	30646941	33102734	1492	-0.0204
dd87231a-d658-43b1-ace0-e43c41832718	12	33112644	33140973	28	-0.7994
dd87231a-d658-43b1-ace0-e43c41832718	12	33246810	33368216	89	-0.0445
dd87231a-d658-43b1-ace0-e43c41832718	12	38827290	40456415	896	0.2347
dd87231a-d658-43b1-ace0-e43c41832718	12	40459051	74357942	19295	-0.0233
dd87231a-d658-43b1-ace0-e43c41832718	12	74360810	77830379	2353	0.02
dd87231a-d658-43b1-ace0-e43c41832718	12	77830613	92043315	8290	-0.0389
dd87231a-d658-43b1-ace0-e43c41832718	12	92046392	92058630	16	-0.2619
dd87231a-d658-43b1-ace0-e43c41832718	12	92058778	109498427	11382	-0.0788
dd87231a-d658-43b1-ace0-e43c41832718	12	109499287	132438452	12202	-0.1184
dd87231a-d658-43b1-ace0-e43c41832718	12	132441309	132605822	28	-0.3896
dd87231a-d658-43b1-ace0-e43c41832718	13	18874255	18964001	47	-0.2384
dd87231a-d658-43b1-ace0-e43c41832718	13	18964312	30741903	7059	-0.3667
dd87231a-d658-43b1-ace0-e43c41832718	13	30742467	48237556	11489	-0.3318
dd87231a-d658-43b1-ace0-e43c41832718	13	48242723	48474803	253	-1.1818
dd87231a-d658-43b1-ace0-e43c41832718	13	48478609	78463224	15633	-0.3316
dd87231a-d658-43b1-ace0-e43c41832718	13	78466157	78468033	4	-1.8627
dd87231a-d658-43b1-ace0-e43c41832718	13	78470014	97395423	11213	-0.3361
dd87231a-d658-43b1-ace0-e43c41832718	13	97400678	114226675	11108	0.2191
dd87231a-d658-43b1-ace0-e43c41832718	14	20033191	20575762	347	-0.0018
dd87231a-d658-43b1-ace0-e43c41832718	14	20578653	20590906	15	0.2664
dd87231a-d658-43b1-ace0-e43c41832718	14	20592128	20593008	6	-0.3369
dd87231a-d658-43b1-ace0-e43c41832718	14	20596858	21635545	538	0.1649
dd87231a-d658-43b1-ace0-e43c41832718	14	22664303	25034593	1223	-0.0064
dd87231a-d658-43b1-ace0-e43c41832718	14	25035782	48253548	12399	-0.3156
dd87231a-d658-43b1-ace0-e43c41832718	14	48256576	48540661	88	-0.0144
dd87231a-d658-43b1-ace0-e43c41832718	14	48541071	52366813	2426	-0.302
dd87231a-d658-43b1-ace0-e43c41832718	14	52368906	52368925	2	-2.3747
dd87231a-d658-43b1-ace0-e43c41832718	14	52369338	56052606	2297	-0.315
dd87231a-d658-43b1-ace0-e43c41832718	14	56053211	56056340	3	-1.9175
dd87231a-d658-43b1-ace0-e43c41832718	14	56056788	68452894	7460	-0.3235
dd87231a-d658-43b1-ace0-e43c41832718	14	68454969	69101439	449	-0.0357
dd87231a-d658-43b1-ace0-e43c41832718	14	69103529	72084702	1795	-0.3144
dd87231a-d658-43b1-ace0-e43c41832718	14	72087528	72088095	4	-1.53
dd87231a-d658-43b1-ace0-e43c41832718	14	72089138	76918779	2969	-0.3205
dd87231a-d658-43b1-ace0-e43c41832718	14	76923513	78446429	1115	-0.0404
dd87231a-d658-43b1-ace0-e43c41832718	14	78446624	79277930	578	-0.2913
dd87231a-d658-43b1-ace0-e43c41832718	14	79286019	79372531	35	0.0069
dd87231a-d658-43b1-ace0-e43c41832718	14	79375677	79646327	205	-0.3203
dd87231a-d658-43b1-ace0-e43c41832718	14	79646626	79655849	3	-1.4935
dd87231a-d658-43b1-ace0-e43c41832718	14	79658368	81108701	939	-0.2981
dd87231a-d658-43b1-ace0-e43c41832718	14	81111202	81472603	213	-0.0394
dd87231a-d658-43b1-ace0-e43c41832718	14	81473098	81816419	234	-0.3279
dd87231a-d658-43b1-ace0-e43c41832718	14	81816963	82681906	521	-0.0277
dd87231a-d658-43b1-ace0-e43c41832718	14	82684945	83667117	665	-0.2872
dd87231a-d658-43b1-ace0-e43c41832718	14	83677243	84386226	505	-0.1044
dd87231a-d658-43b1-ace0-e43c41832718	14	84388023	87691964	2023	0.1307
dd87231a-d658-43b1-ace0-e43c41832718	14	87692905	88030553	209	-0.1374
dd87231a-d658-43b1-ace0-e43c41832718	14	88031107	89010429	415	0.1012
dd87231a-d658-43b1-ace0-e43c41832718	14	89011015	98562975	6617	-0.1185
dd87231a-d658-43b1-ace0-e43c41832718	14	98563213	105533894	3316	-0.0708
dd87231a-d658-43b1-ace0-e43c41832718	15	23437561	34746431	4757	-0.0941
dd87231a-d658-43b1-ace0-e43c41832718	15	34749544	40407823	3795	-0.0497
dd87231a-d658-43b1-ace0-e43c41832718	15	40410802	46955702	3144	-0.0951
dd87231a-d658-43b1-ace0-e43c41832718	15	46956440	53523926	4126	-0.0524
dd87231a-d658-43b1-ace0-e43c41832718	15	53524285	59962740	4149	-0.0851
dd87231a-d658-43b1-ace0-e43c41832718	15	59965079	60216463	172	-0.4224
dd87231a-d658-43b1-ace0-e43c41832718	15	60219105	73010586	8206	-0.0789
dd87231a-d658-43b1-ace0-e43c41832718	15	73011091	101344124	16305	-0.4105
dd87231a-d658-43b1-ace0-e43c41832718	16	603333	2220112	414	-0.0131
dd87231a-d658-43b1-ace0-e43c41832718	16	2257942	4878256	1152	0.4265
dd87231a-d658-43b1-ace0-e43c41832718	16	4878338	5109479	138	0.5952
dd87231a-d658-43b1-ace0-e43c41832718	16	5111773	5410290	189	0.4134
dd87231a-d658-43b1-ace0-e43c41832718	16	5410522	5480616	53	0.675
dd87231a-d658-43b1-ace0-e43c41832718	16	5480634	7477515	1020	0.4364
dd87231a-d658-43b1-ace0-e43c41832718	16	7479636	7755332	310	0.6076
dd87231a-d658-43b1-ace0-e43c41832718	16	7759600	8219052	218	0.4648
dd87231a-d658-43b1-ace0-e43c41832718	16	8221100	18881779	4775	0.6164
dd87231a-d658-43b1-ace0-e43c41832718	16	18882258	19484989	346	0.419
dd87231a-d658-43b1-ace0-e43c41832718	16	19485166	19964971	236	0.5998
dd87231a-d658-43b1-ace0-e43c41832718	16	19967575	20809248	483	0.4123
dd87231a-d658-43b1-ace0-e43c41832718	16	20811745	21026092	128	0.5976
dd87231a-d658-43b1-ace0-e43c41832718	16	21031210	21348993	165	0.3875
dd87231a-d658-43b1-ace0-e43c41832718	16	22773239	23740386	556	0.5885
dd87231a-d658-43b1-ace0-e43c41832718	16	23740710	30635374	3340	0.4127
dd87231a-d658-43b1-ace0-e43c41832718	16	30670566	31838978	482	0.2011
dd87231a-d658-43b1-ace0-e43c41832718	16	31841585	88335725	26991	-0.3475
dd87231a-d658-43b1-ace0-e43c41832718	16	88343034	89317317	77	0.2304
dd87231a-d658-43b1-ace0-e43c41832718	17	1074619	7282939	3019	-0.04
dd87231a-d658-43b1-ace0-e43c41832718	17	7290129	7305065	12	0.4868
dd87231a-d658-43b1-ace0-e43c41832718	17	7306955	9412739	1137	-0.0379
dd87231a-d658-43b1-ace0-e43c41832718	17	9416318	9416350	2	-1.3152
dd87231a-d658-43b1-ace0-e43c41832718	17	9418056	9719227	193	-0.0278
dd87231a-d658-43b1-ace0-e43c41832718	17	9721475	9722438	2	-1.8066
dd87231a-d658-43b1-ace0-e43c41832718	17	9725257	15671201	3160	-0.0309
dd87231a-d658-43b1-ace0-e43c41832718	17	15682836	15779264	4	0.561
dd87231a-d658-43b1-ace0-e43c41832718	17	15781919	17960642	1018	1.1852
dd87231a-d658-43b1-ace0-e43c41832718	17	17961964	19899262	711	0.6344
dd87231a-d658-43b1-ace0-e43c41832718	17	19901828	19958834	28	0.1854
dd87231a-d658-43b1-ace0-e43c41832718	17	19960497	20387400	91	0.6159
dd87231a-d658-43b1-ace0-e43c41832718	17	20389632	21774057	322	0.2355
dd87231a-d658-43b1-ace0-e43c41832718	17	26943491	42962595	7151	-0.3622
dd87231a-d658-43b1-ace0-e43c41832718	17	42971493	43153395	154	0.0777
dd87231a-d658-43b1-ace0-e43c41832718	17	43153809	62526281	9726	0.2186
dd87231a-d658-43b1-ace0-e43c41832718	17	62529141	62540705	6	-0.0695
dd87231a-d658-43b1-ace0-e43c41832718	17	62542727	67480446	2635	0.2887
dd87231a-d658-43b1-ace0-e43c41832718	17	67480498	76547621	5137	0.3196
dd87231a-d658-43b1-ace0-e43c41832718	17	76548664	81377215	2160	0.2702
dd87231a-d658-43b1-ace0-e43c41832718	17	81377990	82959812	500	0.2114
dd87231a-d658-43b1-ace0-e43c41832718	18	326691	2108766	531	-0.0391
dd87231a-d658-43b1-ace0-e43c41832718	18	2109676	3019792	477	-0.3783
dd87231a-d658-43b1-ace0-e43c41832718	18	3020635	3047268	12	-0.1301
dd87231a-d658-43b1-ace0-e43c41832718	18	3048873	3406935	246	-0.0289
dd87231a-d658-43b1-ace0-e43c41832718	18	3408772	22129881	7418	0.213
dd87231a-d658-43b1-ace0-e43c41832718	18	22132427	25882403	2374	0.2607
dd87231a-d658-43b1-ace0-e43c41832718	18	25883133	42496089	10108	0.2233
dd87231a-d658-43b1-ace0-e43c41832718	18	42496832	63235786	13438	0.248
dd87231a-d658-43b1-ace0-e43c41832718	18	63235814	65159252	1207	0.2286
dd87231a-d658-43b1-ace0-e43c41832718	18	65160451	70180054	2579	0.4398
dd87231a-d658-43b1-ace0-e43c41832718	18	70181254	70682116	264	0.1684
dd87231a-d658-43b1-ace0-e43c41832718	18	70683610	74205443	727	0.424
dd87231a-d658-43b1-ace0-e43c41832718	18	74208137	75948999	1277	0.2096
dd87231a-d658-43b1-ace0-e43c41832718	18	75949792	79349796	2172	-0.3917
dd87231a-d658-43b1-ace0-e43c41832718	19	283868	3695702	822	-0.3627
dd87231a-d658-43b1-ace0-e43c41832718	19	3696305	22338688	7408	-0.034
dd87231a-d658-43b1-ace0-e43c41832718	19	22339786	27749470	805	-0.3714
dd87231a-d658-43b1-ace0-e43c41832718	19	27749586	27900167	76	0.1509
dd87231a-d658-43b1-ace0-e43c41832718	19	27901038	28094344	164	0.1985
dd87231a-d658-43b1-ace0-e43c41832718	19	28100859	57358779	14347	0.4061
dd87231a-d658-43b1-ace0-e43c41832718	19	57359773	58370362	479	0.3241
dd87231a-d658-43b1-ace0-e43c41832718	20	472817	2323885	1210	0.1611
dd87231a-d658-43b1-ace0-e43c41832718	20	2324109	4156073	958	-0.1089
dd87231a-d658-43b1-ace0-e43c41832718	20	4177753	4190850	12	0.0442
dd87231a-d658-43b1-ace0-e43c41832718	20	4194070	4472883	249	0.3457
dd87231a-d658-43b1-ace0-e43c41832718	20	4472888	4611069	121	0.602
dd87231a-d658-43b1-ace0-e43c41832718	20	4615746	4631337	14	0.4364
dd87231a-d658-43b1-ace0-e43c41832718	20	4635916	5933993	681	0.1086
dd87231a-d658-43b1-ace0-e43c41832718	20	5936066	6063113	83	0.7062
dd87231a-d658-43b1-ace0-e43c41832718	20	6066756	8001332	1347	0.1192
dd87231a-d658-43b1-ace0-e43c41832718	20	8001443	8104424	62	-0.4589
dd87231a-d658-43b1-ace0-e43c41832718	20	8104743	12721592	3150	0.2042
dd87231a-d658-43b1-ace0-e43c41832718	20	12722710	13011182	161	0.7087
dd87231a-d658-43b1-ace0-e43c41832718	20	13015578	14711021	996	0.199
dd87231a-d658-43b1-ace0-e43c41832718	20	15182862	16074443	815	0.5476
dd87231a-d658-43b1-ace0-e43c41832718	20	16075370	16384077	292	0.7175
dd87231a-d658-43b1-ace0-e43c41832718	20	16389088	16437357	54	0.1464
dd87231a-d658-43b1-ace0-e43c41832718	20	16438600	16536643	82	0.6667
dd87231a-d658-43b1-ace0-e43c41832718	20	16537305	24196855	5658	0.1395
dd87231a-d658-43b1-ace0-e43c41832718	20	24198438	24486614	204	-0.4595
dd87231a-d658-43b1-ace0-e43c41832718	20	24487516	24532315	34	-1.7162
dd87231a-d658-43b1-ace0-e43c41832718	20	24533791	24535307	3	-6.3099
dd87231a-d658-43b1-ace0-e43c41832718	20	24535473	24574131	25	-1.4179
dd87231a-d658-43b1-ace0-e43c41832718	20	24574894	26217295	698	-0.5117
dd87231a-d658-43b1-ace0-e43c41832718	20	31247668	38088540	3407	0.2356
dd87231a-d658-43b1-ace0-e43c41832718	20	38091105	38110588	10	-0.4657
dd87231a-d658-43b1-ace0-e43c41832718	20	38116769	38282965	94	0.2046
dd87231a-d658-43b1-ace0-e43c41832718	20	38283107	38293781	10	-0.3502
dd87231a-d658-43b1-ace0-e43c41832718	20	38295280	54191351	10566	0.2126
dd87231a-d658-43b1-ace0-e43c41832718	20	54191421	54191523	2	-1.0466
dd87231a-d658-43b1-ace0-e43c41832718	20	54192240	58856695	3504	0.2105
dd87231a-d658-43b1-ace0-e43c41832718	20	58858045	60797307	1513	0.1538
dd87231a-d658-43b1-ace0-e43c41832718	20	60799667	63588502	1436	0.2114
dd87231a-d658-43b1-ace0-e43c41832718	21	13974127	14040570	14	0.3603
dd87231a-d658-43b1-ace0-e43c41832718	21	14040827	15183995	765	0.1663
dd87231a-d658-43b1-ace0-e43c41832718	21	15184047	15257728	65	0.2624
dd87231a-d658-43b1-ace0-e43c41832718	21	15257798	15291418	29	0.5279
dd87231a-d658-43b1-ace0-e43c41832718	21	15292458	15519660	169	0.2207
dd87231a-d658-43b1-ace0-e43c41832718	21	15522193	15547501	21	0.583
dd87231a-d658-43b1-ace0-e43c41832718	21	15547588	16845145	709	0.2434
dd87231a-d658-43b1-ace0-e43c41832718	21	16845279	19783154	1917	0.4062
dd87231a-d658-43b1-ace0-e43c41832718	21	19786339	19831479	37	0.1295
dd87231a-d658-43b1-ace0-e43c41832718	21	19831586	23355490	1925	0.4109
dd87231a-d658-43b1-ace0-e43c41832718	21	23356031	23401539	32	0.8299
dd87231a-d658-43b1-ace0-e43c41832718	21	23404440	26700544	2279	0.3973
dd87231a-d658-43b1-ace0-e43c41832718	21	26700597	28067019	1040	0.4548
dd87231a-d658-43b1-ace0-e43c41832718	21	28068758	28187746	101	0.5716
dd87231a-d658-43b1-ace0-e43c41832718	21	28188489	44080379	10618	0.4017
dd87231a-d658-43b1-ace0-e43c41832718	21	44082963	44589384	126	0.6044
dd87231a-d658-43b1-ace0-e43c41832718	21	44594749	45227190	366	0.4422
dd87231a-d658-43b1-ace0-e43c41832718	21	45227667	46262057	322	0.1485
dd87231a-d658-43b1-ace0-e43c41832718	22	16934932	46713724	15220	-0.357
dd87231a-d658-43b1-ace0-e43c41832718	22	46717103	48940621	1795	-0.8405
dd87231a-d658-43b1-ace0-e43c41832718	X	3236359	44870609	18568	0.4355
dd87231a-d658-43b1-ace0-e43c41832718	X	44874929	57182663	4761	0.6229
dd87231a-d658-43b1-ace0-e43c41832718	X	57184737	66303814	1544	0.3791
dd87231a-d658-43b1-ace0-e43c41832718	X	66303828	77647936	3974	0.5788
dd87231a-d658-43b1-ace0-e43c41832718	X	77654992	83813918	2730	0.132
dd87231a-d658-43b1-ace0-e43c41832718	X	83815398	83821599	2	-1.2665
dd87231a-d658-43b1-ace0-e43c41832718	X	83821824	85389798	450	0.1547
dd87231a-d658-43b1-ace0-e43c41832718	X	85390204	85434936	21	-0.549
dd87231a-d658-43b1-ace0-e43c41832718	X	85438378	85483133	38	0.1006
dd87231a-d658-43b1-ace0-e43c41832718	X	85490331	85671883	136	-0.5371
dd87231a-d658-43b1-ace0-e43c41832718	X	85674122	85694451	24	0.0758
dd87231a-d658-43b1-ace0-e43c41832718	X	85703471	85828128	50	-0.4599
dd87231a-d658-43b1-ace0-e43c41832718	X	85828903	85901260	50	0.0535
dd87231a-d658-43b1-ace0-e43c41832718	X	85901906	86069881	130	-0.5273
dd87231a-d658-43b1-ace0-e43c41832718	X	86070442	86099939	33	0.2137
dd87231a-d658-43b1-ace0-e43c41832718	X	86102488	86586510	325	-0.4883
dd87231a-d658-43b1-ace0-e43c41832718	X	86589976	86645583	39	0.182
dd87231a-d658-43b1-ace0-e43c41832718	X	86659394	86669590	8	-0.4854
dd87231a-d658-43b1-ace0-e43c41832718	X	86674076	86700041	21	0.248
dd87231a-d658-43b1-ace0-e43c41832718	X	86709586	86762914	47	-0.5457
dd87231a-d658-43b1-ace0-e43c41832718	X	86763005	86769523	5	-0.0309
dd87231a-d658-43b1-ace0-e43c41832718	X	86775393	86806955	19	-0.6032
dd87231a-d658-43b1-ace0-e43c41832718	X	86812365	87861382	630	0.164
dd87231a-d658-43b1-ace0-e43c41832718	X	87867391	87893347	16	-0.5085
dd87231a-d658-43b1-ace0-e43c41832718	X	87893585	87922715	28	0.2138
dd87231a-d658-43b1-ace0-e43c41832718	X	87928710	87955008	15	-0.4878
dd87231a-d658-43b1-ace0-e43c41832718	X	87958084	87966048	8	0.3151
dd87231a-d658-43b1-ace0-e43c41832718	X	87970849	87977197	7	-0.5681
dd87231a-d658-43b1-ace0-e43c41832718	X	87980222	88006408	21	0.1525
dd87231a-d658-43b1-ace0-e43c41832718	X	88039411	88071632	15	-0.4839
dd87231a-d658-43b1-ace0-e43c41832718	X	88074062	88086045	15	0.2403
dd87231a-d658-43b1-ace0-e43c41832718	X	88088250	88189903	68	-0.5229
dd87231a-d658-43b1-ace0-e43c41832718	X	88195696	88201807	10	0.1822
dd87231a-d658-43b1-ace0-e43c41832718	X	88298653	88363044	41	-0.5165
dd87231a-d658-43b1-ace0-e43c41832718	X	88367091	88373661	15	0.1767
dd87231a-d658-43b1-ace0-e43c41832718	X	88383236	88390904	6	-0.4261
dd87231a-d658-43b1-ace0-e43c41832718	X	88419757	88443107	5	0.1945
dd87231a-d658-43b1-ace0-e43c41832718	X	88446910	88460052	17	-0.6485
dd87231a-d658-43b1-ace0-e43c41832718	X	88460928	88475345	14	0.2414
dd87231a-d658-43b1-ace0-e43c41832718	X	88531767	88970358	242	-0.4948
dd87231a-d658-43b1-ace0-e43c41832718	X	88979223	88998857	6	0.2365
dd87231a-d658-43b1-ace0-e43c41832718	X	89001113	89064296	38	-0.5108
dd87231a-d658-43b1-ace0-e43c41832718	X	89075822	89109659	27	0.1459
dd87231a-d658-43b1-ace0-e43c41832718	X	89110003	89139007	17	-0.7337
dd87231a-d658-43b1-ace0-e43c41832718	X	89145239	89164400	15	0.2006
dd87231a-d658-43b1-ace0-e43c41832718	X	89171084	89244793	40	-0.599
dd87231a-d658-43b1-ace0-e43c41832718	X	89254983	89270657	8	0.0307
dd87231a-d658-43b1-ace0-e43c41832718	X	89274280	89412270	51	-0.6503
dd87231a-d658-43b1-ace0-e43c41832718	X	89420488	89626919	64	0.0934
dd87231a-d658-43b1-ace0-e43c41832718	X	89633377	91535841	214	-0.5378
dd87231a-d658-43b1-ace0-e43c41832718	X	91537425	91815457	81	-0.2225
dd87231a-d658-43b1-ace0-e43c41832718	X	91818989	116544037	10866	-0.5365
dd87231a-d658-43b1-ace0-e43c41832718	X	116684562	119496350	1460	0.1212
dd87231a-d658-43b1-ace0-e43c41832718	X	119501860	119502578	2	1.6528
dd87231a-d658-43b1-ace0-e43c41832718	X	119502674	120020429	266	0.0993
dd87231a-d658-43b1-ace0-e43c41832718	X	120024150	141936739	9479	-0.5273
dd87231a-d658-43b1-ace0-e43c41832718	X	141936886	142068172	74	0.1323
dd87231a-d658-43b1-ace0-e43c41832718	X	142068296	142080105	16	-0.577
dd87231a-d658-43b1-ace0-e43c41832718	X	142081488	142134891	60	0.1331
dd87231a-d658-43b1-ace0-e43c41832718	X	142140600	145842004	2138	-0.5118
dd87231a-d658-43b1-ace0-e43c41832718	X	145842859	145860430	12	0.2373
dd87231a-d658-43b1-ace0-e43c41832718	X	145866129	145971986	72	-0.5173
dd87231a-d658-43b1-ace0-e43c41832718	X	145977532	145992289	13	0.3072
dd87231a-d658-43b1-ace0-e43c41832718	X	145993819	146251951	147	-0.5348
dd87231a-d658-43b1-ace0-e43c41832718	X	146254075	146291619	38	0.2474
dd87231a-d658-43b1-ace0-e43c41832718	X	146298014	146772500	337	-0.5457
dd87231a-d658-43b1-ace0-e43c41832718	X	146773906	146865703	26	0.2177
dd87231a-d658-43b1-ace0-e43c41832718	X	146868231	146964391	57	-0.4943
dd87231a-d658-43b1-ace0-e43c41832718	X	146966241	146993973	24	0.2339
dd87231a-d658-43b1-ace0-e43c41832718	X	146994462	147000233	8	-0.5098
dd87231a-d658-43b1-ace0-e43c41832718	X	147000268	147096779	62	0.1562
dd87231a-d658-43b1-ace0-e43c41832718	X	147105313	147130218	20	-0.5333
dd87231a-d658-43b1-ace0-e43c41832718	X	147137024	147363630	144	0.146
dd87231a-d658-43b1-ace0-e43c41832718	X	147365825	147383736	14	-0.4862
dd87231a-d658-43b1-ace0-e43c41832718	X	147388601	147472333	75	0.1668
dd87231a-d658-43b1-ace0-e43c41832718	X	147475639	147502450	27	-0.4649
dd87231a-d658-43b1-ace0-e43c41832718	X	147503293	147601333	66	0.2078
dd87231a-d658-43b1-ace0-e43c41832718	X	147601823	147644301	28	-0.4979
dd87231a-d658-43b1-ace0-e43c41832718	X	147645185	147702925	37	0.2005
dd87231a-d658-43b1-ace0-e43c41832718	X	147705777	147827288	72	-0.5274
dd87231a-d658-43b1-ace0-e43c41832718	X	147831529	147886241	26	0.2293
dd87231a-d658-43b1-ace0-e43c41832718	X	147886879	148092017	119	-0.5085
dd87231a-d658-43b1-ace0-e43c41832718	X	148093994	148159626	57	0.1745
dd87231a-d658-43b1-ace0-e43c41832718	X	148162373	148189387	21	-0.5003
dd87231a-d658-43b1-ace0-e43c41832718	X	148197309	148213700	9	0.1534
dd87231a-d658-43b1-ace0-e43c41832718	X	148214135	148854798	328	-0.5107
dd87231a-d658-43b1-ace0-e43c41832718	X	148897675	148924518	30	0.1812
dd87231a-d658-43b1-ace0-e43c41832718	X	148925818	148940068	9	-0.409
dd87231a-d658-43b1-ace0-e43c41832718	X	148941547	148970981	23	0.146
dd87231a-d658-43b1-ace0-e43c41832718	X	148976003	149065342	61	-0.5643
dd87231a-d658-43b1-ace0-e43c41832718	X	149065929	149071372	5	0.1557
dd87231a-d658-43b1-ace0-e43c41832718	X	149074130	149162330	43	-0.5141
dd87231a-d658-43b1-ace0-e43c41832718	X	149167141	149176281	9	0.2809
dd87231a-d658-43b1-ace0-e43c41832718	X	149185531	149528984	186	-0.4994
dd87231a-d658-43b1-ace0-e43c41832718	X	149530916	149970979	24	0.1338
dd87231a-d658-43b1-ace0-e43c41832718	X	149971032	150004826	19	-0.471
dd87231a-d658-43b1-ace0-e43c41832718	X	150007280	150055007	24	0.1431
dd87231a-d658-43b1-ace0-e43c41832718	X	150057460	150103205	30	-0.4942
dd87231a-d658-43b1-ace0-e43c41832718	X	150113625	150116623	4	0.4054
dd87231a-d658-43b1-ace0-e43c41832718	X	150118285	151015688	546	-0.5141
dd87231a-d658-43b1-ace0-e43c41832718	X	151016144	151025276	2	-1.8075
dd87231a-d658-43b1-ace0-e43c41832718	X	151025322	152087024	668	-0.4972
dd87231a-d658-43b1-ace0-e43c41832718	X	152089799	152154045	38	0.18
dd87231a-d658-43b1-ace0-e43c41832718	X	152163253	152463238	154	-0.495
dd87231a-d658-43b1-ace0-e43c41832718	X	152575599	152647800	31	0.1991
dd87231a-d658-43b1-ace0-e43c41832718	X	152648718	152662752	7	-0.4402
dd87231a-d658-43b1-ace0-e43c41832718	X	152669151	153467691	32	0.3235
dd87231a-d658-43b1-ace0-e43c41832718	X	153469644	153500561	8	-0.4472
dd87231a-d658-43b1-ace0-e43c41832718	X	153505167	153508734	4	0.2537
dd87231a-d658-43b1-ace0-e43c41832718	X	153512284	153766528	106	-0.4965
dd87231a-d658-43b1-ace0-e43c41832718	X	153776089	153801480	13	0.2083
dd87231a-d658-43b1-ace0-e43c41832718	X	153806063	155677414	232	-0.516
