GDC_Aliquot	Chromosome	Start	End	Num_Probes	Segment_Mean
096f354f-7479-4c65-a73e-18dbb2d631da	1	3301765	8797045	3420	-0.2012
096f354f-7479-4c65-a73e-18dbb2d631da	1	8800155	12120320	1595	-0.2635
096f354f-7479-4c65-a73e-18dbb2d631da	1	12120748	20352739	4650	-0.2081
096f354f-7479-4c65-a73e-18dbb2d631da	1	20354225	20803374	289	0.2864
096f354f-7479-4c65-a73e-18dbb2d631da	1	20805757	20821335	10	-0.007
096f354f-7479-4c65-a73e-18dbb2d631da	1	20826147	20844026	17	-0.3299
096f354f-7479-4c65-a73e-18dbb2d631da	1	20844218	20874195	14	0.1391
096f354f-7479-4c65-a73e-18dbb2d631da	1	20874832	21358952	212	-0.3924
096f354f-7479-4c65-a73e-18dbb2d631da	1	21361264	21554105	67	0.0515
096f354f-7479-4c65-a73e-18dbb2d631da	1	21556327	21803810	155	-0.4229
096f354f-7479-4c65-a73e-18dbb2d631da	1	21804530	22818108	522	-0.2149
096f354f-7479-4c65-a73e-18dbb2d631da	1	22818746	23146017	211	-0.3778
096f354f-7479-4c65-a73e-18dbb2d631da	1	23149203	33180370	4689	-0.6177
096f354f-7479-4c65-a73e-18dbb2d631da	1	33188402	47561395	7827	-0.3623
096f354f-7479-4c65-a73e-18dbb2d631da	1	47561438	50457498	1632	-0.2751
096f354f-7479-4c65-a73e-18dbb2d631da	1	50460064	54873230	2251	-0.3584
096f354f-7479-4c65-a73e-18dbb2d631da	1	54873413	57171010	1814	-0.274
096f354f-7479-4c65-a73e-18dbb2d631da	1	57171390	57237857	57	-0.6195
096f354f-7479-4c65-a73e-18dbb2d631da	1	57237897	61202989	2854	-0.2758
096f354f-7479-4c65-a73e-18dbb2d631da	1	61203112	61205796	3	-1.4925
096f354f-7479-4c65-a73e-18dbb2d631da	1	61211260	64561325	2338	-0.3143
096f354f-7479-4c65-a73e-18dbb2d631da	1	64561525	90647379	16061	-0.2611
096f354f-7479-4c65-a73e-18dbb2d631da	1	90647621	101550538	6560	-0.7441
096f354f-7479-4c65-a73e-18dbb2d631da	1	101550892	101551087	2	-3.834
096f354f-7479-4c65-a73e-18dbb2d631da	1	101551156	108886482	3832	-0.7193
096f354f-7479-4c65-a73e-18dbb2d631da	1	108887963	113155022	2643	-0.8208
096f354f-7479-4c65-a73e-18dbb2d631da	1	113155763	114091777	490	-0.7361
096f354f-7479-4c65-a73e-18dbb2d631da	1	114092836	114096421	2	-3.5188
096f354f-7479-4c65-a73e-18dbb2d631da	1	114096882	117584951	2290	-0.7795
096f354f-7479-4c65-a73e-18dbb2d631da	1	117587348	117587551	2	-2.9743
096f354f-7479-4c65-a73e-18dbb2d631da	1	117590608	151983059	2257	-0.7785
096f354f-7479-4c65-a73e-18dbb2d631da	1	151983895	152415662	199	0.0143
096f354f-7479-4c65-a73e-18dbb2d631da	1	152418145	152423239	5	-0.4453
096f354f-7479-4c65-a73e-18dbb2d631da	1	152424116	153291667	579	0.0464
096f354f-7479-4c65-a73e-18dbb2d631da	1	153296257	154987406	812	0.2849
096f354f-7479-4c65-a73e-18dbb2d631da	1	154989230	157002675	888	-0.0646
096f354f-7479-4c65-a73e-18dbb2d631da	1	157006954	157088632	50	0.5353
096f354f-7479-4c65-a73e-18dbb2d631da	1	157090101	157220638	70	1.0728
096f354f-7479-4c65-a73e-18dbb2d631da	1	157224788	157259487	22	0.5969
096f354f-7479-4c65-a73e-18dbb2d631da	1	157261279	157261638	2	-0.0896
096f354f-7479-4c65-a73e-18dbb2d631da	1	157261887	157882935	450	-0.2714
096f354f-7479-4c65-a73e-18dbb2d631da	1	157889634	157999614	72	0.3008
096f354f-7479-4c65-a73e-18dbb2d631da	1	158000121	158046206	38	-0.3713
096f354f-7479-4c65-a73e-18dbb2d631da	1	158049472	158064493	20	0.3472
096f354f-7479-4c65-a73e-18dbb2d631da	1	158069635	158250622	134	-0.8036
096f354f-7479-4c65-a73e-18dbb2d631da	1	158257797	159537206	806	-0.262
096f354f-7479-4c65-a73e-18dbb2d631da	1	159544391	159619944	65	-0.7979
096f354f-7479-4c65-a73e-18dbb2d631da	1	159620254	160864644	835	-0.3225
096f354f-7479-4c65-a73e-18dbb2d631da	1	160870508	161108631	132	-0.0479
096f354f-7479-4c65-a73e-18dbb2d631da	1	161108882	161426746	139	-0.4287
096f354f-7479-4c65-a73e-18dbb2d631da	1	161428624	164028991	1803	-0.2794
096f354f-7479-4c65-a73e-18dbb2d631da	1	164037581	168234581	3228	0.0454
096f354f-7479-4c65-a73e-18dbb2d631da	1	168254026	168412295	126	0.2973
096f354f-7479-4c65-a73e-18dbb2d631da	1	168415425	169350910	768	-0.736
096f354f-7479-4c65-a73e-18dbb2d631da	1	169356991	169380527	18	0.5065
096f354f-7479-4c65-a73e-18dbb2d631da	1	169387110	172685599	2233	-0.7403
096f354f-7479-4c65-a73e-18dbb2d631da	1	172695302	172808458	80	0.6199
096f354f-7479-4c65-a73e-18dbb2d631da	1	172811409	176637565	1904	-0.7404
096f354f-7479-4c65-a73e-18dbb2d631da	1	176644790	176852684	119	0.2924
096f354f-7479-4c65-a73e-18dbb2d631da	1	176855566	177142050	221	0.4275
096f354f-7479-4c65-a73e-18dbb2d631da	1	177142410	177152159	5	0.2592
096f354f-7479-4c65-a73e-18dbb2d631da	1	177159876	177169834	11	-0.7137
096f354f-7479-4c65-a73e-18dbb2d631da	1	177172387	177296205	96	0.3328
096f354f-7479-4c65-a73e-18dbb2d631da	1	177302661	177595620	185	0.0683
096f354f-7479-4c65-a73e-18dbb2d631da	1	177595712	177614073	12	0.2493
096f354f-7479-4c65-a73e-18dbb2d631da	1	177620817	177839328	167	0.6304
096f354f-7479-4c65-a73e-18dbb2d631da	1	177842364	178196705	225	-0.831
096f354f-7479-4c65-a73e-18dbb2d631da	1	178197424	179527644	856	-0.3316
096f354f-7479-4c65-a73e-18dbb2d631da	1	179527884	182557450	2033	-0.7833
096f354f-7479-4c65-a73e-18dbb2d631da	1	182557704	182558274	2	-3.0214
096f354f-7479-4c65-a73e-18dbb2d631da	1	182559593	183175839	379	-0.7725
096f354f-7479-4c65-a73e-18dbb2d631da	1	183178715	183272646	91	0.599
096f354f-7479-4c65-a73e-18dbb2d631da	1	183280160	183288083	7	-1.1281
096f354f-7479-4c65-a73e-18dbb2d631da	1	183291237	183688964	287	0.5989
096f354f-7479-4c65-a73e-18dbb2d631da	1	183690219	191825299	4809	-0.7152
096f354f-7479-4c65-a73e-18dbb2d631da	1	191839485	192260305	197	-0.9329
096f354f-7479-4c65-a73e-18dbb2d631da	1	192260959	192334338	46	0.1545
096f354f-7479-4c65-a73e-18dbb2d631da	1	192334754	192348332	8	-0.7476
096f354f-7479-4c65-a73e-18dbb2d631da	1	192350987	193962881	1190	0.1023
096f354f-7479-4c65-a73e-18dbb2d631da	1	193963391	195969196	1079	-0.6933
096f354f-7479-4c65-a73e-18dbb2d631da	1	195980501	196234764	190	-0.2564
096f354f-7479-4c65-a73e-18dbb2d631da	1	196236204	196318733	32	0.0912
096f354f-7479-4c65-a73e-18dbb2d631da	1	196319155	196428689	65	-0.2
096f354f-7479-4c65-a73e-18dbb2d631da	1	196433335	196649562	119	-0.6711
096f354f-7479-4c65-a73e-18dbb2d631da	1	196654442	197635638	379	0.4574
096f354f-7479-4c65-a73e-18dbb2d631da	1	197636013	198068489	253	0.5593
096f354f-7479-4c65-a73e-18dbb2d631da	1	198070803	198379911	191	0.3781
096f354f-7479-4c65-a73e-18dbb2d631da	1	198380421	198437017	41	-0.6952
096f354f-7479-4c65-a73e-18dbb2d631da	1	198437224	198486255	35	-0.2578
096f354f-7479-4c65-a73e-18dbb2d631da	1	198489959	200298480	1162	-0.7237
096f354f-7479-4c65-a73e-18dbb2d631da	1	200300241	200740864	291	-0.0102
096f354f-7479-4c65-a73e-18dbb2d631da	1	200762428	201652897	633	0.258
096f354f-7479-4c65-a73e-18dbb2d631da	1	201653362	201710199	44	0.0313
096f354f-7479-4c65-a73e-18dbb2d631da	1	201712280	201915687	119	0.255
096f354f-7479-4c65-a73e-18dbb2d631da	1	201915774	202363431	256	-0.0542
096f354f-7479-4c65-a73e-18dbb2d631da	1	202374905	202936079	323	0.3188
096f354f-7479-4c65-a73e-18dbb2d631da	1	202937378	203054269	72	0.3853
096f354f-7479-4c65-a73e-18dbb2d631da	1	203054533	203326231	192	0.5774
096f354f-7479-4c65-a73e-18dbb2d631da	1	203326594	203741462	268	0.3489
096f354f-7479-4c65-a73e-18dbb2d631da	1	203744005	204105404	183	0.5591
096f354f-7479-4c65-a73e-18dbb2d631da	1	204105737	205058571	798	0.6769
096f354f-7479-4c65-a73e-18dbb2d631da	1	205058609	205642998	377	0.6214
096f354f-7479-4c65-a73e-18dbb2d631da	1	205643150	205895527	127	0.3893
096f354f-7479-4c65-a73e-18dbb2d631da	1	205895583	205909267	9	0.2131
096f354f-7479-4c65-a73e-18dbb2d631da	1	205909582	207018591	539	-0.8159
096f354f-7479-4c65-a73e-18dbb2d631da	1	207018728	207019832	2	-3.7023
096f354f-7479-4c65-a73e-18dbb2d631da	1	207020600	207421598	245	-0.7497
096f354f-7479-4c65-a73e-18dbb2d631da	1	207433728	207524485	75	0.0705
096f354f-7479-4c65-a73e-18dbb2d631da	1	207573308	208468576	706	-0.7719
096f354f-7479-4c65-a73e-18dbb2d631da	1	208468760	208511898	33	-1.166
096f354f-7479-4c65-a73e-18dbb2d631da	1	208517546	208628223	103	0.0713
096f354f-7479-4c65-a73e-18dbb2d631da	1	208633595	208782293	119	-1.1358
096f354f-7479-4c65-a73e-18dbb2d631da	1	208782457	208782499	2	-6.8808
096f354f-7479-4c65-a73e-18dbb2d631da	1	208782656	209804195	786	-1.0823
096f354f-7479-4c65-a73e-18dbb2d631da	1	209808728	209809393	4	-3.9563
096f354f-7479-4c65-a73e-18dbb2d631da	1	209809636	213764852	2521	-1.0904
096f354f-7479-4c65-a73e-18dbb2d631da	1	213767438	213849543	49	-0.5839
096f354f-7479-4c65-a73e-18dbb2d631da	1	213850529	214057943	160	-1.0795
096f354f-7479-4c65-a73e-18dbb2d631da	1	214065528	214115554	31	0.5632
096f354f-7479-4c65-a73e-18dbb2d631da	1	214116452	214193863	59	-1.0302
096f354f-7479-4c65-a73e-18dbb2d631da	1	214194291	214194843	3	-5.0073
096f354f-7479-4c65-a73e-18dbb2d631da	1	214194987	214569703	311	-1.1168
096f354f-7479-4c65-a73e-18dbb2d631da	1	214570772	214620470	36	0.4988
096f354f-7479-4c65-a73e-18dbb2d631da	1	214622111	214768696	96	0.2713
096f354f-7479-4c65-a73e-18dbb2d631da	1	214771481	214773871	2	1.0134
096f354f-7479-4c65-a73e-18dbb2d631da	1	214779767	215402939	444	-1.0227
096f354f-7479-4c65-a73e-18dbb2d631da	1	215417230	215954617	306	-0.4513
096f354f-7479-4c65-a73e-18dbb2d631da	1	215954988	217346890	1043	-1.0786
096f354f-7479-4c65-a73e-18dbb2d631da	1	217347058	217347862	3	-7.1556
096f354f-7479-4c65-a73e-18dbb2d631da	1	217349124	219835736	1655	-1.0515
096f354f-7479-4c65-a73e-18dbb2d631da	1	219836647	220223030	216	-0.5301
096f354f-7479-4c65-a73e-18dbb2d631da	1	220227258	220293498	40	-0.1761
096f354f-7479-4c65-a73e-18dbb2d631da	1	220295160	226953792	3926	-0.7563
096f354f-7479-4c65-a73e-18dbb2d631da	1	226953870	228861767	876	0.1319
096f354f-7479-4c65-a73e-18dbb2d631da	1	228862392	230068803	866	-0.1324
096f354f-7479-4c65-a73e-18dbb2d631da	1	230070485	230455350	314	0.4261
096f354f-7479-4c65-a73e-18dbb2d631da	1	230459003	230919782	402	0.1731
096f354f-7479-4c65-a73e-18dbb2d631da	1	230922606	230980998	45	-0.3358
096f354f-7479-4c65-a73e-18dbb2d631da	1	230983451	231079450	64	-0.8433
096f354f-7479-4c65-a73e-18dbb2d631da	1	231079470	231253351	107	-0.3679
096f354f-7479-4c65-a73e-18dbb2d631da	1	231257773	231312981	23	-0.9171
096f354f-7479-4c65-a73e-18dbb2d631da	1	231314452	231571153	130	-0.3132
096f354f-7479-4c65-a73e-18dbb2d631da	1	231680391	232522217	656	0.044
096f354f-7479-4c65-a73e-18dbb2d631da	1	232522554	237881117	3855	-0.7913
096f354f-7479-4c65-a73e-18dbb2d631da	1	237882695	237991951	88	-0.3606
096f354f-7479-4c65-a73e-18dbb2d631da	1	237993905	239971402	1495	-0.7485
096f354f-7479-4c65-a73e-18dbb2d631da	1	239972472	239972633	2	-7.1733
096f354f-7479-4c65-a73e-18dbb2d631da	1	239973057	240946880	748	-0.8081
096f354f-7479-4c65-a73e-18dbb2d631da	1	240947560	243367522	1481	-0.2901
096f354f-7479-4c65-a73e-18dbb2d631da	1	243369342	243513339	114	0.3485
096f354f-7479-4c65-a73e-18dbb2d631da	1	243513886	246436444	1565	0.0302
096f354f-7479-4c65-a73e-18dbb2d631da	1	246880731	247588429	388	-0.9824
096f354f-7479-4c65-a73e-18dbb2d631da	1	247588717	247589065	2	-3.044
096f354f-7479-4c65-a73e-18dbb2d631da	1	247589536	247629386	27	-0.8001
096f354f-7479-4c65-a73e-18dbb2d631da	1	247629900	247650984	11	-0.4451
096f354f-7479-4c65-a73e-18dbb2d631da	2	480597	3636128	1297	-0.2604
096f354f-7479-4c65-a73e-18dbb2d631da	2	3637299	8423196	3574	-0.2251
096f354f-7479-4c65-a73e-18dbb2d631da	2	8424387	11982985	2409	-0.2726
096f354f-7479-4c65-a73e-18dbb2d631da	2	11986288	22376054	6945	-0.1979
096f354f-7479-4c65-a73e-18dbb2d631da	2	22378048	22378060	2	-2.5993
096f354f-7479-4c65-a73e-18dbb2d631da	2	22378280	22961455	385	-0.1781
096f354f-7479-4c65-a73e-18dbb2d631da	2	22962056	27734601	2369	-0.2656
096f354f-7479-4c65-a73e-18dbb2d631da	2	27734902	41743706	7675	-0.2028
096f354f-7479-4c65-a73e-18dbb2d631da	2	41749371	48702068	4540	-0.2435
096f354f-7479-4c65-a73e-18dbb2d631da	2	48702468	60155119	6349	-0.1796
096f354f-7479-4c65-a73e-18dbb2d631da	2	60155995	65648208	2799	-0.2379
096f354f-7479-4c65-a73e-18dbb2d631da	2	65648981	67725679	1556	-0.1747
096f354f-7479-4c65-a73e-18dbb2d631da	2	67725962	75057076	4111	-0.2366
096f354f-7479-4c65-a73e-18dbb2d631da	2	75059469	84874613	5338	-0.1826
096f354f-7479-4c65-a73e-18dbb2d631da	2	84875577	88748473	1319	-0.2605
096f354f-7479-4c65-a73e-18dbb2d631da	2	88749629	94978345	157	-0.0776
096f354f-7479-4c65-a73e-18dbb2d631da	2	94979072	102057901	3129	-0.2312
096f354f-7479-4c65-a73e-18dbb2d631da	2	102057979	105565903	2238	-0.1813
096f354f-7479-4c65-a73e-18dbb2d631da	2	105566427	105566496	2	-2.1733
096f354f-7479-4c65-a73e-18dbb2d631da	2	105566676	110675029	2475	-0.193
096f354f-7479-4c65-a73e-18dbb2d631da	2	110676556	112438429	679	-0.1083
096f354f-7479-4c65-a73e-18dbb2d631da	2	112440401	118819889	3357	-0.1858
096f354f-7479-4c65-a73e-18dbb2d631da	2	118820001	122116338	1932	-0.2262
096f354f-7479-4c65-a73e-18dbb2d631da	2	122118709	126801127	2115	-0.1663
096f354f-7479-4c65-a73e-18dbb2d631da	2	126802252	128845831	1160	-0.247
096f354f-7479-4c65-a73e-18dbb2d631da	2	128846848	130732793	826	-0.1513
096f354f-7479-4c65-a73e-18dbb2d631da	2	130738355	131149737	206	-0.2681
096f354f-7479-4c65-a73e-18dbb2d631da	2	131153308	134509414	1536	-0.1597
096f354f-7479-4c65-a73e-18dbb2d631da	2	134509682	136272671	875	-0.234
096f354f-7479-4c65-a73e-18dbb2d631da	2	136274148	201904448	36779	-0.1573
096f354f-7479-4c65-a73e-18dbb2d631da	2	201906554	203899813	885	-0.2354
096f354f-7479-4c65-a73e-18dbb2d631da	2	203899887	217704674	8676	-0.1495
096f354f-7479-4c65-a73e-18dbb2d631da	2	217708257	217709044	3	-1.7551
096f354f-7479-4c65-a73e-18dbb2d631da	2	217709303	220479087	1580	-0.2154
096f354f-7479-4c65-a73e-18dbb2d631da	2	220482659	220487493	5	-1.0729
096f354f-7479-4c65-a73e-18dbb2d631da	2	220490933	220503148	11	-0.0136
096f354f-7479-4c65-a73e-18dbb2d631da	2	220510071	220685630	117	-1.0809
096f354f-7479-4c65-a73e-18dbb2d631da	2	220688622	229704272	5895	-0.1734
096f354f-7479-4c65-a73e-18dbb2d631da	2	229704874	236562491	3833	-0.2423
096f354f-7479-4c65-a73e-18dbb2d631da	2	236571475	236705648	96	-1.3084
096f354f-7479-4c65-a73e-18dbb2d631da	2	236706276	238766429	1389	-0.241
096f354f-7479-4c65-a73e-18dbb2d631da	2	238770697	238771449	3	-1.2619
096f354f-7479-4c65-a73e-18dbb2d631da	2	238773861	240361183	880	-0.2597
096f354f-7479-4c65-a73e-18dbb2d631da	2	240364179	241537572	541	-1.3009
096f354f-7479-4c65-a73e-18dbb2d631da	3	2170634	9504070	4317	-0.4824
096f354f-7479-4c65-a73e-18dbb2d631da	3	9504408	15646335	3910	-0.5455
096f354f-7479-4c65-a73e-18dbb2d631da	3	15646506	36813145	12526	-0.4726
096f354f-7479-4c65-a73e-18dbb2d631da	3	36814539	40597701	2375	-0.5301
096f354f-7479-4c65-a73e-18dbb2d631da	3	40599034	42255523	871	-0.4788
096f354f-7479-4c65-a73e-18dbb2d631da	3	42257058	42257893	3	-2.8089
096f354f-7479-4c65-a73e-18dbb2d631da	3	42257907	44423645	1236	-0.5233
096f354f-7479-4c65-a73e-18dbb2d631da	3	44428983	45763947	769	-0.5751
096f354f-7479-4c65-a73e-18dbb2d631da	3	45764574	45767837	4	-2.6934
096f354f-7479-4c65-a73e-18dbb2d631da	3	45767920	53582043	3418	-0.5865
096f354f-7479-4c65-a73e-18dbb2d631da	3	53582574	66720117	8466	-0.5026
096f354f-7479-4c65-a73e-18dbb2d631da	3	66720807	66775124	36	-1.2206
096f354f-7479-4c65-a73e-18dbb2d631da	3	66777041	85950801	11087	-0.4836
096f354f-7479-4c65-a73e-18dbb2d631da	3	85979977	86031779	27	0.765
096f354f-7479-4c65-a73e-18dbb2d631da	3	86035233	86303363	170	0.9618
096f354f-7479-4c65-a73e-18dbb2d631da	3	86304788	86640681	188	0.6065
096f354f-7479-4c65-a73e-18dbb2d631da	3	86672451	86831311	76	1.0179
096f354f-7479-4c65-a73e-18dbb2d631da	3	86833434	86834806	3	1.81
096f354f-7479-4c65-a73e-18dbb2d631da	3	86838856	87240868	209	0.9515
096f354f-7479-4c65-a73e-18dbb2d631da	3	87246121	87253561	8	0.5663
096f354f-7479-4c65-a73e-18dbb2d631da	3	87256852	87277071	13	1.0355
096f354f-7479-4c65-a73e-18dbb2d631da	3	87279215	87290557	11	0.5637
096f354f-7479-4c65-a73e-18dbb2d631da	3	87300435	87315783	16	0.9947
096f354f-7479-4c65-a73e-18dbb2d631da	3	87316577	87914534	221	0.6049
096f354f-7479-4c65-a73e-18dbb2d631da	3	87920790	89664973	975	0.777
096f354f-7479-4c65-a73e-18dbb2d631da	3	89668713	89889606	79	0.9664
096f354f-7479-4c65-a73e-18dbb2d631da	3	89893985	90064852	65	0.591
096f354f-7479-4c65-a73e-18dbb2d631da	3	90065865	97076064	1619	0.3845
096f354f-7479-4c65-a73e-18dbb2d631da	3	97077371	100324005	1712	0.1221
096f354f-7479-4c65-a73e-18dbb2d631da	3	100324637	107623292	4118	0.3763
096f354f-7479-4c65-a73e-18dbb2d631da	3	107625709	107727772	58	0.1557
096f354f-7479-4c65-a73e-18dbb2d631da	3	107730090	109308310	785	0.4085
096f354f-7479-4c65-a73e-18dbb2d631da	3	109308973	109588756	125	0.2527
096f354f-7479-4c65-a73e-18dbb2d631da	3	109589686	118180616	5373	0.3865
096f354f-7479-4c65-a73e-18dbb2d631da	3	118181072	122307242	2114	-0.4936
096f354f-7479-4c65-a73e-18dbb2d631da	3	122307647	129996994	4450	-0.5482
096f354f-7479-4c65-a73e-18dbb2d631da	3	129997296	133386793	2067	-0.4696
096f354f-7479-4c65-a73e-18dbb2d631da	3	133387005	143142688	5318	-0.5096
096f354f-7479-4c65-a73e-18dbb2d631da	3	143143549	168181002	12612	-0.4725
096f354f-7479-4c65-a73e-18dbb2d631da	3	168182086	168265031	47	0.6485
096f354f-7479-4c65-a73e-18dbb2d631da	3	168271270	173422892	2996	0.3858
096f354f-7479-4c65-a73e-18dbb2d631da	3	173424185	175003061	740	0.6042
096f354f-7479-4c65-a73e-18dbb2d631da	3	175020005	175020030	2	-1.5269
096f354f-7479-4c65-a73e-18dbb2d631da	3	175022599	176767997	689	0.5753
096f354f-7479-4c65-a73e-18dbb2d631da	3	176770610	178186093	714	0.418
096f354f-7479-4c65-a73e-18dbb2d631da	3	178187097	178443826	107	0.6591
096f354f-7479-4c65-a73e-18dbb2d631da	3	178446450	178565418	80	0.4339
096f354f-7479-4c65-a73e-18dbb2d631da	3	178566168	188392335	5398	0.3383
096f354f-7479-4c65-a73e-18dbb2d631da	3	188392846	194394190	3776	0.5084
096f354f-7479-4c65-a73e-18dbb2d631da	3	194395279	197812401	991	0.4087
096f354f-7479-4c65-a73e-18dbb2d631da	4	1059384	3644345	1021	-0.2055
096f354f-7479-4c65-a73e-18dbb2d631da	4	3646746	3646853	2	-1.6134
096f354f-7479-4c65-a73e-18dbb2d631da	4	3647856	10104115	3630	-0.1372
096f354f-7479-4c65-a73e-18dbb2d631da	4	10104173	39280885	19239	-0.0663
096f354f-7479-4c65-a73e-18dbb2d631da	4	39283933	41228990	965	-0.1472
096f354f-7479-4c65-a73e-18dbb2d631da	4	41229571	41830627	410	-0.0388
096f354f-7479-4c65-a73e-18dbb2d631da	4	41831615	41974841	67	-0.1264
096f354f-7479-4c65-a73e-18dbb2d631da	4	41976090	42893698	608	-0.4702
096f354f-7479-4c65-a73e-18dbb2d631da	4	42900637	48066809	2401	-0.0805
096f354f-7479-4c65-a73e-18dbb2d631da	4	48067890	52163493	192	-0.2376
096f354f-7479-4c65-a73e-18dbb2d631da	4	52163606	58673469	4160	-0.2964
096f354f-7479-4c65-a73e-18dbb2d631da	4	58676701	69453762	5281	-0.2508
096f354f-7479-4c65-a73e-18dbb2d631da	4	69456094	82746858	7892	0.0812
096f354f-7479-4c65-a73e-18dbb2d631da	4	82747477	82747649	2	-1.4209
096f354f-7479-4c65-a73e-18dbb2d631da	4	82750922	94451018	6552	0.0801
096f354f-7479-4c65-a73e-18dbb2d631da	4	94451461	97497021	1883	-0.2448
096f354f-7479-4c65-a73e-18dbb2d631da	4	97501132	99626422	1098	0.003
096f354f-7479-4c65-a73e-18dbb2d631da	4	99628772	100165263	296	0.4643
096f354f-7479-4c65-a73e-18dbb2d631da	4	100165490	100567014	238	0.0339
096f354f-7479-4c65-a73e-18dbb2d631da	4	100568576	101184139	409	0.4983
096f354f-7479-4c65-a73e-18dbb2d631da	4	101185199	101413927	132	0.0182
096f354f-7479-4c65-a73e-18dbb2d631da	4	101414794	101876016	274	-0.732
096f354f-7479-4c65-a73e-18dbb2d631da	4	101884634	103698348	938	-0.0015
096f354f-7479-4c65-a73e-18dbb2d631da	4	103699041	104800505	578	-0.7124
096f354f-7479-4c65-a73e-18dbb2d631da	4	104801184	115357513	6150	0.015
096f354f-7479-4c65-a73e-18dbb2d631da	4	115358544	179658982	34897	-0.7116
096f354f-7479-4c65-a73e-18dbb2d631da	4	179664662	179877852	155	-0.2483
096f354f-7479-4c65-a73e-18dbb2d631da	4	179877992	179970055	2	-2.395
096f354f-7479-4c65-a73e-18dbb2d631da	4	179970469	182100013	1284	-0.2893
096f354f-7479-4c65-a73e-18dbb2d631da	4	182101932	182590292	385	-0.4928
096f354f-7479-4c65-a73e-18dbb2d631da	4	182595739	187842528	2094	-0.3157
096f354f-7479-4c65-a73e-18dbb2d631da	5	913983	1287276	53	0.867
096f354f-7479-4c65-a73e-18dbb2d631da	5	1287425	3050777	1070	0.6735
096f354f-7479-4c65-a73e-18dbb2d631da	5	3107747	3273970	210	0.3294
096f354f-7479-4c65-a73e-18dbb2d631da	5	3278544	3285186	8	0.6691
096f354f-7479-4c65-a73e-18dbb2d631da	5	3285412	4012189	613	0.7916
096f354f-7479-4c65-a73e-18dbb2d631da	5	4012580	4012586	2	-0.3053
096f354f-7479-4c65-a73e-18dbb2d631da	5	4013527	4417337	274	0.7887
096f354f-7479-4c65-a73e-18dbb2d631da	5	4417489	4672279	206	0.9273
096f354f-7479-4c65-a73e-18dbb2d631da	5	4672502	5096853	361	0.8114
096f354f-7479-4c65-a73e-18dbb2d631da	5	5097037	8555196	2742	0.9197
096f354f-7479-4c65-a73e-18dbb2d631da	5	8555288	10962115	1665	0.7978
096f354f-7479-4c65-a73e-18dbb2d631da	5	10962622	11993489	807	0.9067
096f354f-7479-4c65-a73e-18dbb2d631da	5	11996046	12014579	4	0.457
096f354f-7479-4c65-a73e-18dbb2d631da	5	12017153	12118077	59	0.8601
096f354f-7479-4c65-a73e-18dbb2d631da	5	12118198	12429991	159	0.6049
096f354f-7479-4c65-a73e-18dbb2d631da	5	12438308	13312358	244	0.8807
096f354f-7479-4c65-a73e-18dbb2d631da	5	13315692	13685248	260	0.7198
096f354f-7479-4c65-a73e-18dbb2d631da	5	13685338	14405893	661	0.8757
096f354f-7479-4c65-a73e-18dbb2d631da	5	14410941	16049191	600	0.7032
096f354f-7479-4c65-a73e-18dbb2d631da	5	16049815	16544703	346	0.8827
096f354f-7479-4c65-a73e-18dbb2d631da	5	16545351	17071786	317	0.7671
096f354f-7479-4c65-a73e-18dbb2d631da	5	17072124	18288886	582	0.6803
096f354f-7479-4c65-a73e-18dbb2d631da	5	18289654	21278029	1449	0.8575
096f354f-7479-4c65-a73e-18dbb2d631da	5	21280507	23557037	1149	0.7166
096f354f-7479-4c65-a73e-18dbb2d631da	5	23560124	24399785	490	1.1412
096f354f-7479-4c65-a73e-18dbb2d631da	5	24401752	25523163	514	1.0251
096f354f-7479-4c65-a73e-18dbb2d631da	5	25524306	25811896	169	1.1499
096f354f-7479-4c65-a73e-18dbb2d631da	5	25812099	30110161	2384	1.0088
096f354f-7479-4c65-a73e-18dbb2d631da	5	30110248	31233760	714	0.8758
096f354f-7479-4c65-a73e-18dbb2d631da	5	31234708	32609063	996	0.702
096f354f-7479-4c65-a73e-18dbb2d631da	5	32612811	50896480	7085	0.8649
096f354f-7479-4c65-a73e-18dbb2d631da	5	50896810	55170517	2686	0.7234
096f354f-7479-4c65-a73e-18dbb2d631da	5	55175310	56233521	541	0.6322
096f354f-7479-4c65-a73e-18dbb2d631da	5	56235356	56991346	636	0.7305
096f354f-7479-4c65-a73e-18dbb2d631da	5	56991497	57358622	149	0.5785
096f354f-7479-4c65-a73e-18dbb2d631da	5	57362553	68259098	6444	0.7162
096f354f-7479-4c65-a73e-18dbb2d631da	5	68259752	69011196	486	0.8992
096f354f-7479-4c65-a73e-18dbb2d631da	5	69016227	69440690	186	0.3625
096f354f-7479-4c65-a73e-18dbb2d631da	5	69444194	79071601	4837	0.5083
096f354f-7479-4c65-a73e-18dbb2d631da	5	79071751	80760066	916	0.46
096f354f-7479-4c65-a73e-18dbb2d631da	5	80764197	88098475	3966	0.5276
096f354f-7479-4c65-a73e-18dbb2d631da	5	88099484	105910541	8484	0.7263
096f354f-7479-4c65-a73e-18dbb2d631da	5	105910604	106706350	381	0.5635
096f354f-7479-4c65-a73e-18dbb2d631da	5	106706432	112694839	3695	0.7328
096f354f-7479-4c65-a73e-18dbb2d631da	5	112698057	113050587	342	0.5849
096f354f-7479-4c65-a73e-18dbb2d631da	5	113052528	116116195	1808	0.723
096f354f-7479-4c65-a73e-18dbb2d631da	5	116116448	116289560	123	0.5778
096f354f-7479-4c65-a73e-18dbb2d631da	5	116291323	119552144	2059	0.7412
096f354f-7479-4c65-a73e-18dbb2d631da	5	119554079	119716607	107	0.9092
096f354f-7479-4c65-a73e-18dbb2d631da	5	119718158	120187906	260	0.5972
096f354f-7479-4c65-a73e-18dbb2d631da	5	120191091	122443743	1171	0.7459
096f354f-7479-4c65-a73e-18dbb2d631da	5	122443924	124500349	1242	0.6843
096f354f-7479-4c65-a73e-18dbb2d631da	5	124502364	126577534	1325	0.7361
096f354f-7479-4c65-a73e-18dbb2d631da	5	126580047	126804658	100	0.5244
096f354f-7479-4c65-a73e-18dbb2d631da	5	126804799	127653854	477	0.7071
096f354f-7479-4c65-a73e-18dbb2d631da	5	127654403	128026044	239	0.5498
096f354f-7479-4c65-a73e-18dbb2d631da	5	128034279	128412327	199	0.7336
096f354f-7479-4c65-a73e-18dbb2d631da	5	128412859	130869891	1366	0.5556
096f354f-7479-4c65-a73e-18dbb2d631da	5	130870633	131962685	503	0.4719
096f354f-7479-4c65-a73e-18dbb2d631da	5	131963515	132569483	382	0.5363
096f354f-7479-4c65-a73e-18dbb2d631da	5	132570923	133114437	243	0.4429
096f354f-7479-4c65-a73e-18dbb2d631da	5	133115582	133854047	639	0.54
096f354f-7479-4c65-a73e-18dbb2d631da	5	133854696	135110298	657	0.368
096f354f-7479-4c65-a73e-18dbb2d631da	5	135110585	137871235	1947	0.4824
096f354f-7479-4c65-a73e-18dbb2d631da	5	137871425	140776733	1242	0.3572
096f354f-7479-4c65-a73e-18dbb2d631da	5	140776837	141007771	77	0.5665
096f354f-7479-4c65-a73e-18dbb2d631da	5	141009562	141376601	135	0.2772
096f354f-7479-4c65-a73e-18dbb2d631da	5	141383462	141687733	124	0.47
096f354f-7479-4c65-a73e-18dbb2d631da	5	141687771	141700676	17	0.7724
096f354f-7479-4c65-a73e-18dbb2d631da	5	141701330	142688728	715	0.5886
096f354f-7479-4c65-a73e-18dbb2d631da	5	142688801	148114037	3513	0.6685
096f354f-7479-4c65-a73e-18dbb2d631da	5	148114105	148419423	182	0.513
096f354f-7479-4c65-a73e-18dbb2d631da	5	148419500	149375524	689	0.6744
096f354f-7479-4c65-a73e-18dbb2d631da	5	149377552	150717781	886	0.5802
096f354f-7479-4c65-a73e-18dbb2d631da	5	150717916	154541605	2582	0.6498
096f354f-7479-4c65-a73e-18dbb2d631da	5	154541664	155197732	370	0.5679
096f354f-7479-4c65-a73e-18dbb2d631da	5	155210341	156763299	1041	0.6813
096f354f-7479-4c65-a73e-18dbb2d631da	5	156764203	158094079	867	0.5923
096f354f-7479-4c65-a73e-18dbb2d631da	5	158094333	160067545	1337	0.6647
096f354f-7479-4c65-a73e-18dbb2d631da	5	160070266	160228850	82	0.4379
096f354f-7479-4c65-a73e-18dbb2d631da	5	160229187	160804455	418	0.6473
096f354f-7479-4c65-a73e-18dbb2d631da	5	160806065	165780459	2965	0.4871
096f354f-7479-4c65-a73e-18dbb2d631da	5	165782646	166070872	208	0.6664
096f354f-7479-4c65-a73e-18dbb2d631da	5	166071274	166227230	107	0.8073
096f354f-7479-4c65-a73e-18dbb2d631da	5	166227690	167218417	672	0.6395
096f354f-7479-4c65-a73e-18dbb2d631da	5	167220806	167360427	76	0.4682
096f354f-7479-4c65-a73e-18dbb2d631da	5	167360599	168176397	677	0.6731
096f354f-7479-4c65-a73e-18dbb2d631da	5	168176433	168690837	354	0.5821
096f354f-7479-4c65-a73e-18dbb2d631da	5	168703123	171048461	1764	0.6635
096f354f-7479-4c65-a73e-18dbb2d631da	5	171049573	174705298	2375	0.601
096f354f-7479-4c65-a73e-18dbb2d631da	5	174705312	175298921	414	0.4295
096f354f-7479-4c65-a73e-18dbb2d631da	5	175299890	175531740	193	0.6204
096f354f-7479-4c65-a73e-18dbb2d631da	5	175536772	175604454	52	0.4422
096f354f-7479-4c65-a73e-18dbb2d631da	5	175605675	176283692	205	0.636
096f354f-7479-4c65-a73e-18dbb2d631da	5	176289673	180653187	1970	0.527
096f354f-7479-4c65-a73e-18dbb2d631da	5	180799516	180934240	68	0.1782
096f354f-7479-4c65-a73e-18dbb2d631da	6	1011760	13413994	9010	-0.184
096f354f-7479-4c65-a73e-18dbb2d631da	6	13414316	13414368	3	-1.444
096f354f-7479-4c65-a73e-18dbb2d631da	6	13417107	21988146	5744	-0.18
096f354f-7479-4c65-a73e-18dbb2d631da	6	21988291	24068202	1629	-0.1195
096f354f-7479-4c65-a73e-18dbb2d631da	6	24070216	30148301	2596	-0.1886
096f354f-7479-4c65-a73e-18dbb2d631da	6	30154846	37965543	3172	-0.2442
096f354f-7479-4c65-a73e-18dbb2d631da	6	37965545	41207511	2416	-0.1706
096f354f-7479-4c65-a73e-18dbb2d631da	6	41209514	43790159	1408	-0.255
096f354f-7479-4c65-a73e-18dbb2d631da	6	43790587	45817754	1149	-0.1758
096f354f-7479-4c65-a73e-18dbb2d631da	6	45819691	73242264	13523	-0.128
096f354f-7479-4c65-a73e-18dbb2d631da	6	73244876	73792487	272	-0.2384
096f354f-7479-4c65-a73e-18dbb2d631da	6	73792796	88498843	8227	-0.1198
096f354f-7479-4c65-a73e-18dbb2d631da	6	88498978	90090655	968	-0.1943
096f354f-7479-4c65-a73e-18dbb2d631da	6	90090719	106022106	8549	-0.1152
096f354f-7479-4c65-a73e-18dbb2d631da	6	106022195	106220696	140	-0.4861
096f354f-7479-4c65-a73e-18dbb2d631da	6	106224400	111709365	3290	-0.1714
096f354f-7479-4c65-a73e-18dbb2d631da	6	111709441	133788978	12963	-0.113
096f354f-7479-4c65-a73e-18dbb2d631da	6	133790060	139720613	3898	-0.1456
096f354f-7479-4c65-a73e-18dbb2d631da	6	139734084	149385687	5760	-0.1123
096f354f-7479-4c65-a73e-18dbb2d631da	6	149386152	150151146	409	-0.1728
096f354f-7479-4c65-a73e-18dbb2d631da	6	150154950	150438666	236	0.6541
096f354f-7479-4c65-a73e-18dbb2d631da	6	150445069	150566235	91	0.4625
096f354f-7479-4c65-a73e-18dbb2d631da	6	150568329	150571513	2	1.1033
096f354f-7479-4c65-a73e-18dbb2d631da	6	150575310	151530204	647	0.3519
096f354f-7479-4c65-a73e-18dbb2d631da	6	151530369	151543271	11	0.4866
096f354f-7479-4c65-a73e-18dbb2d631da	6	151545056	151593887	29	0.9707
096f354f-7479-4c65-a73e-18dbb2d631da	6	151595533	151945333	287	0.4267
096f354f-7479-4c65-a73e-18dbb2d631da	6	151948392	151964967	30	0.6525
096f354f-7479-4c65-a73e-18dbb2d631da	6	151965061	151989259	17	0.3232
096f354f-7479-4c65-a73e-18dbb2d631da	6	151989644	152143704	131	0.6252
096f354f-7479-4c65-a73e-18dbb2d631da	6	152145702	152516986	265	0.4173
096f354f-7479-4c65-a73e-18dbb2d631da	6	152517591	152929234	344	0.1958
096f354f-7479-4c65-a73e-18dbb2d631da	6	152929276	153002031	52	-0.0799
096f354f-7479-4c65-a73e-18dbb2d631da	6	153008373	153200293	130	0.1952
096f354f-7479-4c65-a73e-18dbb2d631da	6	153204267	153231066	19	-0.2339
096f354f-7479-4c65-a73e-18dbb2d631da	6	153231112	156084253	1949	-0.53
096f354f-7479-4c65-a73e-18dbb2d631da	6	156084613	156318868	145	0.1401
096f354f-7479-4c65-a73e-18dbb2d631da	6	156319244	158703620	1363	-0.1521
096f354f-7479-4c65-a73e-18dbb2d631da	6	158706468	159544271	565	0.5787
096f354f-7479-4c65-a73e-18dbb2d631da	6	159546121	159573085	20	0.165
096f354f-7479-4c65-a73e-18dbb2d631da	6	159574882	159586354	22	-0.5721
096f354f-7479-4c65-a73e-18dbb2d631da	6	159596977	159692289	65	0.0897
096f354f-7479-4c65-a73e-18dbb2d631da	6	159697168	160182978	312	-0.5679
096f354f-7479-4c65-a73e-18dbb2d631da	6	160187027	160839255	451	0.153
096f354f-7479-4c65-a73e-18dbb2d631da	6	160859293	160906271	27	-0.6881
096f354f-7479-4c65-a73e-18dbb2d631da	6	160908082	160960376	49	-0.4486
096f354f-7479-4c65-a73e-18dbb2d631da	6	160962015	161079718	85	0.1935
096f354f-7479-4c65-a73e-18dbb2d631da	6	161081062	161094006	12	-0.8811
096f354f-7479-4c65-a73e-18dbb2d631da	6	161095799	161112295	11	0.1234
096f354f-7479-4c65-a73e-18dbb2d631da	6	161112878	161117424	5	-0.6676
096f354f-7479-4c65-a73e-18dbb2d631da	6	161122389	161506736	285	0.1496
096f354f-7479-4c65-a73e-18dbb2d631da	6	161512903	161626217	104	-0.49
096f354f-7479-4c65-a73e-18dbb2d631da	6	161626349	161627160	3	-2.8959
096f354f-7479-4c65-a73e-18dbb2d631da	6	161627419	170596889	4198	-0.5582
096f354f-7479-4c65-a73e-18dbb2d631da	7	664936	7119014	2310	0.4761
096f354f-7479-4c65-a73e-18dbb2d631da	7	7124041	23995508	10006	0.6094
096f354f-7479-4c65-a73e-18dbb2d631da	7	24000259	24000764	2	-0.798
096f354f-7479-4c65-a73e-18dbb2d631da	7	24001198	32868523	5946	0.606
096f354f-7479-4c65-a73e-18dbb2d631da	7	32868650	33195746	126	0.4464
096f354f-7479-4c65-a73e-18dbb2d631da	7	33195900	43509519	6545	0.6037
096f354f-7479-4c65-a73e-18dbb2d631da	7	43509668	45186674	832	0.4979
096f354f-7479-4c65-a73e-18dbb2d631da	7	45186726	55637873	7396	0.6103
096f354f-7479-4c65-a73e-18dbb2d631da	7	55638360	63675854	431	0.4809
096f354f-7479-4c65-a73e-18dbb2d631da	7	63677725	68288122	1522	0.5895
096f354f-7479-4c65-a73e-18dbb2d631da	7	68290251	69531313	825	0.6821
096f354f-7479-4c65-a73e-18dbb2d631da	7	69532048	70753592	723	0.807
096f354f-7479-4c65-a73e-18dbb2d631da	7	70754708	71686864	536	0.7175
096f354f-7479-4c65-a73e-18dbb2d631da	7	71687637	72421049	406	0.645
096f354f-7479-4c65-a73e-18dbb2d631da	7	72421061	75812476	759	0.5533
096f354f-7479-4c65-a73e-18dbb2d631da	7	75813716	77725973	592	0.6728
096f354f-7479-4c65-a73e-18dbb2d631da	7	77728096	78750200	775	0.7846
096f354f-7479-4c65-a73e-18dbb2d631da	7	78755339	84293258	3547	0.6263
096f354f-7479-4c65-a73e-18dbb2d631da	7	84293862	84335970	27	0.2995
096f354f-7479-4c65-a73e-18dbb2d631da	7	84336661	88197642	1902	0.6191
096f354f-7479-4c65-a73e-18dbb2d631da	7	88201991	90279725	202	0.8163
096f354f-7479-4c65-a73e-18dbb2d631da	7	90280080	91078843	440	0.6106
096f354f-7479-4c65-a73e-18dbb2d631da	7	91082353	91677959	428	0.7983
096f354f-7479-4c65-a73e-18dbb2d631da	7	91678266	92611145	468	0.7177
096f354f-7479-4c65-a73e-18dbb2d631da	7	92611668	92666661	73	0.8356
096f354f-7479-4c65-a73e-18dbb2d631da	7	92666679	92816166	173	0.6724
096f354f-7479-4c65-a73e-18dbb2d631da	7	92816261	92980454	144	0.5109
096f354f-7479-4c65-a73e-18dbb2d631da	7	92980780	93802263	467	0.6283
096f354f-7479-4c65-a73e-18dbb2d631da	7	93810998	96831142	1838	0.806
096f354f-7479-4c65-a73e-18dbb2d631da	7	96832222	97837711	588	0.5668
096f354f-7479-4c65-a73e-18dbb2d631da	7	97837737	98426828	249	0.4367
096f354f-7479-4c65-a73e-18dbb2d631da	7	98433452	98440540	2	-0.5434
096f354f-7479-4c65-a73e-18dbb2d631da	7	98445604	99928834	615	0.495
096f354f-7479-4c65-a73e-18dbb2d631da	7	99930354	101784217	593	0.3796
096f354f-7479-4c65-a73e-18dbb2d631da	7	101784350	102807005	319	0.467
096f354f-7479-4c65-a73e-18dbb2d631da	7	102807165	103487818	295	0.5475
096f354f-7479-4c65-a73e-18dbb2d631da	7	103488225	103805652	228	0.6168
096f354f-7479-4c65-a73e-18dbb2d631da	7	103808164	104060593	192	0.7806
096f354f-7479-4c65-a73e-18dbb2d631da	7	104061506	104821040	552	0.6055
096f354f-7479-4c65-a73e-18dbb2d631da	7	104823298	108383583	2003	0.5635
096f354f-7479-4c65-a73e-18dbb2d631da	7	108384639	128097998	10575	0.6183
096f354f-7479-4c65-a73e-18dbb2d631da	7	128099669	130752733	1140	0.5095
096f354f-7479-4c65-a73e-18dbb2d631da	7	130752930	138232618	4765	0.6014
096f354f-7479-4c65-a73e-18dbb2d631da	7	138232631	141077590	1551	0.5299
096f354f-7479-4c65-a73e-18dbb2d631da	7	141078552	141273701	134	0.3543
096f354f-7479-4c65-a73e-18dbb2d631da	7	141273981	141308577	21	0.5429
096f354f-7479-4c65-a73e-18dbb2d631da	7	141309218	141445484	143	0.6168
096f354f-7479-4c65-a73e-18dbb2d631da	7	141446300	142966541	512	0.7213
096f354f-7479-4c65-a73e-18dbb2d631da	7	142972971	148859005	3179	0.5924
096f354f-7479-4c65-a73e-18dbb2d631da	7	148863966	158592540	4868	0.5372
096f354f-7479-4c65-a73e-18dbb2d631da	8	667625	4953933	2240	-0.2394
096f354f-7479-4c65-a73e-18dbb2d631da	8	4954393	4954711	2	-2.3424
096f354f-7479-4c65-a73e-18dbb2d631da	8	4954914	19313378	8081	-0.2074
096f354f-7479-4c65-a73e-18dbb2d631da	8	19315868	30928237	7887	0.113
096f354f-7479-4c65-a73e-18dbb2d631da	8	30932283	33375481	1696	0.1521
096f354f-7479-4c65-a73e-18dbb2d631da	8	33377844	33726109	171	0.0268
096f354f-7479-4c65-a73e-18dbb2d631da	8	33727143	37471325	1915	0.1515
096f354f-7479-4c65-a73e-18dbb2d631da	8	37471797	37979382	218	0.063
096f354f-7479-4c65-a73e-18dbb2d631da	8	37985152	38503303	219	0.9467
096f354f-7479-4c65-a73e-18dbb2d631da	8	38504082	42207133	2167	1.0559
096f354f-7479-4c65-a73e-18dbb2d631da	8	42207199	43080575	484	0.9469
096f354f-7479-4c65-a73e-18dbb2d631da	8	46547532	57165988	5741	0.1531
096f354f-7479-4c65-a73e-18dbb2d631da	8	57168249	57168524	2	-1.7651
096f354f-7479-4c65-a73e-18dbb2d631da	8	57169026	60656877	2244	0.1803
096f354f-7479-4c65-a73e-18dbb2d631da	8	60662433	60663969	2	-1.4257
096f354f-7479-4c65-a73e-18dbb2d631da	8	60664239	62390617	1153	0.1789
096f354f-7479-4c65-a73e-18dbb2d631da	8	62398608	68861227	3530	-0.4943
096f354f-7479-4c65-a73e-18dbb2d631da	8	68864485	69853518	672	0.1578
096f354f-7479-4c65-a73e-18dbb2d631da	8	69853971	70134523	179	0.0213
096f354f-7479-4c65-a73e-18dbb2d631da	8	70137339	71086891	444	0.1366
096f354f-7479-4c65-a73e-18dbb2d631da	8	71093915	71345939	209	0.6218
096f354f-7479-4c65-a73e-18dbb2d631da	8	71348019	73633315	1577	-0.4831
096f354f-7479-4c65-a73e-18dbb2d631da	8	73651778	73992699	168	0.096
096f354f-7479-4c65-a73e-18dbb2d631da	8	73995323	74369392	293	-0.4909
096f354f-7479-4c65-a73e-18dbb2d631da	8	74376761	74491804	58	0.5717
096f354f-7479-4c65-a73e-18dbb2d631da	8	74497513	100450654	14304	-0.5061
096f354f-7479-4c65-a73e-18dbb2d631da	8	100452842	100609385	107	0.5842
096f354f-7479-4c65-a73e-18dbb2d631da	8	100613380	100756447	100	0.0266
096f354f-7479-4c65-a73e-18dbb2d631da	8	100761906	102251320	1004	0.5586
096f354f-7479-4c65-a73e-18dbb2d631da	8	102251834	102702322	226	-0.5309
096f354f-7479-4c65-a73e-18dbb2d631da	8	102702936	103133356	271	0.1387
096f354f-7479-4c65-a73e-18dbb2d631da	8	103138314	103508787	227	0.5599
096f354f-7479-4c65-a73e-18dbb2d631da	8	103513949	103931281	194	0.1307
096f354f-7479-4c65-a73e-18dbb2d631da	8	103932253	104263321	189	0.6193
096f354f-7479-4c65-a73e-18dbb2d631da	8	104266406	104359048	63	0.1304
096f354f-7479-4c65-a73e-18dbb2d631da	8	104360756	104369054	6	-0.6711
096f354f-7479-4c65-a73e-18dbb2d631da	8	104374222	105050428	419	0.1692
096f354f-7479-4c65-a73e-18dbb2d631da	8	105051229	105069626	12	-0.3884
096f354f-7479-4c65-a73e-18dbb2d631da	8	105081781	106609508	596	0.1825
096f354f-7479-4c65-a73e-18dbb2d631da	8	106610248	106618308	8	-0.5263
096f354f-7479-4c65-a73e-18dbb2d631da	8	106618951	106879633	159	0.1629
096f354f-7479-4c65-a73e-18dbb2d631da	8	106895351	111579153	2571	-0.5028
096f354f-7479-4c65-a73e-18dbb2d631da	8	111581832	112059507	244	0.1386
096f354f-7479-4c65-a73e-18dbb2d631da	8	112064781	123036160	6755	-0.5117
096f354f-7479-4c65-a73e-18dbb2d631da	8	123036517	123046638	2	-0.2219
096f354f-7479-4c65-a73e-18dbb2d631da	8	123052311	123377368	160	0.5052
096f354f-7479-4c65-a73e-18dbb2d631da	8	123377649	123606412	163	0.1077
096f354f-7479-4c65-a73e-18dbb2d631da	8	123608536	124057909	317	-0.5237
096f354f-7479-4c65-a73e-18dbb2d631da	8	124057966	125229295	758	0.1244
096f354f-7479-4c65-a73e-18dbb2d631da	8	125232644	128931934	2649	-0.5423
096f354f-7479-4c65-a73e-18dbb2d631da	8	128932630	129127700	126	0.1905
096f354f-7479-4c65-a73e-18dbb2d631da	8	129130432	129130575	2	-0.895
096f354f-7479-4c65-a73e-18dbb2d631da	8	129131620	130224821	689	0.1358
096f354f-7479-4c65-a73e-18dbb2d631da	8	130229050	130269580	29	-0.4409
096f354f-7479-4c65-a73e-18dbb2d631da	8	130273423	130611019	218	0.1172
096f354f-7479-4c65-a73e-18dbb2d631da	8	130611142	130833706	231	-0.532
096f354f-7479-4c65-a73e-18dbb2d631da	8	130848756	131197679	268	0.1572
096f354f-7479-4c65-a73e-18dbb2d631da	8	131202558	131615753	270	-0.5115
096f354f-7479-4c65-a73e-18dbb2d631da	8	131616369	131682810	44	0.638
096f354f-7479-4c65-a73e-18dbb2d631da	8	131685820	131945542	164	0.1984
096f354f-7479-4c65-a73e-18dbb2d631da	8	131946705	132584958	513	0.5737
096f354f-7479-4c65-a73e-18dbb2d631da	8	132586581	134032067	1195	0.1447
096f354f-7479-4c65-a73e-18dbb2d631da	8	134032775	137932706	2834	-0.5243
096f354f-7479-4c65-a73e-18dbb2d631da	8	137940461	138257179	267	0.1267
096f354f-7479-4c65-a73e-18dbb2d631da	8	138259336	138382040	118	-0.6134
096f354f-7479-4c65-a73e-18dbb2d631da	8	138383466	138390576	9	0.0705
096f354f-7479-4c65-a73e-18dbb2d631da	8	138393720	139614148	1016	-0.5734
096f354f-7479-4c65-a73e-18dbb2d631da	8	139614588	144002683	1171	0.0396
096f354f-7479-4c65-a73e-18dbb2d631da	8	144003619	144182542	51	-0.6466
096f354f-7479-4c65-a73e-18dbb2d631da	9	789794	18978129	11520	0.1579
096f354f-7479-4c65-a73e-18dbb2d631da	9	18978627	19438449	321	0.0315
096f354f-7479-4c65-a73e-18dbb2d631da	9	19441938	32821422	8151	0.1723
096f354f-7479-4c65-a73e-18dbb2d631da	9	32825340	37092156	2495	0.0937
096f354f-7479-4c65-a73e-18dbb2d631da	9	37092250	37092436	2	-1.2705
096f354f-7479-4c65-a73e-18dbb2d631da	9	37094584	38752071	1110	0.1217
096f354f-7479-4c65-a73e-18dbb2d631da	9	68423153	87641605	13496	0.176
096f354f-7479-4c65-a73e-18dbb2d631da	9	87641722	98308672	6647	0.1291
096f354f-7479-4c65-a73e-18dbb2d631da	9	98309240	107368638	5624	0.1776
096f354f-7479-4c65-a73e-18dbb2d631da	9	107368991	107816414	353	0.0851
096f354f-7479-4c65-a73e-18dbb2d631da	9	107819706	111099716	2662	0.1788
096f354f-7479-4c65-a73e-18dbb2d631da	9	111102265	114771009	2326	0.1304
096f354f-7479-4c65-a73e-18dbb2d631da	9	114771267	121045260	4704	0.1781
096f354f-7479-4c65-a73e-18dbb2d631da	9	121047103	121438261	228	0.1274
096f354f-7479-4c65-a73e-18dbb2d631da	9	121438980	121558483	74	-0.054
096f354f-7479-4c65-a73e-18dbb2d631da	9	121562299	123800829	1370	0.1289
096f354f-7479-4c65-a73e-18dbb2d631da	9	123801214	127720588	2331	0.0823
096f354f-7479-4c65-a73e-18dbb2d631da	9	127723339	131574080	2044	0.0143
096f354f-7479-4c65-a73e-18dbb2d631da	9	131581757	138020138	3012	0.0562
096f354f-7479-4c65-a73e-18dbb2d631da	9	138024491	138044505	12	0.2413
096f354f-7479-4c65-a73e-18dbb2d631da	10	366509	8924837	6000	-0.2079
096f354f-7479-4c65-a73e-18dbb2d631da	10	8925693	11373349	1896	-0.1576
096f354f-7479-4c65-a73e-18dbb2d631da	10	11374813	16546276	3905	-0.2069
096f354f-7479-4c65-a73e-18dbb2d631da	10	16546366	28136785	7650	-0.1647
096f354f-7479-4c65-a73e-18dbb2d631da	10	28137688	33323833	3706	-0.1934
096f354f-7479-4c65-a73e-18dbb2d631da	10	33326007	66863654	16471	-0.1345
096f354f-7479-4c65-a73e-18dbb2d631da	10	66866810	75456969	4692	-0.2346
096f354f-7479-4c65-a73e-18dbb2d631da	10	75457197	91261299	10595	-0.1633
096f354f-7479-4c65-a73e-18dbb2d631da	10	91263176	93717781	1184	-0.2202
096f354f-7479-4c65-a73e-18dbb2d631da	10	93720510	96617068	1770	-0.1686
096f354f-7479-4c65-a73e-18dbb2d631da	10	96618493	97837194	729	-0.2566
096f354f-7479-4c65-a73e-18dbb2d631da	10	97837813	99782821	1213	-0.1841
096f354f-7479-4c65-a73e-18dbb2d631da	10	99783116	103748345	1876	-0.2618
096f354f-7479-4c65-a73e-18dbb2d631da	10	103748887	117128700	9069	-0.1615
096f354f-7479-4c65-a73e-18dbb2d631da	10	117144468	117145391	3	-1.283
096f354f-7479-4c65-a73e-18dbb2d631da	10	117148539	118601562	1052	-0.1572
096f354f-7479-4c65-a73e-18dbb2d631da	10	118602949	129834431	8347	-0.2007
096f354f-7479-4c65-a73e-18dbb2d631da	10	129834467	133411599	1096	-0.2466
096f354f-7479-4c65-a73e-18dbb2d631da	11	456012	4746285	1735	-0.2692
096f354f-7479-4c65-a73e-18dbb2d631da	11	4750823	4750836	2	-2.7584
096f354f-7479-4c65-a73e-18dbb2d631da	11	4750992	8752918	2715	-0.2683
096f354f-7479-4c65-a73e-18dbb2d631da	11	8756805	13551161	3616	-0.1414
096f354f-7479-4c65-a73e-18dbb2d631da	11	13552007	16386990	1756	-0.2428
096f354f-7479-4c65-a73e-18dbb2d631da	11	16387030	20872958	3309	-0.1381
096f354f-7479-4c65-a73e-18dbb2d631da	11	20877204	30745633	6336	-0.0896
096f354f-7479-4c65-a73e-18dbb2d631da	11	30745646	33607674	1665	-0.1457
096f354f-7479-4c65-a73e-18dbb2d631da	11	33608405	36401769	2182	-0.254
096f354f-7479-4c65-a73e-18dbb2d631da	11	36405256	36746183	256	-0.188
096f354f-7479-4c65-a73e-18dbb2d631da	11	36746274	43885296	4123	-0.1069
096f354f-7479-4c65-a73e-18dbb2d631da	11	43886554	47304794	2020	-0.1618
096f354f-7479-4c65-a73e-18dbb2d631da	11	47307418	48140421	370	-0.3398
096f354f-7479-4c65-a73e-18dbb2d631da	11	48140659	48140753	2	-1.5961
096f354f-7479-4c65-a73e-18dbb2d631da	11	48143295	48327685	108	-0.2992
096f354f-7479-4c65-a73e-18dbb2d631da	11	48327878	60898598	3111	-0.1342
096f354f-7479-4c65-a73e-18dbb2d631da	11	60898869	61053974	97	-0.2877
096f354f-7479-4c65-a73e-18dbb2d631da	11	61057550	61741917	309	-0.3714
096f354f-7479-4c65-a73e-18dbb2d631da	11	61745944	62413270	372	-0.228
096f354f-7479-4c65-a73e-18dbb2d631da	11	62414778	63099160	319	-0.3891
096f354f-7479-4c65-a73e-18dbb2d631da	11	63102897	63575772	273	-0.2712
096f354f-7479-4c65-a73e-18dbb2d631da	11	63575850	64333962	242	-0.4047
096f354f-7479-4c65-a73e-18dbb2d631da	11	64336451	64806290	202	-0.2598
096f354f-7479-4c65-a73e-18dbb2d631da	11	64817487	64817543	3	-1.2491
096f354f-7479-4c65-a73e-18dbb2d631da	11	64825254	69118988	1149	-0.2648
096f354f-7479-4c65-a73e-18dbb2d631da	11	69119927	72851263	1937	-0.2097
096f354f-7479-4c65-a73e-18dbb2d631da	11	72851351	78719310	3117	-0.3118
096f354f-7479-4c65-a73e-18dbb2d631da	11	78720167	81131078	1895	-0.2374
096f354f-7479-4c65-a73e-18dbb2d631da	11	81134003	81742934	384	-0.1868
096f354f-7479-4c65-a73e-18dbb2d631da	11	81742974	91425745	5626	-0.0979
096f354f-7479-4c65-a73e-18dbb2d631da	11	91426863	92824858	845	-0.4896
096f354f-7479-4c65-a73e-18dbb2d631da	11	92824952	92899724	62	-0.9782
096f354f-7479-4c65-a73e-18dbb2d631da	11	92901765	94697835	953	-0.5232
096f354f-7479-4c65-a73e-18dbb2d631da	11	94698210	95921127	873	-0.2747
096f354f-7479-4c65-a73e-18dbb2d631da	11	95921398	96069559	128	-0.0948
096f354f-7479-4c65-a73e-18dbb2d631da	11	96069623	103447712	4946	-0.272
096f354f-7479-4c65-a73e-18dbb2d631da	11	103448231	106547036	1736	-0.4705
096f354f-7479-4c65-a73e-18dbb2d631da	11	106547067	107049940	327	-0.6698
096f354f-7479-4c65-a73e-18dbb2d631da	11	107053246	110062884	1615	-0.5089
096f354f-7479-4c65-a73e-18dbb2d631da	11	110063012	110873753	568	-0.6697
096f354f-7479-4c65-a73e-18dbb2d631da	11	110877346	110892396	2	0.0065
096f354f-7479-4c65-a73e-18dbb2d631da	11	110893473	110932784	32	-0.5724
096f354f-7479-4c65-a73e-18dbb2d631da	11	110940440	111126702	165	-0.238
096f354f-7479-4c65-a73e-18dbb2d631da	11	111127224	112707771	964	-0.7246
096f354f-7479-4c65-a73e-18dbb2d631da	11	112708795	120612006	5523	-0.5583
096f354f-7479-4c65-a73e-18dbb2d631da	11	120612206	124006905	2502	-0.7348
096f354f-7479-4c65-a73e-18dbb2d631da	11	124008356	126728817	1879	-0.5619
096f354f-7479-4c65-a73e-18dbb2d631da	11	126728898	126982542	223	-1.1688
096f354f-7479-4c65-a73e-18dbb2d631da	11	126984014	129093632	1702	-0.5202
096f354f-7479-4c65-a73e-18dbb2d631da	11	129094530	131730829	1713	-0.7662
096f354f-7479-4c65-a73e-18dbb2d631da	11	131734148	131812326	67	-1.3862
096f354f-7479-4c65-a73e-18dbb2d631da	11	131812682	131829412	18	-0.7844
096f354f-7479-4c65-a73e-18dbb2d631da	11	131831825	132042886	188	-0.6408
096f354f-7479-4c65-a73e-18dbb2d631da	11	132045164	132120433	71	-0.1194
096f354f-7479-4c65-a73e-18dbb2d631da	11	132121431	132122505	2	-1.7069
096f354f-7479-4c65-a73e-18dbb2d631da	11	132123053	133122224	630	-0.0695
096f354f-7479-4c65-a73e-18dbb2d631da	11	133393701	133830803	334	-0.4801
096f354f-7479-4c65-a73e-18dbb2d631da	11	133836010	134128003	60	-0.1026
096f354f-7479-4c65-a73e-18dbb2d631da	11	134128135	134260295	75	-0.4906
096f354f-7479-4c65-a73e-18dbb2d631da	11	134262730	134272740	5	-0.0482
096f354f-7479-4c65-a73e-18dbb2d631da	12	780472	2777994	845	0.4343
096f354f-7479-4c65-a73e-18dbb2d631da	12	2778162	3173896	212	0.322
096f354f-7479-4c65-a73e-18dbb2d631da	12	3178641	4304748	848	0.429
096f354f-7479-4c65-a73e-18dbb2d631da	12	4304791	4353339	20	0.1198
096f354f-7479-4c65-a73e-18dbb2d631da	12	4353432	6396846	1651	0.4388
096f354f-7479-4c65-a73e-18dbb2d631da	12	6400129	8075523	672	0.3365
096f354f-7479-4c65-a73e-18dbb2d631da	12	8077827	13418127	2786	0.4371
096f354f-7479-4c65-a73e-18dbb2d631da	12	13418358	13990003	530	0.5087
096f354f-7479-4c65-a73e-18dbb2d631da	12	13994312	14956761	506	0.3996
096f354f-7479-4c65-a73e-18dbb2d631da	12	14959715	31395454	10447	0.4908
096f354f-7479-4c65-a73e-18dbb2d631da	12	31396468	33129292	1119	0.417
096f354f-7479-4c65-a73e-18dbb2d631da	12	33129371	39575054	472	0.4785
096f354f-7479-4c65-a73e-18dbb2d631da	12	39583185	42122967	1682	0.5134
096f354f-7479-4c65-a73e-18dbb2d631da	12	42123145	47185006	2596	0.4634
096f354f-7479-4c65-a73e-18dbb2d631da	12	47185314	48409918	710	0.446
096f354f-7479-4c65-a73e-18dbb2d631da	12	48413227	51400259	1397	0.3499
096f354f-7479-4c65-a73e-18dbb2d631da	12	51401161	52832952	891	0.4415
096f354f-7479-4c65-a73e-18dbb2d631da	12	52835410	53679371	355	0.2977
096f354f-7479-4c65-a73e-18dbb2d631da	12	53679432	54548068	426	0.3934
096f354f-7479-4c65-a73e-18dbb2d631da	12	54550202	55583361	661	0.4764
096f354f-7479-4c65-a73e-18dbb2d631da	12	55596314	58082678	1176	0.3497
096f354f-7479-4c65-a73e-18dbb2d631da	12	58082706	64117710	3725	0.502
096f354f-7479-4c65-a73e-18dbb2d631da	12	64119184	64838919	388	0.4008
096f354f-7479-4c65-a73e-18dbb2d631da	12	64839053	68577348	2582	0.489
096f354f-7479-4c65-a73e-18dbb2d631da	12	68577445	69255845	439	0.4042
096f354f-7479-4c65-a73e-18dbb2d631da	12	69259202	70454794	798	0.4971
096f354f-7479-4c65-a73e-18dbb2d631da	12	70455469	70786757	235	0.8442
096f354f-7479-4c65-a73e-18dbb2d631da	12	70788339	71522121	388	0.5097
096f354f-7479-4c65-a73e-18dbb2d631da	12	71522227	71600302	68	0.8105
096f354f-7479-4c65-a73e-18dbb2d631da	12	71602365	71654579	30	0.4834
096f354f-7479-4c65-a73e-18dbb2d631da	12	71654762	71842387	94	0.8042
096f354f-7479-4c65-a73e-18dbb2d631da	12	71844639	75206432	1822	0.4915
096f354f-7479-4c65-a73e-18dbb2d631da	12	75209436	75359463	84	0.828
096f354f-7479-4c65-a73e-18dbb2d631da	12	75359950	83799603	5321	0.4966
096f354f-7479-4c65-a73e-18dbb2d631da	12	83800215	84136277	185	1.016
096f354f-7479-4c65-a73e-18dbb2d631da	12	84137655	84492794	229	0.8546
096f354f-7479-4c65-a73e-18dbb2d631da	12	84496290	93468678	5154	0.5044
096f354f-7479-4c65-a73e-18dbb2d631da	12	93468886	93659888	98	0.3376
096f354f-7479-4c65-a73e-18dbb2d631da	12	93665355	94866666	960	0.4924
096f354f-7479-4c65-a73e-18dbb2d631da	12	94867792	96198603	895	0.4183
096f354f-7479-4c65-a73e-18dbb2d631da	12	96203301	96389693	102	1.2553
096f354f-7479-4c65-a73e-18dbb2d631da	12	96394678	96435284	32	1.6613
096f354f-7479-4c65-a73e-18dbb2d631da	12	96436500	96887628	295	1.2608
096f354f-7479-4c65-a73e-18dbb2d631da	12	96887995	97036758	80	0.8608
096f354f-7479-4c65-a73e-18dbb2d631da	12	97039836	98235094	967	0.4863
096f354f-7479-4c65-a73e-18dbb2d631da	12	98235585	98270653	21	1.0315
096f354f-7479-4c65-a73e-18dbb2d631da	12	98275486	108702242	6763	0.4825
096f354f-7479-4c65-a73e-18dbb2d631da	12	108711110	110619910	863	0.3822
096f354f-7479-4c65-a73e-18dbb2d631da	12	110621773	110670450	25	0.7334
096f354f-7479-4c65-a73e-18dbb2d631da	12	110675513	111589041	460	0.3275
096f354f-7479-4c65-a73e-18dbb2d631da	12	111600313	111651939	20	0.5723
096f354f-7479-4c65-a73e-18dbb2d631da	12	111654065	112277520	210	0.7343
096f354f-7479-4c65-a73e-18dbb2d631da	12	112278383	112461177	119	0.6214
096f354f-7479-4c65-a73e-18dbb2d631da	12	112461527	112462240	3	-0.108
096f354f-7479-4c65-a73e-18dbb2d631da	12	112462306	112552058	94	0.6571
096f354f-7479-4c65-a73e-18dbb2d631da	12	112554028	113704689	758	0.8013
096f354f-7479-4c65-a73e-18dbb2d631da	12	113708807	114131682	113	0.615
096f354f-7479-4c65-a73e-18dbb2d631da	12	114132194	114660445	417	0.4814
096f354f-7479-4c65-a73e-18dbb2d631da	12	114661567	115085245	215	0.9211
096f354f-7479-4c65-a73e-18dbb2d631da	12	115088202	115598189	507	0.4585
096f354f-7479-4c65-a73e-18dbb2d631da	12	115601323	116491254	670	0.9609
096f354f-7479-4c65-a73e-18dbb2d631da	12	116499083	117841165	938	0.4231
096f354f-7479-4c65-a73e-18dbb2d631da	12	117842123	118302870	251	0.3347
096f354f-7479-4c65-a73e-18dbb2d631da	12	118303124	119818441	996	0.444
096f354f-7479-4c65-a73e-18dbb2d631da	12	119823237	120491971	278	0.3144
096f354f-7479-4c65-a73e-18dbb2d631da	12	120499243	120651936	64	0.4309
096f354f-7479-4c65-a73e-18dbb2d631da	12	120655746	121064284	265	0.7322
096f354f-7479-4c65-a73e-18dbb2d631da	12	121064365	122623675	668	0.3119
096f354f-7479-4c65-a73e-18dbb2d631da	12	122629590	123422213	294	0.8321
096f354f-7479-4c65-a73e-18dbb2d631da	12	123427517	124098169	301	0.3985
096f354f-7479-4c65-a73e-18dbb2d631da	12	124107709	125026997	609	0.9194
096f354f-7479-4c65-a73e-18dbb2d631da	12	125028256	125193355	81	0.7145
096f354f-7479-4c65-a73e-18dbb2d631da	12	125193550	125466566	210	0.9961
096f354f-7479-4c65-a73e-18dbb2d631da	12	125469756	125817869	291	0.448
096f354f-7479-4c65-a73e-18dbb2d631da	12	125821169	126027637	154	0.9132
096f354f-7479-4c65-a73e-18dbb2d631da	12	126029062	126401129	364	0.4761
096f354f-7479-4c65-a73e-18dbb2d631da	12	126401541	126816072	100	0.3202
096f354f-7479-4c65-a73e-18dbb2d631da	12	126818419	127033369	185	0.499
096f354f-7479-4c65-a73e-18dbb2d631da	12	127037389	127267107	193	0.9681
096f354f-7479-4c65-a73e-18dbb2d631da	12	127270167	127650906	305	0.4866
096f354f-7479-4c65-a73e-18dbb2d631da	12	127652810	127691303	30	0.9795
096f354f-7479-4c65-a73e-18dbb2d631da	12	127697793	128449618	42	0.5303
096f354f-7479-4c65-a73e-18dbb2d631da	12	128449705	130599941	654	0.4424
096f354f-7479-4c65-a73e-18dbb2d631da	12	130600810	130751970	114	0.6147
096f354f-7479-4c65-a73e-18dbb2d631da	12	130755362	130909552	83	0.471
096f354f-7479-4c65-a73e-18dbb2d631da	12	130910883	131573997	428	0.6388
096f354f-7479-4c65-a73e-18dbb2d631da	12	131584452	132605822	258	0.9572
096f354f-7479-4c65-a73e-18dbb2d631da	13	18874255	40397868	13738	-0.5152
096f354f-7479-4c65-a73e-18dbb2d631da	13	40403934	40914247	280	-0.1488
096f354f-7479-4c65-a73e-18dbb2d631da	13	40916459	62705824	11461	-0.4579
096f354f-7479-4c65-a73e-18dbb2d631da	13	62705960	63088325	205	-0.0277
096f354f-7479-4c65-a73e-18dbb2d631da	13	63089941	65911931	1094	-0.4388
096f354f-7479-4c65-a73e-18dbb2d631da	13	65912256	65912297	2	-4.1715
096f354f-7479-4c65-a73e-18dbb2d631da	13	65912971	77551241	7056	-0.449
096f354f-7479-4c65-a73e-18dbb2d631da	13	77551634	78237058	432	-0.0576
096f354f-7479-4c65-a73e-18dbb2d631da	13	78239044	79069214	586	-0.439
096f354f-7479-4c65-a73e-18dbb2d631da	13	79069942	79070454	3	-2.6368
096f354f-7479-4c65-a73e-18dbb2d631da	13	79079593	94228622	8931	-0.4433
096f354f-7479-4c65-a73e-18dbb2d631da	13	94230091	107553804	8875	-0.4873
096f354f-7479-4c65-a73e-18dbb2d631da	13	107553921	107557852	3	-2.3225
096f354f-7479-4c65-a73e-18dbb2d631da	13	107559041	110192730	2015	-0.494
096f354f-7479-4c65-a73e-18dbb2d631da	13	110192748	114226675	2099	-0.5732
096f354f-7479-4c65-a73e-18dbb2d631da	14	20033191	20334156	180	0.8117
096f354f-7479-4c65-a73e-18dbb2d631da	14	20334548	24240536	1441	0.7494
096f354f-7479-4c65-a73e-18dbb2d631da	14	24240952	27822531	2152	0.8511
096f354f-7479-4c65-a73e-18dbb2d631da	14	27822899	30974990	1723	0.9769
096f354f-7479-4c65-a73e-18dbb2d631da	14	30975478	31369649	170	0.8255
096f354f-7479-4c65-a73e-18dbb2d631da	14	31371956	32566179	741	0.9549
096f354f-7479-4c65-a73e-18dbb2d631da	14	32567451	33821450	1117	1.0208
096f354f-7479-4c65-a73e-18dbb2d631da	14	33821596	34430094	432	0.9453
096f354f-7479-4c65-a73e-18dbb2d631da	14	34440264	34521508	40	0.6696
096f354f-7479-4c65-a73e-18dbb2d631da	14	34521568	34569707	10	0.2774
096f354f-7479-4c65-a73e-18dbb2d631da	14	34569888	34618012	27	0.7277
096f354f-7479-4c65-a73e-18dbb2d631da	14	34619617	36141014	694	0.9102
096f354f-7479-4c65-a73e-18dbb2d631da	14	36142915	36163349	7	0.141
096f354f-7479-4c65-a73e-18dbb2d631da	14	36163379	40925656	2685	0.9552
096f354f-7479-4c65-a73e-18dbb2d631da	14	40930015	41526393	326	0.8615
096f354f-7479-4c65-a73e-18dbb2d631da	14	41527728	42283708	427	0.6678
096f354f-7479-4c65-a73e-18dbb2d631da	14	42284622	49051343	2756	0.831
096f354f-7479-4c65-a73e-18dbb2d631da	14	49053490	49319939	160	0.6579
096f354f-7479-4c65-a73e-18dbb2d631da	14	49321080	49935874	313	0.5065
096f354f-7479-4c65-a73e-18dbb2d631da	14	49937042	50260292	198	0.6023
096f354f-7479-4c65-a73e-18dbb2d631da	14	50262532	50380389	79	0.8014
096f354f-7479-4c65-a73e-18dbb2d631da	14	50380668	51163622	482	0.6492
096f354f-7479-4c65-a73e-18dbb2d631da	14	51171014	54861917	2574	0.8342
096f354f-7479-4c65-a73e-18dbb2d631da	14	54862990	55637164	416	0.393
096f354f-7479-4c65-a73e-18dbb2d631da	14	55637657	56663685	789	0.4798
096f354f-7479-4c65-a73e-18dbb2d631da	14	56664069	56664259	2	-0.5656
096f354f-7479-4c65-a73e-18dbb2d631da	14	56675149	63431368	4173	0.4804
096f354f-7479-4c65-a73e-18dbb2d631da	14	63431627	63740788	154	0.3476
096f354f-7479-4c65-a73e-18dbb2d631da	14	63741620	64592956	582	0.1304
096f354f-7479-4c65-a73e-18dbb2d631da	14	64594970	64940939	285	0.4421
096f354f-7479-4c65-a73e-18dbb2d631da	14	64941045	65088900	79	0.765
096f354f-7479-4c65-a73e-18dbb2d631da	14	65092194	65981966	499	1.1984
096f354f-7479-4c65-a73e-18dbb2d631da	14	65984535	65994169	9	0.8696
096f354f-7479-4c65-a73e-18dbb2d631da	14	65994599	66066946	66	0.5336
096f354f-7479-4c65-a73e-18dbb2d631da	14	66068079	66119383	36	0.7963
096f354f-7479-4c65-a73e-18dbb2d631da	14	66120262	67605024	647	0.4386
096f354f-7479-4c65-a73e-18dbb2d631da	14	67605055	68133280	227	0.6601
096f354f-7479-4c65-a73e-18dbb2d631da	14	68133777	68934546	573	0.9679
096f354f-7479-4c65-a73e-18dbb2d631da	14	68934691	72022169	1849	0.6166
096f354f-7479-4c65-a73e-18dbb2d631da	14	72022668	72084702	51	0.6974
096f354f-7479-4c65-a73e-18dbb2d631da	14	72087528	72797318	615	0.8132
096f354f-7479-4c65-a73e-18dbb2d631da	14	72797753	74830987	1062	0.7076
096f354f-7479-4c65-a73e-18dbb2d631da	14	74836587	75078308	102	0.5281
096f354f-7479-4c65-a73e-18dbb2d631da	14	75078322	78396376	2287	0.5997
096f354f-7479-4c65-a73e-18dbb2d631da	14	78397258	80341094	1336	0.4783
096f354f-7479-4c65-a73e-18dbb2d631da	14	80345809	82667565	1427	0.6768
096f354f-7479-4c65-a73e-18dbb2d631da	14	82668907	83513702	597	0.5042
096f354f-7479-4c65-a73e-18dbb2d631da	14	83517407	83626689	64	0.7332
096f354f-7479-4c65-a73e-18dbb2d631da	14	83628044	84612521	633	0.4693
096f354f-7479-4c65-a73e-18dbb2d631da	14	84619146	87682862	1917	0.6776
096f354f-7479-4c65-a73e-18dbb2d631da	14	87685015	90236080	1462	0.624
096f354f-7479-4c65-a73e-18dbb2d631da	14	90236982	90563286	181	0.7503
096f354f-7479-4c65-a73e-18dbb2d631da	14	90565854	90706085	100	0.9525
096f354f-7479-4c65-a73e-18dbb2d631da	14	90706694	90767490	38	0.7581
096f354f-7479-4c65-a73e-18dbb2d631da	14	90769492	92184204	792	0.5695
096f354f-7479-4c65-a73e-18dbb2d631da	14	92185757	92418577	184	0.6722
096f354f-7479-4c65-a73e-18dbb2d631da	14	92421997	92467925	45	1.243
096f354f-7479-4c65-a73e-18dbb2d631da	14	92467971	92684108	161	0.7848
096f354f-7479-4c65-a73e-18dbb2d631da	14	92685875	93364740	366	0.7127
096f354f-7479-4c65-a73e-18dbb2d631da	14	93368845	94383545	630	0.8169
096f354f-7479-4c65-a73e-18dbb2d631da	14	94383633	94393439	8	1.0357
096f354f-7479-4c65-a73e-18dbb2d631da	14	94393708	95155226	707	0.633
096f354f-7479-4c65-a73e-18dbb2d631da	14	95155750	96041298	702	0.4199
096f354f-7479-4c65-a73e-18dbb2d631da	14	96042497	96704839	443	0.6315
096f354f-7479-4c65-a73e-18dbb2d631da	14	96705032	96784915	60	0.8626
096f354f-7479-4c65-a73e-18dbb2d631da	14	96785888	97792410	732	1.0982
096f354f-7479-4c65-a73e-18dbb2d631da	14	97794539	99075903	965	0.9426
096f354f-7479-4c65-a73e-18dbb2d631da	14	99076054	99582466	367	0.8835
096f354f-7479-4c65-a73e-18dbb2d631da	14	99583468	100342363	420	0.7373
096f354f-7479-4c65-a73e-18dbb2d631da	14	100346069	100815099	255	0.8948
096f354f-7479-4c65-a73e-18dbb2d631da	14	100817205	102032895	677	1.0496
096f354f-7479-4c65-a73e-18dbb2d631da	14	102033431	102719619	285	0.9219
096f354f-7479-4c65-a73e-18dbb2d631da	14	102722447	102812419	43	1.149
096f354f-7479-4c65-a73e-18dbb2d631da	14	102816826	103584455	402	0.8942
096f354f-7479-4c65-a73e-18dbb2d631da	14	103586581	105533894	575	0.6474
096f354f-7479-4c65-a73e-18dbb2d631da	15	23437561	35105696	5016	-0.0834
096f354f-7479-4c65-a73e-18dbb2d631da	15	35106722	40152146	3441	-0.0457
096f354f-7479-4c65-a73e-18dbb2d631da	15	40158524	45673984	2397	-0.1525
096f354f-7479-4c65-a73e-18dbb2d631da	15	45676237	58467525	8161	-0.0612
096f354f-7479-4c65-a73e-18dbb2d631da	15	58467741	59958235	989	-0.1329
096f354f-7479-4c65-a73e-18dbb2d631da	15	59958384	62251474	1815	-0.0736
096f354f-7479-4c65-a73e-18dbb2d631da	15	62253584	74487040	7457	-0.1228
096f354f-7479-4c65-a73e-18dbb2d631da	15	74489811	75660832	409	-0.2186
096f354f-7479-4c65-a73e-18dbb2d631da	15	75664766	78684136	1423	-0.1354
096f354f-7479-4c65-a73e-18dbb2d631da	15	78685828	78911232	84	-0.0374
096f354f-7479-4c65-a73e-18dbb2d631da	15	78912599	85895018	3818	0.0408
096f354f-7479-4c65-a73e-18dbb2d631da	15	85898208	88242067	1724	0.0838
096f354f-7479-4c65-a73e-18dbb2d631da	15	88242607	91185029	1675	0.0122
096f354f-7479-4c65-a73e-18dbb2d631da	15	91194535	98294875	4761	0.0899
096f354f-7479-4c65-a73e-18dbb2d631da	15	98295176	98965281	483	0.0424
096f354f-7479-4c65-a73e-18dbb2d631da	15	98966438	98966515	2	-1.9677
096f354f-7479-4c65-a73e-18dbb2d631da	15	98970002	101344124	1121	0.0695
096f354f-7479-4c65-a73e-18dbb2d631da	16	603333	618985	10	-0.2264
096f354f-7479-4c65-a73e-18dbb2d631da	16	627854	5197852	1706	-0.485
096f354f-7479-4c65-a73e-18dbb2d631da	16	5198571	21348993	7919	-0.4081
096f354f-7479-4c65-a73e-18dbb2d631da	16	22773239	24355195	1014	-0.0864
096f354f-7479-4c65-a73e-18dbb2d631da	16	24357475	24360479	2	-1.5524
096f354f-7479-4c65-a73e-18dbb2d631da	16	24361836	25321970	536	-0.1134
096f354f-7479-4c65-a73e-18dbb2d631da	16	25327353	26788280	1177	-0.0285
096f354f-7479-4c65-a73e-18dbb2d631da	16	26788320	28574806	986	-0.0958
096f354f-7479-4c65-a73e-18dbb2d631da	16	28575207	56840360	7591	0.0288
096f354f-7479-4c65-a73e-18dbb2d631da	16	56849526	58884935	1214	-0.0428
096f354f-7479-4c65-a73e-18dbb2d631da	16	58885209	62992479	2575	0.0512
096f354f-7479-4c65-a73e-18dbb2d631da	16	63001995	63089045	73	0.3213
096f354f-7479-4c65-a73e-18dbb2d631da	16	63089919	63241583	74	0.0951
096f354f-7479-4c65-a73e-18dbb2d631da	16	63246205	65119225	1258	0.4758
096f354f-7479-4c65-a73e-18dbb2d631da	16	65119550	65369448	175	0.2854
096f354f-7479-4c65-a73e-18dbb2d631da	16	65371462	65526571	112	0.6831
096f354f-7479-4c65-a73e-18dbb2d631da	16	65528562	66278277	648	0.2899
096f354f-7479-4c65-a73e-18dbb2d631da	16	66279918	67276177	467	0.2002
096f354f-7479-4c65-a73e-18dbb2d631da	16	67276674	67728057	165	0.3674
096f354f-7479-4c65-a73e-18dbb2d631da	16	67732075	70689411	1251	0.1669
096f354f-7479-4c65-a73e-18dbb2d631da	16	70689428	74268706	1964	0.2691
096f354f-7479-4c65-a73e-18dbb2d631da	16	74268828	75138460	407	0.1907
096f354f-7479-4c65-a73e-18dbb2d631da	16	75138559	76305763	656	0.4761
096f354f-7479-4c65-a73e-18dbb2d631da	16	76305845	76971290	462	0.3243
096f354f-7479-4c65-a73e-18dbb2d631da	16	76972131	84906427	6282	0.4945
096f354f-7479-4c65-a73e-18dbb2d631da	16	84910080	89317317	2474	0.2304
096f354f-7479-4c65-a73e-18dbb2d631da	17	1074619	2867920	761	0.255
096f354f-7479-4c65-a73e-18dbb2d631da	17	2868218	9550297	3534	0.3219
096f354f-7479-4c65-a73e-18dbb2d631da	17	9550617	9581857	20	0.4025
096f354f-7479-4c65-a73e-18dbb2d631da	17	9583764	9583987	2	1.7023
096f354f-7479-4c65-a73e-18dbb2d631da	17	9584002	14224351	3231	0.3829
096f354f-7479-4c65-a73e-18dbb2d631da	17	14224401	18390113	1279	0.3301
096f354f-7479-4c65-a73e-18dbb2d631da	17	18647546	21347106	884	-0.2623
096f354f-7479-4c65-a73e-18dbb2d631da	17	21353196	26999934	44	-0.1308
096f354f-7479-4c65-a73e-18dbb2d631da	17	27002448	32978949	2688	-0.0441
096f354f-7479-4c65-a73e-18dbb2d631da	17	32979750	34785727	781	0.0253
096f354f-7479-4c65-a73e-18dbb2d631da	17	34785829	37287213	1197	-0.0379
096f354f-7479-4c65-a73e-18dbb2d631da	17	37289931	40388192	1232	-0.1111
096f354f-7479-4c65-a73e-18dbb2d631da	17	40394210	41461202	589	-0.0213
096f354f-7479-4c65-a73e-18dbb2d631da	17	41461700	51494146	4044	-0.089
096f354f-7479-4c65-a73e-18dbb2d631da	17	51494377	57722632	4227	0.0315
096f354f-7479-4c65-a73e-18dbb2d631da	17	57723315	60695416	1392	-0.0671
096f354f-7479-4c65-a73e-18dbb2d631da	17	60700417	60840416	79	0.1286
096f354f-7479-4c65-a73e-18dbb2d631da	17	60844600	61718096	483	-0.0134
096f354f-7479-4c65-a73e-18dbb2d631da	17	61718485	62878418	497	-0.0845
096f354f-7479-4c65-a73e-18dbb2d631da	17	62878961	63411421	236	0.0429
096f354f-7479-4c65-a73e-18dbb2d631da	17	63413883	64286517	442	0.7495
096f354f-7479-4c65-a73e-18dbb2d631da	17	64286618	64627915	120	0.5429
096f354f-7479-4c65-a73e-18dbb2d631da	17	64636266	64961745	95	0.4111
096f354f-7479-4c65-a73e-18dbb2d631da	17	64962687	65251376	188	0.5855
096f354f-7479-4c65-a73e-18dbb2d631da	17	65251748	65476910	173	0.867
096f354f-7479-4c65-a73e-18dbb2d631da	17	65476987	65969012	282	0.1341
096f354f-7479-4c65-a73e-18dbb2d631da	17	65971853	66040088	47	0.3527
096f354f-7479-4c65-a73e-18dbb2d631da	17	66040920	66522752	236	0.1279
096f354f-7479-4c65-a73e-18dbb2d631da	17	66523144	67144983	498	0.3732
096f354f-7479-4c65-a73e-18dbb2d631da	17	67146901	68360742	559	0.2831
096f354f-7479-4c65-a73e-18dbb2d631da	17	68361311	72094012	2690	0.3957
096f354f-7479-4c65-a73e-18dbb2d631da	17	72094434	73806394	1302	0.3293
096f354f-7479-4c65-a73e-18dbb2d631da	17	73811715	82959812	3446	0.2683
096f354f-7479-4c65-a73e-18dbb2d631da	18	326691	11747108	6807	0.2807
096f354f-7479-4c65-a73e-18dbb2d631da	18	11748217	13225201	813	0.2176
096f354f-7479-4c65-a73e-18dbb2d631da	18	13225296	14656199	649	0.2898
096f354f-7479-4c65-a73e-18dbb2d631da	18	14660483	24458578	1804	-0.0222
096f354f-7479-4c65-a73e-18dbb2d631da	18	24459236	45858471	13244	0.044
096f354f-7479-4c65-a73e-18dbb2d631da	18	45859307	51209268	3603	0.0102
096f354f-7479-4c65-a73e-18dbb2d631da	18	51215162	64807433	8803	0.0383
096f354f-7479-4c65-a73e-18dbb2d631da	18	64808899	64926942	77	0.3579
096f354f-7479-4c65-a73e-18dbb2d631da	18	64929062	71375365	3415	0.0566
096f354f-7479-4c65-a73e-18dbb2d631da	18	71377038	74253731	349	0.287
096f354f-7479-4c65-a73e-18dbb2d631da	18	74257438	74257584	3	1.2258
096f354f-7479-4c65-a73e-18dbb2d631da	18	74261394	74562438	203	0.2956
096f354f-7479-4c65-a73e-18dbb2d631da	18	74563483	79349796	3192	0.0079
096f354f-7479-4c65-a73e-18dbb2d631da	19	283868	21861952	8122	0.2009
096f354f-7479-4c65-a73e-18dbb2d631da	19	21863277	30793899	3226	0.32
096f354f-7479-4c65-a73e-18dbb2d631da	19	30797211	30797633	2	-1.0896
096f354f-7479-4c65-a73e-18dbb2d631da	19	30799692	32183406	1019	0.3653
096f354f-7479-4c65-a73e-18dbb2d631da	19	32183547	32891658	419	0.2829
096f354f-7479-4c65-a73e-18dbb2d631da	19	32894158	42712819	4948	0.2377
096f354f-7479-4c65-a73e-18dbb2d631da	19	43458545	43500582	21	0.4684
096f354f-7479-4c65-a73e-18dbb2d631da	19	43506230	44722081	804	0.6254
096f354f-7479-4c65-a73e-18dbb2d631da	19	44723437	45274977	202	0.4831
096f354f-7479-4c65-a73e-18dbb2d631da	19	45276377	50824454	2133	0.3834
096f354f-7479-4c65-a73e-18dbb2d631da	19	50824513	52231432	660	0.4739
096f354f-7479-4c65-a73e-18dbb2d631da	19	52231869	55788983	1160	0.4075
096f354f-7479-4c65-a73e-18dbb2d631da	19	55789146	56192467	220	0.4572
096f354f-7479-4c65-a73e-18dbb2d631da	19	56193296	56515027	194	0.5706
096f354f-7479-4c65-a73e-18dbb2d631da	19	56515489	58370362	1026	0.4546
096f354f-7479-4c65-a73e-18dbb2d631da	20	472817	5281473	3006	0.3601
096f354f-7479-4c65-a73e-18dbb2d631da	20	5282798	7407536	1286	0.1361
096f354f-7479-4c65-a73e-18dbb2d631da	20	7409439	13856646	4362	0.418
096f354f-7479-4c65-a73e-18dbb2d631da	20	13858247	14705203	413	0.6015
096f354f-7479-4c65-a73e-18dbb2d631da	20	14705651	15319530	100	0.8003
096f354f-7479-4c65-a73e-18dbb2d631da	20	15327324	16544133	1158	0.6413
096f354f-7479-4c65-a73e-18dbb2d631da	20	16544284	17850435	1145	0.4078
096f354f-7479-4c65-a73e-18dbb2d631da	20	17850617	17882974	20	0.0596
096f354f-7479-4c65-a73e-18dbb2d631da	20	17887577	21540677	2718	0.3941
096f354f-7479-4c65-a73e-18dbb2d631da	20	21541165	31288526	2779	0.1396
096f354f-7479-4c65-a73e-18dbb2d631da	20	31292725	37426319	2964	0.0323
096f354f-7479-4c65-a73e-18dbb2d631da	20	37426562	43263650	3981	0.137
096f354f-7479-4c65-a73e-18dbb2d631da	20	43265498	51115040	4999	0.0778
096f354f-7479-4c65-a73e-18dbb2d631da	20	51116081	51344680	187	0.1795
096f354f-7479-4c65-a73e-18dbb2d631da	20	51345439	51530532	135	0.3833
096f354f-7479-4c65-a73e-18dbb2d631da	20	51530861	52257883	479	0.038
096f354f-7479-4c65-a73e-18dbb2d631da	20	52257981	52927717	430	0.1601
096f354f-7479-4c65-a73e-18dbb2d631da	20	52927817	53337129	345	0.4467
096f354f-7479-4c65-a73e-18dbb2d631da	20	53340045	53556075	112	0.3198
096f354f-7479-4c65-a73e-18dbb2d631da	20	53557286	53701682	80	0.4686
096f354f-7479-4c65-a73e-18dbb2d631da	20	53703011	53710195	13	0.2988
096f354f-7479-4c65-a73e-18dbb2d631da	20	53710513	54054770	229	0.6021
096f354f-7479-4c65-a73e-18dbb2d631da	20	54056678	54099545	52	0.4075
096f354f-7479-4c65-a73e-18dbb2d631da	20	54100225	56515883	1861	0.1524
096f354f-7479-4c65-a73e-18dbb2d631da	20	56516601	56802539	139	-0.0028
096f354f-7479-4c65-a73e-18dbb2d631da	20	56803125	61777212	3856	0.1271
096f354f-7479-4c65-a73e-18dbb2d631da	20	61777407	63588502	712	0.0375
096f354f-7479-4c65-a73e-18dbb2d631da	21	13974127	18399377	2743	0.4192
096f354f-7479-4c65-a73e-18dbb2d631da	21	18401768	24372510	3648	0.2759
096f354f-7479-4c65-a73e-18dbb2d631da	21	24378790	24397872	9	0.6996
096f354f-7479-4c65-a73e-18dbb2d631da	21	24397916	24452384	34	1
096f354f-7479-4c65-a73e-18dbb2d631da	21	24461800	24599955	90	0.6411
096f354f-7479-4c65-a73e-18dbb2d631da	21	24600254	30678141	4264	0.0393
096f354f-7479-4c65-a73e-18dbb2d631da	21	30681695	33606339	1820	-0.0297
096f354f-7479-4c65-a73e-18dbb2d631da	21	33608042	33760296	43	-0.369
096f354f-7479-4c65-a73e-18dbb2d631da	21	33766556	35777913	1457	0.0225
096f354f-7479-4c65-a73e-18dbb2d631da	21	35781872	37339646	858	-0.0573
096f354f-7479-4c65-a73e-18dbb2d631da	21	37339810	38060273	577	0.0088
096f354f-7479-4c65-a73e-18dbb2d631da	21	38066532	38099555	27	0.7724
096f354f-7479-4c65-a73e-18dbb2d631da	21	38105258	41471061	2748	-0.0131
096f354f-7479-4c65-a73e-18dbb2d631da	21	41471074	46262057	2280	-0.0711
096f354f-7479-4c65-a73e-18dbb2d631da	22	16934932	17688483	438	0.1834
096f354f-7479-4c65-a73e-18dbb2d631da	22	17688748	24931992	1033	0.2771
096f354f-7479-4c65-a73e-18dbb2d631da	22	24933412	25090687	118	0.2057
096f354f-7479-4c65-a73e-18dbb2d631da	22	25091366	28600815	2693	0.3314
096f354f-7479-4c65-a73e-18dbb2d631da	22	28603209	32198459	1951	0.2567
096f354f-7479-4c65-a73e-18dbb2d631da	22	32204876	37399146	3857	0.3265
096f354f-7479-4c65-a73e-18dbb2d631da	22	37399243	39538831	938	0.2283
096f354f-7479-4c65-a73e-18dbb2d631da	22	39542641	40614358	464	0.3002
096f354f-7479-4c65-a73e-18dbb2d631da	22	40614787	41773265	683	0.2153
096f354f-7479-4c65-a73e-18dbb2d631da	22	41775296	46704308	3093	0.3822
096f354f-7479-4c65-a73e-18dbb2d631da	22	46705175	48466524	1498	0.438
096f354f-7479-4c65-a73e-18dbb2d631da	22	48466701	48940621	330	0.3928
096f354f-7479-4c65-a73e-18dbb2d631da	X	3236359	24757144	9268	-0.0036
096f354f-7479-4c65-a73e-18dbb2d631da	X	24760969	31627784	3688	0.0196
096f354f-7479-4c65-a73e-18dbb2d631da	X	31628752	31628757	2	-1.3366
096f354f-7479-4c65-a73e-18dbb2d631da	X	31631998	38957861	3004	0.0311
096f354f-7479-4c65-a73e-18dbb2d631da	X	38958373	38958665	2	-1.2745
096f354f-7479-4c65-a73e-18dbb2d631da	X	38961158	39583674	434	0.044
096f354f-7479-4c65-a73e-18dbb2d631da	X	39586797	83777304	15534	-0.0133
096f354f-7479-4c65-a73e-18dbb2d631da	X	83781138	115911222	13769	0.0209
096f354f-7479-4c65-a73e-18dbb2d631da	X	115912225	115912580	2	-1.7764
096f354f-7479-4c65-a73e-18dbb2d631da	X	115912621	118024481	1052	0.0273
096f354f-7479-4c65-a73e-18dbb2d631da	X	118026074	153496252	16859	-0.0027
096f354f-7479-4c65-a73e-18dbb2d631da	X	153499744	155677414	361	-0.1098
