GDC_Aliquot	Chromosome	Start	End	Num_Probes	Segment_Mean
a29388fa-91ef-4d07-b57f-abac6f64fe02	1	3301765	5663798	1694	0.3191
a29388fa-91ef-4d07-b57f-abac6f64fe02	1	5664600	58016357	28406	0.3771
a29388fa-91ef-4d07-b57f-abac6f64fe02	1	58018605	60572716	1733	0.4391
a29388fa-91ef-4d07-b57f-abac6f64fe02	1	60575676	64841582	3005	0.3908
a29388fa-91ef-4d07-b57f-abac6f64fe02	1	64841673	65104345	309	0.3031
a29388fa-91ef-4d07-b57f-abac6f64fe02	1	65105691	72743481	4593	0.4059
a29388fa-91ef-4d07-b57f-abac6f64fe02	1	72756238	75907747	1718	0.3449
a29388fa-91ef-4d07-b57f-abac6f64fe02	1	75916195	76606385	561	0.3811
a29388fa-91ef-4d07-b57f-abac6f64fe02	1	76606773	79494513	1494	0.4174
a29388fa-91ef-4d07-b57f-abac6f64fe02	1	79497097	82955258	2214	0.3654
a29388fa-91ef-4d07-b57f-abac6f64fe02	1	82966026	101858065	11740	0.4154
a29388fa-91ef-4d07-b57f-abac6f64fe02	1	101858343	103822797	815	0.346
a29388fa-91ef-4d07-b57f-abac6f64fe02	1	103825244	105572948	832	0.1474
a29388fa-91ef-4d07-b57f-abac6f64fe02	1	105573115	107833906	1477	-0.083
a29388fa-91ef-4d07-b57f-abac6f64fe02	1	107834082	119975336	7372	-0.0364
a29388fa-91ef-4d07-b57f-abac6f64fe02	1	119978092	168490302	11365	0.1996
a29388fa-91ef-4d07-b57f-abac6f64fe02	1	168490749	173759187	3612	0.2455
a29388fa-91ef-4d07-b57f-abac6f64fe02	1	173763819	182558274	5291	0.1952
a29388fa-91ef-4d07-b57f-abac6f64fe02	1	182559593	187447753	3078	0.2427
a29388fa-91ef-4d07-b57f-abac6f64fe02	1	187448760	187952782	363	0.1918
a29388fa-91ef-4d07-b57f-abac6f64fe02	1	187953745	192603358	2576	0.1602
a29388fa-91ef-4d07-b57f-abac6f64fe02	1	192606383	192737625	87	-0.04
a29388fa-91ef-4d07-b57f-abac6f64fe02	1	192738811	200478216	4588	0.1475
a29388fa-91ef-4d07-b57f-abac6f64fe02	1	200479490	226667286	17046	-0.0532
a29388fa-91ef-4d07-b57f-abac6f64fe02	1	226670718	236445018	6288	-0.3663
a29388fa-91ef-4d07-b57f-abac6f64fe02	1	236445666	247337022	6970	-0.1161
a29388fa-91ef-4d07-b57f-abac6f64fe02	1	247341579	247527498	114	0.1246
a29388fa-91ef-4d07-b57f-abac6f64fe02	1	247528174	247650984	81	-0.1391
a29388fa-91ef-4d07-b57f-abac6f64fe02	2	480597	6504618	3552	-0.3027
a29388fa-91ef-4d07-b57f-abac6f64fe02	2	6505883	16677453	6881	-0.2793
a29388fa-91ef-4d07-b57f-abac6f64fe02	2	16677648	20984319	3046	-0.2368
a29388fa-91ef-4d07-b57f-abac6f64fe02	2	20986790	47095754	14815	-0.276
a29388fa-91ef-4d07-b57f-abac6f64fe02	2	47096155	53417210	3354	-0.3226
a29388fa-91ef-4d07-b57f-abac6f64fe02	2	53417467	56254012	1474	-0.2595
a29388fa-91ef-4d07-b57f-abac6f64fe02	2	56257529	57603964	707	-0.3138
a29388fa-91ef-4d07-b57f-abac6f64fe02	2	57614768	76638459	11075	-0.2102
a29388fa-91ef-4d07-b57f-abac6f64fe02	2	76639007	82281965	2894	-0.267
a29388fa-91ef-4d07-b57f-abac6f64fe02	2	82282541	83995093	917	0.1477
a29388fa-91ef-4d07-b57f-abac6f64fe02	2	83999606	84113315	65	0.0294
a29388fa-91ef-4d07-b57f-abac6f64fe02	2	84116269	84332057	148	-0.1494
a29388fa-91ef-4d07-b57f-abac6f64fe02	2	84332567	84396039	43	-0.0238
a29388fa-91ef-4d07-b57f-abac6f64fe02	2	84403086	94681256	1656	0.0597
a29388fa-91ef-4d07-b57f-abac6f64fe02	2	94682300	99096415	1438	-0.0259
a29388fa-91ef-4d07-b57f-abac6f64fe02	2	99097537	99401297	92	0.1822
a29388fa-91ef-4d07-b57f-abac6f64fe02	2	99403095	102059668	1693	-0.0203
a29388fa-91ef-4d07-b57f-abac6f64fe02	2	102081900	102710782	463	0.2267
a29388fa-91ef-4d07-b57f-abac6f64fe02	2	102711183	103080377	209	0.4443
a29388fa-91ef-4d07-b57f-abac6f64fe02	2	103081227	103939617	486	0.2255
a29388fa-91ef-4d07-b57f-abac6f64fe02	2	103940454	112642218	4353	-0.2967
a29388fa-91ef-4d07-b57f-abac6f64fe02	2	112652438	112990826	284	-0.6557
a29388fa-91ef-4d07-b57f-abac6f64fe02	2	112993803	123876407	5933	-0.3095
a29388fa-91ef-4d07-b57f-abac6f64fe02	2	123876728	123876977	2	-1.7627
a29388fa-91ef-4d07-b57f-abac6f64fe02	2	123877892	142501143	9207	-0.3096
a29388fa-91ef-4d07-b57f-abac6f64fe02	2	142501372	144199956	970	-0.2484
a29388fa-91ef-4d07-b57f-abac6f64fe02	2	144206264	144882846	361	-0.2861
a29388fa-91ef-4d07-b57f-abac6f64fe02	2	144885736	149906589	2688	-0.0068
a29388fa-91ef-4d07-b57f-abac6f64fe02	2	149908881	176051762	15679	-0.2932
a29388fa-91ef-4d07-b57f-abac6f64fe02	2	176052833	207724654	16799	-0.2738
a29388fa-91ef-4d07-b57f-abac6f64fe02	2	207727690	214871514	4206	-0.3067
a29388fa-91ef-4d07-b57f-abac6f64fe02	2	214875276	217840372	2059	-0.2545
a29388fa-91ef-4d07-b57f-abac6f64fe02	2	217843030	240962658	13945	-0.2948
a29388fa-91ef-4d07-b57f-abac6f64fe02	2	240970090	241537572	312	-0.7068
a29388fa-91ef-4d07-b57f-abac6f64fe02	3	2170634	14924000	7814	-0.1483
a29388fa-91ef-4d07-b57f-abac6f64fe02	3	14926719	31737349	9930	-0.1123
a29388fa-91ef-4d07-b57f-abac6f64fe02	3	31738767	36269001	2668	-0.1668
a29388fa-91ef-4d07-b57f-abac6f64fe02	3	36269016	46668608	6167	-0.129
a29388fa-91ef-4d07-b57f-abac6f64fe02	3	46673894	61141148	7048	-0.1572
a29388fa-91ef-4d07-b57f-abac6f64fe02	3	61141532	61141631	2	-3.6042
a29388fa-91ef-4d07-b57f-abac6f64fe02	3	61142344	64045562	2085	-0.1555
a29388fa-91ef-4d07-b57f-abac6f64fe02	3	64046547	64770832	688	-0.0903
a29388fa-91ef-4d07-b57f-abac6f64fe02	3	64771915	69651237	3462	-0.1616
a29388fa-91ef-4d07-b57f-abac6f64fe02	3	69651636	70805850	836	-0.129
a29388fa-91ef-4d07-b57f-abac6f64fe02	3	70808257	70808275	2	-1.1536
a29388fa-91ef-4d07-b57f-abac6f64fe02	3	70808309	72585616	1283	-0.1255
a29388fa-91ef-4d07-b57f-abac6f64fe02	3	72586871	72590181	4	-0.8856
a29388fa-91ef-4d07-b57f-abac6f64fe02	3	72592265	74447964	1329	-0.1198
a29388fa-91ef-4d07-b57f-abac6f64fe02	3	74449670	86397586	5920	-0.165
a29388fa-91ef-4d07-b57f-abac6f64fe02	3	86399225	87192116	406	-0.0824
a29388fa-91ef-4d07-b57f-abac6f64fe02	3	87192347	88688486	681	-0.0054
a29388fa-91ef-4d07-b57f-abac6f64fe02	3	88689021	94099916	836	0.0878
a29388fa-91ef-4d07-b57f-abac6f64fe02	3	94100284	99463008	2769	0.1758
a29388fa-91ef-4d07-b57f-abac6f64fe02	3	99465321	99621453	79	0.4062
a29388fa-91ef-4d07-b57f-abac6f64fe02	3	99622405	100209150	312	0.2098
a29388fa-91ef-4d07-b57f-abac6f64fe02	3	100209430	100740152	185	0.409
a29388fa-91ef-4d07-b57f-abac6f64fe02	3	100752503	103143294	1319	0.2269
a29388fa-91ef-4d07-b57f-abac6f64fe02	3	103143910	103387427	126	0.3687
a29388fa-91ef-4d07-b57f-abac6f64fe02	3	103387486	103877455	282	0.5156
a29388fa-91ef-4d07-b57f-abac6f64fe02	3	103877770	105047812	816	0.3619
a29388fa-91ef-4d07-b57f-abac6f64fe02	3	105047831	105422582	204	0.6215
a29388fa-91ef-4d07-b57f-abac6f64fe02	3	105424566	105830058	203	0.4174
a29388fa-91ef-4d07-b57f-abac6f64fe02	3	105830252	106209523	200	0.6254
a29388fa-91ef-4d07-b57f-abac6f64fe02	3	106213888	106368369	94	0.8333
a29388fa-91ef-4d07-b57f-abac6f64fe02	3	106369795	106743568	262	0.5819
a29388fa-91ef-4d07-b57f-abac6f64fe02	3	106744691	108748385	1201	0.7696
a29388fa-91ef-4d07-b57f-abac6f64fe02	3	108757672	109376118	142	0.5331
a29388fa-91ef-4d07-b57f-abac6f64fe02	3	109380423	109546365	67	0.152
a29388fa-91ef-4d07-b57f-abac6f64fe02	3	109547865	110705136	645	0.5445
a29388fa-91ef-4d07-b57f-abac6f64fe02	3	110709895	116359479	3356	0.6233
a29388fa-91ef-4d07-b57f-abac6f64fe02	3	116359516	117406955	847	0.5647
a29388fa-91ef-4d07-b57f-abac6f64fe02	3	117407260	117834378	312	0.3766
a29388fa-91ef-4d07-b57f-abac6f64fe02	3	117836809	118970237	713	0.1632
a29388fa-91ef-4d07-b57f-abac6f64fe02	3	118971866	121681376	1298	0.4049
a29388fa-91ef-4d07-b57f-abac6f64fe02	3	121681800	129105189	4403	0.5819
a29388fa-91ef-4d07-b57f-abac6f64fe02	3	129108211	132205164	1705	0.3794
a29388fa-91ef-4d07-b57f-abac6f64fe02	3	132206007	132908160	408	-0.0475
a29388fa-91ef-4d07-b57f-abac6f64fe02	3	132908784	133410428	361	0.4263
a29388fa-91ef-4d07-b57f-abac6f64fe02	3	133418820	145187727	6387	-0.08
a29388fa-91ef-4d07-b57f-abac6f64fe02	3	145190880	145300351	62	0.3722
a29388fa-91ef-4d07-b57f-abac6f64fe02	3	145300615	153383484	4268	-0.0609
a29388fa-91ef-4d07-b57f-abac6f64fe02	3	153385229	153414958	14	0.4509
a29388fa-91ef-4d07-b57f-abac6f64fe02	3	153419656	160653604	3893	-0.0638
a29388fa-91ef-4d07-b57f-abac6f64fe02	3	160653673	161354159	375	0.1603
a29388fa-91ef-4d07-b57f-abac6f64fe02	3	161354266	162619072	610	-0.0911
a29388fa-91ef-4d07-b57f-abac6f64fe02	3	162619223	165172941	1023	0.1165
a29388fa-91ef-4d07-b57f-abac6f64fe02	3	165173111	165187782	14	0.6388
a29388fa-91ef-4d07-b57f-abac6f64fe02	3	165187900	167316101	829	0.1226
a29388fa-91ef-4d07-b57f-abac6f64fe02	3	167319737	170148845	1672	0.1724
a29388fa-91ef-4d07-b57f-abac6f64fe02	3	170150762	170491774	156	0.1162
a29388fa-91ef-4d07-b57f-abac6f64fe02	3	170493815	172425550	1045	0.2273
a29388fa-91ef-4d07-b57f-abac6f64fe02	3	172427253	172758188	232	0.6402
a29388fa-91ef-4d07-b57f-abac6f64fe02	3	172762057	173363606	344	0.2354
a29388fa-91ef-4d07-b57f-abac6f64fe02	3	173364072	175226758	928	0.1474
a29388fa-91ef-4d07-b57f-abac6f64fe02	3	175226959	176594859	447	0.1983
a29388fa-91ef-4d07-b57f-abac6f64fe02	3	176595553	176819733	129	0.6285
a29388fa-91ef-4d07-b57f-abac6f64fe02	3	176879427	177654320	357	0.2223
a29388fa-91ef-4d07-b57f-abac6f64fe02	3	177656192	177903490	172	0.6229
a29388fa-91ef-4d07-b57f-abac6f64fe02	3	177904796	177970482	31	0.9896
a29388fa-91ef-4d07-b57f-abac6f64fe02	3	177976008	178762916	403	0.6522
a29388fa-91ef-4d07-b57f-abac6f64fe02	3	178764234	181611582	1600	0.5565
a29388fa-91ef-4d07-b57f-abac6f64fe02	3	181611894	181895861	141	0.3779
a29388fa-91ef-4d07-b57f-abac6f64fe02	3	181896381	182021388	83	0.5219
a29388fa-91ef-4d07-b57f-abac6f64fe02	3	182025859	187448325	2750	0.1652
a29388fa-91ef-4d07-b57f-abac6f64fe02	3	187449861	190817204	2364	0.2262
a29388fa-91ef-4d07-b57f-abac6f64fe02	3	190817394	197812401	3089	0.1826
a29388fa-91ef-4d07-b57f-abac6f64fe02	4	1059384	1981829	298	0.0185
a29388fa-91ef-4d07-b57f-abac6f64fe02	4	1989883	2079294	17	0.4237
a29388fa-91ef-4d07-b57f-abac6f64fe02	4	2079782	3462155	666	0.0021
a29388fa-91ef-4d07-b57f-abac6f64fe02	4	3520956	3641872	34	0.4298
a29388fa-91ef-4d07-b57f-abac6f64fe02	4	3641939	9935515	3471	0.0224
a29388fa-91ef-4d07-b57f-abac6f64fe02	4	9936059	10928006	796	0.463
a29388fa-91ef-4d07-b57f-abac6f64fe02	4	10928144	11669779	694	-0.005
a29388fa-91ef-4d07-b57f-abac6f64fe02	4	11669904	14558861	2081	0.2577
a29388fa-91ef-4d07-b57f-abac6f64fe02	4	14560780	17515202	2180	0.3114
a29388fa-91ef-4d07-b57f-abac6f64fe02	4	17517170	23614222	3802	0.2714
a29388fa-91ef-4d07-b57f-abac6f64fe02	4	23621552	25423756	1270	1.0632
a29388fa-91ef-4d07-b57f-abac6f64fe02	4	25425932	26237052	556	0.4995
a29388fa-91ef-4d07-b57f-abac6f64fe02	4	26247922	27104761	445	0.2821
a29388fa-91ef-4d07-b57f-abac6f64fe02	4	27108583	27821155	502	-0.255
a29388fa-91ef-4d07-b57f-abac6f64fe02	4	27822449	27855382	21	-0.51
a29388fa-91ef-4d07-b57f-abac6f64fe02	4	27855900	27951988	60	-0.2897
a29388fa-91ef-4d07-b57f-abac6f64fe02	4	27954104	32295595	2711	-0.6113
a29388fa-91ef-4d07-b57f-abac6f64fe02	4	32295704	32300793	15	-0.1344
a29388fa-91ef-4d07-b57f-abac6f64fe02	4	32300999	38059553	3386	-0.6195
a29388fa-91ef-4d07-b57f-abac6f64fe02	4	38060612	38069318	8	-1.3494
a29388fa-91ef-4d07-b57f-abac6f64fe02	4	38073632	38287891	162	-0.6387
a29388fa-91ef-4d07-b57f-abac6f64fe02	4	38288925	38524305	165	-0.2113
a29388fa-91ef-4d07-b57f-abac6f64fe02	4	38525214	38525257	2	-1.3563
a29388fa-91ef-4d07-b57f-abac6f64fe02	4	38527206	40362188	924	-0.246
a29388fa-91ef-4d07-b57f-abac6f64fe02	4	40362738	40363533	3	-1.2134
a29388fa-91ef-4d07-b57f-abac6f64fe02	4	40366096	41179144	481	-0.2736
a29388fa-91ef-4d07-b57f-abac6f64fe02	4	41180495	44120934	1550	-0.007
a29388fa-91ef-4d07-b57f-abac6f64fe02	4	44121741	47373737	1570	0.1253
a29388fa-91ef-4d07-b57f-abac6f64fe02	4	47382117	54918496	2555	0.2144
a29388fa-91ef-4d07-b57f-abac6f64fe02	4	54919576	63966912	4962	0.1486
a29388fa-91ef-4d07-b57f-abac6f64fe02	4	63970482	64781506	430	0.3803
a29388fa-91ef-4d07-b57f-abac6f64fe02	4	64782028	65018634	141	0.7982
a29388fa-91ef-4d07-b57f-abac6f64fe02	4	65019251	72430647	3524	-0.0779
a29388fa-91ef-4d07-b57f-abac6f64fe02	4	72431089	87794669	9308	-0.0329
a29388fa-91ef-4d07-b57f-abac6f64fe02	4	87798621	99085494	6204	-0.0865
a29388fa-91ef-4d07-b57f-abac6f64fe02	4	99085613	102991489	2197	-0.0118
a29388fa-91ef-4d07-b57f-abac6f64fe02	4	102991504	122824456	11206	-0.0604
a29388fa-91ef-4d07-b57f-abac6f64fe02	4	122825629	122825787	3	-1.1887
a29388fa-91ef-4d07-b57f-abac6f64fe02	4	122828773	123681917	449	-0.0537
a29388fa-91ef-4d07-b57f-abac6f64fe02	4	123685815	129553896	3126	-0.0292
a29388fa-91ef-4d07-b57f-abac6f64fe02	4	129554328	136413970	3057	-0.0881
a29388fa-91ef-4d07-b57f-abac6f64fe02	4	136414025	140682773	2735	-0.0415
a29388fa-91ef-4d07-b57f-abac6f64fe02	4	140682823	142857276	1373	-0.0937
a29388fa-91ef-4d07-b57f-abac6f64fe02	4	142858280	159787385	9403	-0.0421
a29388fa-91ef-4d07-b57f-abac6f64fe02	4	159787599	165289625	2948	-0.1047
a29388fa-91ef-4d07-b57f-abac6f64fe02	4	165289905	169998515	2652	-0.0545
a29388fa-91ef-4d07-b57f-abac6f64fe02	4	170002004	175906213	3139	-0.1011
a29388fa-91ef-4d07-b57f-abac6f64fe02	4	175907024	177610215	1105	-0.0447
a29388fa-91ef-4d07-b57f-abac6f64fe02	4	177610255	177996022	226	-0.1022
a29388fa-91ef-4d07-b57f-abac6f64fe02	4	178022835	182140611	2142	-0.1265
a29388fa-91ef-4d07-b57f-abac6f64fe02	4	182146517	187842528	2438	-0.0763
a29388fa-91ef-4d07-b57f-abac6f64fe02	5	913983	944147	14	1.2507
a29388fa-91ef-4d07-b57f-abac6f64fe02	5	944183	1880474	115	1.0764
a29388fa-91ef-4d07-b57f-abac6f64fe02	5	1890119	2026186	94	0.8688
a29388fa-91ef-4d07-b57f-abac6f64fe02	5	2026597	2282234	168	1.0155
a29388fa-91ef-4d07-b57f-abac6f64fe02	5	2282991	2378270	124	1.3121
a29388fa-91ef-4d07-b57f-abac6f64fe02	5	2378722	3766514	1231	0.7823
a29388fa-91ef-4d07-b57f-abac6f64fe02	5	3768379	3768824	2	-0.9936
a29388fa-91ef-4d07-b57f-abac6f64fe02	5	3769168	5897100	1739	0.8107
a29388fa-91ef-4d07-b57f-abac6f64fe02	5	5902979	6053596	147	0.9987
a29388fa-91ef-4d07-b57f-abac6f64fe02	5	6053950	9599112	2685	0.7758
a29388fa-91ef-4d07-b57f-abac6f64fe02	5	9602570	11247358	1108	0.8415
a29388fa-91ef-4d07-b57f-abac6f64fe02	5	11247516	13426558	1083	0.7964
a29388fa-91ef-4d07-b57f-abac6f64fe02	5	13427188	13521959	79	0.9357
a29388fa-91ef-4d07-b57f-abac6f64fe02	5	13522017	13699005	136	1.0622
a29388fa-91ef-4d07-b57f-abac6f64fe02	5	13702258	15331173	1210	0.8836
a29388fa-91ef-4d07-b57f-abac6f64fe02	5	15331195	15333229	10	0.2156
a29388fa-91ef-4d07-b57f-abac6f64fe02	5	15333744	17287669	828	0.9221
a29388fa-91ef-4d07-b57f-abac6f64fe02	5	17290650	17427728	74	0.7251
a29388fa-91ef-4d07-b57f-abac6f64fe02	5	17432602	17440474	8	1.1688
a29388fa-91ef-4d07-b57f-abac6f64fe02	5	17441518	17798155	66	0.7321
a29388fa-91ef-4d07-b57f-abac6f64fe02	5	17799080	20150712	1282	0.9097
a29388fa-91ef-4d07-b57f-abac6f64fe02	5	20150972	21312104	463	0.7597
a29388fa-91ef-4d07-b57f-abac6f64fe02	5	21312119	21361673	26	0.3763
a29388fa-91ef-4d07-b57f-abac6f64fe02	5	21391680	23365429	1011	0.7774
a29388fa-91ef-4d07-b57f-abac6f64fe02	5	23365637	24022390	368	0.9
a29388fa-91ef-4d07-b57f-abac6f64fe02	5	24034076	25485709	698	0.5456
a29388fa-91ef-4d07-b57f-abac6f64fe02	5	25487871	26556051	622	0.7773
a29388fa-91ef-4d07-b57f-abac6f64fe02	5	26556158	28491911	1046	0.3573
a29388fa-91ef-4d07-b57f-abac6f64fe02	5	28495482	28628378	70	0.7146
a29388fa-91ef-4d07-b57f-abac6f64fe02	5	28631392	29157258	250	0.4576
a29388fa-91ef-4d07-b57f-abac6f64fe02	5	29157534	32209811	2043	0.1286
a29388fa-91ef-4d07-b57f-abac6f64fe02	5	32211180	41510600	5475	0.1939
a29388fa-91ef-4d07-b57f-abac6f64fe02	5	41512398	54022694	3703	0.1491
a29388fa-91ef-4d07-b57f-abac6f64fe02	5	54023438	62224306	5199	0.1896
a29388fa-91ef-4d07-b57f-abac6f64fe02	5	62225696	64201672	776	0.1179
a29388fa-91ef-4d07-b57f-abac6f64fe02	5	64204805	65729883	801	0.4147
a29388fa-91ef-4d07-b57f-abac6f64fe02	5	65735743	67544876	1314	0.3798
a29388fa-91ef-4d07-b57f-abac6f64fe02	5	67546166	74721674	3418	0.4255
a29388fa-91ef-4d07-b57f-abac6f64fe02	5	74722434	77703306	1709	0.3573
a29388fa-91ef-4d07-b57f-abac6f64fe02	5	77703528	84370741	3850	0.4084
a29388fa-91ef-4d07-b57f-abac6f64fe02	5	84372720	90230817	2923	0.3295
a29388fa-91ef-4d07-b57f-abac6f64fe02	5	90231039	94106848	1959	0.3813
a29388fa-91ef-4d07-b57f-abac6f64fe02	5	94110905	95396665	700	0.5291
a29388fa-91ef-4d07-b57f-abac6f64fe02	5	95397052	95839048	271	0.5992
a29388fa-91ef-4d07-b57f-abac6f64fe02	5	95841569	96294741	251	0.8815
a29388fa-91ef-4d07-b57f-abac6f64fe02	5	96295001	96803038	350	0.6118
a29388fa-91ef-4d07-b57f-abac6f64fe02	5	96803109	99115798	1191	0.8713
a29388fa-91ef-4d07-b57f-abac6f64fe02	5	99115896	101663358	654	0.792
a29388fa-91ef-4d07-b57f-abac6f64fe02	5	101663769	102286813	174	0.6486
a29388fa-91ef-4d07-b57f-abac6f64fe02	5	102291559	102542917	117	0.497
a29388fa-91ef-4d07-b57f-abac6f64fe02	5	102543846	104201764	855	0.8315
a29388fa-91ef-4d07-b57f-abac6f64fe02	5	104205274	104236783	30	0.4644
a29388fa-91ef-4d07-b57f-abac6f64fe02	5	104238449	104279119	33	0.8946
a29388fa-91ef-4d07-b57f-abac6f64fe02	5	104290754	104988578	409	0.4749
a29388fa-91ef-4d07-b57f-abac6f64fe02	5	104990318	112601227	4396	0.6842
a29388fa-91ef-4d07-b57f-abac6f64fe02	5	112606141	112607855	3	-0.4191
a29388fa-91ef-4d07-b57f-abac6f64fe02	5	112609049	114896290	1602	0.6648
a29388fa-91ef-4d07-b57f-abac6f64fe02	5	114896459	117330021	1386	0.9463
a29388fa-91ef-4d07-b57f-abac6f64fe02	5	117333207	117853937	360	0.5942
a29388fa-91ef-4d07-b57f-abac6f64fe02	5	117863093	120502589	1552	0.9038
a29388fa-91ef-4d07-b57f-abac6f64fe02	5	120502999	120957397	272	0.621
a29388fa-91ef-4d07-b57f-abac6f64fe02	5	120960798	121285532	101	0.804
a29388fa-91ef-4d07-b57f-abac6f64fe02	5	121288285	121313546	22	0.3388
a29388fa-91ef-4d07-b57f-abac6f64fe02	5	121320963	121927987	329	0.5005
a29388fa-91ef-4d07-b57f-abac6f64fe02	5	121928013	121999977	41	0.9482
a29388fa-91ef-4d07-b57f-abac6f64fe02	5	122007068	122189926	103	0.4115
a29388fa-91ef-4d07-b57f-abac6f64fe02	5	122191027	124473708	1380	0.5338
a29388fa-91ef-4d07-b57f-abac6f64fe02	5	124475909	125675690	796	0.4457
a29388fa-91ef-4d07-b57f-abac6f64fe02	5	125677392	126661702	571	0.5095
a29388fa-91ef-4d07-b57f-abac6f64fe02	5	126665801	128641844	1126	0.3169
a29388fa-91ef-4d07-b57f-abac6f64fe02	5	128644984	132052425	1773	0.273
a29388fa-91ef-4d07-b57f-abac6f64fe02	5	132052526	133269658	671	0.3304
a29388fa-91ef-4d07-b57f-abac6f64fe02	5	133273567	138028571	3196	-0.1584
a29388fa-91ef-4d07-b57f-abac6f64fe02	5	138039938	138240621	75	0.4218
a29388fa-91ef-4d07-b57f-abac6f64fe02	5	138250641	140087205	800	0.0828
a29388fa-91ef-4d07-b57f-abac6f64fe02	5	140088979	140214564	41	0.5055
a29388fa-91ef-4d07-b57f-abac6f64fe02	5	140216967	140806561	269	0.1707
a29388fa-91ef-4d07-b57f-abac6f64fe02	5	140810787	142361994	777	0.0658
a29388fa-91ef-4d07-b57f-abac6f64fe02	5	142363042	143513824	853	0.1268
a29388fa-91ef-4d07-b57f-abac6f64fe02	5	143514038	145139422	1017	-0.1333
a29388fa-91ef-4d07-b57f-abac6f64fe02	5	145142957	146769723	1022	-0.2131
a29388fa-91ef-4d07-b57f-abac6f64fe02	5	146773937	152914131	4109	-0.1466
a29388fa-91ef-4d07-b57f-abac6f64fe02	5	152930070	156137818	2076	0.0671
a29388fa-91ef-4d07-b57f-abac6f64fe02	5	156137989	157852752	1145	0.1032
a29388fa-91ef-4d07-b57f-abac6f64fe02	5	157852934	157854800	2	1.0414
a29388fa-91ef-4d07-b57f-abac6f64fe02	5	157864200	158015744	94	0.0365
a29388fa-91ef-4d07-b57f-abac6f64fe02	5	158018014	158859839	631	0.1659
a29388fa-91ef-4d07-b57f-abac6f64fe02	5	158866749	160972242	1388	0.0946
a29388fa-91ef-4d07-b57f-abac6f64fe02	5	160973393	169758106	5752	0.039
a29388fa-91ef-4d07-b57f-abac6f64fe02	5	169758746	180934240	6199	-0.1883
a29388fa-91ef-4d07-b57f-abac6f64fe02	6	1011760	1976267	778	-0.05
a29388fa-91ef-4d07-b57f-abac6f64fe02	6	1976489	3989420	1464	-0.0169
a29388fa-91ef-4d07-b57f-abac6f64fe02	6	3991455	8190894	3077	-0.0679
a29388fa-91ef-4d07-b57f-abac6f64fe02	6	8191324	11148970	1822	-0.119
a29388fa-91ef-4d07-b57f-abac6f64fe02	6	11149869	57341687	26911	-0.0579
a29388fa-91ef-4d07-b57f-abac6f64fe02	6	57347009	68398581	3635	-0.1407
a29388fa-91ef-4d07-b57f-abac6f64fe02	6	68399460	72895447	2638	-0.0705
a29388fa-91ef-4d07-b57f-abac6f64fe02	6	72896129	76597461	2125	0.2619
a29388fa-91ef-4d07-b57f-abac6f64fe02	6	76599200	79753372	1567	0.1794
a29388fa-91ef-4d07-b57f-abac6f64fe02	6	79753432	82565599	1609	0.2221
a29388fa-91ef-4d07-b57f-abac6f64fe02	6	82566845	95394928	6777	0.1766
a29388fa-91ef-4d07-b57f-abac6f64fe02	6	95398887	101867153	3808	0.1355
a29388fa-91ef-4d07-b57f-abac6f64fe02	6	101867446	104884357	1614	0.1802
a29388fa-91ef-4d07-b57f-abac6f64fe02	6	104885045	111886690	4258	0.2405
a29388fa-91ef-4d07-b57f-abac6f64fe02	6	111887016	113975175	1385	0.2937
a29388fa-91ef-4d07-b57f-abac6f64fe02	6	113978666	114985262	537	0.2505
a29388fa-91ef-4d07-b57f-abac6f64fe02	6	114985613	125286413	5508	0.1716
a29388fa-91ef-4d07-b57f-abac6f64fe02	6	125286551	127134063	1000	0.2297
a29388fa-91ef-4d07-b57f-abac6f64fe02	6	127134676	127787002	377	0.1634
a29388fa-91ef-4d07-b57f-abac6f64fe02	6	127798230	127849792	28	0.2808
a29388fa-91ef-4d07-b57f-abac6f64fe02	6	127850874	129081533	757	0.1382
a29388fa-91ef-4d07-b57f-abac6f64fe02	6	129081577	151407337	14175	0.196
a29388fa-91ef-4d07-b57f-abac6f64fe02	6	151407619	153496687	1552	0.1691
a29388fa-91ef-4d07-b57f-abac6f64fe02	6	153505015	153506174	3	-0.6773
a29388fa-91ef-4d07-b57f-abac6f64fe02	6	153508313	156841229	2270	0.1492
a29388fa-91ef-4d07-b57f-abac6f64fe02	6	156843416	160912109	2472	0.1903
a29388fa-91ef-4d07-b57f-abac6f64fe02	6	160912749	170587756	4753	0.1566
a29388fa-91ef-4d07-b57f-abac6f64fe02	6	170589461	170596889	7	-0.0413
a29388fa-91ef-4d07-b57f-abac6f64fe02	7	664936	2890987	688	-0.3532
a29388fa-91ef-4d07-b57f-abac6f64fe02	7	2893561	15446772	6640	-0.0828
a29388fa-91ef-4d07-b57f-abac6f64fe02	7	15447257	26228854	6635	-0.0437
a29388fa-91ef-4d07-b57f-abac6f64fe02	7	26230578	26640662	329	-0.0979
a29388fa-91ef-4d07-b57f-abac6f64fe02	7	26643256	26643272	2	-1.2243
a29388fa-91ef-4d07-b57f-abac6f64fe02	7	26648066	32582257	3801	-0.0686
a29388fa-91ef-4d07-b57f-abac6f64fe02	7	32585199	50279674	11099	-0.0403
a29388fa-91ef-4d07-b57f-abac6f64fe02	7	50281365	53088706	2123	-0.1153
a29388fa-91ef-4d07-b57f-abac6f64fe02	7	53091724	56315407	2017	-0.0006
a29388fa-91ef-4d07-b57f-abac6f64fe02	7	56321968	73560832	4345	-0.0375
a29388fa-91ef-4d07-b57f-abac6f64fe02	7	73563534	82164920	4114	0.0063
a29388fa-91ef-4d07-b57f-abac6f64fe02	7	82167881	82554216	136	-0.3932
a29388fa-91ef-4d07-b57f-abac6f64fe02	7	82556656	88407294	3248	0.0018
a29388fa-91ef-4d07-b57f-abac6f64fe02	7	88412630	88480078	75	-0.0873
a29388fa-91ef-4d07-b57f-abac6f64fe02	7	88480355	90412862	99	0.1629
a29388fa-91ef-4d07-b57f-abac6f64fe02	7	90413482	90867720	234	0.0771
a29388fa-91ef-4d07-b57f-abac6f64fe02	7	90870716	93169528	1517	0.1768
a29388fa-91ef-4d07-b57f-abac6f64fe02	7	93178913	93413073	109	-0.3499
a29388fa-91ef-4d07-b57f-abac6f64fe02	7	93418148	96503024	1875	0.0041
a29388fa-91ef-4d07-b57f-abac6f64fe02	7	96503515	98562879	1120	-0.0549
a29388fa-91ef-4d07-b57f-abac6f64fe02	7	98563034	113885084	7387	-0.006
a29388fa-91ef-4d07-b57f-abac6f64fe02	7	113888906	113964257	31	-0.2076
a29388fa-91ef-4d07-b57f-abac6f64fe02	7	113966959	114115836	65	-0.4457
a29388fa-91ef-4d07-b57f-abac6f64fe02	7	114126008	114128997	4	0.0265
a29388fa-91ef-4d07-b57f-abac6f64fe02	7	114129132	119359791	2946	0.1562
a29388fa-91ef-4d07-b57f-abac6f64fe02	7	119360158	121840919	1357	0.2069
a29388fa-91ef-4d07-b57f-abac6f64fe02	7	121841444	123797045	1102	0.1039
a29388fa-91ef-4d07-b57f-abac6f64fe02	7	123798652	125305509	801	0.0332
a29388fa-91ef-4d07-b57f-abac6f64fe02	7	125307041	127395098	1162	0.1337
a29388fa-91ef-4d07-b57f-abac6f64fe02	7	127396559	132581344	2737	0.0676
a29388fa-91ef-4d07-b57f-abac6f64fe02	7	132591091	134221147	917	0.1537
a29388fa-91ef-4d07-b57f-abac6f64fe02	7	134222067	135404030	858	0.2069
a29388fa-91ef-4d07-b57f-abac6f64fe02	7	135412967	144167696	4561	0.149
a29388fa-91ef-4d07-b57f-abac6f64fe02	7	144168578	155509198	5901	0.1016
a29388fa-91ef-4d07-b57f-abac6f64fe02	7	155510532	158592540	1699	0.195
a29388fa-91ef-4d07-b57f-abac6f64fe02	8	667625	11434576	5044	-0.046
a29388fa-91ef-4d07-b57f-abac6f64fe02	8	11435526	11437293	4	0.349
a29388fa-91ef-4d07-b57f-abac6f64fe02	8	11437301	13211352	589	0.0232
a29388fa-91ef-4d07-b57f-abac6f64fe02	8	13211733	14095467	620	0.0903
a29388fa-91ef-4d07-b57f-abac6f64fe02	8	14098772	15254758	1003	0.0079
a29388fa-91ef-4d07-b57f-abac6f64fe02	8	15257006	15259147	4	-0.9399
a29388fa-91ef-4d07-b57f-abac6f64fe02	8	15259967	18671217	2510	0.0258
a29388fa-91ef-4d07-b57f-abac6f64fe02	8	18671270	19513737	679	0.0869
a29388fa-91ef-4d07-b57f-abac6f64fe02	8	19514163	23869401	3007	0.0269
a29388fa-91ef-4d07-b57f-abac6f64fe02	8	23871010	26714770	1968	-0.0052
a29388fa-91ef-4d07-b57f-abac6f64fe02	8	26714934	28898471	1561	0.0537
a29388fa-91ef-4d07-b57f-abac6f64fe02	8	28903677	28948391	20	-0.6077
a29388fa-91ef-4d07-b57f-abac6f64fe02	8	28951025	33588701	2966	0.0148
a29388fa-91ef-4d07-b57f-abac6f64fe02	8	33593612	33613755	10	-0.7826
a29388fa-91ef-4d07-b57f-abac6f64fe02	8	33616194	36322794	1353	0.001
a29388fa-91ef-4d07-b57f-abac6f64fe02	8	36323557	38568494	1076	0.0627
a29388fa-91ef-4d07-b57f-abac6f64fe02	8	38571139	38763780	96	-0.5477
a29388fa-91ef-4d07-b57f-abac6f64fe02	8	38796445	38893046	50	-0.0137
a29388fa-91ef-4d07-b57f-abac6f64fe02	8	38896396	39651984	286	0.1004
a29388fa-91ef-4d07-b57f-abac6f64fe02	8	39652872	41721719	1400	-0.0031
a29388fa-91ef-4d07-b57f-abac6f64fe02	8	41721880	48119271	1369	0.0444
a29388fa-91ef-4d07-b57f-abac6f64fe02	8	48121647	49466691	751	0.1069
a29388fa-91ef-4d07-b57f-abac6f64fe02	8	49466824	50643524	568	0.0495
a29388fa-91ef-4d07-b57f-abac6f64fe02	8	50644726	50836833	102	-0.0357
a29388fa-91ef-4d07-b57f-abac6f64fe02	8	50837480	50837540	3	-0.8007
a29388fa-91ef-4d07-b57f-abac6f64fe02	8	50837570	51308900	272	-0.0954
a29388fa-91ef-4d07-b57f-abac6f64fe02	8	51313596	53693632	1428	0.0036
a29388fa-91ef-4d07-b57f-abac6f64fe02	8	53706850	55012148	792	0.2346
a29388fa-91ef-4d07-b57f-abac6f64fe02	8	55020894	68135268	7694	-0.0789
a29388fa-91ef-4d07-b57f-abac6f64fe02	8	68135347	69617574	960	-0.0154
a29388fa-91ef-4d07-b57f-abac6f64fe02	8	69622839	74095830	2795	-0.076
a29388fa-91ef-4d07-b57f-abac6f64fe02	8	74096035	74096377	2	-1.2582
a29388fa-91ef-4d07-b57f-abac6f64fe02	8	74097998	74934418	558	-0.0704
a29388fa-91ef-4d07-b57f-abac6f64fe02	8	74942468	75152482	80	0.1352
a29388fa-91ef-4d07-b57f-abac6f64fe02	8	75154195	77371243	1265	-0.0959
a29388fa-91ef-4d07-b57f-abac6f64fe02	8	77373463	77428076	47	0.191
a29388fa-91ef-4d07-b57f-abac6f64fe02	8	77428177	79328214	945	-0.0735
a29388fa-91ef-4d07-b57f-abac6f64fe02	8	79328331	82036793	1537	0.1373
a29388fa-91ef-4d07-b57f-abac6f64fe02	8	82040043	87149481	2523	-0.1281
a29388fa-91ef-4d07-b57f-abac6f64fe02	8	87152814	108955421	12435	-0.0397
a29388fa-91ef-4d07-b57f-abac6f64fe02	8	108956382	109275448	185	0.1466
a29388fa-91ef-4d07-b57f-abac6f64fe02	8	109275761	113201945	2019	-0.1034
a29388fa-91ef-4d07-b57f-abac6f64fe02	8	113204585	113265812	30	0.1815
a29388fa-91ef-4d07-b57f-abac6f64fe02	8	113277038	114436213	601	-0.0978
a29388fa-91ef-4d07-b57f-abac6f64fe02	8	114436501	114498036	43	0.1807
a29388fa-91ef-4d07-b57f-abac6f64fe02	8	114500672	120917676	4098	-0.0536
a29388fa-91ef-4d07-b57f-abac6f64fe02	8	120923104	121749578	505	0.2267
a29388fa-91ef-4d07-b57f-abac6f64fe02	8	121750698	121978460	151	0.0082
a29388fa-91ef-4d07-b57f-abac6f64fe02	8	121983827	122136350	90	0.2273
a29388fa-91ef-4d07-b57f-abac6f64fe02	8	122137736	123254703	771	-0.0395
a29388fa-91ef-4d07-b57f-abac6f64fe02	8	123257379	123308806	16	0.2339
a29388fa-91ef-4d07-b57f-abac6f64fe02	8	123310499	123320205	7	-0.1806
a29388fa-91ef-4d07-b57f-abac6f64fe02	8	123326359	123451240	58	0.1963
a29388fa-91ef-4d07-b57f-abac6f64fe02	8	123451804	126339102	1990	-0.0483
a29388fa-91ef-4d07-b57f-abac6f64fe02	8	126349992	126813136	325	0.1305
a29388fa-91ef-4d07-b57f-abac6f64fe02	8	126817249	127889225	803	-0.06
a29388fa-91ef-4d07-b57f-abac6f64fe02	8	127889746	127958655	48	0.2195
a29388fa-91ef-4d07-b57f-abac6f64fe02	8	127958768	130902387	2009	-0.0239
a29388fa-91ef-4d07-b57f-abac6f64fe02	8	130904007	132218391	918	-0.0972
a29388fa-91ef-4d07-b57f-abac6f64fe02	8	132218900	133108454	713	-0.0329
a29388fa-91ef-4d07-b57f-abac6f64fe02	8	133108922	133134176	33	0.2783
a29388fa-91ef-4d07-b57f-abac6f64fe02	8	133135230	133503691	299	-0.0227
a29388fa-91ef-4d07-b57f-abac6f64fe02	8	133505317	133527651	22	0.3261
a29388fa-91ef-4d07-b57f-abac6f64fe02	8	133527797	134599122	938	0.2103
a29388fa-91ef-4d07-b57f-abac6f64fe02	8	134599135	135478545	637	0.129
a29388fa-91ef-4d07-b57f-abac6f64fe02	8	135479322	140181944	3520	0.3149
a29388fa-91ef-4d07-b57f-abac6f64fe02	8	140185161	140185175	2	-0.7231
a29388fa-91ef-4d07-b57f-abac6f64fe02	8	140192038	140223499	24	0.3202
a29388fa-91ef-4d07-b57f-abac6f64fe02	8	140224063	140610614	200	-0.1102
a29388fa-91ef-4d07-b57f-abac6f64fe02	8	140613553	143300022	373	0.1235
a29388fa-91ef-4d07-b57f-abac6f64fe02	8	143302447	144182542	204	-0.1093
a29388fa-91ef-4d07-b57f-abac6f64fe02	9	789794	1591333	198	-0.0979
a29388fa-91ef-4d07-b57f-abac6f64fe02	9	1592138	1592353	2	-1.093
a29388fa-91ef-4d07-b57f-abac6f64fe02	9	1592554	1761579	230	-0.0926
a29388fa-91ef-4d07-b57f-abac6f64fe02	9	1761741	1777871	11	-0.616
a29388fa-91ef-4d07-b57f-abac6f64fe02	9	1778025	9869715	5193	-0.0864
a29388fa-91ef-4d07-b57f-abac6f64fe02	9	9870852	12540358	708	-0.149
a29388fa-91ef-4d07-b57f-abac6f64fe02	9	12540761	22801548	7815	-0.0526
a29388fa-91ef-4d07-b57f-abac6f64fe02	9	22801571	25536964	1700	-0.1263
a29388fa-91ef-4d07-b57f-abac6f64fe02	9	25537111	29459001	2125	0.135
a29388fa-91ef-4d07-b57f-abac6f64fe02	9	29459330	68424128	5534	-0.0955
a29388fa-91ef-4d07-b57f-abac6f64fe02	9	68425024	69118752	620	0.2557
a29388fa-91ef-4d07-b57f-abac6f64fe02	9	69125255	69126455	2	-0.6924
a29388fa-91ef-4d07-b57f-abac6f64fe02	9	69127809	69519656	272	0.2187
a29388fa-91ef-4d07-b57f-abac6f64fe02	9	69519854	71502649	1424	0.2854
a29388fa-91ef-4d07-b57f-abac6f64fe02	9	71504856	75114676	2264	0.2018
a29388fa-91ef-4d07-b57f-abac6f64fe02	9	75115282	77052632	1531	0.2526
a29388fa-91ef-4d07-b57f-abac6f64fe02	9	77053313	78628140	989	0.2013
a29388fa-91ef-4d07-b57f-abac6f64fe02	9	78628518	81484565	2146	0.1374
a29388fa-91ef-4d07-b57f-abac6f64fe02	9	81485160	81743157	169	0.3016
a29388fa-91ef-4d07-b57f-abac6f64fe02	9	81743182	83886794	1354	0.1449
a29388fa-91ef-4d07-b57f-abac6f64fe02	9	83887021	84602119	542	0.5659
a29388fa-91ef-4d07-b57f-abac6f64fe02	9	84602334	86545834	1225	0.1876
a29388fa-91ef-4d07-b57f-abac6f64fe02	9	86545879	86675385	115	0.6072
a29388fa-91ef-4d07-b57f-abac6f64fe02	9	86675835	92598089	3978	0.3932
a29388fa-91ef-4d07-b57f-abac6f64fe02	9	92598482	93481463	495	0.1571
a29388fa-91ef-4d07-b57f-abac6f64fe02	9	93482991	95133745	983	0.3279
a29388fa-91ef-4d07-b57f-abac6f64fe02	9	95134333	98342081	2027	0.2024
a29388fa-91ef-4d07-b57f-abac6f64fe02	9	98344116	99648947	953	0.3838
a29388fa-91ef-4d07-b57f-abac6f64fe02	9	99650535	102700643	1725	0.3036
a29388fa-91ef-4d07-b57f-abac6f64fe02	9	102701316	103824302	561	0.3541
a29388fa-91ef-4d07-b57f-abac6f64fe02	9	103828605	103836890	10	0.6007
a29388fa-91ef-4d07-b57f-abac6f64fe02	9	103838893	105273897	1040	0.4057
a29388fa-91ef-4d07-b57f-abac6f64fe02	9	105274198	105554791	170	0.5039
a29388fa-91ef-4d07-b57f-abac6f64fe02	9	105558707	107178199	977	0.3689
a29388fa-91ef-4d07-b57f-abac6f64fe02	9	107178228	108664004	1282	0.4209
a29388fa-91ef-4d07-b57f-abac6f64fe02	9	108664899	108773905	85	0.3517
a29388fa-91ef-4d07-b57f-abac6f64fe02	9	108774923	108851521	72	0.2251
a29388fa-91ef-4d07-b57f-abac6f64fe02	9	108851525	109479051	464	0.3867
a29388fa-91ef-4d07-b57f-abac6f64fe02	9	109481041	117275241	5443	0.4398
a29388fa-91ef-4d07-b57f-abac6f64fe02	9	117275517	118656263	945	0.3597
a29388fa-91ef-4d07-b57f-abac6f64fe02	9	118656443	118691175	25	0.0624
a29388fa-91ef-4d07-b57f-abac6f64fe02	9	118691332	121534585	2145	0.378
a29388fa-91ef-4d07-b57f-abac6f64fe02	9	121538272	127935750	3787	0.247
a29388fa-91ef-4d07-b57f-abac6f64fe02	9	127935764	136807214	4657	0.4424
a29388fa-91ef-4d07-b57f-abac6f64fe02	9	136811159	137572471	125	0.2501
a29388fa-91ef-4d07-b57f-abac6f64fe02	9	137572613	137857410	134	0.427
a29388fa-91ef-4d07-b57f-abac6f64fe02	9	137909533	138044505	65	0.1897
a29388fa-91ef-4d07-b57f-abac6f64fe02	10	366509	2579521	1256	0.1158
a29388fa-91ef-4d07-b57f-abac6f64fe02	10	2582214	5595919	2131	0.1927
a29388fa-91ef-4d07-b57f-abac6f64fe02	10	5595979	7003822	1031	0.1409
a29388fa-91ef-4d07-b57f-abac6f64fe02	10	7006037	10156341	2347	0.1045
a29388fa-91ef-4d07-b57f-abac6f64fe02	10	10156788	28169834	12682	0.1515
a29388fa-91ef-4d07-b57f-abac6f64fe02	10	28169939	28177668	10	-0.7496
a29388fa-91ef-4d07-b57f-abac6f64fe02	10	28180145	29964106	1416	0.1137
a29388fa-91ef-4d07-b57f-abac6f64fe02	10	29965775	35448016	3440	0.188
a29388fa-91ef-4d07-b57f-abac6f64fe02	10	35451536	38706915	1867	0.0934
a29388fa-91ef-4d07-b57f-abac6f64fe02	10	38707235	53017427	5190	-0.0727
a29388fa-91ef-4d07-b57f-abac6f64fe02	10	53017703	56604837	1705	-0.147
a29388fa-91ef-4d07-b57f-abac6f64fe02	10	56605602	64211835	5029	-0.0753
a29388fa-91ef-4d07-b57f-abac6f64fe02	10	64214376	69889763	3180	-0.1249
a29388fa-91ef-4d07-b57f-abac6f64fe02	10	69891081	80668635	6380	-0.0799
a29388fa-91ef-4d07-b57f-abac6f64fe02	10	80669148	85672774	3572	-0.1437
a29388fa-91ef-4d07-b57f-abac6f64fe02	10	85676414	88124274	1441	-0.098
a29388fa-91ef-4d07-b57f-abac6f64fe02	10	88124650	90002927	1258	-0.0436
a29388fa-91ef-4d07-b57f-abac6f64fe02	10	90003349	104878871	8451	-0.0986
a29388fa-91ef-4d07-b57f-abac6f64fe02	10	104880895	108786851	2666	-0.153
a29388fa-91ef-4d07-b57f-abac6f64fe02	10	108787072	128408117	13806	-0.1108
a29388fa-91ef-4d07-b57f-abac6f64fe02	10	128410173	133411599	2254	-0.1585
a29388fa-91ef-4d07-b57f-abac6f64fe02	11	456012	1883471	389	-0.3555
a29388fa-91ef-4d07-b57f-abac6f64fe02	11	1883627	7959125	3490	-0.2781
a29388fa-91ef-4d07-b57f-abac6f64fe02	11	7959974	8488256	408	-0.3374
a29388fa-91ef-4d07-b57f-abac6f64fe02	11	8489137	14109756	4167	-0.2454
a29388fa-91ef-4d07-b57f-abac6f64fe02	11	14111648	25899341	7886	-0.274
a29388fa-91ef-4d07-b57f-abac6f64fe02	11	25899463	38720718	7902	-0.2482
a29388fa-91ef-4d07-b57f-abac6f64fe02	11	38725916	41790890	1983	-0.3014
a29388fa-91ef-4d07-b57f-abac6f64fe02	11	41791464	48352939	3883	-0.0679
a29388fa-91ef-4d07-b57f-abac6f64fe02	11	48953076	56244856	443	-0.3515
a29388fa-91ef-4d07-b57f-abac6f64fe02	11	56246322	72552866	7409	-0.0712
a29388fa-91ef-4d07-b57f-abac6f64fe02	11	72556445	79018790	3509	-0.3497
a29388fa-91ef-4d07-b57f-abac6f64fe02	11	79024565	81884484	2103	-0.3895
a29388fa-91ef-4d07-b57f-abac6f64fe02	11	81887752	87084342	3009	-0.339
a29388fa-91ef-4d07-b57f-abac6f64fe02	11	87086957	87383220	214	0.791
a29388fa-91ef-4d07-b57f-abac6f64fe02	11	87389382	87564963	134	0.3763
a29388fa-91ef-4d07-b57f-abac6f64fe02	11	87565383	87915668	231	0.6476
a29388fa-91ef-4d07-b57f-abac6f64fe02	11	87915884	88207181	200	0.167
a29388fa-91ef-4d07-b57f-abac6f64fe02	11	88210837	88635040	271	-0.3741
a29388fa-91ef-4d07-b57f-abac6f64fe02	11	88638080	89044057	257	-0.0783
a29388fa-91ef-4d07-b57f-abac6f64fe02	11	89048331	90136836	335	-0.3374
a29388fa-91ef-4d07-b57f-abac6f64fe02	11	90149030	91094272	634	-0.0716
a29388fa-91ef-4d07-b57f-abac6f64fe02	11	91094881	91164099	45	-0.4164
a29388fa-91ef-4d07-b57f-abac6f64fe02	11	91164158	91244223	57	-0.1289
a29388fa-91ef-4d07-b57f-abac6f64fe02	11	91244334	92408641	692	-0.3803
a29388fa-91ef-4d07-b57f-abac6f64fe02	11	92412830	92470596	34	-0.0645
a29388fa-91ef-4d07-b57f-abac6f64fe02	11	92475118	94420377	1037	-0.3721
a29388fa-91ef-4d07-b57f-abac6f64fe02	11	94420653	96888847	1778	-0.3071
a29388fa-91ef-4d07-b57f-abac6f64fe02	11	96889219	98270908	852	-0.3677
a29388fa-91ef-4d07-b57f-abac6f64fe02	11	98270972	98638582	156	-0.0828
a29388fa-91ef-4d07-b57f-abac6f64fe02	11	98640593	100175121	1144	-0.378
a29388fa-91ef-4d07-b57f-abac6f64fe02	11	100181530	112122101	7268	-0.3383
a29388fa-91ef-4d07-b57f-abac6f64fe02	11	112122402	114846542	1948	-0.3795
a29388fa-91ef-4d07-b57f-abac6f64fe02	11	114849873	115073363	156	-0.1192
a29388fa-91ef-4d07-b57f-abac6f64fe02	11	115073390	120644962	3847	-0.375
a29388fa-91ef-4d07-b57f-abac6f64fe02	11	120645025	122067819	1037	-0.0466
a29388fa-91ef-4d07-b57f-abac6f64fe02	11	122068204	125969017	2742	0.1143
a29388fa-91ef-4d07-b57f-abac6f64fe02	11	125971104	129404139	2671	-0.0666
a29388fa-91ef-4d07-b57f-abac6f64fe02	11	129406947	129757103	238	-0.3729
a29388fa-91ef-4d07-b57f-abac6f64fe02	11	129767071	130240808	263	0.1843
a29388fa-91ef-4d07-b57f-abac6f64fe02	11	130241621	130305176	30	-0.3377
a29388fa-91ef-4d07-b57f-abac6f64fe02	11	130307806	130759533	176	0.2086
a29388fa-91ef-4d07-b57f-abac6f64fe02	11	130762866	132396116	1379	-0.3701
a29388fa-91ef-4d07-b57f-abac6f64fe02	11	132396518	132398028	4	-1.5538
a29388fa-91ef-4d07-b57f-abac6f64fe02	11	132398074	134272740	910	-0.4049
a29388fa-91ef-4d07-b57f-abac6f64fe02	12	780472	1197489	205	-0.7244
a29388fa-91ef-4d07-b57f-abac6f64fe02	12	1752621	2791017	646	-0.3178
a29388fa-91ef-4d07-b57f-abac6f64fe02	12	2792809	3655354	554	-0.0615
a29388fa-91ef-4d07-b57f-abac6f64fe02	12	3655895	3726693	54	0.1408
a29388fa-91ef-4d07-b57f-abac6f64fe02	12	3759114	3918156	103	-0.0069
a29388fa-91ef-4d07-b57f-abac6f64fe02	12	3921938	3957352	33	0.1357
a29388fa-91ef-4d07-b57f-abac6f64fe02	12	3957629	4145856	125	-0.0677
a29388fa-91ef-4d07-b57f-abac6f64fe02	12	4146875	4629571	413	0.1611
a29388fa-91ef-4d07-b57f-abac6f64fe02	12	4629696	4897213	202	-0.0628
a29388fa-91ef-4d07-b57f-abac6f64fe02	12	4898843	4903338	2	-1.129
a29388fa-91ef-4d07-b57f-abac6f64fe02	12	4904631	5576858	667	-0.0642
a29388fa-91ef-4d07-b57f-abac6f64fe02	12	5579706	5646161	59	0.1635
a29388fa-91ef-4d07-b57f-abac6f64fe02	12	5648068	8044932	1149	-0.0659
a29388fa-91ef-4d07-b57f-abac6f64fe02	12	8048464	8156837	69	-0.358
a29388fa-91ef-4d07-b57f-abac6f64fe02	12	8157111	16867261	4917	-0.7089
a29388fa-91ef-4d07-b57f-abac6f64fe02	12	16871065	16947635	49	-0.3073
a29388fa-91ef-4d07-b57f-abac6f64fe02	12	16950826	16958185	3	0.4292
a29388fa-91ef-4d07-b57f-abac6f64fe02	12	16958254	17017469	18	-0.2572
a29388fa-91ef-4d07-b57f-abac6f64fe02	12	17017700	18295935	745	0.3703
a29388fa-91ef-4d07-b57f-abac6f64fe02	12	18302897	18614563	197	-0.3208
a29388fa-91ef-4d07-b57f-abac6f64fe02	12	18614861	19485740	462	0.4226
a29388fa-91ef-4d07-b57f-abac6f64fe02	12	19527383	19955714	367	0.6872
a29388fa-91ef-4d07-b57f-abac6f64fe02	12	19955931	21504156	897	-0.2288
a29388fa-91ef-4d07-b57f-abac6f64fe02	12	21504684	21944897	272	0.0151
a29388fa-91ef-4d07-b57f-abac6f64fe02	12	21946727	21968749	16	-0.1373
a29388fa-91ef-4d07-b57f-abac6f64fe02	12	21972461	22712155	493	-0.339
a29388fa-91ef-4d07-b57f-abac6f64fe02	12	22712309	22713928	2	-1.683
a29388fa-91ef-4d07-b57f-abac6f64fe02	12	22714010	23236267	400	-0.334
a29388fa-91ef-4d07-b57f-abac6f64fe02	12	23238158	24176737	603	-0.2175
a29388fa-91ef-4d07-b57f-abac6f64fe02	12	24177221	31072624	4625	-0.5715
a29388fa-91ef-4d07-b57f-abac6f64fe02	12	31072706	31915248	327	-0.4136
a29388fa-91ef-4d07-b57f-abac6f64fe02	12	31919612	39993318	1580	-0.149
a29388fa-91ef-4d07-b57f-abac6f64fe02	12	39993423	56486888	8886	-0.1003
a29388fa-91ef-4d07-b57f-abac6f64fe02	12	56487568	56492041	2	-1.6237
a29388fa-91ef-4d07-b57f-abac6f64fe02	12	56492611	59114237	1532	-0.0659
a29388fa-91ef-4d07-b57f-abac6f64fe02	12	59117153	66768685	4471	-0.1208
a29388fa-91ef-4d07-b57f-abac6f64fe02	12	66769377	71250380	3176	-0.085
a29388fa-91ef-4d07-b57f-abac6f64fe02	12	71251059	74797986	1821	-0.1222
a29388fa-91ef-4d07-b57f-abac6f64fe02	12	74798873	79089261	2842	-0.0733
a29388fa-91ef-4d07-b57f-abac6f64fe02	12	79090354	113006738	20722	-0.232
a29388fa-91ef-4d07-b57f-abac6f64fe02	12	113007217	132605822	10414	-0.2703
a29388fa-91ef-4d07-b57f-abac6f64fe02	13	18874255	24251408	2693	-0.073
a29388fa-91ef-4d07-b57f-abac6f64fe02	13	24251913	28860681	3071	0.1524
a29388fa-91ef-4d07-b57f-abac6f64fe02	13	28861168	29300826	307	0.2364
a29388fa-91ef-4d07-b57f-abac6f64fe02	13	29301101	29482490	149	0.164
a29388fa-91ef-4d07-b57f-abac6f64fe02	13	29486923	30221744	554	-0.3502
a29388fa-91ef-4d07-b57f-abac6f64fe02	13	30222511	30468186	149	-1.2909
a29388fa-91ef-4d07-b57f-abac6f64fe02	13	30468615	37169908	4491	-0.3396
a29388fa-91ef-4d07-b57f-abac6f64fe02	13	37175408	37394014	146	-1.2346
a29388fa-91ef-4d07-b57f-abac6f64fe02	13	37400706	37495907	101	-0.2866
a29388fa-91ef-4d07-b57f-abac6f64fe02	13	37551050	37671466	105	-1.1801
a29388fa-91ef-4d07-b57f-abac6f64fe02	13	37671556	48409966	6981	-0.7057
a29388fa-91ef-4d07-b57f-abac6f64fe02	13	48410219	49542693	693	-1.1535
a29388fa-91ef-4d07-b57f-abac6f64fe02	13	49546849	60271112	4717	-0.3809
a29388fa-91ef-4d07-b57f-abac6f64fe02	13	60272207	60808653	318	0.2227
a29388fa-91ef-4d07-b57f-abac6f64fe02	13	60809561	64610820	1602	0.1437
a29388fa-91ef-4d07-b57f-abac6f64fe02	13	64614889	71984180	3904	0.0474
a29388fa-91ef-4d07-b57f-abac6f64fe02	13	71987382	73956484	1390	0.1351
a29388fa-91ef-4d07-b57f-abac6f64fe02	13	73959777	77940612	2684	0.1993
a29388fa-91ef-4d07-b57f-abac6f64fe02	13	77945062	81223944	2105	0.1323
a29388fa-91ef-4d07-b57f-abac6f64fe02	13	81224524	81793296	322	-0.0451
a29388fa-91ef-4d07-b57f-abac6f64fe02	13	81798968	86448695	2591	0.1728
a29388fa-91ef-4d07-b57f-abac6f64fe02	13	86451275	86451937	3	-0.9087
a29388fa-91ef-4d07-b57f-abac6f64fe02	13	86451990	87362699	455	0.2023
a29388fa-91ef-4d07-b57f-abac6f64fe02	13	87363185	103054934	10136	0.2725
a29388fa-91ef-4d07-b57f-abac6f64fe02	13	103056633	104554887	1199	0.2079
a29388fa-91ef-4d07-b57f-abac6f64fe02	13	104555368	107397385	1640	0.2704
a29388fa-91ef-4d07-b57f-abac6f64fe02	13	107397480	109191901	1455	0.3293
a29388fa-91ef-4d07-b57f-abac6f64fe02	13	109193978	110563447	1102	0.2768
a29388fa-91ef-4d07-b57f-abac6f64fe02	13	110563788	111517720	598	0.4123
a29388fa-91ef-4d07-b57f-abac6f64fe02	13	111518677	111518766	2	1.4284
a29388fa-91ef-4d07-b57f-abac6f64fe02	13	111521972	114226675	1116	0.398
a29388fa-91ef-4d07-b57f-abac6f64fe02	14	20033191	23660018	1313	0.1268
a29388fa-91ef-4d07-b57f-abac6f64fe02	14	23664629	37054309	8095	-0.0028
a29388fa-91ef-4d07-b57f-abac6f64fe02	14	37055062	48853394	5379	-0.0337
a29388fa-91ef-4d07-b57f-abac6f64fe02	14	48853999	55484490	4217	0.0341
a29388fa-91ef-4d07-b57f-abac6f64fe02	14	55490595	58571668	2033	-0.0113
a29388fa-91ef-4d07-b57f-abac6f64fe02	14	58574840	62465264	2411	0.0315
a29388fa-91ef-4d07-b57f-abac6f64fe02	14	62465506	85343269	14190	-0.0075
a29388fa-91ef-4d07-b57f-abac6f64fe02	14	85343547	87922678	1597	0.0388
a29388fa-91ef-4d07-b57f-abac6f64fe02	14	87923196	105533894	10418	-0.0132
a29388fa-91ef-4d07-b57f-abac6f64fe02	15	23437561	28315670	2722	-0.1129
a29388fa-91ef-4d07-b57f-abac6f64fe02	15	28315870	34708741	2001	-0.0603
a29388fa-91ef-4d07-b57f-abac6f64fe02	15	34708772	34709725	2	-1.2038
a29388fa-91ef-4d07-b57f-abac6f64fe02	15	34710734	35235447	376	-0.0404
a29388fa-91ef-4d07-b57f-abac6f64fe02	15	35235618	41969160	4157	0.1974
a29388fa-91ef-4d07-b57f-abac6f64fe02	15	41969583	42104171	109	0.368
a29388fa-91ef-4d07-b57f-abac6f64fe02	15	42104411	42454193	198	0.5249
a29388fa-91ef-4d07-b57f-abac6f64fe02	15	42457862	42811535	168	0.1701
a29388fa-91ef-4d07-b57f-abac6f64fe02	15	42823646	43366848	239	0.5578
a29388fa-91ef-4d07-b57f-abac6f64fe02	15	43367210	43405668	16	0.2521
a29388fa-91ef-4d07-b57f-abac6f64fe02	15	43414477	43452357	18	0.6225
a29388fa-91ef-4d07-b57f-abac6f64fe02	15	43456106	44808654	516	0.1685
a29388fa-91ef-4d07-b57f-abac6f64fe02	15	45003915	45559253	259	0.3544
a29388fa-91ef-4d07-b57f-abac6f64fe02	15	45561908	47927644	1609	0.1471
a29388fa-91ef-4d07-b57f-abac6f64fe02	15	47927793	49801438	1072	0.2087
a29388fa-91ef-4d07-b57f-abac6f64fe02	15	49804509	49919146	93	0.3654
a29388fa-91ef-4d07-b57f-abac6f64fe02	15	49924005	52294941	1377	0.2076
a29388fa-91ef-4d07-b57f-abac6f64fe02	15	52296902	53324168	731	0.1719
a29388fa-91ef-4d07-b57f-abac6f64fe02	15	53324712	56053430	1864	0.1354
a29388fa-91ef-4d07-b57f-abac6f64fe02	15	56055223	69638523	8768	0.1966
a29388fa-91ef-4d07-b57f-abac6f64fe02	15	69649989	69665022	14	-0.3441
a29388fa-91ef-4d07-b57f-abac6f64fe02	15	69669349	69715626	32	0.1693
a29388fa-91ef-4d07-b57f-abac6f64fe02	15	69718784	71151446	926	-0.3592
a29388fa-91ef-4d07-b57f-abac6f64fe02	15	71161327	72958379	1039	0.1529
a29388fa-91ef-4d07-b57f-abac6f64fe02	15	72961428	72992619	34	-0.3158
a29388fa-91ef-4d07-b57f-abac6f64fe02	15	72993654	73050586	31	0.1287
a29388fa-91ef-4d07-b57f-abac6f64fe02	15	73055217	83167159	5439	-0.3479
a29388fa-91ef-4d07-b57f-abac6f64fe02	15	83167752	85056366	781	0.1514
a29388fa-91ef-4d07-b57f-abac6f64fe02	15	85062982	86154769	522	-0.3533
a29388fa-91ef-4d07-b57f-abac6f64fe02	15	86158216	87428643	984	0.1367
a29388fa-91ef-4d07-b57f-abac6f64fe02	15	87429198	91710685	2616	-0.3657
a29388fa-91ef-4d07-b57f-abac6f64fe02	15	91713973	92167861	422	0.1712
a29388fa-91ef-4d07-b57f-abac6f64fe02	15	92168411	92685954	540	-0.3245
a29388fa-91ef-4d07-b57f-abac6f64fe02	15	92687462	93107447	241	0.2039
a29388fa-91ef-4d07-b57f-abac6f64fe02	15	93108090	94759096	666	-0.33
a29388fa-91ef-4d07-b57f-abac6f64fe02	15	94761258	94790867	31	0.1876
a29388fa-91ef-4d07-b57f-abac6f64fe02	15	94803164	94808500	5	-0.5351
a29388fa-91ef-4d07-b57f-abac6f64fe02	15	94816701	94823569	11	0.2888
a29388fa-91ef-4d07-b57f-abac6f64fe02	15	94826064	94849234	19	-0.3394
a29388fa-91ef-4d07-b57f-abac6f64fe02	15	94852369	95543562	495	0.8887
a29388fa-91ef-4d07-b57f-abac6f64fe02	15	95545223	96778460	909	1.5421
a29388fa-91ef-4d07-b57f-abac6f64fe02	15	96778926	100205105	2037	1.3288
a29388fa-91ef-4d07-b57f-abac6f64fe02	15	100205475	101344124	588	1.2221
a29388fa-91ef-4d07-b57f-abac6f64fe02	16	603333	5074463	1695	0.6788
a29388fa-91ef-4d07-b57f-abac6f64fe02	16	5076594	8545411	2084	0.6223
a29388fa-91ef-4d07-b57f-abac6f64fe02	16	8545733	12541545	2906	0.6909
a29388fa-91ef-4d07-b57f-abac6f64fe02	16	12541572	13374070	650	0.6217
a29388fa-91ef-4d07-b57f-abac6f64fe02	16	13376115	13567867	181	0.6851
a29388fa-91ef-4d07-b57f-abac6f64fe02	16	13568141	14506538	663	0.7419
a29388fa-91ef-4d07-b57f-abac6f64fe02	16	14506728	23233879	1750	0.659
a29388fa-91ef-4d07-b57f-abac6f64fe02	16	23238103	30295647	3523	0.1535
a29388fa-91ef-4d07-b57f-abac6f64fe02	16	30308694	30320763	4	-0.0323
a29388fa-91ef-4d07-b57f-abac6f64fe02	16	30322825	46590879	593	-0.3005
a29388fa-91ef-4d07-b57f-abac6f64fe02	16	46597673	63453442	10899	-0.4105
a29388fa-91ef-4d07-b57f-abac6f64fe02	16	63453931	65891922	1753	-0.3468
a29388fa-91ef-4d07-b57f-abac6f64fe02	16	65894781	70752877	2253	-0.0625
a29388fa-91ef-4d07-b57f-abac6f64fe02	16	70755563	75083347	2300	0.1722
a29388fa-91ef-4d07-b57f-abac6f64fe02	16	75084950	79283854	3247	0.1378
a29388fa-91ef-4d07-b57f-abac6f64fe02	16	79284126	89317317	6633	0.1671
a29388fa-91ef-4d07-b57f-abac6f64fe02	17	1074619	1489340	115	0.7605
a29388fa-91ef-4d07-b57f-abac6f64fe02	17	1490192	1734483	97	0.5172
a29388fa-91ef-4d07-b57f-abac6f64fe02	17	1748403	2277577	225	0.3366
a29388fa-91ef-4d07-b57f-abac6f64fe02	17	2279147	2418376	132	0.5222
a29388fa-91ef-4d07-b57f-abac6f64fe02	17	2418626	3214986	321	0.6519
a29388fa-91ef-4d07-b57f-abac6f64fe02	17	3215439	6833383	2006	0.5065
a29388fa-91ef-4d07-b57f-abac6f64fe02	17	6834235	6837010	4	-1.4386
a29388fa-91ef-4d07-b57f-abac6f64fe02	17	6845422	9719227	1476	0.5174
a29388fa-91ef-4d07-b57f-abac6f64fe02	17	9721475	9725257	3	-1.3113
a29388fa-91ef-4d07-b57f-abac6f64fe02	17	9727371	9783269	45	0.4851
a29388fa-91ef-4d07-b57f-abac6f64fe02	17	9785184	10180155	286	0.1481
a29388fa-91ef-4d07-b57f-abac6f64fe02	17	10181473	10181921	2	-1.5228
a29388fa-91ef-4d07-b57f-abac6f64fe02	17	10187271	11246930	681	0.1478
a29388fa-91ef-4d07-b57f-abac6f64fe02	17	11247255	14231324	2136	-0.7621
a29388fa-91ef-4d07-b57f-abac6f64fe02	17	15654216	15870840	32	0.0166
a29388fa-91ef-4d07-b57f-abac6f64fe02	17	15873871	18789357	1266	0.1687
a29388fa-91ef-4d07-b57f-abac6f64fe02	17	18792394	20717534	618	-0.0697
a29388fa-91ef-4d07-b57f-abac6f64fe02	17	20721413	40771762	6381	-0.3666
a29388fa-91ef-4d07-b57f-abac6f64fe02	17	40779560	41134054	184	0.1754
a29388fa-91ef-4d07-b57f-abac6f64fe02	17	41134918	41141463	5	-0.5832
a29388fa-91ef-4d07-b57f-abac6f64fe02	17	41145460	53395271	5370	0.1813
a29388fa-91ef-4d07-b57f-abac6f64fe02	17	53397420	53716941	181	0.3292
a29388fa-91ef-4d07-b57f-abac6f64fe02	17	53719701	54777117	629	0.1283
a29388fa-91ef-4d07-b57f-abac6f64fe02	17	54782630	56807693	1621	0.1908
a29388fa-91ef-4d07-b57f-abac6f64fe02	17	56809156	56965809	79	0.1209
a29388fa-91ef-4d07-b57f-abac6f64fe02	17	56967916	58259314	912	0.3797
a29388fa-91ef-4d07-b57f-abac6f64fe02	17	58261697	60383362	906	0.157
a29388fa-91ef-4d07-b57f-abac6f64fe02	17	60383966	66135592	2832	-0.0556
a29388fa-91ef-4d07-b57f-abac6f64fe02	17	66151880	67435149	829	0.188
a29388fa-91ef-4d07-b57f-abac6f64fe02	17	67448766	70227484	1641	0.3908
a29388fa-91ef-4d07-b57f-abac6f64fe02	17	70229066	71236504	804	0.132
a29388fa-91ef-4d07-b57f-abac6f64fe02	17	71236942	72084619	652	-0.1005
a29388fa-91ef-4d07-b57f-abac6f64fe02	17	72090456	77177434	2399	-0.0424
a29388fa-91ef-4d07-b57f-abac6f64fe02	17	77178214	77178654	2	-1.1627
a29388fa-91ef-4d07-b57f-abac6f64fe02	17	77179175	81951455	1953	-0.0291
a29388fa-91ef-4d07-b57f-abac6f64fe02	17	81965842	82665171	221	-0.6958
a29388fa-91ef-4d07-b57f-abac6f64fe02	17	82665178	82688308	15	-0.2128
a29388fa-91ef-4d07-b57f-abac6f64fe02	17	82690977	82768384	39	-0.713
a29388fa-91ef-4d07-b57f-abac6f64fe02	17	82782265	82959812	106	-0.0263
a29388fa-91ef-4d07-b57f-abac6f64fe02	18	326691	4012453	1704	0.4593
a29388fa-91ef-4d07-b57f-abac6f64fe02	18	4014766	5956117	1300	0.3141
a29388fa-91ef-4d07-b57f-abac6f64fe02	18	5956426	7692667	862	0.424
a29388fa-91ef-4d07-b57f-abac6f64fe02	18	7693092	7725101	12	0.1009
a29388fa-91ef-4d07-b57f-abac6f64fe02	18	7727570	8465232	532	0.2655
a29388fa-91ef-4d07-b57f-abac6f64fe02	18	8467175	13153028	3144	0.1572
a29388fa-91ef-4d07-b57f-abac6f64fe02	18	13157302	14584148	666	0.016
a29388fa-91ef-4d07-b57f-abac6f64fe02	18	14585295	22827552	880	-0.0721
a29388fa-91ef-4d07-b57f-abac6f64fe02	18	22831258	23943733	600	-0.3592
a29388fa-91ef-4d07-b57f-abac6f64fe02	18	23951548	23951594	2	-1.992
a29388fa-91ef-4d07-b57f-abac6f64fe02	18	23953257	28700191	3134	-0.364
a29388fa-91ef-4d07-b57f-abac6f64fe02	18	28701318	32404621	2212	-0.0882
a29388fa-91ef-4d07-b57f-abac6f64fe02	18	32404635	32438454	14	-0.529
a29388fa-91ef-4d07-b57f-abac6f64fe02	18	32439054	34077881	1027	-0.0789
a29388fa-91ef-4d07-b57f-abac6f64fe02	18	34080151	34103757	22	-0.475
a29388fa-91ef-4d07-b57f-abac6f64fe02	18	34106933	34476262	168	-0.0842
a29388fa-91ef-4d07-b57f-abac6f64fe02	18	34476605	36120044	883	-0.0172
a29388fa-91ef-4d07-b57f-abac6f64fe02	18	36120833	36172592	46	-0.1604
a29388fa-91ef-4d07-b57f-abac6f64fe02	18	36172860	42357227	3877	-0.379
a29388fa-91ef-4d07-b57f-abac6f64fe02	18	42357304	42357824	9	-1.3736
a29388fa-91ef-4d07-b57f-abac6f64fe02	18	42360438	45783501	2122	-0.3282
a29388fa-91ef-4d07-b57f-abac6f64fe02	18	45784157	79349796	19595	-0.3874
a29388fa-91ef-4d07-b57f-abac6f64fe02	19	283868	772908	87	-0.062
a29388fa-91ef-4d07-b57f-abac6f64fe02	19	784559	968675	18	-0.7233
a29388fa-91ef-4d07-b57f-abac6f64fe02	19	970774	1038223	24	-0.0149
a29388fa-91ef-4d07-b57f-abac6f64fe02	19	1054061	1442713	98	-0.7077
a29388fa-91ef-4d07-b57f-abac6f64fe02	19	1442942	4895650	848	-0.0912
a29388fa-91ef-4d07-b57f-abac6f64fe02	19	4908081	5320068	171	-0.4023
a29388fa-91ef-4d07-b57f-abac6f64fe02	19	5324820	9843507	2016	-0.1133
a29388fa-91ef-4d07-b57f-abac6f64fe02	19	9844378	9903563	36	0.2013
a29388fa-91ef-4d07-b57f-abac6f64fe02	19	9907519	10046528	72	-0.3912
a29388fa-91ef-4d07-b57f-abac6f64fe02	19	10055256	11258215	488	0.1283
a29388fa-91ef-4d07-b57f-abac6f64fe02	19	11263571	14926345	1583	0.1739
a29388fa-91ef-4d07-b57f-abac6f64fe02	19	14941182	16518039	921	0.1127
a29388fa-91ef-4d07-b57f-abac6f64fe02	19	16518143	27749470	2689	0.038
a29388fa-91ef-4d07-b57f-abac6f64fe02	19	27749586	27913405	83	-0.2474
a29388fa-91ef-4d07-b57f-abac6f64fe02	19	27916712	27976168	60	0.0543
a29388fa-91ef-4d07-b57f-abac6f64fe02	19	27976589	28211213	202	-0.1935
a29388fa-91ef-4d07-b57f-abac6f64fe02	19	28213183	28826120	448	0.0351
a29388fa-91ef-4d07-b57f-abac6f64fe02	19	28826593	29734075	746	0.2061
a29388fa-91ef-4d07-b57f-abac6f64fe02	19	29735382	29969636	183	0.5667
a29388fa-91ef-4d07-b57f-abac6f64fe02	19	29969929	29995479	18	0.2865
a29388fa-91ef-4d07-b57f-abac6f64fe02	19	29995840	30081849	47	-0.3131
a29388fa-91ef-4d07-b57f-abac6f64fe02	19	30082213	30160475	62	-0.0746
a29388fa-91ef-4d07-b57f-abac6f64fe02	19	30160582	30793899	430	0.1871
a29388fa-91ef-4d07-b57f-abac6f64fe02	19	30797211	30797633	2	1.2891
a29388fa-91ef-4d07-b57f-abac6f64fe02	19	30799692	31090218	221	0.1798
a29388fa-91ef-4d07-b57f-abac6f64fe02	19	31093415	31544151	357	-0.0362
a29388fa-91ef-4d07-b57f-abac6f64fe02	19	31545936	31564666	15	0.488
a29388fa-91ef-4d07-b57f-abac6f64fe02	19	31567987	31805383	115	0.1704
a29388fa-91ef-4d07-b57f-abac6f64fe02	19	31809192	32229951	345	-0.0425
a29388fa-91ef-4d07-b57f-abac6f64fe02	19	32230833	32469963	142	0.1833
a29388fa-91ef-4d07-b57f-abac6f64fe02	19	32470394	32543555	47	0.0089
a29388fa-91ef-4d07-b57f-abac6f64fe02	19	32543623	32663354	88	-0.0652
a29388fa-91ef-4d07-b57f-abac6f64fe02	19	32663405	32841962	73	-0.2894
a29388fa-91ef-4d07-b57f-abac6f64fe02	19	32842249	33836524	625	-0.0405
a29388fa-91ef-4d07-b57f-abac6f64fe02	19	33836850	39799636	3092	-0.2807
a29388fa-91ef-4d07-b57f-abac6f64fe02	19	39800458	40688995	406	-0.6794
a29388fa-91ef-4d07-b57f-abac6f64fe02	19	40694318	42712819	853	-0.3875
a29388fa-91ef-4d07-b57f-abac6f64fe02	19	43458545	53315791	4170	-0.0977
a29388fa-91ef-4d07-b57f-abac6f64fe02	19	53316310	54015056	130	-0.7346
a29388fa-91ef-4d07-b57f-abac6f64fe02	19	54017384	54612415	223	-0.2152
a29388fa-91ef-4d07-b57f-abac6f64fe02	19	54613796	55744448	435	-0.3725
a29388fa-91ef-4d07-b57f-abac6f64fe02	19	55784873	56130366	208	-0.129
a29388fa-91ef-4d07-b57f-abac6f64fe02	19	56141223	56933960	474	0.1179
a29388fa-91ef-4d07-b57f-abac6f64fe02	19	56934592	58370362	766	-0.3779
a29388fa-91ef-4d07-b57f-abac6f64fe02	20	472817	24267708	16021	-0.3351
a29388fa-91ef-4d07-b57f-abac6f64fe02	20	24272628	24452468	124	-0.0673
a29388fa-91ef-4d07-b57f-abac6f64fe02	20	24455221	26217263	776	-0.3661
a29388fa-91ef-4d07-b57f-abac6f64fe02	20	26217295	35901747	2226	0.1985
a29388fa-91ef-4d07-b57f-abac6f64fe02	20	35903594	44418708	5504	-0.3327
a29388fa-91ef-4d07-b57f-abac6f64fe02	20	44421224	48992205	3052	0.2291
a29388fa-91ef-4d07-b57f-abac6f64fe02	20	48993815	51891573	1740	0.3875
a29388fa-91ef-4d07-b57f-abac6f64fe02	20	51892361	51906271	15	0.9003
a29388fa-91ef-4d07-b57f-abac6f64fe02	20	51907448	54746693	2009	0.4114
a29388fa-91ef-4d07-b57f-abac6f64fe02	20	54746924	56967893	1628	0.3474
a29388fa-91ef-4d07-b57f-abac6f64fe02	20	56968690	59983413	2217	0.3903
a29388fa-91ef-4d07-b57f-abac6f64fe02	20	59986158	60014369	26	0.8224
a29388fa-91ef-4d07-b57f-abac6f64fe02	20	60014498	62449767	1783	0.3519
a29388fa-91ef-4d07-b57f-abac6f64fe02	20	62463266	62490138	9	0.8322
a29388fa-91ef-4d07-b57f-abac6f64fe02	20	62500776	63588502	365	0.3753
a29388fa-91ef-4d07-b57f-abac6f64fe02	21	13974127	14035195	9	0.1052
a29388fa-91ef-4d07-b57f-abac6f64fe02	21	14035713	16089001	1277	0.3129
a29388fa-91ef-4d07-b57f-abac6f64fe02	21	16090432	18480427	1499	0.0229
a29388fa-91ef-4d07-b57f-abac6f64fe02	21	18480448	24751614	3852	-0.0506
a29388fa-91ef-4d07-b57f-abac6f64fe02	21	24751631	26795546	1423	-0.0016
a29388fa-91ef-4d07-b57f-abac6f64fe02	21	26798467	29451258	1842	0.0473
a29388fa-91ef-4d07-b57f-abac6f64fe02	21	29454747	37029682	4871	0.0005
a29388fa-91ef-4d07-b57f-abac6f64fe02	21	37031534	46262057	5779	-0.0328
a29388fa-91ef-4d07-b57f-abac6f64fe02	22	16934932	36893681	9750	-0.3215
a29388fa-91ef-4d07-b57f-abac6f64fe02	22	36893827	36916222	5	-1.4082
a29388fa-91ef-4d07-b57f-abac6f64fe02	22	36917574	46722067	5488	-0.3288
a29388fa-91ef-4d07-b57f-abac6f64fe02	22	46726007	48940621	1799	-0.3776
a29388fa-91ef-4d07-b57f-abac6f64fe02	X	3236359	5943053	318	0.3459
a29388fa-91ef-4d07-b57f-abac6f64fe02	X	5945709	6073181	136	0.237
a29388fa-91ef-4d07-b57f-abac6f64fe02	X	6074781	6521514	315	0.5648
a29388fa-91ef-4d07-b57f-abac6f64fe02	X	6522752	9702760	795	0.2586
a29388fa-91ef-4d07-b57f-abac6f64fe02	X	9704572	9847613	95	0.488
a29388fa-91ef-4d07-b57f-abac6f64fe02	X	9849473	12144007	1190	0.3015
a29388fa-91ef-4d07-b57f-abac6f64fe02	X	12144045	21140746	4375	0.0618
a29388fa-91ef-4d07-b57f-abac6f64fe02	X	21142887	21310206	66	0.4903
a29388fa-91ef-4d07-b57f-abac6f64fe02	X	21311293	21362148	16	0.1752
a29388fa-91ef-4d07-b57f-abac6f64fe02	X	21365036	21638239	99	0.4434
a29388fa-91ef-4d07-b57f-abac6f64fe02	X	21640870	22389127	555	0.2434
a29388fa-91ef-4d07-b57f-abac6f64fe02	X	22393135	25669201	1550	0.0307
a29388fa-91ef-4d07-b57f-abac6f64fe02	X	25669818	25922654	169	0.2211
a29388fa-91ef-4d07-b57f-abac6f64fe02	X	25922874	26675028	421	-0.0119
a29388fa-91ef-4d07-b57f-abac6f64fe02	X	26675388	27185545	289	0.2433
a29388fa-91ef-4d07-b57f-abac6f64fe02	X	27186277	28561592	793	0.4283
a29388fa-91ef-4d07-b57f-abac6f64fe02	X	28561734	28690346	65	0.5987
a29388fa-91ef-4d07-b57f-abac6f64fe02	X	28690534	28767550	58	0.3499
a29388fa-91ef-4d07-b57f-abac6f64fe02	X	28769968	30180758	779	-0.0022
a29388fa-91ef-4d07-b57f-abac6f64fe02	X	30181354	30209878	31	0.4167
a29388fa-91ef-4d07-b57f-abac6f64fe02	X	30211274	30402350	141	0.0568
a29388fa-91ef-4d07-b57f-abac6f64fe02	X	30402829	32173057	948	0.2979
a29388fa-91ef-4d07-b57f-abac6f64fe02	X	32175143	38531520	2396	0.263
a29388fa-91ef-4d07-b57f-abac6f64fe02	X	38532551	47044144	4060	0.3073
a29388fa-91ef-4d07-b57f-abac6f64fe02	X	47044905	47099687	25	0.7726
a29388fa-91ef-4d07-b57f-abac6f64fe02	X	47101292	47102237	3	1.4161
a29388fa-91ef-4d07-b57f-abac6f64fe02	X	47102782	47534048	194	0.6309
a29388fa-91ef-4d07-b57f-abac6f64fe02	X	47534353	52579129	1854	0.2675
a29388fa-91ef-4d07-b57f-abac6f64fe02	X	52581447	52584785	5	-0.9192
a29388fa-91ef-4d07-b57f-abac6f64fe02	X	52585542	66716590	3289	0.2592
a29388fa-91ef-4d07-b57f-abac6f64fe02	X	66717365	67806557	455	0.0374
a29388fa-91ef-4d07-b57f-abac6f64fe02	X	67807652	70188594	1062	-0.1955
a29388fa-91ef-4d07-b57f-abac6f64fe02	X	70188790	70743523	261	0.045
a29388fa-91ef-4d07-b57f-abac6f64fe02	X	70746963	71004564	106	-0.2218
a29388fa-91ef-4d07-b57f-abac6f64fe02	X	71006700	71039457	17	0.0613
a29388fa-91ef-4d07-b57f-abac6f64fe02	X	71043934	71108652	39	-0.2652
a29388fa-91ef-4d07-b57f-abac6f64fe02	X	71123771	71225772	50	0.002
a29388fa-91ef-4d07-b57f-abac6f64fe02	X	71227544	71434979	65	-0.2362
a29388fa-91ef-4d07-b57f-abac6f64fe02	X	71437416	71515224	23	0.1639
a29388fa-91ef-4d07-b57f-abac6f64fe02	X	71525473	72089071	182	-0.2146
a29388fa-91ef-4d07-b57f-abac6f64fe02	X	72091857	72287426	113	-0.0401
a29388fa-91ef-4d07-b57f-abac6f64fe02	X	72288290	72804528	202	-0.1671
a29388fa-91ef-4d07-b57f-abac6f64fe02	X	72980271	73184197	73	-0.586
a29388fa-91ef-4d07-b57f-abac6f64fe02	X	73186538	73428376	122	-0.3074
a29388fa-91ef-4d07-b57f-abac6f64fe02	X	73429728	73505417	26	0.1038
a29388fa-91ef-4d07-b57f-abac6f64fe02	X	73508364	73843847	89	-0.3726
a29388fa-91ef-4d07-b57f-abac6f64fe02	X	73846604	74086345	96	-0.5358
a29388fa-91ef-4d07-b57f-abac6f64fe02	X	74090146	74197636	37	-0.9894
a29388fa-91ef-4d07-b57f-abac6f64fe02	X	74198655	74419123	102	-0.4854
a29388fa-91ef-4d07-b57f-abac6f64fe02	X	74427480	74443755	11	-1.1647
a29388fa-91ef-4d07-b57f-abac6f64fe02	X	74445387	75096169	260	-0.5986
a29388fa-91ef-4d07-b57f-abac6f64fe02	X	75099289	76540187	170	-1.0413
a29388fa-91ef-4d07-b57f-abac6f64fe02	X	76542603	76720345	83	-0.7044
a29388fa-91ef-4d07-b57f-abac6f64fe02	X	76725760	77389877	199	-1.0209
a29388fa-91ef-4d07-b57f-abac6f64fe02	X	77392260	78246043	158	-0.5833
a29388fa-91ef-4d07-b57f-abac6f64fe02	X	78246744	78659187	169	-1.0457
a29388fa-91ef-4d07-b57f-abac6f64fe02	X	78665600	78747834	37	-0.5234
a29388fa-91ef-4d07-b57f-abac6f64fe02	X	78748379	79861219	593	-1.0085
a29388fa-91ef-4d07-b57f-abac6f64fe02	X	79861301	82395503	1168	-0.6719
a29388fa-91ef-4d07-b57f-abac6f64fe02	X	82397274	82575322	83	-0.3168
a29388fa-91ef-4d07-b57f-abac6f64fe02	X	82579946	82729930	67	-0.6667
a29388fa-91ef-4d07-b57f-abac6f64fe02	X	82733124	82763232	23	-1.0106
a29388fa-91ef-4d07-b57f-abac6f64fe02	X	82767312	82770641	3	-0.173
a29388fa-91ef-4d07-b57f-abac6f64fe02	X	82776080	82894945	52	-1.064
a29388fa-91ef-4d07-b57f-abac6f64fe02	X	82897002	83005748	89	-0.5428
a29388fa-91ef-4d07-b57f-abac6f64fe02	X	83007406	83185995	95	0.5141
a29388fa-91ef-4d07-b57f-abac6f64fe02	X	83193037	83231538	21	-0.5332
a29388fa-91ef-4d07-b57f-abac6f64fe02	X	83237613	83375269	60	-0.1653
a29388fa-91ef-4d07-b57f-abac6f64fe02	X	83376741	83416053	11	-1.2214
a29388fa-91ef-4d07-b57f-abac6f64fe02	X	83416677	83575692	65	-0.1089
a29388fa-91ef-4d07-b57f-abac6f64fe02	X	83578356	83615449	26	-0.5456
a29388fa-91ef-4d07-b57f-abac6f64fe02	X	83619136	83625498	8	-0.1199
a29388fa-91ef-4d07-b57f-abac6f64fe02	X	83765467	84003246	118	0.3575
a29388fa-91ef-4d07-b57f-abac6f64fe02	X	84003588	84021565	9	0.7039
a29388fa-91ef-4d07-b57f-abac6f64fe02	X	84023006	84291238	118	-0.0806
a29388fa-91ef-4d07-b57f-abac6f64fe02	X	84294730	86224937	792	0.1733
a29388fa-91ef-4d07-b57f-abac6f64fe02	X	86228282	86537205	198	-0.0755
a29388fa-91ef-4d07-b57f-abac6f64fe02	X	86542119	86586297	51	0.8324
a29388fa-91ef-4d07-b57f-abac6f64fe02	X	86586510	86618119	18	1.1511
a29388fa-91ef-4d07-b57f-abac6f64fe02	X	86625687	86637839	18	0.8385
a29388fa-91ef-4d07-b57f-abac6f64fe02	X	86639354	86876917	151	1.1592
a29388fa-91ef-4d07-b57f-abac6f64fe02	X	86877683	87149415	120	1.3465
a29388fa-91ef-4d07-b57f-abac6f64fe02	X	87149542	87193227	46	1.0979
a29388fa-91ef-4d07-b57f-abac6f64fe02	X	87193598	87217813	20	0.9525
a29388fa-91ef-4d07-b57f-abac6f64fe02	X	87219509	87922715	439	-0.583
a29388fa-91ef-4d07-b57f-abac6f64fe02	X	87928710	88373661	214	1.0353
a29388fa-91ef-4d07-b57f-abac6f64fe02	X	88383236	91778019	832	-0.5912
a29388fa-91ef-4d07-b57f-abac6f64fe02	X	91792349	91801937	5	0.1834
a29388fa-91ef-4d07-b57f-abac6f64fe02	X	91814287	91827433	6	-0.5405
a29388fa-91ef-4d07-b57f-abac6f64fe02	X	91837838	92067182	54	-0.0043
a29388fa-91ef-4d07-b57f-abac6f64fe02	X	92067676	93610753	502	-0.5933
a29388fa-91ef-4d07-b57f-abac6f64fe02	X	93612139	101336482	3328	-0.2536
a29388fa-91ef-4d07-b57f-abac6f64fe02	X	101343694	102079873	399	-0.0546
a29388fa-91ef-4d07-b57f-abac6f64fe02	X	102079962	103270289	454	0.2132
a29388fa-91ef-4d07-b57f-abac6f64fe02	X	103272215	104427763	480	-0.0102
a29388fa-91ef-4d07-b57f-abac6f64fe02	X	104427939	105856935	733	-0.2483
a29388fa-91ef-4d07-b57f-abac6f64fe02	X	105866559	105878722	11	1.1625
a29388fa-91ef-4d07-b57f-abac6f64fe02	X	105886579	106115762	122	-0.24
a29388fa-91ef-4d07-b57f-abac6f64fe02	X	106116297	106122627	5	0.8428
a29388fa-91ef-4d07-b57f-abac6f64fe02	X	106123294	111107471	2254	-0.2327
a29388fa-91ef-4d07-b57f-abac6f64fe02	X	111107487	114139625	1629	-0.3054
a29388fa-91ef-4d07-b57f-abac6f64fe02	X	114143286	116329551	717	-0.2569
a29388fa-91ef-4d07-b57f-abac6f64fe02	X	116334262	116539802	144	0.0047
a29388fa-91ef-4d07-b57f-abac6f64fe02	X	116540101	122618101	2843	-0.2788
a29388fa-91ef-4d07-b57f-abac6f64fe02	X	122623627	124401801	1075	0.2794
a29388fa-91ef-4d07-b57f-abac6f64fe02	X	124402079	124572093	124	0.5055
a29388fa-91ef-4d07-b57f-abac6f64fe02	X	124572726	125240156	403	0.2882
a29388fa-91ef-4d07-b57f-abac6f64fe02	X	125240652	125420871	98	-0.3626
a29388fa-91ef-4d07-b57f-abac6f64fe02	X	125421022	125947509	228	0.2389
a29388fa-91ef-4d07-b57f-abac6f64fe02	X	125951442	126158326	7	-0.255
a29388fa-91ef-4d07-b57f-abac6f64fe02	X	126158858	127248697	544	1.0071
a29388fa-91ef-4d07-b57f-abac6f64fe02	X	127249405	127417476	50	1.2556
a29388fa-91ef-4d07-b57f-abac6f64fe02	X	127419333	127642458	60	-0.2949
a29388fa-91ef-4d07-b57f-abac6f64fe02	X	127642874	127672389	26	1.0973
a29388fa-91ef-4d07-b57f-abac6f64fe02	X	127674945	128847959	389	-0.3369
a29388fa-91ef-4d07-b57f-abac6f64fe02	X	128849068	138207017	4109	-0.2797
a29388fa-91ef-4d07-b57f-abac6f64fe02	X	138207225	143391474	2124	-0.3232
a29388fa-91ef-4d07-b57f-abac6f64fe02	X	143396328	143778473	264	0.628
a29388fa-91ef-4d07-b57f-abac6f64fe02	X	143780400	145337627	823	-0.3063
a29388fa-91ef-4d07-b57f-abac6f64fe02	X	145337642	145426997	54	0.327
a29388fa-91ef-4d07-b57f-abac6f64fe02	X	145427490	145684183	177	1.1267
a29388fa-91ef-4d07-b57f-abac6f64fe02	X	145687531	145907125	142	-0.341
a29388fa-91ef-4d07-b57f-abac6f64fe02	X	145910728	146026923	75	-0.0141
a29388fa-91ef-4d07-b57f-abac6f64fe02	X	146027161	146126057	70	-0.3508
a29388fa-91ef-4d07-b57f-abac6f64fe02	X	146128495	147142173	621	-0.0056
a29388fa-91ef-4d07-b57f-abac6f64fe02	X	147142604	147691797	386	-0.3126
a29388fa-91ef-4d07-b57f-abac6f64fe02	X	147692231	148373935	409	0.7499
a29388fa-91ef-4d07-b57f-abac6f64fe02	X	148376231	148676531	139	0.4624
a29388fa-91ef-4d07-b57f-abac6f64fe02	X	148676877	148923956	118	0.9543
a29388fa-91ef-4d07-b57f-abac6f64fe02	X	148924173	149000071	58	1.2108
a29388fa-91ef-4d07-b57f-abac6f64fe02	X	149000957	149046687	28	1.0591
a29388fa-91ef-4d07-b57f-abac6f64fe02	X	149047082	149120727	33	0.7473
a29388fa-91ef-4d07-b57f-abac6f64fe02	X	149121535	149406074	166	1.0115
a29388fa-91ef-4d07-b57f-abac6f64fe02	X	149406896	149485169	21	0.6396
a29388fa-91ef-4d07-b57f-abac6f64fe02	X	149485169	149943430	39	0.2812
a29388fa-91ef-4d07-b57f-abac6f64fe02	X	149951547	150098683	86	0.5379
a29388fa-91ef-4d07-b57f-abac6f64fe02	X	150101086	151710911	979	0.2596
a29388fa-91ef-4d07-b57f-abac6f64fe02	X	151710991	152053717	232	0.4722
a29388fa-91ef-4d07-b57f-abac6f64fe02	X	152056385	152373273	170	0.9549
a29388fa-91ef-4d07-b57f-abac6f64fe02	X	152377725	152421937	29	1.335
a29388fa-91ef-4d07-b57f-abac6f64fe02	X	152425875	152648718	49	1.0089
a29388fa-91ef-4d07-b57f-abac6f64fe02	X	152649545	153512949	50	0.4578
a29388fa-91ef-4d07-b57f-abac6f64fe02	X	153515429	153840040	133	0.8357
a29388fa-91ef-4d07-b57f-abac6f64fe02	X	153844712	153934681	47	0.5724
a29388fa-91ef-4d07-b57f-abac6f64fe02	X	153947365	154011793	24	0.8915
a29388fa-91ef-4d07-b57f-abac6f64fe02	X	154017226	154017451	3	0.2077
a29388fa-91ef-4d07-b57f-abac6f64fe02	X	154021638	154401892	79	0.9178
a29388fa-91ef-4d07-b57f-abac6f64fe02	X	154405179	154554965	47	1.3192
a29388fa-91ef-4d07-b57f-abac6f64fe02	X	155651443	155677414	16	0.4849
