GDC_Aliquot	Chromosome	Start	End	Num_Probes	Segment_Mean
c9ee5b6a-1b79-4bc7-a93d-e3c52f77d216	1	3301765	17570640	7634	-0.8048
c9ee5b6a-1b79-4bc7-a93d-e3c52f77d216	1	17576803	30604618	7053	0.1837
c9ee5b6a-1b79-4bc7-a93d-e3c52f77d216	1	30604986	30605692	2	-2.5902
c9ee5b6a-1b79-4bc7-a93d-e3c52f77d216	1	30605990	39449363	4662	0.1805
c9ee5b6a-1b79-4bc7-a93d-e3c52f77d216	1	39453944	39604843	74	0.7145
c9ee5b6a-1b79-4bc7-a93d-e3c52f77d216	1	39605797	60031537	11998	0.1687
c9ee5b6a-1b79-4bc7-a93d-e3c52f77d216	1	60032411	60094526	39	-0.8302
c9ee5b6a-1b79-4bc7-a93d-e3c52f77d216	1	60102366	108808411	29502	0.1467
c9ee5b6a-1b79-4bc7-a93d-e3c52f77d216	1	108814834	155336546	9498	0.17
c9ee5b6a-1b79-4bc7-a93d-e3c52f77d216	1	155336880	157918402	1357	0.1457
c9ee5b6a-1b79-4bc7-a93d-e3c52f77d216	1	157920736	157921775	2	-2.3538
c9ee5b6a-1b79-4bc7-a93d-e3c52f77d216	1	157921807	191460189	21666	0.1559
c9ee5b6a-1b79-4bc7-a93d-e3c52f77d216	1	191463592	191691704	129	-0.7877
c9ee5b6a-1b79-4bc7-a93d-e3c52f77d216	1	191695184	240981464	32111	0.1552
c9ee5b6a-1b79-4bc7-a93d-e3c52f77d216	1	240984334	242819379	1335	-0.811
c9ee5b6a-1b79-4bc7-a93d-e3c52f77d216	1	242825855	247650984	2227	0.1611
c9ee5b6a-1b79-4bc7-a93d-e3c52f77d216	2	480597	45143570	26775	0.1495
c9ee5b6a-1b79-4bc7-a93d-e3c52f77d216	2	45148854	45189455	26	-0.7933
c9ee5b6a-1b79-4bc7-a93d-e3c52f77d216	2	45192403	47300235	1622	0.1658
c9ee5b6a-1b79-4bc7-a93d-e3c52f77d216	2	47301702	235126856	99642	0.1399
c9ee5b6a-1b79-4bc7-a93d-e3c52f77d216	2	235128032	241537572	3843	0.1772
c9ee5b6a-1b79-4bc7-a93d-e3c52f77d216	3	2170634	7444536	2722	0.6875
c9ee5b6a-1b79-4bc7-a93d-e3c52f77d216	3	7444553	15144127	5215	0.7237
c9ee5b6a-1b79-4bc7-a93d-e3c52f77d216	3	15144235	43101050	16581	0.6889
c9ee5b6a-1b79-4bc7-a93d-e3c52f77d216	3	43106511	73929226	18484	0.1507
c9ee5b6a-1b79-4bc7-a93d-e3c52f77d216	3	73929267	98153055	10262	0.1141
c9ee5b6a-1b79-4bc7-a93d-e3c52f77d216	3	98154081	118982205	12075	0.1346
c9ee5b6a-1b79-4bc7-a93d-e3c52f77d216	3	118982902	144309092	14042	0.1591
c9ee5b6a-1b79-4bc7-a93d-e3c52f77d216	3	144309656	197812401	27541	0.1356
c9ee5b6a-1b79-4bc7-a93d-e3c52f77d216	4	1059384	11660399	5945	0.189
c9ee5b6a-1b79-4bc7-a93d-e3c52f77d216	4	11660480	123368444	62765	0.1368
c9ee5b6a-1b79-4bc7-a93d-e3c52f77d216	4	123371175	123376093	3	-1.2688
c9ee5b6a-1b79-4bc7-a93d-e3c52f77d216	4	123376109	182300554	32200	0.1334
c9ee5b6a-1b79-4bc7-a93d-e3c52f77d216	4	182306497	185797340	1072	0.164
c9ee5b6a-1b79-4bc7-a93d-e3c52f77d216	4	185798403	185825916	23	-0.7188
c9ee5b6a-1b79-4bc7-a93d-e3c52f77d216	4	185826540	186606901	482	0.1456
c9ee5b6a-1b79-4bc7-a93d-e3c52f77d216	4	186609024	186719101	82	-0.8128
c9ee5b6a-1b79-4bc7-a93d-e3c52f77d216	4	186726070	187842528	641	0.1565
c9ee5b6a-1b79-4bc7-a93d-e3c52f77d216	5	913983	11415476	7549	0.1723
c9ee5b6a-1b79-4bc7-a93d-e3c52f77d216	5	11416252	43584246	17724	0.1429
c9ee5b6a-1b79-4bc7-a93d-e3c52f77d216	5	43591350	43613125	12	-0.7765
c9ee5b6a-1b79-4bc7-a93d-e3c52f77d216	5	43623410	131861063	45354	0.1448
c9ee5b6a-1b79-4bc7-a93d-e3c52f77d216	5	131863068	157966535	16219	0.1639
c9ee5b6a-1b79-4bc7-a93d-e3c52f77d216	5	157972042	157972891	3	-1.3522
c9ee5b6a-1b79-4bc7-a93d-e3c52f77d216	5	157974887	161050526	2084	0.1728
c9ee5b6a-1b79-4bc7-a93d-e3c52f77d216	5	161050864	166314475	3170	0.1308
c9ee5b6a-1b79-4bc7-a93d-e3c52f77d216	5	166317018	180934240	8730	0.1776
c9ee5b6a-1b79-4bc7-a93d-e3c52f77d216	6	1011760	25969808	17383	-0.8193
c9ee5b6a-1b79-4bc7-a93d-e3c52f77d216	6	25977074	31238839	1856	0.1732
c9ee5b6a-1b79-4bc7-a93d-e3c52f77d216	6	32899215	57347009	14614	-0.8001
c9ee5b6a-1b79-4bc7-a93d-e3c52f77d216	6	61527062	150883459	51442	0.1448
c9ee5b6a-1b79-4bc7-a93d-e3c52f77d216	6	150886582	151032669	122	-0.8359
c9ee5b6a-1b79-4bc7-a93d-e3c52f77d216	6	151036544	169538933	10908	0.162
c9ee5b6a-1b79-4bc7-a93d-e3c52f77d216	6	169543844	169767522	154	-0.7723
c9ee5b6a-1b79-4bc7-a93d-e3c52f77d216	6	170238867	170596889	221	0.1807
c9ee5b6a-1b79-4bc7-a93d-e3c52f77d216	7	664936	2609252	526	-0.852
c9ee5b6a-1b79-4bc7-a93d-e3c52f77d216	7	2609630	2614158	3	-5.3853
c9ee5b6a-1b79-4bc7-a93d-e3c52f77d216	7	2618582	63672748	32767	-0.8099
c9ee5b6a-1b79-4bc7-a93d-e3c52f77d216	7	63675854	68341654	1559	0.1634
c9ee5b6a-1b79-4bc7-a93d-e3c52f77d216	7	68342612	150559296	42460	0.1411
c9ee5b6a-1b79-4bc7-a93d-e3c52f77d216	7	150560597	158592540	4235	0.1793
c9ee5b6a-1b79-4bc7-a93d-e3c52f77d216	8	667625	18748037	9834	0.1587
c9ee5b6a-1b79-4bc7-a93d-e3c52f77d216	8	18748852	23583736	3396	0.1957
c9ee5b6a-1b79-4bc7-a93d-e3c52f77d216	8	23584240	29695196	4250	0.1624
c9ee5b6a-1b79-4bc7-a93d-e3c52f77d216	8	29695254	85329008	29605	0.1461
c9ee5b6a-1b79-4bc7-a93d-e3c52f77d216	8	85329459	85334686	2	-1.6744
c9ee5b6a-1b79-4bc7-a93d-e3c52f77d216	8	85335292	120271773	19875	0.1421
c9ee5b6a-1b79-4bc7-a93d-e3c52f77d216	8	120272772	120771807	299	0.208
c9ee5b6a-1b79-4bc7-a93d-e3c52f77d216	8	120772198	138368917	12480	0.1615
c9ee5b6a-1b79-4bc7-a93d-e3c52f77d216	8	138369691	143872894	2197	0.1977
c9ee5b6a-1b79-4bc7-a93d-e3c52f77d216	8	143876552	143882296	2	-0.9112
c9ee5b6a-1b79-4bc7-a93d-e3c52f77d216	8	143882770	144182542	69	0.1979
c9ee5b6a-1b79-4bc7-a93d-e3c52f77d216	9	789794	32875045	19975	0.1134
c9ee5b6a-1b79-4bc7-a93d-e3c52f77d216	9	32875608	33496883	434	0.1948
c9ee5b6a-1b79-4bc7-a93d-e3c52f77d216	9	33498249	121415488	39062	0.1528
c9ee5b6a-1b79-4bc7-a93d-e3c52f77d216	9	121423037	122148908	457	0.1986
c9ee5b6a-1b79-4bc7-a93d-e3c52f77d216	9	122148952	122264385	86	0.4248
c9ee5b6a-1b79-4bc7-a93d-e3c52f77d216	9	122265932	138044505	8293	0.1816
c9ee5b6a-1b79-4bc7-a93d-e3c52f77d216	10	366509	47327025	28403	0.1589
c9ee5b6a-1b79-4bc7-a93d-e3c52f77d216	10	48188464	70995397	13534	-0.7945
c9ee5b6a-1b79-4bc7-a93d-e3c52f77d216	10	70996573	70998587	3	-4.0665
c9ee5b6a-1b79-4bc7-a93d-e3c52f77d216	10	70998920	133411599	38825	-0.7981
c9ee5b6a-1b79-4bc7-a93d-e3c52f77d216	11	456012	1420766	282	0.2048
c9ee5b6a-1b79-4bc7-a93d-e3c52f77d216	11	1428143	1498833	20	0.7404
c9ee5b6a-1b79-4bc7-a93d-e3c52f77d216	11	1500204	21199977	13125	0.1756
c9ee5b6a-1b79-4bc7-a93d-e3c52f77d216	11	21199985	42864919	13558	0.1485
c9ee5b6a-1b79-4bc7-a93d-e3c52f77d216	11	42865442	44901807	1410	0.1891
c9ee5b6a-1b79-4bc7-a93d-e3c52f77d216	11	44901920	44951531	53	0.397
c9ee5b6a-1b79-4bc7-a93d-e3c52f77d216	11	44952085	45788564	580	0.1875
c9ee5b6a-1b79-4bc7-a93d-e3c52f77d216	11	45788953	60092103	3706	0.1418
c9ee5b6a-1b79-4bc7-a93d-e3c52f77d216	11	60092158	64828200	2315	0.1882
c9ee5b6a-1b79-4bc7-a93d-e3c52f77d216	11	65902628	66176408	140	-0.7585
c9ee5b6a-1b79-4bc7-a93d-e3c52f77d216	11	66182203	83197175	9143	0.1698
c9ee5b6a-1b79-4bc7-a93d-e3c52f77d216	11	83198151	83235612	27	-0.7777
c9ee5b6a-1b79-4bc7-a93d-e3c52f77d216	11	83237094	83726916	288	-4.5573
c9ee5b6a-1b79-4bc7-a93d-e3c52f77d216	11	83729523	94732295	6343	-0.777
c9ee5b6a-1b79-4bc7-a93d-e3c52f77d216	11	94732347	94736846	2	-6.4141
c9ee5b6a-1b79-4bc7-a93d-e3c52f77d216	11	94742892	134272740	26167	-0.7916
c9ee5b6a-1b79-4bc7-a93d-e3c52f77d216	12	780472	9770761	4872	0.1764
c9ee5b6a-1b79-4bc7-a93d-e3c52f77d216	12	9771321	52486587	22087	0.1415
c9ee5b6a-1b79-4bc7-a93d-e3c52f77d216	12	52486920	58578588	3358	0.1733
c9ee5b6a-1b79-4bc7-a93d-e3c52f77d216	12	58580942	105428665	28984	0.1379
c9ee5b6a-1b79-4bc7-a93d-e3c52f77d216	12	105429385	116426325	6674	0.165
c9ee5b6a-1b79-4bc7-a93d-e3c52f77d216	12	116427271	116427379	2	-1.8401
c9ee5b6a-1b79-4bc7-a93d-e3c52f77d216	12	116429861	118163305	1170	0.1586
c9ee5b6a-1b79-4bc7-a93d-e3c52f77d216	12	118166792	118167991	4	-0.8892
c9ee5b6a-1b79-4bc7-a93d-e3c52f77d216	12	118170475	132605822	7007	0.1604
c9ee5b6a-1b79-4bc7-a93d-e3c52f77d216	13	18874255	19044164	110	0.1536
c9ee5b6a-1b79-4bc7-a93d-e3c52f77d216	13	19048003	26882617	4179	-0.8026
c9ee5b6a-1b79-4bc7-a93d-e3c52f77d216	13	26882631	26885755	3	-4.4811
c9ee5b6a-1b79-4bc7-a93d-e3c52f77d216	13	26888781	27374912	357	-0.7963
c9ee5b6a-1b79-4bc7-a93d-e3c52f77d216	13	27374951	27380303	2	-3.8627
c9ee5b6a-1b79-4bc7-a93d-e3c52f77d216	13	27382193	29862412	1776	-0.7836
c9ee5b6a-1b79-4bc7-a93d-e3c52f77d216	13	29862710	29862752	2	-4.3518
c9ee5b6a-1b79-4bc7-a93d-e3c52f77d216	13	29862831	30909151	782	-0.8421
c9ee5b6a-1b79-4bc7-a93d-e3c52f77d216	13	30909371	30909418	2	-4.1641
c9ee5b6a-1b79-4bc7-a93d-e3c52f77d216	13	30910471	73743384	23861	-0.7914
c9ee5b6a-1b79-4bc7-a93d-e3c52f77d216	13	73746100	109644215	23104	0.1485
c9ee5b6a-1b79-4bc7-a93d-e3c52f77d216	13	109645060	114226675	2481	0.195
c9ee5b6a-1b79-4bc7-a93d-e3c52f77d216	14	20033191	34286555	7783	-0.7995
c9ee5b6a-1b79-4bc7-a93d-e3c52f77d216	14	34286706	37447538	1780	0.1453
c9ee5b6a-1b79-4bc7-a93d-e3c52f77d216	14	37448191	105533894	39834	-0.7965
c9ee5b6a-1b79-4bc7-a93d-e3c52f77d216	15	23437561	98133397	42936	0.1628
c9ee5b6a-1b79-4bc7-a93d-e3c52f77d216	15	98133854	98134976	2	-2.0505
c9ee5b6a-1b79-4bc7-a93d-e3c52f77d216	15	98135295	101344124	1731	0.1801
c9ee5b6a-1b79-4bc7-a93d-e3c52f77d216	16	603333	59508803	22537	0.1739
c9ee5b6a-1b79-4bc7-a93d-e3c52f77d216	16	59508851	64858799	3324	0.1394
c9ee5b6a-1b79-4bc7-a93d-e3c52f77d216	16	64859867	89317317	15236	0.1786
c9ee5b6a-1b79-4bc7-a93d-e3c52f77d216	17	1074619	11540459	5623	-0.7814
c9ee5b6a-1b79-4bc7-a93d-e3c52f77d216	17	11550362	16425641	2135	0.1888
c9ee5b6a-1b79-4bc7-a93d-e3c52f77d216	17	16426501	20160292	1575	0.2443
c9ee5b6a-1b79-4bc7-a93d-e3c52f77d216	17	20163352	47178750	8837	0.1723
c9ee5b6a-1b79-4bc7-a93d-e3c52f77d216	17	47186208	47190619	3	-1.4219
c9ee5b6a-1b79-4bc7-a93d-e3c52f77d216	17	47190813	73433637	15255	0.1586
c9ee5b6a-1b79-4bc7-a93d-e3c52f77d216	17	73435028	82959812	3719	0.1953
c9ee5b6a-1b79-4bc7-a93d-e3c52f77d216	18	326691	79349796	42867	0.1444
c9ee5b6a-1b79-4bc7-a93d-e3c52f77d216	19	283868	44467687	18353	0.1835
c9ee5b6a-1b79-4bc7-a93d-e3c52f77d216	19	44472441	50824837	2483	-0.7466
c9ee5b6a-1b79-4bc7-a93d-e3c52f77d216	19	50835951	50911231	3	-4.4606
c9ee5b6a-1b79-4bc7-a93d-e3c52f77d216	19	50911894	58370362	3225	-0.7719
c9ee5b6a-1b79-4bc7-a93d-e3c52f77d216	20	472817	1932980	870	0.1718
c9ee5b6a-1b79-4bc7-a93d-e3c52f77d216	20	1936086	1936644	3	-1.8096
c9ee5b6a-1b79-4bc7-a93d-e3c52f77d216	20	1938678	2248605	275	0.2197
c9ee5b6a-1b79-4bc7-a93d-e3c52f77d216	20	2250438	56906102	31853	0.1611
c9ee5b6a-1b79-4bc7-a93d-e3c52f77d216	20	56906790	63588502	4452	0.1999
c9ee5b6a-1b79-4bc7-a93d-e3c52f77d216	21	13974127	31439048	11181	0.1422
c9ee5b6a-1b79-4bc7-a93d-e3c52f77d216	21	31439061	46262057	9365	0.1786
c9ee5b6a-1b79-4bc7-a93d-e3c52f77d216	22	16934932	48940621	17057	0.1803
c9ee5b6a-1b79-4bc7-a93d-e3c52f77d216	X	3236359	12252758	2987	0.0191
c9ee5b6a-1b79-4bc7-a93d-e3c52f77d216	X	12252859	12253462	2	-3.5084
c9ee5b6a-1b79-4bc7-a93d-e3c52f77d216	X	12253489	22564516	5141	-0.0008
c9ee5b6a-1b79-4bc7-a93d-e3c52f77d216	X	22565215	22665908	56	0.5411
c9ee5b6a-1b79-4bc7-a93d-e3c52f77d216	X	22666244	37602854	7066	-0.0044
c9ee5b6a-1b79-4bc7-a93d-e3c52f77d216	X	37602889	37603312	3	-2.1877
c9ee5b6a-1b79-4bc7-a93d-e3c52f77d216	X	37603833	39762612	1187	0.0246
c9ee5b6a-1b79-4bc7-a93d-e3c52f77d216	X	39766149	39766438	2	-3.3887
c9ee5b6a-1b79-4bc7-a93d-e3c52f77d216	X	39769160	145611376	42982	-0.0025
c9ee5b6a-1b79-4bc7-a93d-e3c52f77d216	X	145611405	145611785	2	2.4597
c9ee5b6a-1b79-4bc7-a93d-e3c52f77d216	X	145614085	151737785	3451	0.0155
c9ee5b6a-1b79-4bc7-a93d-e3c52f77d216	X	151739249	151739261	2	-2.7962
c9ee5b6a-1b79-4bc7-a93d-e3c52f77d216	X	151739947	155677414	860	0.0358
