GDC_Aliquot	Chromosome	Start	End	Num_Probes	Segment_Mean
086b9671-9220-478d-9898-e46d449e4d56	1	3301765	7821720	2931	0.2118
086b9671-9220-478d-9898-e46d449e4d56	1	7823237	11484264	1774	0.1439
086b9671-9220-478d-9898-e46d449e4d56	1	11487350	50579542	20704	0.1917
086b9671-9220-478d-9898-e46d449e4d56	1	50580426	53049429	1025	0.1291
086b9671-9220-478d-9898-e46d449e4d56	1	53049633	58387179	3980	0.2111
086b9671-9220-478d-9898-e46d449e4d56	1	58389093	73921975	10047	0.1816
086b9671-9220-478d-9898-e46d449e4d56	1	73923205	73927995	2	-1.4396
086b9671-9220-478d-9898-e46d449e4d56	1	73928743	89239794	9398	0.1745
086b9671-9220-478d-9898-e46d449e4d56	1	89242655	89323862	46	0.6629
086b9671-9220-478d-9898-e46d449e4d56	1	89323867	104359738	8774	0.1722
086b9671-9220-478d-9898-e46d449e4d56	1	104389220	104546444	79	0.8128
086b9671-9220-478d-9898-e46d449e4d56	1	104548116	104563975	11	0.4964
086b9671-9220-478d-9898-e46d449e4d56	1	104572269	111143432	3679	0.1759
086b9671-9220-478d-9898-e46d449e4d56	1	111144247	111159922	13	0.5957
086b9671-9220-478d-9898-e46d449e4d56	1	111159931	111175432	8	-0.0988
086b9671-9220-478d-9898-e46d449e4d56	1	111178705	111371809	187	0.6128
086b9671-9220-478d-9898-e46d449e4d56	1	111378003	111581701	138	0.1488
086b9671-9220-478d-9898-e46d449e4d56	1	111582782	111633377	34	0.6274
086b9671-9220-478d-9898-e46d449e4d56	1	111658706	112319772	551	0.215
086b9671-9220-478d-9898-e46d449e4d56	1	112321350	112431575	90	0.6621
086b9671-9220-478d-9898-e46d449e4d56	1	112438790	112449058	7	0.1621
086b9671-9220-478d-9898-e46d449e4d56	1	112454159	112485849	23	0.6243
086b9671-9220-478d-9898-e46d449e4d56	1	112487447	112559177	51	0.1605
086b9671-9220-478d-9898-e46d449e4d56	1	112561367	112602145	14	0.5566
086b9671-9220-478d-9898-e46d449e4d56	1	112620816	113133864	279	0.151
086b9671-9220-478d-9898-e46d449e4d56	1	113136262	113274830	88	0.6331
086b9671-9220-478d-9898-e46d449e4d56	1	113275498	113418407	63	0.2025
086b9671-9220-478d-9898-e46d449e4d56	1	113421908	113454371	21	0.6024
086b9671-9220-478d-9898-e46d449e4d56	1	113462357	113570263	71	0.1662
086b9671-9220-478d-9898-e46d449e4d56	1	113579027	113592724	14	0.7477
086b9671-9220-478d-9898-e46d449e4d56	1	113596128	113644181	27	0.1832
086b9671-9220-478d-9898-e46d449e4d56	1	113647242	113698294	27	0.5535
086b9671-9220-478d-9898-e46d449e4d56	1	113699628	113773298	22	0.0912
086b9671-9220-478d-9898-e46d449e4d56	1	113780433	113822069	25	0.5967
086b9671-9220-478d-9898-e46d449e4d56	1	113840711	114123505	169	0.1907
086b9671-9220-478d-9898-e46d449e4d56	1	114125677	114206714	72	0.6667
086b9671-9220-478d-9898-e46d449e4d56	1	114208283	116795104	1735	0.1826
086b9671-9220-478d-9898-e46d449e4d56	1	116795141	116824568	21	0.5894
086b9671-9220-478d-9898-e46d449e4d56	1	116830842	116966159	104	0.1801
086b9671-9220-478d-9898-e46d449e4d56	1	116971426	117042886	42	0.6422
086b9671-9220-478d-9898-e46d449e4d56	1	117043327	117215941	132	0.1907
086b9671-9220-478d-9898-e46d449e4d56	1	117218751	117313953	66	0.6273
086b9671-9220-478d-9898-e46d449e4d56	1	117318619	117790542	275	0.219
086b9671-9220-478d-9898-e46d449e4d56	1	117793423	117793596	2	-1.0448
086b9671-9220-478d-9898-e46d449e4d56	1	117797825	118622047	458	0.2114
086b9671-9220-478d-9898-e46d449e4d56	1	118626741	118803936	65	0.6521
086b9671-9220-478d-9898-e46d449e4d56	1	118804742	118871380	26	0.2044
086b9671-9220-478d-9898-e46d449e4d56	1	118873845	118935988	53	0.6924
086b9671-9220-478d-9898-e46d449e4d56	1	118936205	118965675	24	0.1536
086b9671-9220-478d-9898-e46d449e4d56	1	118970259	119072209	53	0.7463
086b9671-9220-478d-9898-e46d449e4d56	1	119075491	119465513	262	0.245
086b9671-9220-478d-9898-e46d449e4d56	1	119468289	119805044	207	0.6334
086b9671-9220-478d-9898-e46d449e4d56	1	119805548	119855725	37	0.2188
086b9671-9220-478d-9898-e46d449e4d56	1	119855759	119963485	66	0.7021
086b9671-9220-478d-9898-e46d449e4d56	1	119965901	150086810	99	0.0683
086b9671-9220-478d-9898-e46d449e4d56	1	150090787	150121640	13	0.4112
086b9671-9220-478d-9898-e46d449e4d56	1	150124652	150162143	13	0.1432
086b9671-9220-478d-9898-e46d449e4d56	1	150163957	150167274	4	0.4642
086b9671-9220-478d-9898-e46d449e4d56	1	150170954	150229914	23	0.0293
086b9671-9220-478d-9898-e46d449e4d56	1	150237772	150240251	4	-0.7639
086b9671-9220-478d-9898-e46d449e4d56	1	150245502	150768248	166	0.0388
086b9671-9220-478d-9898-e46d449e4d56	1	150768299	152319977	694	-0.6847
086b9671-9220-478d-9898-e46d449e4d56	1	152341322	154552497	1171	0.1344
086b9671-9220-478d-9898-e46d449e4d56	1	154556945	156682525	999	-0.6892
086b9671-9220-478d-9898-e46d449e4d56	1	156686516	157626296	570	0.1597
086b9671-9220-478d-9898-e46d449e4d56	1	157632415	157718252	64	-0.6435
086b9671-9220-478d-9898-e46d449e4d56	1	157723195	158200394	356	0.1647
086b9671-9220-478d-9898-e46d449e4d56	1	158201288	158515044	193	-0.7246
086b9671-9220-478d-9898-e46d449e4d56	1	158515086	158545295	39	0.1556
086b9671-9220-478d-9898-e46d449e4d56	1	158580102	158675320	75	-0.7427
086b9671-9220-478d-9898-e46d449e4d56	1	158678894	158692940	21	0.0339
086b9671-9220-478d-9898-e46d449e4d56	1	158694799	159204097	299	-0.7812
086b9671-9220-478d-9898-e46d449e4d56	1	159204333	159245145	31	0.0975
086b9671-9220-478d-9898-e46d449e4d56	1	159248028	160379910	710	-0.731
086b9671-9220-478d-9898-e46d449e4d56	1	160379962	160466907	73	0.0525
086b9671-9220-478d-9898-e46d449e4d56	1	160469224	160489849	13	-0.73
086b9671-9220-478d-9898-e46d449e4d56	1	160491460	160840003	254	0.0636
086b9671-9220-478d-9898-e46d449e4d56	1	160843953	162214731	753	-0.7229
086b9671-9220-478d-9898-e46d449e4d56	1	162215642	162343595	120	0.0735
086b9671-9220-478d-9898-e46d449e4d56	1	162343728	162474579	98	-0.7132
086b9671-9220-478d-9898-e46d449e4d56	1	162475526	162475536	2	1.4893
086b9671-9220-478d-9898-e46d449e4d56	1	162481911	162740863	183	-0.7102
086b9671-9220-478d-9898-e46d449e4d56	1	162741649	163695228	758	0.1112
086b9671-9220-478d-9898-e46d449e4d56	1	163696755	163782196	50	-0.7607
086b9671-9220-478d-9898-e46d449e4d56	1	163833292	164273489	293	0.1317
086b9671-9220-478d-9898-e46d449e4d56	1	164275792	164586710	232	-0.7072
086b9671-9220-478d-9898-e46d449e4d56	1	164589835	164673791	67	0.1057
086b9671-9220-478d-9898-e46d449e4d56	1	164675787	164699368	35	-0.7924
086b9671-9220-478d-9898-e46d449e4d56	1	164700608	164848050	118	0.1322
086b9671-9220-478d-9898-e46d449e4d56	1	164851682	164872272	19	-0.6697
086b9671-9220-478d-9898-e46d449e4d56	1	164873205	164974783	98	0.0756
086b9671-9220-478d-9898-e46d449e4d56	1	164976279	165005570	32	-0.7452
086b9671-9220-478d-9898-e46d449e4d56	1	165010578	165094663	62	0.119
086b9671-9220-478d-9898-e46d449e4d56	1	165096129	167245101	1743	-0.6937
086b9671-9220-478d-9898-e46d449e4d56	1	167251600	167290518	22	0.0642
086b9671-9220-478d-9898-e46d449e4d56	1	167290623	167625748	241	-0.751
086b9671-9220-478d-9898-e46d449e4d56	1	167633308	167783796	108	2.0748
086b9671-9220-478d-9898-e46d449e4d56	1	167784277	167916800	100	-0.7257
086b9671-9220-478d-9898-e46d449e4d56	1	167929011	168092539	79	2.4637
086b9671-9220-478d-9898-e46d449e4d56	1	168092592	168164534	34	1.6738
086b9671-9220-478d-9898-e46d449e4d56	1	168168342	169135384	797	-0.6959
086b9671-9220-478d-9898-e46d449e4d56	1	169137315	169141798	4	2.1239
086b9671-9220-478d-9898-e46d449e4d56	1	169142631	169376956	151	-0.714
086b9671-9220-478d-9898-e46d449e4d56	1	169378307	169479460	54	0.1539
086b9671-9220-478d-9898-e46d449e4d56	1	169482852	169496048	11	-0.9721
086b9671-9220-478d-9898-e46d449e4d56	1	169505116	169574805	75	0.0808
086b9671-9220-478d-9898-e46d449e4d56	1	169579654	169679985	74	-0.7245
086b9671-9220-478d-9898-e46d449e4d56	1	169692158	169711032	36	0.0988
086b9671-9220-478d-9898-e46d449e4d56	1	169715393	170268311	435	-0.7308
086b9671-9220-478d-9898-e46d449e4d56	1	170268384	170318284	43	0.083
086b9671-9220-478d-9898-e46d449e4d56	1	170321269	170361700	43	-0.7452
086b9671-9220-478d-9898-e46d449e4d56	1	170367217	170385082	9	0.1693
086b9671-9220-478d-9898-e46d449e4d56	1	170395909	170766946	205	-0.6849
086b9671-9220-478d-9898-e46d449e4d56	1	170768106	170779412	9	2.2439
086b9671-9220-478d-9898-e46d449e4d56	1	170782113	170861136	29	0.0513
086b9671-9220-478d-9898-e46d449e4d56	1	170864043	171219214	246	-0.7294
086b9671-9220-478d-9898-e46d449e4d56	1	171231613	171537669	184	2.0063
086b9671-9220-478d-9898-e46d449e4d56	1	171539000	171763884	153	1.6518
086b9671-9220-478d-9898-e46d449e4d56	1	171763954	171950311	149	2.0312
086b9671-9220-478d-9898-e46d449e4d56	1	171953224	171967582	8	-0.9342
086b9671-9220-478d-9898-e46d449e4d56	1	171975278	172007419	21	2.4298
086b9671-9220-478d-9898-e46d449e4d56	1	172009700	172133087	66	-0.6842
086b9671-9220-478d-9898-e46d449e4d56	1	172142359	172532503	304	2.0073
086b9671-9220-478d-9898-e46d449e4d56	1	172539586	172748000	124	-0.7319
086b9671-9220-478d-9898-e46d449e4d56	1	172757479	172826855	47	1.9696
086b9671-9220-478d-9898-e46d449e4d56	1	172829282	172838983	10	-0.5366
086b9671-9220-478d-9898-e46d449e4d56	1	172841666	172907223	34	1.7905
086b9671-9220-478d-9898-e46d449e4d56	1	172909729	173136372	152	2.3477
086b9671-9220-478d-9898-e46d449e4d56	1	173136926	173189480	33	1.8014
086b9671-9220-478d-9898-e46d449e4d56	1	173190924	175461672	1244	-0.6868
086b9671-9220-478d-9898-e46d449e4d56	1	175793886	175847076	27	1.741
086b9671-9220-478d-9898-e46d449e4d56	1	175850289	175869593	18	-0.6443
086b9671-9220-478d-9898-e46d449e4d56	1	175870098	175935673	53	2.1437
086b9671-9220-478d-9898-e46d449e4d56	1	175942575	177041025	588	-0.695
086b9671-9220-478d-9898-e46d449e4d56	1	177041571	177146656	81	0.9368
086b9671-9220-478d-9898-e46d449e4d56	1	177150578	179047795	1159	-0.6759
086b9671-9220-478d-9898-e46d449e4d56	1	179053515	179350681	318	1.4838
086b9671-9220-478d-9898-e46d449e4d56	1	179370127	179383614	14	-0.1525
086b9671-9220-478d-9898-e46d449e4d56	1	179385787	183019473	2389	-0.7237
086b9671-9220-478d-9898-e46d449e4d56	1	183022282	183459707	326	1.4992
086b9671-9220-478d-9898-e46d449e4d56	1	183462810	183491979	8	-0.5048
086b9671-9220-478d-9898-e46d449e4d56	1	183496721	183774464	192	2.069
086b9671-9220-478d-9898-e46d449e4d56	1	183774985	183960670	142	2.3157
086b9671-9220-478d-9898-e46d449e4d56	1	183961018	184054017	80	2.0076
086b9671-9220-478d-9898-e46d449e4d56	1	184057016	184076348	8	2.8026
086b9671-9220-478d-9898-e46d449e4d56	1	184078556	184173579	53	2.0834
086b9671-9220-478d-9898-e46d449e4d56	1	184173634	184206988	20	-0.5639
086b9671-9220-478d-9898-e46d449e4d56	1	184208111	184236121	23	1.9854
086b9671-9220-478d-9898-e46d449e4d56	1	184238734	200012976	9164	-0.7133
086b9671-9220-478d-9898-e46d449e4d56	1	200013772	200032998	10	-0.0754
086b9671-9220-478d-9898-e46d449e4d56	1	200038263	200051007	14	-0.8315
086b9671-9220-478d-9898-e46d449e4d56	1	200053889	200154834	104	0.0322
086b9671-9220-478d-9898-e46d449e4d56	1	200158414	200170167	16	-0.8723
086b9671-9220-478d-9898-e46d449e4d56	1	200172673	200208645	44	0.0811
086b9671-9220-478d-9898-e46d449e4d56	1	200210906	200626145	287	-0.7097
086b9671-9220-478d-9898-e46d449e4d56	1	200627135	200726019	68	0.0552
086b9671-9220-478d-9898-e46d449e4d56	1	200731840	200944808	61	-0.6811
086b9671-9220-478d-9898-e46d449e4d56	1	200947253	201114215	142	0.1242
086b9671-9220-478d-9898-e46d449e4d56	1	201116868	201801245	536	-0.7016
086b9671-9220-478d-9898-e46d449e4d56	1	201802832	201851582	30	0.0823
086b9671-9220-478d-9898-e46d449e4d56	1	201857212	201919639	39	-0.5602
086b9671-9220-478d-9898-e46d449e4d56	1	201939550	201957041	15	0.0045
086b9671-9220-478d-9898-e46d449e4d56	1	201959105	201974223	11	-0.6366
086b9671-9220-478d-9898-e46d449e4d56	1	201976082	202007352	17	0.0924
086b9671-9220-478d-9898-e46d449e4d56	1	202017856	202260992	139	-0.6546
086b9671-9220-478d-9898-e46d449e4d56	1	202267226	202276389	6	0.2538
086b9671-9220-478d-9898-e46d449e4d56	1	202277100	202587391	146	-0.6271
086b9671-9220-478d-9898-e46d449e4d56	1	202590602	202608577	14	0.1161
086b9671-9220-478d-9898-e46d449e4d56	1	202615009	202827800	148	-0.6823
086b9671-9220-478d-9898-e46d449e4d56	1	202831603	203038739	132	0.0627
086b9671-9220-478d-9898-e46d449e4d56	1	203039158	203088256	31	-0.7404
086b9671-9220-478d-9898-e46d449e4d56	1	203091102	203124073	12	0.0194
086b9671-9220-478d-9898-e46d449e4d56	1	203126228	203522382	301	-0.7248
086b9671-9220-478d-9898-e46d449e4d56	1	203524984	203642973	58	0.4937
086b9671-9220-478d-9898-e46d449e4d56	1	203648263	203849484	120	0.8138
086b9671-9220-478d-9898-e46d449e4d56	1	203849615	203955691	45	0.5832
086b9671-9220-478d-9898-e46d449e4d56	1	203959248	204027859	34	0.228
086b9671-9220-478d-9898-e46d449e4d56	1	204027903	204118865	63	0.6989
086b9671-9220-478d-9898-e46d449e4d56	1	204123897	204216456	86	1.9302
086b9671-9220-478d-9898-e46d449e4d56	1	204240497	204291470	44	2.358
086b9671-9220-478d-9898-e46d449e4d56	1	204291582	204550059	239	1.7598
086b9671-9220-478d-9898-e46d449e4d56	1	204551414	204768389	162	2.0664
086b9671-9220-478d-9898-e46d449e4d56	1	204772104	204813419	24	-0.7237
086b9671-9220-478d-9898-e46d449e4d56	1	204814077	205162971	301	0.7801
086b9671-9220-478d-9898-e46d449e4d56	1	205163133	205188563	15	1.4901
086b9671-9220-478d-9898-e46d449e4d56	1	205188631	205250959	30	1.0494
086b9671-9220-478d-9898-e46d449e4d56	1	205252287	205274633	13	1.5065
086b9671-9220-478d-9898-e46d449e4d56	1	205275152	205330627	38	0.7249
086b9671-9220-478d-9898-e46d449e4d56	1	205333793	205478380	83	0.9441
086b9671-9220-478d-9898-e46d449e4d56	1	205478906	205852299	234	0.7407
086b9671-9220-478d-9898-e46d449e4d56	1	205855285	205953423	71	0.9757
086b9671-9220-478d-9898-e46d449e4d56	1	206011429	207096574	548	-0.7305
086b9671-9220-478d-9898-e46d449e4d56	1	207101037	207154153	28	0.1364
086b9671-9220-478d-9898-e46d449e4d56	1	207154888	207241636	48	-0.6488
086b9671-9220-478d-9898-e46d449e4d56	1	207246572	207400303	114	0.0674
086b9671-9220-478d-9898-e46d449e4d56	1	207413192	207508681	74	-0.6801
086b9671-9220-478d-9898-e46d449e4d56	1	207509802	207524485	9	0.0255
086b9671-9220-478d-9898-e46d449e4d56	1	207573308	207619551	39	-0.646
086b9671-9220-478d-9898-e46d449e4d56	1	207629676	207781705	98	0.1162
086b9671-9220-478d-9898-e46d449e4d56	1	207782478	207794649	9	-0.8029
086b9671-9220-478d-9898-e46d449e4d56	1	207794912	207854114	34	0.102
086b9671-9220-478d-9898-e46d449e4d56	1	207856602	208037009	150	-0.6923
086b9671-9220-478d-9898-e46d449e4d56	1	208041107	208065003	30	0.0853
086b9671-9220-478d-9898-e46d449e4d56	1	208069751	208264476	170	-0.7249
086b9671-9220-478d-9898-e46d449e4d56	1	208284575	208451517	162	0.1401
086b9671-9220-478d-9898-e46d449e4d56	1	208452386	208606591	132	-0.7709
086b9671-9220-478d-9898-e46d449e4d56	1	208607756	208662739	47	0.1137
086b9671-9220-478d-9898-e46d449e4d56	1	208664109	208938723	210	-0.7469
086b9671-9220-478d-9898-e46d449e4d56	1	208940367	208945543	6	2.3163
086b9671-9220-478d-9898-e46d449e4d56	1	208948332	210425397	1097	-0.7219
086b9671-9220-478d-9898-e46d449e4d56	1	210425493	210668442	204	0.1319
086b9671-9220-478d-9898-e46d449e4d56	1	210671736	210675002	8	-0.6519
086b9671-9220-478d-9898-e46d449e4d56	1	210680926	210767132	86	0.1565
086b9671-9220-478d-9898-e46d449e4d56	1	210768460	210813667	35	0.5466
086b9671-9220-478d-9898-e46d449e4d56	1	210814924	211106397	181	0.0956
086b9671-9220-478d-9898-e46d449e4d56	1	211115319	211636625	302	-0.6967
086b9671-9220-478d-9898-e46d449e4d56	1	211638225	211638726	3	1.9321
086b9671-9220-478d-9898-e46d449e4d56	1	211639668	213781144	1332	-0.7129
086b9671-9220-478d-9898-e46d449e4d56	1	213785075	213814541	21	0.5913
086b9671-9220-478d-9898-e46d449e4d56	1	213815292	213870783	34	0.0936
086b9671-9220-478d-9898-e46d449e4d56	1	213871621	215512487	1170	-0.7281
086b9671-9220-478d-9898-e46d449e4d56	1	215515342	215530126	11	0.869
086b9671-9220-478d-9898-e46d449e4d56	1	215538274	217872193	1600	-0.7151
086b9671-9220-478d-9898-e46d449e4d56	1	217874050	217901773	24	0.0848
086b9671-9220-478d-9898-e46d449e4d56	1	217902437	217934746	20	-0.672
086b9671-9220-478d-9898-e46d449e4d56	1	217935591	217938336	2	-3.0634
086b9671-9220-478d-9898-e46d449e4d56	1	217939280	218892389	663	-0.7209
086b9671-9220-478d-9898-e46d449e4d56	1	218896205	219507016	431	0.1131
086b9671-9220-478d-9898-e46d449e4d56	1	219512124	219512972	2	-1.1451
086b9671-9220-478d-9898-e46d449e4d56	1	219514090	220963727	942	0.0906
086b9671-9220-478d-9898-e46d449e4d56	1	220972183	222563512	1061	-0.7196
086b9671-9220-478d-9898-e46d449e4d56	1	222570773	222605397	23	0.0963
086b9671-9220-478d-9898-e46d449e4d56	1	222607088	223012075	222	-0.7376
086b9671-9220-478d-9898-e46d449e4d56	1	223014806	223021873	8	0.1395
086b9671-9220-478d-9898-e46d449e4d56	1	223023741	223138224	27	-0.5442
086b9671-9220-478d-9898-e46d449e4d56	1	223138265	223165980	27	0.5442
086b9671-9220-478d-9898-e46d449e4d56	1	223174103	225996737	1567	-0.7078
086b9671-9220-478d-9898-e46d449e4d56	1	226000948	226014015	7	0.9139
086b9671-9220-478d-9898-e46d449e4d56	1	226017704	229887676	2185	-0.7184
086b9671-9220-478d-9898-e46d449e4d56	1	229887860	229898244	9	0.2303
086b9671-9220-478d-9898-e46d449e4d56	1	229901839	230467687	430	-0.7148
086b9671-9220-478d-9898-e46d449e4d56	1	230468076	230497346	27	0.0828
086b9671-9220-478d-9898-e46d449e4d56	1	230500072	230675010	165	-0.7135
086b9671-9220-478d-9898-e46d449e4d56	1	230678337	230696447	18	0.5737
086b9671-9220-478d-9898-e46d449e4d56	1	230699008	230811675	105	-0.75
086b9671-9220-478d-9898-e46d449e4d56	1	230816113	230835194	21	1.7966
086b9671-9220-478d-9898-e46d449e4d56	1	230838583	231397037	332	-0.7606
086b9671-9220-478d-9898-e46d449e4d56	1	231399366	231476775	51	0.5091
086b9671-9220-478d-9898-e46d449e4d56	1	231481234	232084815	285	-0.6988
086b9671-9220-478d-9898-e46d449e4d56	1	232087563	232100726	11	1.6993
086b9671-9220-478d-9898-e46d449e4d56	1	232104024	232129515	18	-0.6073
086b9671-9220-478d-9898-e46d449e4d56	1	232129864	232130157	3	-1.4469
086b9671-9220-478d-9898-e46d449e4d56	1	232130203	232195720	78	-0.6623
086b9671-9220-478d-9898-e46d449e4d56	1	232202723	232243673	21	0.0837
086b9671-9220-478d-9898-e46d449e4d56	1	232243750	232257311	14	-0.5946
086b9671-9220-478d-9898-e46d449e4d56	1	232257459	232271089	12	0.1916
086b9671-9220-478d-9898-e46d449e4d56	1	232273158	233990990	1390	-0.7092
086b9671-9220-478d-9898-e46d449e4d56	1	233991173	234008252	20	0.1114
086b9671-9220-478d-9898-e46d449e4d56	1	234008580	236137516	1286	-0.7512
086b9671-9220-478d-9898-e46d449e4d56	1	236139434	236167611	21	0.5809
086b9671-9220-478d-9898-e46d449e4d56	1	236171743	236469016	202	-0.7932
086b9671-9220-478d-9898-e46d449e4d56	1	236471575	237416945	812	0.1117
086b9671-9220-478d-9898-e46d449e4d56	1	237419958	237438005	15	-0.8016
086b9671-9220-478d-9898-e46d449e4d56	1	237438470	237483057	42	0.119
086b9671-9220-478d-9898-e46d449e4d56	1	237483069	237484921	5	-0.4679
086b9671-9220-478d-9898-e46d449e4d56	1	237486006	237528807	39	0.0604
086b9671-9220-478d-9898-e46d449e4d56	1	237538903	237937799	335	0.6108
086b9671-9220-478d-9898-e46d449e4d56	1	237937955	238423234	391	0.9303
086b9671-9220-478d-9898-e46d449e4d56	1	238426854	239090306	522	0.6131
086b9671-9220-478d-9898-e46d449e4d56	1	239091110	239092087	2	-0.9449
086b9671-9220-478d-9898-e46d449e4d56	1	239095100	239450014	223	0.6032
086b9671-9220-478d-9898-e46d449e4d56	1	239451562	239630708	126	0.0373
086b9671-9220-478d-9898-e46d449e4d56	1	239635048	239722764	69	0.5635
086b9671-9220-478d-9898-e46d449e4d56	1	239726010	239802455	66	0.0773
086b9671-9220-478d-9898-e46d449e4d56	1	239806797	239832009	25	0.6436
086b9671-9220-478d-9898-e46d449e4d56	1	239833853	239852859	20	-0.0758
086b9671-9220-478d-9898-e46d449e4d56	1	239853966	239899102	37	0.5998
086b9671-9220-478d-9898-e46d449e4d56	1	239900411	240248268	297	0.0846
086b9671-9220-478d-9898-e46d449e4d56	1	240252478	240978209	549	0.5895
086b9671-9220-478d-9898-e46d449e4d56	1	240980975	241117893	103	0.1184
086b9671-9220-478d-9898-e46d449e4d56	1	241119355	241422199	267	0.6036
086b9671-9220-478d-9898-e46d449e4d56	1	241422278	241454038	19	0.0786
086b9671-9220-478d-9898-e46d449e4d56	1	241459035	241476814	19	-0.6632
086b9671-9220-478d-9898-e46d449e4d56	1	241485124	241805132	226	0.577
086b9671-9220-478d-9898-e46d449e4d56	1	241806500	241866849	67	0.9831
086b9671-9220-478d-9898-e46d449e4d56	1	241872737	242252286	218	0.633
086b9671-9220-478d-9898-e46d449e4d56	1	242255930	242388396	63	0.2843
086b9671-9220-478d-9898-e46d449e4d56	1	242392109	242420551	31	0.9318
086b9671-9220-478d-9898-e46d449e4d56	1	242420814	242445212	35	1.2128
086b9671-9220-478d-9898-e46d449e4d56	1	242446377	242488765	23	0.8868
086b9671-9220-478d-9898-e46d449e4d56	1	242489054	242582700	96	0.5776
086b9671-9220-478d-9898-e46d449e4d56	1	242586437	242598139	9	1.4928
086b9671-9220-478d-9898-e46d449e4d56	1	242600908	242699596	90	0.9223
086b9671-9220-478d-9898-e46d449e4d56	1	242700120	242802393	77	1.1932
086b9671-9220-478d-9898-e46d449e4d56	1	242806440	242876466	49	0.8622
086b9671-9220-478d-9898-e46d449e4d56	1	242878965	243776195	403	1.1811
086b9671-9220-478d-9898-e46d449e4d56	1	243776220	243846113	51	0.8378
086b9671-9220-478d-9898-e46d449e4d56	1	243846976	243886728	27	1.0232
086b9671-9220-478d-9898-e46d449e4d56	1	243893897	243918762	17	1.4518
086b9671-9220-478d-9898-e46d449e4d56	1	243918926	244022991	68	1.1443
086b9671-9220-478d-9898-e46d449e4d56	1	244023318	244230203	152	1.3796
086b9671-9220-478d-9898-e46d449e4d56	1	244230708	244721983	178	1.1387
086b9671-9220-478d-9898-e46d449e4d56	1	244722089	245109074	188	0.9284
086b9671-9220-478d-9898-e46d449e4d56	1	245110970	245203771	39	0.5851
086b9671-9220-478d-9898-e46d449e4d56	1	245203896	245973251	603	0.9326
086b9671-9220-478d-9898-e46d449e4d56	1	245973464	246022678	33	1.2539
086b9671-9220-478d-9898-e46d449e4d56	1	246026700	246892125	8	0.8625
086b9671-9220-478d-9898-e46d449e4d56	1	246893926	247527498	348	0.5906
086b9671-9220-478d-9898-e46d449e4d56	1	247528174	247650984	81	0.1175
086b9671-9220-478d-9898-e46d449e4d56	2	480597	44433300	26360	0.14
086b9671-9220-478d-9898-e46d449e4d56	2	44433477	44433945	2	-1.5386
086b9671-9220-478d-9898-e46d449e4d56	2	44436013	57223101	7350	0.1309
086b9671-9220-478d-9898-e46d449e4d56	2	57223479	57228337	2	-1.1727
086b9671-9220-478d-9898-e46d449e4d56	2	57233909	71681187	8684	0.1221
086b9671-9220-478d-9898-e46d449e4d56	2	71682692	71684875	2	-2.2783
086b9671-9220-478d-9898-e46d449e4d56	2	71687308	134704790	28230	0.1356
086b9671-9220-478d-9898-e46d449e4d56	2	134704811	215100314	45284	0.1172
086b9671-9220-478d-9898-e46d449e4d56	2	215100736	241537572	16217	0.1422
086b9671-9220-478d-9898-e46d449e4d56	3	2170634	8289015	3475	0.1197
086b9671-9220-478d-9898-e46d449e4d56	3	8289142	8559285	172	0.2039
086b9671-9220-478d-9898-e46d449e4d56	3	8559495	8560078	4	0.9906
086b9671-9220-478d-9898-e46d449e4d56	3	8561253	8891364	222	0.21
086b9671-9220-478d-9898-e46d449e4d56	3	8891899	10006999	664	0.1218
086b9671-9220-478d-9898-e46d449e4d56	3	10015868	10028991	5	-0.9324
086b9671-9220-478d-9898-e46d449e4d56	3	10039861	48319024	22733	0.1127
086b9671-9220-478d-9898-e46d449e4d56	3	48321414	50150876	657	0.0466
086b9671-9220-478d-9898-e46d449e4d56	3	50152664	53742685	1686	0.0985
086b9671-9220-478d-9898-e46d449e4d56	3	53742968	67277755	8721	0.1311
086b9671-9220-478d-9898-e46d449e4d56	3	67277805	122902265	29079	0.1072
086b9671-9220-478d-9898-e46d449e4d56	3	122911215	135358660	7502	0.1273
086b9671-9220-478d-9898-e46d449e4d56	3	135358977	191535568	29554	0.1039
086b9671-9220-478d-9898-e46d449e4d56	3	191536642	191961684	249	0.6809
086b9671-9220-478d-9898-e46d449e4d56	3	191963519	191976635	16	1.2295
086b9671-9220-478d-9898-e46d449e4d56	3	191979194	192040228	48	1.7342
086b9671-9220-478d-9898-e46d449e4d56	3	192040563	192090345	28	1.4774
086b9671-9220-478d-9898-e46d449e4d56	3	192098463	192177648	51	0.6938
086b9671-9220-478d-9898-e46d449e4d56	3	192302266	197812401	2256	0.1278
086b9671-9220-478d-9898-e46d449e4d56	4	1059384	11826564	6127	0.1274
086b9671-9220-478d-9898-e46d449e4d56	4	11827010	91354606	44882	0.0894
086b9671-9220-478d-9898-e46d449e4d56	4	91361746	91362620	2	-1.7196
086b9671-9220-478d-9898-e46d449e4d56	4	91365073	124538250	18492	0.0776
086b9671-9220-478d-9898-e46d449e4d56	4	124539196	124541780	3	-1.5964
086b9671-9220-478d-9898-e46d449e4d56	4	124541870	141314414	8882	0.0891
086b9671-9220-478d-9898-e46d449e4d56	4	141314466	148469123	3955	0.0538
086b9671-9220-478d-9898-e46d449e4d56	4	148473190	185932875	19972	0.0832
086b9671-9220-478d-9898-e46d449e4d56	4	185933337	187842528	1119	0.1236
086b9671-9220-478d-9898-e46d449e4d56	5	913983	1288579	59	0.6261
086b9671-9220-478d-9898-e46d449e4d56	5	1299214	2822089	881	0.1362
086b9671-9220-478d-9898-e46d449e4d56	5	2824179	2847643	19	0.634
086b9671-9220-478d-9898-e46d449e4d56	5	2851469	5781955	2420	0.1183
086b9671-9220-478d-9898-e46d449e4d56	5	5782432	5793601	21	0.7382
086b9671-9220-478d-9898-e46d449e4d56	5	5795620	6342380	465	0.1302
086b9671-9220-478d-9898-e46d449e4d56	5	6345521	6371760	21	0.5936
086b9671-9220-478d-9898-e46d449e4d56	5	6384170	6786195	348	0.0944
086b9671-9220-478d-9898-e46d449e4d56	5	6789756	7101709	262	0.6024
086b9671-9220-478d-9898-e46d449e4d56	5	7103480	7274955	99	0.0793
086b9671-9220-478d-9898-e46d449e4d56	5	7277683	7281087	6	0.6958
086b9671-9220-478d-9898-e46d449e4d56	5	7285718	7303763	5	-0.2271
086b9671-9220-478d-9898-e46d449e4d56	5	7308104	7364254	45	0.0608
086b9671-9220-478d-9898-e46d449e4d56	5	7367847	7394437	17	0.5378
086b9671-9220-478d-9898-e46d449e4d56	5	7397637	7924929	347	0.0929
086b9671-9220-478d-9898-e46d449e4d56	5	7930588	7933858	11	0.5552
086b9671-9220-478d-9898-e46d449e4d56	5	7938169	7946149	16	0.9584
086b9671-9220-478d-9898-e46d449e4d56	5	7947535	7970024	17	0.6028
086b9671-9220-478d-9898-e46d449e4d56	5	7970172	7984119	20	1.0155
086b9671-9220-478d-9898-e46d449e4d56	5	7988586	8014919	24	0.6581
086b9671-9220-478d-9898-e46d449e4d56	5	8018847	8295630	217	0.098
086b9671-9220-478d-9898-e46d449e4d56	5	8301166	8333699	31	0.6404
086b9671-9220-478d-9898-e46d449e4d56	5	8334101	8385182	30	0.922
086b9671-9220-478d-9898-e46d449e4d56	5	8398273	8510688	102	0.0741
086b9671-9220-478d-9898-e46d449e4d56	5	8513254	8557267	49	0.6373
086b9671-9220-478d-9898-e46d449e4d56	5	8557325	8591429	24	0.9151
086b9671-9220-478d-9898-e46d449e4d56	5	8593547	8598511	5	0.5343
086b9671-9220-478d-9898-e46d449e4d56	5	8599016	10986412	1647	0.0984
086b9671-9220-478d-9898-e46d449e4d56	5	10986572	11038874	33	0.5856
086b9671-9220-478d-9898-e46d449e4d56	5	11043667	11169489	119	0.1292
086b9671-9220-478d-9898-e46d449e4d56	5	11169717	11181501	20	0.7061
086b9671-9220-478d-9898-e46d449e4d56	5	11182818	11296741	93	0.0823
086b9671-9220-478d-9898-e46d449e4d56	5	11297778	11318636	24	0.5339
086b9671-9220-478d-9898-e46d449e4d56	5	11321563	11514730	167	0.1157
086b9671-9220-478d-9898-e46d449e4d56	5	11517147	11526425	8	0.5866
086b9671-9220-478d-9898-e46d449e4d56	5	11526661	11706246	122	0.1056
086b9671-9220-478d-9898-e46d449e4d56	5	11708473	11714545	4	0.7557
086b9671-9220-478d-9898-e46d449e4d56	5	11715910	12289283	351	0.0723
086b9671-9220-478d-9898-e46d449e4d56	5	12290913	12309876	9	0.8065
086b9671-9220-478d-9898-e46d449e4d56	5	12311820	12342226	23	0.084
086b9671-9220-478d-9898-e46d449e4d56	5	12345917	12357056	7	0.6294
086b9671-9220-478d-9898-e46d449e4d56	5	12359453	12763278	167	0.0933
086b9671-9220-478d-9898-e46d449e4d56	5	12765180	12776133	9	0.6926
086b9671-9220-478d-9898-e46d449e4d56	5	13169467	13560359	275	0.0904
086b9671-9220-478d-9898-e46d449e4d56	5	13564624	13642817	61	0.5759
086b9671-9220-478d-9898-e46d449e4d56	5	13656515	14397129	675	0.0932
086b9671-9220-478d-9898-e46d449e4d56	5	14400165	14413343	12	0.6035
086b9671-9220-478d-9898-e46d449e4d56	5	14414944	16405983	837	0.1067
086b9671-9220-478d-9898-e46d449e4d56	5	16408828	16411701	7	0.6451
086b9671-9220-478d-9898-e46d449e4d56	5	16423353	16490763	55	0.1725
086b9671-9220-478d-9898-e46d449e4d56	5	16496993	16532864	28	0.5524
086b9671-9220-478d-9898-e46d449e4d56	5	16532917	17186061	404	0.088
086b9671-9220-478d-9898-e46d449e4d56	5	17189487	17211540	28	0.5325
086b9671-9220-478d-9898-e46d449e4d56	5	17213210	17872258	232	0.1062
086b9671-9220-478d-9898-e46d449e4d56	5	17873529	17881709	13	0.5301
086b9671-9220-478d-9898-e46d449e4d56	5	17887318	17942916	41	0.0456
086b9671-9220-478d-9898-e46d449e4d56	5	17943692	17957233	11	0.6689
086b9671-9220-478d-9898-e46d449e4d56	5	17960987	18607208	381	0.1071
086b9671-9220-478d-9898-e46d449e4d56	5	18608281	18619651	5	0.6421
086b9671-9220-478d-9898-e46d449e4d56	5	18620152	18632882	9	1.2577
086b9671-9220-478d-9898-e46d449e4d56	5	18638563	18659666	14	0.5624
086b9671-9220-478d-9898-e46d449e4d56	5	18662658	19240774	273	0.0795
086b9671-9220-478d-9898-e46d449e4d56	5	19242247	19285140	17	0.6708
086b9671-9220-478d-9898-e46d449e4d56	5	19312824	19611607	203	0.0749
086b9671-9220-478d-9898-e46d449e4d56	5	19613411	19636011	14	0.4464
086b9671-9220-478d-9898-e46d449e4d56	5	19643142	19725356	36	0.0889
086b9671-9220-478d-9898-e46d449e4d56	5	19732694	19737262	6	0.6054
086b9671-9220-478d-9898-e46d449e4d56	5	19740895	20137233	215	0.0737
086b9671-9220-478d-9898-e46d449e4d56	5	20140548	20279144	70	0.5535
086b9671-9220-478d-9898-e46d449e4d56	5	20280469	20303146	13	-0.0053
086b9671-9220-478d-9898-e46d449e4d56	5	20306505	20313697	7	0.7375
086b9671-9220-478d-9898-e46d449e4d56	5	20314983	20998264	193	0.0801
086b9671-9220-478d-9898-e46d449e4d56	5	20998732	21012522	8	0.6561
086b9671-9220-478d-9898-e46d449e4d56	5	21012976	21910905	448	0.0659
086b9671-9220-478d-9898-e46d449e4d56	5	21912380	21922573	11	0.6604
086b9671-9220-478d-9898-e46d449e4d56	5	21926325	22228054	120	0.0532
086b9671-9220-478d-9898-e46d449e4d56	5	22238531	22269726	15	0.5314
086b9671-9220-478d-9898-e46d449e4d56	5	22269842	22333739	30	0.111
086b9671-9220-478d-9898-e46d449e4d56	5	22335095	22370138	13	0.5253
086b9671-9220-478d-9898-e46d449e4d56	5	22370515	22652480	140	0.0708
086b9671-9220-478d-9898-e46d449e4d56	5	22655978	22747009	53	0.6286
086b9671-9220-478d-9898-e46d449e4d56	5	22750185	24920680	1284	0.0932
086b9671-9220-478d-9898-e46d449e4d56	5	24923265	24941984	18	0.6452
086b9671-9220-478d-9898-e46d449e4d56	5	24942019	25012588	44	0.0653
086b9671-9220-478d-9898-e46d449e4d56	5	25014603	25027908	6	0.608
086b9671-9220-478d-9898-e46d449e4d56	5	25030052	25471996	97	0.0585
086b9671-9220-478d-9898-e46d449e4d56	5	25472313	25479914	4	-0.3969
086b9671-9220-478d-9898-e46d449e4d56	5	25479982	25559210	44	0.1011
086b9671-9220-478d-9898-e46d449e4d56	5	25562324	25582827	12	0.5346
086b9671-9220-478d-9898-e46d449e4d56	5	25590735	25900453	191	0.1066
086b9671-9220-478d-9898-e46d449e4d56	5	25903033	25920370	16	0.6072
086b9671-9220-478d-9898-e46d449e4d56	5	25921348	26354952	250	0.0866
086b9671-9220-478d-9898-e46d449e4d56	5	26357825	26382239	18	0.5966
086b9671-9220-478d-9898-e46d449e4d56	5	26386669	27404981	576	0.0886
086b9671-9220-478d-9898-e46d449e4d56	5	27406633	27430078	15	0.6366
086b9671-9220-478d-9898-e46d449e4d56	5	27433051	28165791	365	0.114
086b9671-9220-478d-9898-e46d449e4d56	5	28167888	28184921	14	0.56
086b9671-9220-478d-9898-e46d449e4d56	5	28194989	30045299	1030	0.0744
086b9671-9220-478d-9898-e46d449e4d56	5	30046935	30055655	7	0.7193
086b9671-9220-478d-9898-e46d449e4d56	5	30057388	30953774	526	0.1136
086b9671-9220-478d-9898-e46d449e4d56	5	30956277	30961698	5	0.7089
086b9671-9220-478d-9898-e46d449e4d56	5	30968633	31262422	250	0.0835
086b9671-9220-478d-9898-e46d449e4d56	5	31262954	31282289	25	0.6259
086b9671-9220-478d-9898-e46d449e4d56	5	31284326	32019070	611	0.1088
086b9671-9220-478d-9898-e46d449e4d56	5	32022768	32042039	20	0.5359
086b9671-9220-478d-9898-e46d449e4d56	5	32044963	32774941	449	0.0666
086b9671-9220-478d-9898-e46d449e4d56	5	32775144	32811456	23	0.5988
086b9671-9220-478d-9898-e46d449e4d56	5	32814827	33114532	201	0.0907
086b9671-9220-478d-9898-e46d449e4d56	5	33121736	33134839	5	0.7371
086b9671-9220-478d-9898-e46d449e4d56	5	33135753	33359391	137	0.0824
086b9671-9220-478d-9898-e46d449e4d56	5	33362287	33396693	18	0.6731
086b9671-9220-478d-9898-e46d449e4d56	5	33399455	35040008	578	0.0847
086b9671-9220-478d-9898-e46d449e4d56	5	35042915	35049291	14	0.6258
086b9671-9220-478d-9898-e46d449e4d56	5	35055562	35209893	102	0.0818
086b9671-9220-478d-9898-e46d449e4d56	5	35215721	35228554	14	0.6636
086b9671-9220-478d-9898-e46d449e4d56	5	35229973	37034187	1209	0.086
086b9671-9220-478d-9898-e46d449e4d56	5	37038231	37115014	25	0.5979
086b9671-9220-478d-9898-e46d449e4d56	5	37116835	37188260	31	0.0077
086b9671-9220-478d-9898-e46d449e4d56	5	37196333	37300556	41	0.4686
086b9671-9220-478d-9898-e46d449e4d56	5	37300876	38458531	685	0.0972
086b9671-9220-478d-9898-e46d449e4d56	5	38460240	38477322	16	0.5163
086b9671-9220-478d-9898-e46d449e4d56	5	38478913	38661941	117	0.116
086b9671-9220-478d-9898-e46d449e4d56	5	38662032	38676655	14	0.5688
086b9671-9220-478d-9898-e46d449e4d56	5	38684533	39445425	535	0.1054
086b9671-9220-478d-9898-e46d449e4d56	5	39446957	39506466	41	0.6552
086b9671-9220-478d-9898-e46d449e4d56	5	39509191	40026898	342	0.0713
086b9671-9220-478d-9898-e46d449e4d56	5	40038375	40045523	8	0.6395
086b9671-9220-478d-9898-e46d449e4d56	5	40045968	40233235	159	0.0783
086b9671-9220-478d-9898-e46d449e4d56	5	40235701	40243522	6	0.6281
086b9671-9220-478d-9898-e46d449e4d56	5	40251222	40287783	26	0.0939
086b9671-9220-478d-9898-e46d449e4d56	5	40294558	40307997	11	0.595
086b9671-9220-478d-9898-e46d449e4d56	5	40309897	41869256	926	0.0787
086b9671-9220-478d-9898-e46d449e4d56	5	41872411	42049260	78	0.3531
086b9671-9220-478d-9898-e46d449e4d56	5	42050252	42264091	108	0.0507
086b9671-9220-478d-9898-e46d449e4d56	5	42265205	42295420	22	0.6098
086b9671-9220-478d-9898-e46d449e4d56	5	42298157	42395928	46	0.0469
086b9671-9220-478d-9898-e46d449e4d56	5	42396980	42410110	13	0.5423
086b9671-9220-478d-9898-e46d449e4d56	5	42412167	42471311	32	0.0538
086b9671-9220-478d-9898-e46d449e4d56	5	42480810	42500393	14	0.5096
086b9671-9220-478d-9898-e46d449e4d56	5	42504101	42962248	260	0.0552
086b9671-9220-478d-9898-e46d449e4d56	5	42962523	42973856	8	0.4916
086b9671-9220-478d-9898-e46d449e4d56	5	42976697	43093927	41	0.0823
086b9671-9220-478d-9898-e46d449e4d56	5	43096335	43098983	4	0.877
086b9671-9220-478d-9898-e46d449e4d56	5	43101962	44346222	565	0.0734
086b9671-9220-478d-9898-e46d449e4d56	5	44365691	44394493	17	0.431
086b9671-9220-478d-9898-e46d449e4d56	5	44395458	44984060	259	0.075
086b9671-9220-478d-9898-e46d449e4d56	5	44985068	45040363	17	0.6735
086b9671-9220-478d-9898-e46d449e4d56	5	45043500	45205644	66	0.0691
086b9671-9220-478d-9898-e46d449e4d56	5	45209581	45224283	9	0.6799
086b9671-9220-478d-9898-e46d449e4d56	5	45228711	50843796	60	0.2235
086b9671-9220-478d-9898-e46d449e4d56	5	50847727	50856633	9	0.7581
086b9671-9220-478d-9898-e46d449e4d56	5	50865690	50967954	70	0.1891
086b9671-9220-478d-9898-e46d449e4d56	5	50970623	51001327	29	0.6884
086b9671-9220-478d-9898-e46d449e4d56	5	51004348	54540554	2147	0.1374
086b9671-9220-478d-9898-e46d449e4d56	5	54542279	54571491	25	0.699
086b9671-9220-478d-9898-e46d449e4d56	5	54573746	54739632	155	0.107
086b9671-9220-478d-9898-e46d449e4d56	5	54742610	54757023	18	0.6457
086b9671-9220-478d-9898-e46d449e4d56	5	54757087	57555941	1742	0.128
086b9671-9220-478d-9898-e46d449e4d56	5	57556808	57644143	61	0.2374
086b9671-9220-478d-9898-e46d449e4d56	5	57647625	57662069	18	0.6954
086b9671-9220-478d-9898-e46d449e4d56	5	57664764	57694820	23	0.1237
086b9671-9220-478d-9898-e46d449e4d56	5	57703197	57705439	6	0.7832
086b9671-9220-478d-9898-e46d449e4d56	5	57710704	57824492	72	0.1142
086b9671-9220-478d-9898-e46d449e4d56	5	57826549	57839897	12	0.6596
086b9671-9220-478d-9898-e46d449e4d56	5	57841769	58707872	582	0.1285
086b9671-9220-478d-9898-e46d449e4d56	5	58708702	58735669	18	0.6407
086b9671-9220-478d-9898-e46d449e4d56	5	58735792	59242023	419	0.1887
086b9671-9220-478d-9898-e46d449e4d56	5	59244522	59326362	18	0.5357
086b9671-9220-478d-9898-e46d449e4d56	5	59327272	59980883	469	0.1452
086b9671-9220-478d-9898-e46d449e4d56	5	59981378	59994208	12	0.7288
086b9671-9220-478d-9898-e46d449e4d56	5	60005086	60050131	26	0.0872
086b9671-9220-478d-9898-e46d449e4d56	5	60054262	60063634	9	0.5351
086b9671-9220-478d-9898-e46d449e4d56	5	60064514	60232646	66	0.1131
086b9671-9220-478d-9898-e46d449e4d56	5	60237374	60257881	15	0.6292
086b9671-9220-478d-9898-e46d449e4d56	5	60257915	60341922	45	0.1749
086b9671-9220-478d-9898-e46d449e4d56	5	60346004	60374787	26	0.6953
086b9671-9220-478d-9898-e46d449e4d56	5	60377539	60603420	83	0.1393
086b9671-9220-478d-9898-e46d449e4d56	5	60604550	60643222	21	0.595
086b9671-9220-478d-9898-e46d449e4d56	5	60646806	61400060	369	0.1452
086b9671-9220-478d-9898-e46d449e4d56	5	61401885	61437062	18	0.6577
086b9671-9220-478d-9898-e46d449e4d56	5	61438383	61520174	45	0.2081
086b9671-9220-478d-9898-e46d449e4d56	5	61523018	61527731	6	0.7177
086b9671-9220-478d-9898-e46d449e4d56	5	61531706	61539934	7	0.1578
086b9671-9220-478d-9898-e46d449e4d56	5	61545206	61556979	17	0.6611
086b9671-9220-478d-9898-e46d449e4d56	5	61557221	62123631	414	0.1842
086b9671-9220-478d-9898-e46d449e4d56	5	62123649	180934240	67861	0.1268
086b9671-9220-478d-9898-e46d449e4d56	6	1011760	6755632	4236	0.1519
086b9671-9220-478d-9898-e46d449e4d56	6	6764350	160593903	87918	0.1196
086b9671-9220-478d-9898-e46d449e4d56	6	160594218	170596889	4954	0.1634
086b9671-9220-478d-9898-e46d449e4d56	7	664936	16956268	8445	0.1267
086b9671-9220-478d-9898-e46d449e4d56	7	16959709	25037538	4728	0.095
086b9671-9220-478d-9898-e46d449e4d56	7	25038192	91566219	32996	0.1209
086b9671-9220-478d-9898-e46d449e4d56	7	91566272	105906291	7409	0.1002
086b9671-9220-478d-9898-e46d449e4d56	7	105906472	105906556	2	-1.4975
086b9671-9220-478d-9898-e46d449e4d56	7	105909761	131520177	13652	0.1025
086b9671-9220-478d-9898-e46d449e4d56	7	131525324	158592540	14666	0.126
086b9671-9220-478d-9898-e46d449e4d56	8	667625	15975718	7871	0.1323
086b9671-9220-478d-9898-e46d449e4d56	8	15977731	15977784	2	-2.137
086b9671-9220-478d-9898-e46d449e4d56	8	15978575	28311442	8827	0.1341
086b9671-9220-478d-9898-e46d449e4d56	8	28311678	130297608	57146	0.1104
086b9671-9220-478d-9898-e46d449e4d56	8	130298955	144182542	8366	0.1394
086b9671-9220-478d-9898-e46d449e4d56	9	789794	69706540	24610	0.1289
086b9671-9220-478d-9898-e46d449e4d56	9	69710146	69737910	15	0.5579
086b9671-9220-478d-9898-e46d449e4d56	9	69740491	69813121	49	1.6811
086b9671-9220-478d-9898-e46d449e4d56	9	69816926	69845255	26	2.2337
086b9671-9220-478d-9898-e46d449e4d56	9	69845692	69878488	35	1.3092
086b9671-9220-478d-9898-e46d449e4d56	9	69880215	69997778	85	1.9091
086b9671-9220-478d-9898-e46d449e4d56	9	69997916	70161858	137	1.5277
086b9671-9220-478d-9898-e46d449e4d56	9	70165573	70362429	90	2.7158
086b9671-9220-478d-9898-e46d449e4d56	9	70365480	70395253	18	0.6569
086b9671-9220-478d-9898-e46d449e4d56	9	70395932	70537504	106	0.1688
086b9671-9220-478d-9898-e46d449e4d56	9	70541028	70541475	2	1.8211
086b9671-9220-478d-9898-e46d449e4d56	9	70542539	72352002	1300	0.1425
086b9671-9220-478d-9898-e46d449e4d56	9	72354160	72455847	56	0.6584
086b9671-9220-478d-9898-e46d449e4d56	9	72456875	72623666	125	1.0324
086b9671-9220-478d-9898-e46d449e4d56	9	72628042	118952556	31095	0.1412
086b9671-9220-478d-9898-e46d449e4d56	9	118955862	118956922	5	2.4482
086b9671-9220-478d-9898-e46d449e4d56	9	118959635	118962749	5	0.8745
086b9671-9220-478d-9898-e46d449e4d56	9	118963052	122052805	2236	0.151
086b9671-9220-478d-9898-e46d449e4d56	9	122054345	122055770	3	2.3616
086b9671-9220-478d-9898-e46d449e4d56	9	122058947	138044505	8457	0.136
086b9671-9220-478d-9898-e46d449e4d56	10	366509	3453669	1633	0.1568
086b9671-9220-478d-9898-e46d449e4d56	10	3455940	75453789	42680	0.1149
086b9671-9220-478d-9898-e46d449e4d56	10	75455418	86403494	7540	0.139
086b9671-9220-478d-9898-e46d449e4d56	10	86407971	88591591	1175	0.065
086b9671-9220-478d-9898-e46d449e4d56	10	88592782	121303660	20790	0.1157
086b9671-9220-478d-9898-e46d449e4d56	10	121304625	133411599	7421	0.1475
086b9671-9220-478d-9898-e46d449e4d56	11	456012	56694955	30797	-0.5817
086b9671-9220-478d-9898-e46d449e4d56	11	56695117	56739069	41	-0.6436
086b9671-9220-478d-9898-e46d449e4d56	11	56739666	56741000	2	-3.6374
086b9671-9220-478d-9898-e46d449e4d56	11	56741065	56803963	37	-0.599
086b9671-9220-478d-9898-e46d449e4d56	11	56805693	56819098	2	-2.9125
086b9671-9220-478d-9898-e46d449e4d56	11	56819930	112826147	31512	-0.6189
086b9671-9220-478d-9898-e46d449e4d56	11	112827884	112828311	2	-3.4016
086b9671-9220-478d-9898-e46d449e4d56	11	112828538	119759709	4809	-0.6232
086b9671-9220-478d-9898-e46d449e4d56	11	119759771	119759932	2	-2.4274
086b9671-9220-478d-9898-e46d449e4d56	11	119760072	121202896	1089	-0.6054
086b9671-9220-478d-9898-e46d449e4d56	11	121203866	121212474	10	-3.7969
086b9671-9220-478d-9898-e46d449e4d56	11	121217449	128933002	5727	-0.6249
086b9671-9220-478d-9898-e46d449e4d56	11	128933649	128942691	11	-1.3328
086b9671-9220-478d-9898-e46d449e4d56	11	128945427	134272740	3253	-0.6012
086b9671-9220-478d-9898-e46d449e4d56	12	780472	6129329	3440	0.0293
086b9671-9220-478d-9898-e46d449e4d56	12	6129427	20692032	8086	-0.0096
086b9671-9220-478d-9898-e46d449e4d56	12	20692218	41061293	9485	0.0279
086b9671-9220-478d-9898-e46d449e4d56	12	41064753	41212178	90	0.6618
086b9671-9220-478d-9898-e46d449e4d56	12	41213912	41231018	10	1.3841
086b9671-9220-478d-9898-e46d449e4d56	12	41234600	44261188	1552	0.0223
086b9671-9220-478d-9898-e46d449e4d56	12	44262238	44276938	5	1.0666
086b9671-9220-478d-9898-e46d449e4d56	12	44278356	44312244	15	0.9689
086b9671-9220-478d-9898-e46d449e4d56	12	44317772	44435620	71	0.5719
086b9671-9220-478d-9898-e46d449e4d56	12	44437759	44655749	137	1.3889
086b9671-9220-478d-9898-e46d449e4d56	12	44657028	54023475	5020	-0.0188
086b9671-9220-478d-9898-e46d449e4d56	12	54023741	54086709	29	0.793
086b9671-9220-478d-9898-e46d449e4d56	12	54089095	57552077	1742	-0.0154
086b9671-9220-478d-9898-e46d449e4d56	12	57561440	57616380	42	2.5891
086b9671-9220-478d-9898-e46d449e4d56	12	57625196	57679856	19	0.1227
086b9671-9220-478d-9898-e46d449e4d56	12	57680426	57909752	114	2.6055
086b9671-9220-478d-9898-e46d449e4d56	12	57914390	57951561	23	0.9876
086b9671-9220-478d-9898-e46d449e4d56	12	57951764	57991422	14	1.758
086b9671-9220-478d-9898-e46d449e4d56	12	57992090	58037743	28	2.759
086b9671-9220-478d-9898-e46d449e4d56	12	58041222	63312142	3426	-0.0147
086b9671-9220-478d-9898-e46d449e4d56	12	63318150	63359638	22	2.0679
086b9671-9220-478d-9898-e46d449e4d56	12	63364282	65760809	1226	-0.0229
086b9671-9220-478d-9898-e46d449e4d56	12	65762318	66232377	276	2.6086
086b9671-9220-478d-9898-e46d449e4d56	12	66237006	66291067	57	-0.01
086b9671-9220-478d-9898-e46d449e4d56	12	66292455	66528019	139	2.2562
086b9671-9220-478d-9898-e46d449e4d56	12	66528472	66711962	120	0.9838
086b9671-9220-478d-9898-e46d449e4d56	12	66716899	66831749	100	0.7835
086b9671-9220-478d-9898-e46d449e4d56	12	66834574	67082574	219	0.599
086b9671-9220-478d-9898-e46d449e4d56	12	67083609	67103215	16	0.2933
086b9671-9220-478d-9898-e46d449e4d56	12	67103322	67226203	90	0.5589
086b9671-9220-478d-9898-e46d449e4d56	12	67231091	67596376	275	-0.0111
086b9671-9220-478d-9898-e46d449e4d56	12	67597285	67628980	35	0.6315
086b9671-9220-478d-9898-e46d449e4d56	12	67632814	67670246	28	2.7233
086b9671-9220-478d-9898-e46d449e4d56	12	67670610	67688281	7	3.7083
086b9671-9220-478d-9898-e46d449e4d56	12	67689009	67925479	153	2.6493
086b9671-9220-478d-9898-e46d449e4d56	12	67925805	68016300	79	2.2433
086b9671-9220-478d-9898-e46d449e4d56	12	68017126	68225593	175	2.7839
086b9671-9220-478d-9898-e46d449e4d56	12	68225670	68283125	72	2.3891
086b9671-9220-478d-9898-e46d449e4d56	12	68283389	68344254	44	2.8026
086b9671-9220-478d-9898-e46d449e4d56	12	68344894	68532860	146	2.4153
086b9671-9220-478d-9898-e46d449e4d56	12	68536333	68546814	5	-0.1121
086b9671-9220-478d-9898-e46d449e4d56	12	68552248	68610435	34	2.6413
086b9671-9220-478d-9898-e46d449e4d56	12	68617680	68771706	79	-0.0183
086b9671-9220-478d-9898-e46d449e4d56	12	68775992	68829220	44	2.0694
086b9671-9220-478d-9898-e46d449e4d56	12	68829438	69018609	143	2.384
086b9671-9220-478d-9898-e46d449e4d56	12	69018849	69155421	95	2.947
086b9671-9220-478d-9898-e46d449e4d56	12	69161098	69317758	94	2.5708
086b9671-9220-478d-9898-e46d449e4d56	12	69321033	69725618	309	2.3145
086b9671-9220-478d-9898-e46d449e4d56	12	69726236	69971155	155	2.5808
086b9671-9220-478d-9898-e46d449e4d56	12	69973851	70083083	89	2.0072
086b9671-9220-478d-9898-e46d449e4d56	12	70091647	70103499	7	0.299
086b9671-9220-478d-9898-e46d449e4d56	12	70105195	70317707	112	3.0219
086b9671-9220-478d-9898-e46d449e4d56	12	70323107	70409474	54	2.4329
086b9671-9220-478d-9898-e46d449e4d56	12	70412899	70418082	10	1.6584
086b9671-9220-478d-9898-e46d449e4d56	12	70427312	70471798	31	2.3034
086b9671-9220-478d-9898-e46d449e4d56	12	70475672	70713555	169	1.5376
086b9671-9220-478d-9898-e46d449e4d56	12	70717827	70837252	93	2.825
086b9671-9220-478d-9898-e46d449e4d56	12	70837443	70917387	56	1.7385
086b9671-9220-478d-9898-e46d449e4d56	12	70917468	70961895	28	2.7873
086b9671-9220-478d-9898-e46d449e4d56	12	70962067	70991586	38	2.2339
086b9671-9220-478d-9898-e46d449e4d56	12	70992176	70998344	8	2.7465
086b9671-9220-478d-9898-e46d449e4d56	12	71004771	71285888	157	-0.0188
086b9671-9220-478d-9898-e46d449e4d56	12	71289950	71341747	37	2.5962
086b9671-9220-478d-9898-e46d449e4d56	12	71472182	71635505	120	0.0188
086b9671-9220-478d-9898-e46d449e4d56	12	71636719	71675093	11	3.3074
086b9671-9220-478d-9898-e46d449e4d56	12	71680955	71710262	22	-0.0201
086b9671-9220-478d-9898-e46d449e4d56	12	71718752	71741946	16	2.2962
086b9671-9220-478d-9898-e46d449e4d56	12	71745386	71899386	83	0.0267
086b9671-9220-478d-9898-e46d449e4d56	12	71899594	71913836	8	2.6522
086b9671-9220-478d-9898-e46d449e4d56	12	71915290	72172295	155	-0.0116
086b9671-9220-478d-9898-e46d449e4d56	12	72176029	72213534	21	2.616
086b9671-9220-478d-9898-e46d449e4d56	12	72215588	72223717	14	1.7984
086b9671-9220-478d-9898-e46d449e4d56	12	72223867	72236764	7	2.6603
086b9671-9220-478d-9898-e46d449e4d56	12	72246800	72326789	67	-0.0505
086b9671-9220-478d-9898-e46d449e4d56	12	72328053	72588051	145	1.952
086b9671-9220-478d-9898-e46d449e4d56	12	72589119	72838560	102	2.7808
086b9671-9220-478d-9898-e46d449e4d56	12	72977309	73066196	86	1.9414
086b9671-9220-478d-9898-e46d449e4d56	12	73071351	73158905	50	2.6429
086b9671-9220-478d-9898-e46d449e4d56	12	73159557	73171515	10	2.073
086b9671-9220-478d-9898-e46d449e4d56	12	73173428	73223855	29	2.7883
086b9671-9220-478d-9898-e46d449e4d56	12	73226020	73824401	328	3.3307
086b9671-9220-478d-9898-e46d449e4d56	12	73824627	74105903	64	2.4982
086b9671-9220-478d-9898-e46d449e4d56	12	74111037	74196609	60	3.0593
086b9671-9220-478d-9898-e46d449e4d56	12	74197832	74198424	2	-0.0991
086b9671-9220-478d-9898-e46d449e4d56	12	74203021	74397890	89	3.0392
086b9671-9220-478d-9898-e46d449e4d56	12	74399014	74441974	46	2.1861
086b9671-9220-478d-9898-e46d449e4d56	12	74443348	75382953	605	-0.0288
086b9671-9220-478d-9898-e46d449e4d56	12	75388703	75391919	3	2.4588
086b9671-9220-478d-9898-e46d449e4d56	12	75394093	75652547	164	-0.0614
086b9671-9220-478d-9898-e46d449e4d56	12	75655058	75677216	26	2.3596
086b9671-9220-478d-9898-e46d449e4d56	12	75683866	76599900	577	-0.0178
086b9671-9220-478d-9898-e46d449e4d56	12	76606279	76794986	122	2.2698
086b9671-9220-478d-9898-e46d449e4d56	12	76796583	77749017	736	0.0005
086b9671-9220-478d-9898-e46d449e4d56	12	77753897	77781472	26	2.2003
086b9671-9220-478d-9898-e46d449e4d56	12	77786117	77860128	53	2.4878
086b9671-9220-478d-9898-e46d449e4d56	12	77860565	78408036	413	2.8526
086b9671-9220-478d-9898-e46d449e4d56	12	78409436	78810624	196	2.506
086b9671-9220-478d-9898-e46d449e4d56	12	78811417	78846342	12	3.458
086b9671-9220-478d-9898-e46d449e4d56	12	78851328	78973443	86	2.1924
086b9671-9220-478d-9898-e46d449e4d56	12	78974137	79101413	82	1.8649
086b9671-9220-478d-9898-e46d449e4d56	12	79104188	79977991	459	-0.0409
086b9671-9220-478d-9898-e46d449e4d56	12	79980474	80031618	31	2.9714
086b9671-9220-478d-9898-e46d449e4d56	12	80032217	80138590	84	3.5369
086b9671-9220-478d-9898-e46d449e4d56	12	80139242	80293840	96	2.8648
086b9671-9220-478d-9898-e46d449e4d56	12	80297778	80306284	7	1.9215
086b9671-9220-478d-9898-e46d449e4d56	12	80318317	80340690	19	0.8665
086b9671-9220-478d-9898-e46d449e4d56	12	80347211	80460597	89	2.6658
086b9671-9220-478d-9898-e46d449e4d56	12	80460716	80625312	89	3.6774
086b9671-9220-478d-9898-e46d449e4d56	12	80626597	80724215	78	3.1771
086b9671-9220-478d-9898-e46d449e4d56	12	80733129	80743828	12	3.7177
086b9671-9220-478d-9898-e46d449e4d56	12	80744142	80892166	110	2.8936
086b9671-9220-478d-9898-e46d449e4d56	12	80901275	80921787	14	1.7687
086b9671-9220-478d-9898-e46d449e4d56	12	80927492	80948726	18	0.0994
086b9671-9220-478d-9898-e46d449e4d56	12	80954547	81142665	139	1.9268
086b9671-9220-478d-9898-e46d449e4d56	12	81145688	81324537	120	0.6375
086b9671-9220-478d-9898-e46d449e4d56	12	81327461	81428983	63	1.3429
086b9671-9220-478d-9898-e46d449e4d56	12	81429955	81442825	4	2.6396
086b9671-9220-478d-9898-e46d449e4d56	12	81444780	81590013	87	1.2904
086b9671-9220-478d-9898-e46d449e4d56	12	81591613	81656275	40	-0.0378
086b9671-9220-478d-9898-e46d449e4d56	12	81665462	81682550	15	1.3058
086b9671-9220-478d-9898-e46d449e4d56	12	81685597	81883956	111	0.0377
086b9671-9220-478d-9898-e46d449e4d56	12	81889350	81892902	4	2.7993
086b9671-9220-478d-9898-e46d449e4d56	12	81894293	82039253	84	-0.0788
086b9671-9220-478d-9898-e46d449e4d56	12	82045192	82047753	2	2.9744
086b9671-9220-478d-9898-e46d449e4d56	12	82052193	82244477	135	-0.0212
086b9671-9220-478d-9898-e46d449e4d56	12	82247143	82490351	120	3.1691
086b9671-9220-478d-9898-e46d449e4d56	12	82494679	82526085	20	-0.0097
086b9671-9220-478d-9898-e46d449e4d56	12	82529096	82533274	3	2.8916
086b9671-9220-478d-9898-e46d449e4d56	12	82536575	82570700	32	-0.0089
086b9671-9220-478d-9898-e46d449e4d56	12	82573232	82627178	28	1.8771
086b9671-9220-478d-9898-e46d449e4d56	12	82628929	82637835	4	0.9579
086b9671-9220-478d-9898-e46d449e4d56	12	82641556	83509256	519	-0.0037
086b9671-9220-478d-9898-e46d449e4d56	12	83516382	83665077	82	1.6922
086b9671-9220-478d-9898-e46d449e4d56	12	83666228	83810484	97	2.4291
086b9671-9220-478d-9898-e46d449e4d56	12	83810927	83833975	13	1.7409
086b9671-9220-478d-9898-e46d449e4d56	12	83834667	84037468	110	-0.0308
086b9671-9220-478d-9898-e46d449e4d56	12	84044996	84257805	127	2.4785
086b9671-9220-478d-9898-e46d449e4d56	12	84261336	84560970	196	0.0047
086b9671-9220-478d-9898-e46d449e4d56	12	84563824	84697579	110	2.9802
086b9671-9220-478d-9898-e46d449e4d56	12	84704210	84744755	20	0.1101
086b9671-9220-478d-9898-e46d449e4d56	12	84747457	84815880	53	0.841
086b9671-9220-478d-9898-e46d449e4d56	12	84821043	84855792	30	-0.0171
086b9671-9220-478d-9898-e46d449e4d56	12	84860170	84929826	34	2.0225
086b9671-9220-478d-9898-e46d449e4d56	12	84942780	84979100	22	2.8978
086b9671-9220-478d-9898-e46d449e4d56	12	84986915	85092654	55	2.1031
086b9671-9220-478d-9898-e46d449e4d56	12	85093856	85187394	48	-0.0351
086b9671-9220-478d-9898-e46d449e4d56	12	85191314	85332643	61	2.5959
086b9671-9220-478d-9898-e46d449e4d56	12	85339291	85356015	18	-0.109
086b9671-9220-478d-9898-e46d449e4d56	12	85360862	85367391	5	2.8771
086b9671-9220-478d-9898-e46d449e4d56	12	85368210	85398054	12	-0.0495
086b9671-9220-478d-9898-e46d449e4d56	12	85403190	85414393	10	1.9902
086b9671-9220-478d-9898-e46d449e4d56	12	85416129	85840842	260	1.1793
086b9671-9220-478d-9898-e46d449e4d56	12	85841361	85841655	2	1.8595
086b9671-9220-478d-9898-e46d449e4d56	12	85844272	85903893	36	2.5604
086b9671-9220-478d-9898-e46d449e4d56	12	85904395	86294411	209	-0.0365
086b9671-9220-478d-9898-e46d449e4d56	12	86297884	86807580	195	2.3733
086b9671-9220-478d-9898-e46d449e4d56	12	86810575	86887807	50	-0.0178
086b9671-9220-478d-9898-e46d449e4d56	12	86906212	86916725	11	2.9218
086b9671-9220-478d-9898-e46d449e4d56	12	87000345	96044863	5730	-0.0231
086b9671-9220-478d-9898-e46d449e4d56	12	96046835	96386375	190	2.3041
086b9671-9220-478d-9898-e46d449e4d56	12	96389693	96428094	28	1.1916
086b9671-9220-478d-9898-e46d449e4d56	12	96431631	96437203	7	1.0836
086b9671-9220-478d-9898-e46d449e4d56	12	96437431	96536401	82	0.758
086b9671-9220-478d-9898-e46d449e4d56	12	96536563	98129778	1191	-0.0216
086b9671-9220-478d-9898-e46d449e4d56	12	98133775	98185809	39	2.9664
086b9671-9220-478d-9898-e46d449e4d56	12	98187308	98332599	109	0.5789
086b9671-9220-478d-9898-e46d449e4d56	12	98333868	98349208	10	-0.0269
086b9671-9220-478d-9898-e46d449e4d56	12	98350309	98360934	6	2.5756
086b9671-9220-478d-9898-e46d449e4d56	12	98362501	98384957	26	2.0164
086b9671-9220-478d-9898-e46d449e4d56	12	98385490	98391448	5	2.6199
086b9671-9220-478d-9898-e46d449e4d56	12	98393038	98763970	204	-0.0458
086b9671-9220-478d-9898-e46d449e4d56	12	98769244	98771841	7	2.1429
086b9671-9220-478d-9898-e46d449e4d56	12	98775898	101106874	1265	-0.0075
086b9671-9220-478d-9898-e46d449e4d56	12	101111760	101134540	28	1.8855
086b9671-9220-478d-9898-e46d449e4d56	12	101134798	101292074	132	2.595
086b9671-9220-478d-9898-e46d449e4d56	12	101296900	102162544	519	-0.031
086b9671-9220-478d-9898-e46d449e4d56	12	102164766	102190556	7	2.6927
086b9671-9220-478d-9898-e46d449e4d56	12	102197386	102271513	37	1.6065
086b9671-9220-478d-9898-e46d449e4d56	12	102274611	102372059	49	-0.0286
086b9671-9220-478d-9898-e46d449e4d56	12	102375833	102393929	12	2.649
086b9671-9220-478d-9898-e46d449e4d56	12	102402664	102738533	229	-0.0359
086b9671-9220-478d-9898-e46d449e4d56	12	102741055	102819448	63	2.6345
086b9671-9220-478d-9898-e46d449e4d56	12	102820099	103239096	230	1.9421
086b9671-9220-478d-9898-e46d449e4d56	12	103241724	103364699	83	2.7681
086b9671-9220-478d-9898-e46d449e4d56	12	103365889	103376009	12	1.9185
086b9671-9220-478d-9898-e46d449e4d56	12	103378801	103401753	21	0.9751
086b9671-9220-478d-9898-e46d449e4d56	12	103404324	103405764	6	2.1156
086b9671-9220-478d-9898-e46d449e4d56	12	103407181	103442368	20	1.0769
086b9671-9220-478d-9898-e46d449e4d56	12	103444552	103471435	20	2.2085
086b9671-9220-478d-9898-e46d449e4d56	12	103471611	103526061	30	2.7209
086b9671-9220-478d-9898-e46d449e4d56	12	103527459	103600117	63	1.983
086b9671-9220-478d-9898-e46d449e4d56	12	103600148	113524555	6002	0.0084
086b9671-9220-478d-9898-e46d449e4d56	12	113524866	115894741	1707	0.0539
086b9671-9220-478d-9898-e46d449e4d56	12	115894956	120103937	2653	0.0099
086b9671-9220-478d-9898-e46d449e4d56	12	120105602	124168675	1821	-0.0436
086b9671-9220-478d-9898-e46d449e4d56	12	124170083	131971090	3945	0.0143
086b9671-9220-478d-9898-e46d449e4d56	12	131977787	132085653	47	1.9248
086b9671-9220-478d-9898-e46d449e4d56	12	132090108	132127961	16	2.6716
086b9671-9220-478d-9898-e46d449e4d56	12	132431226	132605822	32	0.0107
086b9671-9220-478d-9898-e46d449e4d56	13	18874255	25389867	3214	-0.7398
086b9671-9220-478d-9898-e46d449e4d56	13	25391846	25399018	11	0.1357
086b9671-9220-478d-9898-e46d449e4d56	13	25400744	36336606	7617	-0.7446
086b9671-9220-478d-9898-e46d449e4d56	13	36339613	36422624	56	0.1053
086b9671-9220-478d-9898-e46d449e4d56	13	36434573	38555032	1423	-0.7378
086b9671-9220-478d-9898-e46d449e4d56	13	38556922	38593554	36	0.127
086b9671-9220-478d-9898-e46d449e4d56	13	38595436	51737345	7602	-0.7461
086b9671-9220-478d-9898-e46d449e4d56	13	51737644	52023287	207	0.1089
086b9671-9220-478d-9898-e46d449e4d56	13	52024916	79788790	15052	-0.7307
086b9671-9220-478d-9898-e46d449e4d56	13	79795111	79811497	14	0.1911
086b9671-9220-478d-9898-e46d449e4d56	13	79814490	79825815	7	-0.5838
086b9671-9220-478d-9898-e46d449e4d56	13	79829486	79834606	4	0.1725
086b9671-9220-478d-9898-e46d449e4d56	13	79845373	80182732	260	-0.7659
086b9671-9220-478d-9898-e46d449e4d56	13	80186799	80197363	10	0.0639
086b9671-9220-478d-9898-e46d449e4d56	13	80204715	93215767	7478	-0.7257
086b9671-9220-478d-9898-e46d449e4d56	13	93216224	93216254	2	-3.0554
086b9671-9220-478d-9898-e46d449e4d56	13	93216691	98199657	3153	-0.7539
086b9671-9220-478d-9898-e46d449e4d56	13	98200531	98254404	36	0.0905
086b9671-9220-478d-9898-e46d449e4d56	13	98259382	114096463	10440	-0.7623
086b9671-9220-478d-9898-e46d449e4d56	13	114114238	114226675	64	0.1155
086b9671-9220-478d-9898-e46d449e4d56	14	20033191	105533894	49761	0.0859
086b9671-9220-478d-9898-e46d449e4d56	15	23437561	97666658	42690	0.0662
086b9671-9220-478d-9898-e46d449e4d56	15	97669271	97670248	3	-1.2572
086b9671-9220-478d-9898-e46d449e4d56	15	97671073	101344124	2072	0.0842
086b9671-9220-478d-9898-e46d449e4d56	16	603333	1797867	279	0.2745
086b9671-9220-478d-9898-e46d449e4d56	16	1797989	4787003	1229	0.2046
086b9671-9220-478d-9898-e46d449e4d56	16	4791379	5779550	656	0.279
086b9671-9220-478d-9898-e46d449e4d56	16	5780104	5782327	2	-1.4056
086b9671-9220-478d-9898-e46d449e4d56	16	5782945	20305540	6951	0.2561
086b9671-9220-478d-9898-e46d449e4d56	16	20307419	25398489	2125	0.2054
086b9671-9220-478d-9898-e46d449e4d56	16	25399088	31841585	2788	0.2392
086b9671-9220-478d-9898-e46d449e4d56	16	46470502	78917866	20048	-0.6716
086b9671-9220-478d-9898-e46d449e4d56	16	78920036	78925396	3	-3.3444
086b9671-9220-478d-9898-e46d449e4d56	16	78926426	79952896	1096	-0.6993
086b9671-9220-478d-9898-e46d449e4d56	16	79953233	79953381	3	-2.9783
086b9671-9220-478d-9898-e46d449e4d56	16	79955535	89317317	5880	-0.693
086b9671-9220-478d-9898-e46d449e4d56	17	1074619	8722692	3714	0.1589
086b9671-9220-478d-9898-e46d449e4d56	17	8723039	13568461	3347	0.2022
086b9671-9220-478d-9898-e46d449e4d56	17	13568683	26970127	2673	0.1562
086b9671-9220-478d-9898-e46d449e4d56	17	26970669	31222983	1797	-0.6885
086b9671-9220-478d-9898-e46d449e4d56	17	31228136	31507612	118	-3.3121
086b9671-9220-478d-9898-e46d449e4d56	17	31511259	33168568	964	-0.7218
086b9671-9220-478d-9898-e46d449e4d56	17	33170891	35032889	729	0.1669
086b9671-9220-478d-9898-e46d449e4d56	17	35035579	51530058	6939	0.114
086b9671-9220-478d-9898-e46d449e4d56	17	51530264	53988347	1493	0.1588
086b9671-9220-478d-9898-e46d449e4d56	17	53990356	57896360	2862	0.7008
086b9671-9220-478d-9898-e46d449e4d56	17	57896623	62715169	2221	0.6458
086b9671-9220-478d-9898-e46d449e4d56	17	62715439	82959812	10392	0.6876
086b9671-9220-478d-9898-e46d449e4d56	18	326691	40544401	19966	-0.7003
086b9671-9220-478d-9898-e46d449e4d56	18	40547569	41075459	322	-3.467
086b9671-9220-478d-9898-e46d449e4d56	18	41075707	79349796	22462	-0.7124
086b9671-9220-478d-9898-e46d449e4d56	19	283868	678411	74	0.2492
086b9671-9220-478d-9898-e46d449e4d56	19	684194	685216	2	-1.1049
086b9671-9220-478d-9898-e46d449e4d56	19	686181	4215086	877	0.2414
086b9671-9220-478d-9898-e46d449e4d56	19	4223075	4224031	2	1.4627
086b9671-9220-478d-9898-e46d449e4d56	19	4230226	23872082	8102	0.2311
086b9671-9220-478d-9898-e46d449e4d56	19	27749470	58370362	15041	-0.6186
086b9671-9220-478d-9898-e46d449e4d56	20	472817	1517717	602	0.1336
086b9671-9220-478d-9898-e46d449e4d56	20	1517968	1518444	2	-1.0907
086b9671-9220-478d-9898-e46d449e4d56	20	1520471	6039591	2726	0.143
086b9671-9220-478d-9898-e46d449e4d56	20	6047000	6048671	2	-1.4952
086b9671-9220-478d-9898-e46d449e4d56	20	6050104	33423961	14770	0.153
086b9671-9220-478d-9898-e46d449e4d56	20	33427840	37103095	1675	0.0971
086b9671-9220-478d-9898-e46d449e4d56	20	37112086	44766285	5091	0.1617
086b9671-9220-478d-9898-e46d449e4d56	20	44766939	54156202	6172	0.134
086b9671-9220-478d-9898-e46d449e4d56	20	54156357	59181581	3715	0.1624
086b9671-9220-478d-9898-e46d449e4d56	20	59183025	62607556	2439	0.2012
086b9671-9220-478d-9898-e46d449e4d56	20	62611414	63588502	341	0.1243
086b9671-9220-478d-9898-e46d449e4d56	21	13974127	16127920	1302	0.1585
086b9671-9220-478d-9898-e46d449e4d56	21	16135498	16195615	49	1.3778
086b9671-9220-478d-9898-e46d449e4d56	21	16197142	17291450	676	0.1774
086b9671-9220-478d-9898-e46d449e4d56	21	17293483	18091449	495	2.5766
086b9671-9220-478d-9898-e46d449e4d56	21	18093461	19818697	1204	0.1696
086b9671-9220-478d-9898-e46d449e4d56	21	19819717	19877950	47	2.5365
086b9671-9220-478d-9898-e46d449e4d56	21	19884265	19890836	4	-0.0486
086b9671-9220-478d-9898-e46d449e4d56	21	19893494	19933207	38	2.1708
086b9671-9220-478d-9898-e46d449e4d56	21	19971271	21603791	1107	0.1546
086b9671-9220-478d-9898-e46d449e4d56	21	21607552	21607896	2	-0.9602
086b9671-9220-478d-9898-e46d449e4d56	21	21608555	23119480	702	0.1514
086b9671-9220-478d-9898-e46d449e4d56	21	23268473	23566366	164	1.8575
086b9671-9220-478d-9898-e46d449e4d56	21	23570738	23858627	151	0.1685
086b9671-9220-478d-9898-e46d449e4d56	21	23861092	24041022	159	1.886
086b9671-9220-478d-9898-e46d449e4d56	21	24041919	24061937	21	2.5164
086b9671-9220-478d-9898-e46d449e4d56	21	24064415	24118032	47	1.852
086b9671-9220-478d-9898-e46d449e4d56	21	24118800	24227793	141	1.4479
086b9671-9220-478d-9898-e46d449e4d56	21	24229185	34069328	6590	0.1539
086b9671-9220-478d-9898-e46d449e4d56	21	34078893	46262057	7642	-0.7855
086b9671-9220-478d-9898-e46d449e4d56	22	16934932	25881753	1970	0.1346
086b9671-9220-478d-9898-e46d449e4d56	22	25881970	27906126	1942	0.1731
086b9671-9220-478d-9898-e46d449e4d56	22	27907105	32104071	2268	0.1197
086b9671-9220-478d-9898-e46d449e4d56	22	32104276	32104287	2	-1.2296
086b9671-9220-478d-9898-e46d449e4d56	22	32107688	37218228	3812	0.1635
086b9671-9220-478d-9898-e46d449e4d56	22	37221085	43148817	2823	0.1056
086b9671-9220-478d-9898-e46d449e4d56	22	43148926	48940621	4266	0.1661
086b9671-9220-478d-9898-e46d449e4d56	X	3236359	16548335	5346	0.0185
086b9671-9220-478d-9898-e46d449e4d56	X	16551718	16552594	3	-4.3154
086b9671-9220-478d-9898-e46d449e4d56	X	16554682	124352935	44628	-0.016
086b9671-9220-478d-9898-e46d449e4d56	X	124354388	124462169	66	0.9122
086b9671-9220-478d-9898-e46d449e4d56	X	124463687	155677414	13844	0.0152
