GDC_Aliquot	Chromosome	Start	End	Num_Probes	Segment_Mean
4fb4becf-3826-4639-96d5-4fb2fd0fb550	1	3301765	4224599	510	0.3719
4fb4becf-3826-4639-96d5-4fb2fd0fb550	1	4224859	8315853	2685	0.4277
4fb4becf-3826-4639-96d5-4fb2fd0fb550	1	8316537	11539717	1522	0.3669
4fb4becf-3826-4639-96d5-4fb2fd0fb550	1	11540004	11548048	10	-0.5042
4fb4becf-3826-4639-96d5-4fb2fd0fb550	1	11554211	26021558	7795	0.3942
4fb4becf-3826-4639-96d5-4fb2fd0fb550	1	26024891	29048088	1147	0.321
4fb4becf-3826-4639-96d5-4fb2fd0fb550	1	29061137	30633820	1113	0.4438
4fb4becf-3826-4639-96d5-4fb2fd0fb550	1	30635520	33010691	985	0.3596
4fb4becf-3826-4639-96d5-4fb2fd0fb550	1	33012962	40790527	4276	0.4105
4fb4becf-3826-4639-96d5-4fb2fd0fb550	1	40798520	41356107	295	-0.4864
4fb4becf-3826-4639-96d5-4fb2fd0fb550	1	41356737	41694266	240	0.4459
4fb4becf-3826-4639-96d5-4fb2fd0fb550	1	41696581	46244715	2387	0.3931
4fb4becf-3826-4639-96d5-4fb2fd0fb550	1	46245116	55932364	5416	0.4354
4fb4becf-3826-4639-96d5-4fb2fd0fb550	1	55936263	56334240	307	-0.4452
4fb4becf-3826-4639-96d5-4fb2fd0fb550	1	56337940	61492911	3808	0.4712
4fb4becf-3826-4639-96d5-4fb2fd0fb550	1	61493614	62444867	688	0.4011
4fb4becf-3826-4639-96d5-4fb2fd0fb550	1	62446080	67555368	3638	0.4669
4fb4becf-3826-4639-96d5-4fb2fd0fb550	1	67555620	68771763	857	0.5332
4fb4becf-3826-4639-96d5-4fb2fd0fb550	1	68772408	77896243	5053	0.4668
4fb4becf-3826-4639-96d5-4fb2fd0fb550	1	77901621	78478820	300	-0.3971
4fb4becf-3826-4639-96d5-4fb2fd0fb550	1	78481140	78652028	102	0.5124
4fb4becf-3826-4639-96d5-4fb2fd0fb550	1	78654998	90524549	7423	-0.4326
4fb4becf-3826-4639-96d5-4fb2fd0fb550	1	90525920	95547517	3021	0.3171
4fb4becf-3826-4639-96d5-4fb2fd0fb550	1	95548177	96352900	495	-0.4211
4fb4becf-3826-4639-96d5-4fb2fd0fb550	1	96358945	98891402	1367	0.3357
4fb4becf-3826-4639-96d5-4fb2fd0fb550	1	98893612	98944647	44	-0.4337
4fb4becf-3826-4639-96d5-4fb2fd0fb550	1	98946325	100918136	1295	0.3122
4fb4becf-3826-4639-96d5-4fb2fd0fb550	1	100920623	102048404	819	-0.0063
4fb4becf-3826-4639-96d5-4fb2fd0fb550	1	102053165	102674483	231	0.3443
4fb4becf-3826-4639-96d5-4fb2fd0fb550	1	102675153	107297298	2316	-0.4049
4fb4becf-3826-4639-96d5-4fb2fd0fb550	1	107297631	117681362	6441	-0.4685
4fb4becf-3826-4639-96d5-4fb2fd0fb550	1	117681588	119984772	1326	-0.4071
4fb4becf-3826-4639-96d5-4fb2fd0fb550	1	146716041	151860320	761	0.1904
4fb4becf-3826-4639-96d5-4fb2fd0fb550	1	151860425	153495472	974	0.3028
4fb4becf-3826-4639-96d5-4fb2fd0fb550	1	153495630	157259487	1731	0.2091
4fb4becf-3826-4639-96d5-4fb2fd0fb550	1	157261279	157710422	332	-0.4834
4fb4becf-3826-4639-96d5-4fb2fd0fb550	1	157712693	158426740	499	0.2758
4fb4becf-3826-4639-96d5-4fb2fd0fb550	1	158426929	159789988	879	-0.4655
4fb4becf-3826-4639-96d5-4fb2fd0fb550	1	159794629	161428628	972	-0.5364
4fb4becf-3826-4639-96d5-4fb2fd0fb550	1	161432741	167009164	4156	-0.4314
4fb4becf-3826-4639-96d5-4fb2fd0fb550	1	167014452	174530163	5007	0.2876
4fb4becf-3826-4639-96d5-4fb2fd0fb550	1	174537407	174655921	49	-0.4283
4fb4becf-3826-4639-96d5-4fb2fd0fb550	1	174656277	177177929	1291	0.2821
4fb4becf-3826-4639-96d5-4fb2fd0fb550	1	177178025	178954290	1088	0.356
4fb4becf-3826-4639-96d5-4fb2fd0fb550	1	178955005	181608497	1805	0.2981
4fb4becf-3826-4639-96d5-4fb2fd0fb550	1	181610095	181929872	245	-0.4741
4fb4becf-3826-4639-96d5-4fb2fd0fb550	1	181934064	186155262	2727	0.295
4fb4becf-3826-4639-96d5-4fb2fd0fb550	1	186155842	186168592	2	1.4887
4fb4becf-3826-4639-96d5-4fb2fd0fb550	1	186168838	187233385	657	0.3145
4fb4becf-3826-4639-96d5-4fb2fd0fb550	1	187234882	197419110	5821	-0.4191
4fb4becf-3826-4639-96d5-4fb2fd0fb550	1	197420906	197520912	56	0.3124
4fb4becf-3826-4639-96d5-4fb2fd0fb550	1	197526295	198624054	690	0.7762
4fb4becf-3826-4639-96d5-4fb2fd0fb550	1	198629717	201917520	2131	0.2838
4fb4becf-3826-4639-96d5-4fb2fd0fb550	1	201918254	207816709	3617	0.238
4fb4becf-3826-4639-96d5-4fb2fd0fb550	1	207825855	208701974	745	0.2853
4fb4becf-3826-4639-96d5-4fb2fd0fb550	1	208709374	212721132	2769	-0.4534
4fb4becf-3826-4639-96d5-4fb2fd0fb550	1	212721236	223650946	7203	-0.4162
4fb4becf-3826-4639-96d5-4fb2fd0fb550	1	223650972	231164132	4478	-0.4711
4fb4becf-3826-4639-96d5-4fb2fd0fb550	1	231166393	233806181	1864	0.2911
4fb4becf-3826-4639-96d5-4fb2fd0fb550	1	233810175	243770834	6996	-0.437
4fb4becf-3826-4639-96d5-4fb2fd0fb550	1	243771135	245380056	849	0.2872
4fb4becf-3826-4639-96d5-4fb2fd0fb550	1	245381707	245381842	2	-0.978
4fb4becf-3826-4639-96d5-4fb2fd0fb550	1	245383096	246436444	508	0.3435
4fb4becf-3826-4639-96d5-4fb2fd0fb550	1	246880731	247453734	308	0.7704
4fb4becf-3826-4639-96d5-4fb2fd0fb550	1	247457000	247650984	126	0.3058
4fb4becf-3826-4639-96d5-4fb2fd0fb550	2	480597	7657696	4330	0.1841
4fb4becf-3826-4639-96d5-4fb2fd0fb550	2	7661750	12187400	3172	0.1379
4fb4becf-3826-4639-96d5-4fb2fd0fb550	2	12187719	23877223	7743	0.1809
4fb4becf-3826-4639-96d5-4fb2fd0fb550	2	23879047	29192334	2421	0.1162
4fb4becf-3826-4639-96d5-4fb2fd0fb550	2	29192371	85199340	31748	0.162
4fb4becf-3826-4639-96d5-4fb2fd0fb550	2	85201667	88102230	864	0.0914
4fb4becf-3826-4639-96d5-4fb2fd0fb550	2	88103898	94911177	425	0.1554
4fb4becf-3826-4639-96d5-4fb2fd0fb550	2	94911349	96991124	566	0.2721
4fb4becf-3826-4639-96d5-4fb2fd0fb550	2	96993641	103988775	3787	0.133
4fb4becf-3826-4639-96d5-4fb2fd0fb550	2	103996041	229658078	69968	-0.0062
4fb4becf-3826-4639-96d5-4fb2fd0fb550	2	229658366	233612490	1846	-0.073
4fb4becf-3826-4639-96d5-4fb2fd0fb550	2	233640365	237791354	2936	0.0005
4fb4becf-3826-4639-96d5-4fb2fd0fb550	2	237792525	241537572	2006	-0.0724
4fb4becf-3826-4639-96d5-4fb2fd0fb550	3	2170634	7997175	3238	0.3153
4fb4becf-3826-4639-96d5-4fb2fd0fb550	3	7997523	9071594	797	0.3732
4fb4becf-3826-4639-96d5-4fb2fd0fb550	3	9072263	9393556	224	0.3323
4fb4becf-3826-4639-96d5-4fb2fd0fb550	3	9402969	10145397	342	0.2415
4fb4becf-3826-4639-96d5-4fb2fd0fb550	3	10266508	12521243	1589	0.3212
4fb4becf-3826-4639-96d5-4fb2fd0fb550	3	12522803	15384066	1898	0.2639
4fb4becf-3826-4639-96d5-4fb2fd0fb550	3	15386338	20703056	3047	0.3246
4fb4becf-3826-4639-96d5-4fb2fd0fb550	3	20710353	29880842	5305	0.3477
4fb4becf-3826-4639-96d5-4fb2fd0fb550	3	29881788	45722873	9515	0.3143
4fb4becf-3826-4639-96d5-4fb2fd0fb550	3	45723659	53296684	3291	0.2418
4fb4becf-3826-4639-96d5-4fb2fd0fb550	3	53297020	54390317	749	0.3138
4fb4becf-3826-4639-96d5-4fb2fd0fb550	3	54390660	56326336	1554	0.3765
4fb4becf-3826-4639-96d5-4fb2fd0fb550	3	56326846	61561657	2366	0.3104
4fb4becf-3826-4639-96d5-4fb2fd0fb550	3	61563894	64971243	2692	0.3832
4fb4becf-3826-4639-96d5-4fb2fd0fb550	3	64971302	68862890	2674	0.3395
4fb4becf-3826-4639-96d5-4fb2fd0fb550	3	68863523	72846194	2877	0.3012
4fb4becf-3826-4639-96d5-4fb2fd0fb550	3	72849025	90224641	8950	0.3413
4fb4becf-3826-4639-96d5-4fb2fd0fb550	3	90230647	117023131	12867	0.1713
4fb4becf-3826-4639-96d5-4fb2fd0fb550	3	117026652	117214340	165	0.0147
4fb4becf-3826-4639-96d5-4fb2fd0fb550	3	117215004	125297497	4753	0.1697
4fb4becf-3826-4639-96d5-4fb2fd0fb550	3	125297583	130485857	2739	0.124
4fb4becf-3826-4639-96d5-4fb2fd0fb550	3	130488628	136171448	3527	0.1791
4fb4becf-3826-4639-96d5-4fb2fd0fb550	3	136176180	143206165	3671	0.1474
4fb4becf-3826-4639-96d5-4fb2fd0fb550	3	143206239	147437811	1978	0.1904
4fb4becf-3826-4639-96d5-4fb2fd0fb550	3	147750170	179159575	16231	0.3229
4fb4becf-3826-4639-96d5-4fb2fd0fb550	3	179159695	179250872	170	0.1878
4fb4becf-3826-4639-96d5-4fb2fd0fb550	3	179255237	182678080	1796	0.3252
4fb4becf-3826-4639-96d5-4fb2fd0fb550	3	182680065	187325507	2330	0.2769
4fb4becf-3826-4639-96d5-4fb2fd0fb550	3	187326080	194249639	4451	0.3242
4fb4becf-3826-4639-96d5-4fb2fd0fb550	3	194250413	194251028	2	-1.0492
4fb4becf-3826-4639-96d5-4fb2fd0fb550	3	194252860	194755644	285	0.3048
4fb4becf-3826-4639-96d5-4fb2fd0fb550	3	194755672	197812401	794	0.2445
4fb4becf-3826-4639-96d5-4fb2fd0fb550	4	1059384	4256174	1162	0.2619
4fb4becf-3826-4639-96d5-4fb2fd0fb550	4	4257030	12605658	5408	0.3209
4fb4becf-3826-4639-96d5-4fb2fd0fb550	4	12605714	12690216	59	0.1958
4fb4becf-3826-4639-96d5-4fb2fd0fb550	4	12693200	22858434	7014	0.3577
4fb4becf-3826-4639-96d5-4fb2fd0fb550	4	22864535	26194991	2195	0.1914
4fb4becf-3826-4639-96d5-4fb2fd0fb550	4	26196131	36762961	6210	0.3467
4fb4becf-3826-4639-96d5-4fb2fd0fb550	4	36764556	37541003	558	0.0178
4fb4becf-3826-4639-96d5-4fb2fd0fb550	4	37541142	38187300	494	-0.205
4fb4becf-3826-4639-96d5-4fb2fd0fb550	4	38188067	40862050	1421	-0.2515
4fb4becf-3826-4639-96d5-4fb2fd0fb550	4	40862104	47520278	3445	-0.1811
4fb4becf-3826-4639-96d5-4fb2fd0fb550	4	47520542	47521722	2	-1.8122
4fb4becf-3826-4639-96d5-4fb2fd0fb550	4	47525356	48067890	314	-0.2108
4fb4becf-3826-4639-96d5-4fb2fd0fb550	4	51832470	52648024	445	0.58
4fb4becf-3826-4639-96d5-4fb2fd0fb550	4	52648052	52753928	45	0.2344
4fb4becf-3826-4639-96d5-4fb2fd0fb550	4	52756304	52780979	13	1.5124
4fb4becf-3826-4639-96d5-4fb2fd0fb550	4	52783511	52858856	43	0.4563
4fb4becf-3826-4639-96d5-4fb2fd0fb550	4	52859208	53352775	277	0.7989
4fb4becf-3826-4639-96d5-4fb2fd0fb550	4	53355271	53362380	7	1.6931
4fb4becf-3826-4639-96d5-4fb2fd0fb550	4	53369196	82481715	16430	-0.4203
4fb4becf-3826-4639-96d5-4fb2fd0fb550	4	82481915	82482064	2	-2.5952
4fb4becf-3826-4639-96d5-4fb2fd0fb550	4	82485367	83618308	659	-0.4345
4fb4becf-3826-4639-96d5-4fb2fd0fb550	4	83618386	83619105	2	-2.5405
4fb4becf-3826-4639-96d5-4fb2fd0fb550	4	83621943	187842528	56835	-0.4068
4fb4becf-3826-4639-96d5-4fb2fd0fb550	5	913983	1020239	50	-1.2288
4fb4becf-3826-4639-96d5-4fb2fd0fb550	5	1021104	1299214	9	0.0141
4fb4becf-3826-4639-96d5-4fb2fd0fb550	5	1299910	1322578	10	-1.1861
4fb4becf-3826-4639-96d5-4fb2fd0fb550	5	1325652	1428688	57	0.1128
4fb4becf-3826-4639-96d5-4fb2fd0fb550	5	1880474	2106730	132	-0.1806
4fb4becf-3826-4639-96d5-4fb2fd0fb550	5	2113670	4380612	1916	-2.8398
4fb4becf-3826-4639-96d5-4fb2fd0fb550	5	4383794	17195863	8502	-0.1708
4fb4becf-3826-4639-96d5-4fb2fd0fb550	5	17196431	32626189	8329	-0.202
4fb4becf-3826-4639-96d5-4fb2fd0fb550	5	32626318	39123882	3639	-0.1711
4fb4becf-3826-4639-96d5-4fb2fd0fb550	5	39125997	39455941	245	0.1949
4fb4becf-3826-4639-96d5-4fb2fd0fb550	5	39460008	42950259	2075	-0.2097
4fb4becf-3826-4639-96d5-4fb2fd0fb550	5	42955971	43879425	410	0.3444
4fb4becf-3826-4639-96d5-4fb2fd0fb550	5	43879722	44512967	291	0.7486
4fb4becf-3826-4639-96d5-4fb2fd0fb550	5	44516221	45210104	285	0.2651
4fb4becf-3826-4639-96d5-4fb2fd0fb550	5	45212589	45360996	52	0.9195
4fb4becf-3826-4639-96d5-4fb2fd0fb550	5	45364957	45383300	4	0.488
4fb4becf-3826-4639-96d5-4fb2fd0fb550	5	50828231	53025110	1327	-0.1835
4fb4becf-3826-4639-96d5-4fb2fd0fb550	5	53025582	53025602	2	-1.9124
4fb4becf-3826-4639-96d5-4fb2fd0fb550	5	53027623	58055986	3185	-0.2111
4fb4becf-3826-4639-96d5-4fb2fd0fb550	5	58057758	58063821	2	-1.9347
4fb4becf-3826-4639-96d5-4fb2fd0fb550	5	58064843	98753881	21865	-0.1938
4fb4becf-3826-4639-96d5-4fb2fd0fb550	5	98755278	98760265	2	-2.7127
4fb4becf-3826-4639-96d5-4fb2fd0fb550	5	98765973	112601227	6847	-0.1891
4fb4becf-3826-4639-96d5-4fb2fd0fb550	5	112606141	112607855	3	-1.4941
4fb4becf-3826-4639-96d5-4fb2fd0fb550	5	112609049	113034614	394	-0.1683
4fb4becf-3826-4639-96d5-4fb2fd0fb550	5	113034786	113034893	2	-2.7917
4fb4becf-3826-4639-96d5-4fb2fd0fb550	5	113035270	113092183	62	-0.3021
4fb4becf-3826-4639-96d5-4fb2fd0fb550	5	113093053	130782432	10339	-0.1819
4fb4becf-3826-4639-96d5-4fb2fd0fb550	5	130789406	143483088	7253	-0.2165
4fb4becf-3826-4639-96d5-4fb2fd0fb550	5	143486999	152411794	5861	-0.1856
4fb4becf-3826-4639-96d5-4fb2fd0fb550	5	152411806	165213080	8108	-0.2152
4fb4becf-3826-4639-96d5-4fb2fd0fb550	5	165214794	169164296	2805	-0.1785
4fb4becf-3826-4639-96d5-4fb2fd0fb550	5	169164528	178177678	5191	-0.2403
4fb4becf-3826-4639-96d5-4fb2fd0fb550	5	178180810	178180895	2	-4.5607
4fb4becf-3826-4639-96d5-4fb2fd0fb550	5	178181181	178181449	3	-1.4664
4fb4becf-3826-4639-96d5-4fb2fd0fb550	5	178182539	180934240	1451	-0.2567
4fb4becf-3826-4639-96d5-4fb2fd0fb550	6	1011760	5252072	3057	0.1505
4fb4becf-3826-4639-96d5-4fb2fd0fb550	6	5252442	16848894	8259	0.1129
4fb4becf-3826-4639-96d5-4fb2fd0fb550	6	16849243	24186362	5145	0.1418
4fb4becf-3826-4639-96d5-4fb2fd0fb550	6	24186583	24433233	122	0.3175
4fb4becf-3826-4639-96d5-4fb2fd0fb550	6	24433614	25411807	676	0.2641
4fb4becf-3826-4639-96d5-4fb2fd0fb550	6	25412759	25414097	3	-1.175
4fb4becf-3826-4639-96d5-4fb2fd0fb550	6	25418225	37241690	4392	0.224
4fb4becf-3826-4639-96d5-4fb2fd0fb550	6	37242537	41045177	2783	0.2703
4fb4becf-3826-4639-96d5-4fb2fd0fb550	6	41045289	44280832	1772	0.2217
4fb4becf-3826-4639-96d5-4fb2fd0fb550	6	44283116	61615668	7866	0.3137
4fb4becf-3826-4639-96d5-4fb2fd0fb550	6	61616345	65706759	1995	0.1199
4fb4becf-3826-4639-96d5-4fb2fd0fb550	6	65707173	76563103	6358	0.1488
4fb4becf-3826-4639-96d5-4fb2fd0fb550	6	76565752	88367455	6517	0.117
4fb4becf-3826-4639-96d5-4fb2fd0fb550	6	88368470	90530417	1403	0.0621
4fb4becf-3826-4639-96d5-4fb2fd0fb550	6	90533282	105760342	8003	0.1109
4fb4becf-3826-4639-96d5-4fb2fd0fb550	6	105761884	111522345	3484	0.0651
4fb4becf-3826-4639-96d5-4fb2fd0fb550	6	111523048	165874592	33301	0.1138
4fb4becf-3826-4639-96d5-4fb2fd0fb550	6	165874817	167930154	942	0.0532
4fb4becf-3826-4639-96d5-4fb2fd0fb550	6	167930914	170596889	800	0.1214
4fb4becf-3826-4639-96d5-4fb2fd0fb550	7	664936	9271574	3414	-0.066
4fb4becf-3826-4639-96d5-4fb2fd0fb550	7	9272642	35569730	16426	0.0027
4fb4becf-3826-4639-96d5-4fb2fd0fb550	7	35570253	38436974	2015	-0.0538
4fb4becf-3826-4639-96d5-4fb2fd0fb550	7	38437248	43340872	2872	0.0196
4fb4becf-3826-4639-96d5-4fb2fd0fb550	7	43344539	53801120	6979	-0.0253
4fb4becf-3826-4639-96d5-4fb2fd0fb550	7	53801655	55259328	1103	0.0313
4fb4becf-3826-4639-96d5-4fb2fd0fb550	7	55260055	73583460	4845	-0.0395
4fb4becf-3826-4639-96d5-4fb2fd0fb550	7	73586988	76291527	743	-0.1288
4fb4becf-3826-4639-96d5-4fb2fd0fb550	7	76295541	77752946	435	-0.0375
4fb4becf-3826-4639-96d5-4fb2fd0fb550	7	77752971	85968741	5078	0.0207
4fb4becf-3826-4639-96d5-4fb2fd0fb550	7	85968870	90320243	1360	-0.0389
4fb4becf-3826-4639-96d5-4fb2fd0fb550	7	90320283	97991379	4622	0.0045
4fb4becf-3826-4639-96d5-4fb2fd0fb550	7	97992624	101304291	1255	-0.0921
4fb4becf-3826-4639-96d5-4fb2fd0fb550	7	101311575	101311641	2	-1.3329
4fb4becf-3826-4639-96d5-4fb2fd0fb550	7	101498586	102282046	395	-0.0871
4fb4becf-3826-4639-96d5-4fb2fd0fb550	7	102297475	105726324	1738	-0.005
4fb4becf-3826-4639-96d5-4fb2fd0fb550	7	105731239	105779697	46	-0.1034
4fb4becf-3826-4639-96d5-4fb2fd0fb550	7	105779823	106018005	220	-0.4483
4fb4becf-3826-4639-96d5-4fb2fd0fb550	7	106020348	107131953	713	-0.0588
4fb4becf-3826-4639-96d5-4fb2fd0fb550	7	107136122	108535897	708	0.0301
4fb4becf-3826-4639-96d5-4fb2fd0fb550	7	108536531	108539074	2	-1.454
4fb4becf-3826-4639-96d5-4fb2fd0fb550	7	108539756	126306862	9409	0.013
4fb4becf-3826-4639-96d5-4fb2fd0fb550	7	126308683	133905457	4158	-0.0258
4fb4becf-3826-4639-96d5-4fb2fd0fb550	7	133906184	137925291	2581	0.0167
4fb4becf-3826-4639-96d5-4fb2fd0fb550	7	137925649	146460483	4082	-0.0288
4fb4becf-3826-4639-96d5-4fb2fd0fb550	7	146468205	147022893	308	-0.4549
4fb4becf-3826-4639-96d5-4fb2fd0fb550	7	147023792	149664378	1659	-0.0109
4fb4becf-3826-4639-96d5-4fb2fd0fb550	7	149664918	152908587	1443	-0.0732
4fb4becf-3826-4639-96d5-4fb2fd0fb550	7	152908665	155900472	1622	-0.0173
4fb4becf-3826-4639-96d5-4fb2fd0fb550	7	155900575	155900787	3	-1.0784
4fb4becf-3826-4639-96d5-4fb2fd0fb550	7	155902980	158592540	1435	-0.0203
4fb4becf-3826-4639-96d5-4fb2fd0fb550	8	667625	1873350	576	-0.4803
4fb4becf-3826-4639-96d5-4fb2fd0fb550	8	1874273	1875493	3	-1.5945
4fb4becf-3826-4639-96d5-4fb2fd0fb550	8	1875983	3874891	1061	-0.4532
4fb4becf-3826-4639-96d5-4fb2fd0fb550	8	3877116	3877376	4	-2.0455
4fb4becf-3826-4639-96d5-4fb2fd0fb550	8	3877412	36624605	19670	-0.4344
4fb4becf-3826-4639-96d5-4fb2fd0fb550	8	36628337	37393110	519	0.8644
4fb4becf-3826-4639-96d5-4fb2fd0fb550	8	37395954	37449659	20	1.6497
4fb4becf-3826-4639-96d5-4fb2fd0fb550	8	37455569	37976794	224	-0.4544
4fb4becf-3826-4639-96d5-4fb2fd0fb550	8	37979382	38639315	297	1.2667
4fb4becf-3826-4639-96d5-4fb2fd0fb550	8	38640132	40098438	683	1.0373
4fb4becf-3826-4639-96d5-4fb2fd0fb550	8	40098546	40902730	621	0.8286
4fb4becf-3826-4639-96d5-4fb2fd0fb550	8	40904267	41932218	635	0.5948
4fb4becf-3826-4639-96d5-4fb2fd0fb550	8	41935062	67229323	12233	0.3201
4fb4becf-3826-4639-96d5-4fb2fd0fb550	8	67231644	71169838	2419	0.5839
4fb4becf-3826-4639-96d5-4fb2fd0fb550	8	71170226	98736385	15768	0.6085
4fb4becf-3826-4639-96d5-4fb2fd0fb550	8	98744490	103025766	2397	0.572
4fb4becf-3826-4639-96d5-4fb2fd0fb550	8	103028442	108317680	2888	0.6341
4fb4becf-3826-4639-96d5-4fb2fd0fb550	8	108323076	117026617	4549	0.595
4fb4becf-3826-4639-96d5-4fb2fd0fb550	8	117026998	122767360	3909	0.6257
4fb4becf-3826-4639-96d5-4fb2fd0fb550	8	122767832	127065276	2955	0.5685
4fb4becf-3826-4639-96d5-4fb2fd0fb550	8	127066864	133287644	4426	0.7224
4fb4becf-3826-4639-96d5-4fb2fd0fb550	8	133287684	137921697	3439	0.6786
4fb4becf-3826-4639-96d5-4fb2fd0fb550	8	137922319	144182542	2647	0.7107
4fb4becf-3826-4639-96d5-4fb2fd0fb550	9	789794	1820409	440	-1.084
4fb4becf-3826-4639-96d5-4fb2fd0fb550	9	1823394	2715284	859	0.8027
4fb4becf-3826-4639-96d5-4fb2fd0fb550	9	2715895	3288470	485	1.0122
4fb4becf-3826-4639-96d5-4fb2fd0fb550	9	3288906	3337957	29	1.4958
4fb4becf-3826-4639-96d5-4fb2fd0fb550	9	3341017	3395848	28	0.9522
4fb4becf-3826-4639-96d5-4fb2fd0fb550	9	3408858	4281405	634	2.257
4fb4becf-3826-4639-96d5-4fb2fd0fb550	9	4282782	5408358	808	1.9125
4fb4becf-3826-4639-96d5-4fb2fd0fb550	9	5410702	6033351	290	2.0869
4fb4becf-3826-4639-96d5-4fb2fd0fb550	9	6034076	7057302	108	1.9064
4fb4becf-3826-4639-96d5-4fb2fd0fb550	9	7057701	7709441	522	1.6234
4fb4becf-3826-4639-96d5-4fb2fd0fb550	9	7709993	7712218	10	0.8288
4fb4becf-3826-4639-96d5-4fb2fd0fb550	9	7714889	8216844	300	-0.4688
4fb4becf-3826-4639-96d5-4fb2fd0fb550	9	8223541	8268746	69	1.6989
4fb4becf-3826-4639-96d5-4fb2fd0fb550	9	8269034	8441839	152	1.9085
4fb4becf-3826-4639-96d5-4fb2fd0fb550	9	8441863	8662440	189	1.715
4fb4becf-3826-4639-96d5-4fb2fd0fb550	9	8663220	9238476	372	1.4456
4fb4becf-3826-4639-96d5-4fb2fd0fb550	9	9238528	9453626	50	1.1467
4fb4becf-3826-4639-96d5-4fb2fd0fb550	9	9453879	9662428	138	1.2962
4fb4becf-3826-4639-96d5-4fb2fd0fb550	9	9662772	10350049	312	1.065
4fb4becf-3826-4639-96d5-4fb2fd0fb550	9	10351898	10658153	224	0.6204
4fb4becf-3826-4639-96d5-4fb2fd0fb550	9	10690370	10690555	2	-1.5302
4fb4becf-3826-4639-96d5-4fb2fd0fb550	9	10690633	10736942	13	0.3889
4fb4becf-3826-4639-96d5-4fb2fd0fb550	9	10737004	10755356	7	0.7057
4fb4becf-3826-4639-96d5-4fb2fd0fb550	9	10756249	10821734	39	0.2478
4fb4becf-3826-4639-96d5-4fb2fd0fb550	9	10821967	11275227	240	-0.0058
4fb4becf-3826-4639-96d5-4fb2fd0fb550	9	12527414	15018539	1893	-2.4705
4fb4becf-3826-4639-96d5-4fb2fd0fb550	9	15031400	15194982	102	-0.6879
4fb4becf-3826-4639-96d5-4fb2fd0fb550	9	15197227	15374611	196	-2.5683
4fb4becf-3826-4639-96d5-4fb2fd0fb550	9	15378194	19246846	3144	-0.6607
4fb4becf-3826-4639-96d5-4fb2fd0fb550	9	19247828	19710068	313	-0.4248
4fb4becf-3826-4639-96d5-4fb2fd0fb550	9	19711016	19722123	10	-0.9423
4fb4becf-3826-4639-96d5-4fb2fd0fb550	9	19722762	23059969	2270	-2.2152
4fb4becf-3826-4639-96d5-4fb2fd0fb550	9	23063455	25252133	1420	0.4586
4fb4becf-3826-4639-96d5-4fb2fd0fb550	9	25352693	25418898	41	1.2419
4fb4becf-3826-4639-96d5-4fb2fd0fb550	9	25420612	27822005	1521	1.5367
4fb4becf-3826-4639-96d5-4fb2fd0fb550	9	27824818	28388369	293	0.9568
4fb4becf-3826-4639-96d5-4fb2fd0fb550	9	28388959	28543420	111	1.3532
4fb4becf-3826-4639-96d5-4fb2fd0fb550	9	28543777	30841599	874	1.1587
4fb4becf-3826-4639-96d5-4fb2fd0fb550	9	30842734	35725071	2947	0.7621
4fb4becf-3826-4639-96d5-4fb2fd0fb550	9	35737200	38549026	1808	-0.4574
4fb4becf-3826-4639-96d5-4fb2fd0fb550	9	38561296	38611167	21	0.2335
4fb4becf-3826-4639-96d5-4fb2fd0fb550	9	38613950	38752071	156	-0.461
4fb4becf-3826-4639-96d5-4fb2fd0fb550	9	68423153	78919190	7346	0.4731
4fb4becf-3826-4639-96d5-4fb2fd0fb550	9	78919711	78920042	2	-1.7275
4fb4becf-3826-4639-96d5-4fb2fd0fb550	9	78923576	89124480	7071	0.4677
4fb4becf-3826-4639-96d5-4fb2fd0fb550	9	89127744	100330325	6990	0.4198
4fb4becf-3826-4639-96d5-4fb2fd0fb550	9	100330791	100679940	184	0.4978
4fb4becf-3826-4639-96d5-4fb2fd0fb550	9	100683867	101626970	678	0.9045
4fb4becf-3826-4639-96d5-4fb2fd0fb550	9	101628872	123584007	14970	-0.1987
4fb4becf-3826-4639-96d5-4fb2fd0fb550	9	123587947	138044505	7518	-0.2923
4fb4becf-3826-4639-96d5-4fb2fd0fb550	10	366509	3113506	1332	0.001
4fb4becf-3826-4639-96d5-4fb2fd0fb550	10	3113976	8224688	4070	-0.0306
4fb4becf-3826-4639-96d5-4fb2fd0fb550	10	8225355	10367402	1515	0.0115
4fb4becf-3826-4639-96d5-4fb2fd0fb550	10	10369283	15702706	4293	-0.0417
4fb4becf-3826-4639-96d5-4fb2fd0fb550	10	15702893	19611885	2746	0.0085
4fb4becf-3826-4639-96d5-4fb2fd0fb550	10	19612084	23811832	2690	-0.029
4fb4becf-3826-4639-96d5-4fb2fd0fb550	10	23813958	25495623	1130	0.0354
4fb4becf-3826-4639-96d5-4fb2fd0fb550	10	25496566	32235725	4628	-0.0328
4fb4becf-3826-4639-96d5-4fb2fd0fb550	10	32239134	36836724	2869	0.019
4fb4becf-3826-4639-96d5-4fb2fd0fb550	10	36838712	48505706	3301	-0.0263
4fb4becf-3826-4639-96d5-4fb2fd0fb550	10	48506799	64381690	9576	0.0146
4fb4becf-3826-4639-96d5-4fb2fd0fb550	10	64382388	64384104	2	-1.7308
4fb4becf-3826-4639-96d5-4fb2fd0fb550	10	64390704	68221393	1979	-0.0013
4fb4becf-3826-4639-96d5-4fb2fd0fb550	10	68221679	75571232	4124	-0.0508
4fb4becf-3826-4639-96d5-4fb2fd0fb550	10	75585203	75961286	282	-0.0006
4fb4becf-3826-4639-96d5-4fb2fd0fb550	10	75961947	77698582	1378	0.0497
4fb4becf-3826-4639-96d5-4fb2fd0fb550	10	77699243	78831073	933	-0.0172
4fb4becf-3826-4639-96d5-4fb2fd0fb550	10	78831307	78832740	3	-1.1804
4fb4becf-3826-4639-96d5-4fb2fd0fb550	10	78833186	99942716	12886	-0.0083
4fb4becf-3826-4639-96d5-4fb2fd0fb550	10	99944562	103465513	1645	-0.0685
4fb4becf-3826-4639-96d5-4fb2fd0fb550	10	103469182	133411599	19652	-0.0066
4fb4becf-3826-4639-96d5-4fb2fd0fb550	11	456012	4167500	1342	0.223
4fb4becf-3826-4639-96d5-4fb2fd0fb550	11	4167644	9892042	3726	0.2796
4fb4becf-3826-4639-96d5-4fb2fd0fb550	11	9895056	9944743	41	0.0117
4fb4becf-3826-4639-96d5-4fb2fd0fb550	11	9947094	11253429	941	0.2864
4fb4becf-3826-4639-96d5-4fb2fd0fb550	11	11253944	11290976	59	0.1651
4fb4becf-3826-4639-96d5-4fb2fd0fb550	11	11291142	15883494	3396	0.3246
4fb4becf-3826-4639-96d5-4fb2fd0fb550	11	15885742	17609544	1109	0.2622
4fb4becf-3826-4639-96d5-4fb2fd0fb550	11	17611386	39021067	13794	0.3136
4fb4becf-3826-4639-96d5-4fb2fd0fb550	11	39023765	39617182	298	0.2514
4fb4becf-3826-4639-96d5-4fb2fd0fb550	11	39621153	39663610	29	0.1944
4fb4becf-3826-4639-96d5-4fb2fd0fb550	11	39663652	39663816	2	-1.8046
4fb4becf-3826-4639-96d5-4fb2fd0fb550	11	39670323	41306598	1172	0.1403
4fb4becf-3826-4639-96d5-4fb2fd0fb550	11	41307426	50092125	4652	0.2703
4fb4becf-3826-4639-96d5-4fb2fd0fb550	11	50096159	56346099	57	-0.3559
4fb4becf-3826-4639-96d5-4fb2fd0fb550	11	56347137	56765783	251	-0.1517
4fb4becf-3826-4639-96d5-4fb2fd0fb550	11	56766689	60699702	2214	-0.4642
4fb4becf-3826-4639-96d5-4fb2fd0fb550	11	60704794	61311703	355	-0.0565
4fb4becf-3826-4639-96d5-4fb2fd0fb550	11	61318915	63602686	1149	0.2225
4fb4becf-3826-4639-96d5-4fb2fd0fb550	11	63603802	64828200	433	-0.1472
4fb4becf-3826-4639-96d5-4fb2fd0fb550	11	65902628	67529387	620	1.083
4fb4becf-3826-4639-96d5-4fb2fd0fb550	11	68003122	68887306	398	-0.5708
4fb4becf-3826-4639-96d5-4fb2fd0fb550	11	68893329	68913657	17	1.295
4fb4becf-3826-4639-96d5-4fb2fd0fb550	11	68914185	69033149	71	1.4906
4fb4becf-3826-4639-96d5-4fb2fd0fb550	11	69037338	69726222	434	1.7794
4fb4becf-3826-4639-96d5-4fb2fd0fb550	11	69728315	70385410	347	1.5825
4fb4becf-3826-4639-96d5-4fb2fd0fb550	11	70389762	71649248	718	0.9921
4fb4becf-3826-4639-96d5-4fb2fd0fb550	11	71649989	72413467	268	0.6043
4fb4becf-3826-4639-96d5-4fb2fd0fb550	11	72419907	73489466	495	0.3959
4fb4becf-3826-4639-96d5-4fb2fd0fb550	11	73493999	75213843	940	-0.4823
4fb4becf-3826-4639-96d5-4fb2fd0fb550	11	75214531	76018848	437	-0.0787
4fb4becf-3826-4639-96d5-4fb2fd0fb550	11	76022374	112122101	22117	-0.4368
4fb4becf-3826-4639-96d5-4fb2fd0fb550	11	112122402	117461841	3773	-0.4729
4fb4becf-3826-4639-96d5-4fb2fd0fb550	11	117467657	121552537	2840	-0.5178
4fb4becf-3826-4639-96d5-4fb2fd0fb550	11	121556058	128942691	5492	-0.463
4fb4becf-3826-4639-96d5-4fb2fd0fb550	11	128945427	130288002	783	-0.4413
4fb4becf-3826-4639-96d5-4fb2fd0fb550	11	130290561	130291803	2	-2.0605
4fb4becf-3826-4639-96d5-4fb2fd0fb550	11	130294941	134272740	2469	-0.4299
4fb4becf-3826-4639-96d5-4fb2fd0fb550	12	780472	4968508	2401	-0.0248
4fb4becf-3826-4639-96d5-4fb2fd0fb550	12	4972545	4998812	29	0.5294
4fb4becf-3826-4639-96d5-4fb2fd0fb550	12	4999376	5037691	51	0.0141
4fb4becf-3826-4639-96d5-4fb2fd0fb550	12	5039722	6254982	1025	0.4692
4fb4becf-3826-4639-96d5-4fb2fd0fb550	12	6258063	10052083	1564	0.3836
4fb4becf-3826-4639-96d5-4fb2fd0fb550	12	10054165	11000226	508	0.4274
4fb4becf-3826-4639-96d5-4fb2fd0fb550	12	11200674	18449827	4512	-0.7028
4fb4becf-3826-4639-96d5-4fb2fd0fb550	12	18459800	23040039	2891	-0.4177
4fb4becf-3826-4639-96d5-4fb2fd0fb550	12	23043641	29365895	4062	0.5937
4fb4becf-3826-4639-96d5-4fb2fd0fb550	12	29366087	31037105	1278	0.4769
4fb4becf-3826-4639-96d5-4fb2fd0fb550	12	31037997	33140973	1213	0.407
4fb4becf-3826-4639-96d5-4fb2fd0fb550	12	33246810	33368216	89	0.4878
4fb4becf-3826-4639-96d5-4fb2fd0fb550	12	38827290	46023048	3932	-0.0192
4fb4becf-3826-4639-96d5-4fb2fd0fb550	12	46024878	57739473	6112	-0.0698
4fb4becf-3826-4639-96d5-4fb2fd0fb550	12	57742013	57890772	78	2.3926
4fb4becf-3826-4639-96d5-4fb2fd0fb550	12	57892578	58049141	88	1.6935
4fb4becf-3826-4639-96d5-4fb2fd0fb550	12	58049492	58082865	25	0.8759
4fb4becf-3826-4639-96d5-4fb2fd0fb550	12	58083027	58128518	36	1.5591
4fb4becf-3826-4639-96d5-4fb2fd0fb550	12	58130321	58185190	48	1.0148
4fb4becf-3826-4639-96d5-4fb2fd0fb550	12	58190365	58253433	36	1.6079
4fb4becf-3826-4639-96d5-4fb2fd0fb550	12	58254316	58265917	5	2.2721
4fb4becf-3826-4639-96d5-4fb2fd0fb550	12	58270427	58314837	23	0.9973
4fb4becf-3826-4639-96d5-4fb2fd0fb550	12	58316839	58365641	67	1.6214
4fb4becf-3826-4639-96d5-4fb2fd0fb550	12	58369119	58391495	26	1.2381
4fb4becf-3826-4639-96d5-4fb2fd0fb550	12	58392131	58563278	147	1.0091
4fb4becf-3826-4639-96d5-4fb2fd0fb550	12	58569916	58572887	7	1.664
4fb4becf-3826-4639-96d5-4fb2fd0fb550	12	58575453	58828192	174	1.0028
4fb4becf-3826-4639-96d5-4fb2fd0fb550	12	58828198	58828619	11	0.344
4fb4becf-3826-4639-96d5-4fb2fd0fb550	12	58828895	58924706	84	0.9839
4fb4becf-3826-4639-96d5-4fb2fd0fb550	12	58932883	58992324	41	1.6156
4fb4becf-3826-4639-96d5-4fb2fd0fb550	12	58995960	59028887	34	1.1431
4fb4becf-3826-4639-96d5-4fb2fd0fb550	12	59031102	59599451	331	-0.001
4fb4becf-3826-4639-96d5-4fb2fd0fb550	12	59604366	59645362	27	2.3595
4fb4becf-3826-4639-96d5-4fb2fd0fb550	12	59646312	60835090	693	-0.0159
4fb4becf-3826-4639-96d5-4fb2fd0fb550	12	60835450	60877843	28	1.084
4fb4becf-3826-4639-96d5-4fb2fd0fb550	12	60881998	60892377	7	1.8884
4fb4becf-3826-4639-96d5-4fb2fd0fb550	12	60892501	60937602	23	0.976
4fb4becf-3826-4639-96d5-4fb2fd0fb550	12	60942288	60971164	8	1.7913
4fb4becf-3826-4639-96d5-4fb2fd0fb550	12	60971997	61016936	24	2.0912
4fb4becf-3826-4639-96d5-4fb2fd0fb550	12	61017100	61165458	94	2.5333
4fb4becf-3826-4639-96d5-4fb2fd0fb550	12	61165693	61249383	40	1.9615
4fb4becf-3826-4639-96d5-4fb2fd0fb550	12	61249982	61391353	83	1.5717
4fb4becf-3826-4639-96d5-4fb2fd0fb550	12	61393876	61468956	61	1.0664
4fb4becf-3826-4639-96d5-4fb2fd0fb550	12	61476290	61563369	57	-0.0003
4fb4becf-3826-4639-96d5-4fb2fd0fb550	12	61564734	61600433	24	0.8389
4fb4becf-3826-4639-96d5-4fb2fd0fb550	12	61602074	61624351	13	2.4482
4fb4becf-3826-4639-96d5-4fb2fd0fb550	12	61625778	61710655	39	0.8226
4fb4becf-3826-4639-96d5-4fb2fd0fb550	12	61713683	61748225	20	2.0936
4fb4becf-3826-4639-96d5-4fb2fd0fb550	12	61748871	61828431	55	1.5952
4fb4becf-3826-4639-96d5-4fb2fd0fb550	12	61830016	61892068	39	2.146
4fb4becf-3826-4639-96d5-4fb2fd0fb550	12	61892255	62065818	116	1.8625
4fb4becf-3826-4639-96d5-4fb2fd0fb550	12	62066119	62076032	14	2.3611
4fb4becf-3826-4639-96d5-4fb2fd0fb550	12	62077677	62951223	582	-0.0218
4fb4becf-3826-4639-96d5-4fb2fd0fb550	12	62953689	63342618	284	2.1992
4fb4becf-3826-4639-96d5-4fb2fd0fb550	12	63350600	63768614	126	1.3085
4fb4becf-3826-4639-96d5-4fb2fd0fb550	12	63771127	63867469	39	0.0166
4fb4becf-3826-4639-96d5-4fb2fd0fb550	12	63869547	63883604	10	0.8138
4fb4becf-3826-4639-96d5-4fb2fd0fb550	12	63884322	63967682	41	0.0812
4fb4becf-3826-4639-96d5-4fb2fd0fb550	12	63974227	63992237	12	0.6586
4fb4becf-3826-4639-96d5-4fb2fd0fb550	12	63995407	64008060	17	0.0362
4fb4becf-3826-4639-96d5-4fb2fd0fb550	12	64011022	64016855	14	0.4655
4fb4becf-3826-4639-96d5-4fb2fd0fb550	12	64017097	64024120	11	1.0815
4fb4becf-3826-4639-96d5-4fb2fd0fb550	12	64027737	64044748	11	1.5136
4fb4becf-3826-4639-96d5-4fb2fd0fb550	12	64053175	64064084	9	1.024
4fb4becf-3826-4639-96d5-4fb2fd0fb550	12	64065429	64119350	27	-0.0053
4fb4becf-3826-4639-96d5-4fb2fd0fb550	12	64124867	64167580	25	0.6376
4fb4becf-3826-4639-96d5-4fb2fd0fb550	12	64168043	64450861	143	1.3927
4fb4becf-3826-4639-96d5-4fb2fd0fb550	12	64467289	65227889	447	-0.0074
4fb4becf-3826-4639-96d5-4fb2fd0fb550	12	65241884	65262154	9	0.6361
4fb4becf-3826-4639-96d5-4fb2fd0fb550	12	65271195	65459144	96	0.0429
4fb4becf-3826-4639-96d5-4fb2fd0fb550	12	65461696	65481933	16	1.3305
4fb4becf-3826-4639-96d5-4fb2fd0fb550	12	65481965	65504550	11	1.7855
4fb4becf-3826-4639-96d5-4fb2fd0fb550	12	65505394	65671356	102	1.3113
4fb4becf-3826-4639-96d5-4fb2fd0fb550	12	65676520	65690896	15	-0.0422
4fb4becf-3826-4639-96d5-4fb2fd0fb550	12	65693391	65697103	3	1.8653
4fb4becf-3826-4639-96d5-4fb2fd0fb550	12	65702902	65773874	61	0.0286
4fb4becf-3826-4639-96d5-4fb2fd0fb550	12	65781076	65885592	61	2.0357
4fb4becf-3826-4639-96d5-4fb2fd0fb550	12	65892038	65898165	5	0.0349
4fb4becf-3826-4639-96d5-4fb2fd0fb550	12	65904031	65969759	34	1.9923
4fb4becf-3826-4639-96d5-4fb2fd0fb550	12	65972343	66678943	459	-0.0036
4fb4becf-3826-4639-96d5-4fb2fd0fb550	12	66683195	67226203	445	1.0015
4fb4becf-3826-4639-96d5-4fb2fd0fb550	12	67231091	67236006	9	1.1367
4fb4becf-3826-4639-96d5-4fb2fd0fb550	12	67238513	67359786	82	1.555
4fb4becf-3826-4639-96d5-4fb2fd0fb550	12	67360893	67392647	20	1.0317
4fb4becf-3826-4639-96d5-4fb2fd0fb550	12	67392990	67515786	99	2.0955
4fb4becf-3826-4639-96d5-4fb2fd0fb550	12	67515890	67569459	37	1.4917
4fb4becf-3826-4639-96d5-4fb2fd0fb550	12	67576149	67811824	167	1.0076
4fb4becf-3826-4639-96d5-4fb2fd0fb550	12	67812407	67841043	20	1.6979
4fb4becf-3826-4639-96d5-4fb2fd0fb550	12	67841519	67978169	101	1.332
4fb4becf-3826-4639-96d5-4fb2fd0fb550	12	67979520	68154735	151	2.0074
4fb4becf-3826-4639-96d5-4fb2fd0fb550	12	68154814	68195594	38	2.63
4fb4becf-3826-4639-96d5-4fb2fd0fb550	12	68196127	68252357	55	2.1956
4fb4becf-3826-4639-96d5-4fb2fd0fb550	12	68252765	68528032	225	2.6034
4fb4becf-3826-4639-96d5-4fb2fd0fb550	12	68530837	68540856	9	-0.0795
4fb4becf-3826-4639-96d5-4fb2fd0fb550	12	68546045	68734366	95	2.4601
4fb4becf-3826-4639-96d5-4fb2fd0fb550	12	68739109	69006766	196	2.8273
4fb4becf-3826-4639-96d5-4fb2fd0fb550	12	69007353	69762271	522	2.4246
4fb4becf-3826-4639-96d5-4fb2fd0fb550	12	69764010	69811545	19	1.7697
4fb4becf-3826-4639-96d5-4fb2fd0fb550	12	69812372	69874556	38	1.4118
4fb4becf-3826-4639-96d5-4fb2fd0fb550	12	69874585	70027448	125	1.9658
4fb4becf-3826-4639-96d5-4fb2fd0fb550	12	70027650	70390858	204	2.5048
4fb4becf-3826-4639-96d5-4fb2fd0fb550	12	70390913	70427312	28	2.1577
4fb4becf-3826-4639-96d5-4fb2fd0fb550	12	70427564	70531354	61	1.818
4fb4becf-3826-4639-96d5-4fb2fd0fb550	12	70531857	70848036	235	2.2374
4fb4becf-3826-4639-96d5-4fb2fd0fb550	12	70852049	70917387	52	2.4309
4fb4becf-3826-4639-96d5-4fb2fd0fb550	12	70917468	70984517	52	2.7924
4fb4becf-3826-4639-96d5-4fb2fd0fb550	12	70984686	71013515	26	2.0921
4fb4becf-3826-4639-96d5-4fb2fd0fb550	12	71014217	71520977	213	1.5931
4fb4becf-3826-4639-96d5-4fb2fd0fb550	12	71521994	71820366	188	-0.039
4fb4becf-3826-4639-96d5-4fb2fd0fb550	12	71830408	71953020	84	2.1202
4fb4becf-3826-4639-96d5-4fb2fd0fb550	12	71953741	72054151	69	1.4965
4fb4becf-3826-4639-96d5-4fb2fd0fb550	12	72057052	72080780	10	1.8614
4fb4becf-3826-4639-96d5-4fb2fd0fb550	12	72082488	72436760	211	-0.0073
4fb4becf-3826-4639-96d5-4fb2fd0fb550	12	72437397	72478469	18	1.1629
4fb4becf-3826-4639-96d5-4fb2fd0fb550	12	72479540	72634945	106	0.7748
4fb4becf-3826-4639-96d5-4fb2fd0fb550	12	72646775	72734025	26	1.033
4fb4becf-3826-4639-96d5-4fb2fd0fb550	12	72738235	73272684	225	-0.0211
4fb4becf-3826-4639-96d5-4fb2fd0fb550	12	73273280	73524943	128	0.2362
4fb4becf-3826-4639-96d5-4fb2fd0fb550	12	73527529	73645728	73	1.7529
4fb4becf-3826-4639-96d5-4fb2fd0fb550	12	73649891	74234121	242	0.9234
4fb4becf-3826-4639-96d5-4fb2fd0fb550	12	74234994	74280965	15	1.4335
4fb4becf-3826-4639-96d5-4fb2fd0fb550	12	74293895	74397890	64	0.0489
4fb4becf-3826-4639-96d5-4fb2fd0fb550	12	74399014	74430033	30	1.004
4fb4becf-3826-4639-96d5-4fb2fd0fb550	12	74431835	74658736	154	-0.0129
4fb4becf-3826-4639-96d5-4fb2fd0fb550	12	74662876	74701469	24	0.4235
4fb4becf-3826-4639-96d5-4fb2fd0fb550	12	74713597	74801897	82	1.1577
4fb4becf-3826-4639-96d5-4fb2fd0fb550	12	74801929	74806614	9	0.2972
4fb4becf-3826-4639-96d5-4fb2fd0fb550	12	74815332	74959754	89	0.5614
4fb4becf-3826-4639-96d5-4fb2fd0fb550	12	74966448	75018977	26	0.3422
4fb4becf-3826-4639-96d5-4fb2fd0fb550	12	75023664	75037903	11	0.8272
4fb4becf-3826-4639-96d5-4fb2fd0fb550	12	75038537	75338662	201	1.1413
4fb4becf-3826-4639-96d5-4fb2fd0fb550	12	75339052	75394093	26	0.6431
4fb4becf-3826-4639-96d5-4fb2fd0fb550	12	75402941	76004953	458	0.0073
4fb4becf-3826-4639-96d5-4fb2fd0fb550	12	76006499	76016210	7	0.9748
4fb4becf-3826-4639-96d5-4fb2fd0fb550	12	76021497	76717327	380	-0.0119
4fb4becf-3826-4639-96d5-4fb2fd0fb550	12	76717657	76740371	10	0.4446
4fb4becf-3826-4639-96d5-4fb2fd0fb550	12	76740504	76809065	36	0.8356
4fb4becf-3826-4639-96d5-4fb2fd0fb550	12	76809726	76920025	61	1.2642
4fb4becf-3826-4639-96d5-4fb2fd0fb550	12	76920211	76976123	35	0.876
4fb4becf-3826-4639-96d5-4fb2fd0fb550	12	76986197	77010594	18	-0.0136
4fb4becf-3826-4639-96d5-4fb2fd0fb550	12	77017068	77058862	43	0.3302
4fb4becf-3826-4639-96d5-4fb2fd0fb550	12	77060024	77192876	103	0.6352
4fb4becf-3826-4639-96d5-4fb2fd0fb550	12	77199572	77218530	16	-0.0467
4fb4becf-3826-4639-96d5-4fb2fd0fb550	12	77218805	77225551	5	0.3579
4fb4becf-3826-4639-96d5-4fb2fd0fb550	12	77233665	77268571	34	0.8972
4fb4becf-3826-4639-96d5-4fb2fd0fb550	12	77269045	77292301	14	1.3107
4fb4becf-3826-4639-96d5-4fb2fd0fb550	12	77293048	77294773	7	0.816
4fb4becf-3826-4639-96d5-4fb2fd0fb550	12	77296771	77392464	67	0.084
4fb4becf-3826-4639-96d5-4fb2fd0fb550	12	77392788	77467180	50	0.7766
4fb4becf-3826-4639-96d5-4fb2fd0fb550	12	77477003	77676375	232	0.3318
4fb4becf-3826-4639-96d5-4fb2fd0fb550	12	77676390	77802991	83	0.6471
4fb4becf-3826-4639-96d5-4fb2fd0fb550	12	77818614	77916152	76	0.3465
4fb4becf-3826-4639-96d5-4fb2fd0fb550	12	77920678	79641135	1053	-0.0038
4fb4becf-3826-4639-96d5-4fb2fd0fb550	12	79642316	79687174	30	1.2167
4fb4becf-3826-4639-96d5-4fb2fd0fb550	12	79687854	79726333	22	0.4681
4fb4becf-3826-4639-96d5-4fb2fd0fb550	12	79743014	80752032	622	0.0226
4fb4becf-3826-4639-96d5-4fb2fd0fb550	12	80754496	80761800	7	1.1615
4fb4becf-3826-4639-96d5-4fb2fd0fb550	12	80765362	80817069	23	0.0033
4fb4becf-3826-4639-96d5-4fb2fd0fb550	12	80817532	80830904	11	0.3438
4fb4becf-3826-4639-96d5-4fb2fd0fb550	12	80833091	80834038	3	0.8658
4fb4becf-3826-4639-96d5-4fb2fd0fb550	12	80834505	80906591	55	0.3333
4fb4becf-3826-4639-96d5-4fb2fd0fb550	12	80913217	80987944	51	0.0718
4fb4becf-3826-4639-96d5-4fb2fd0fb550	12	80996154	81082271	59	0.9748
4fb4becf-3826-4639-96d5-4fb2fd0fb550	12	81084136	81591613	331	-0.001
4fb4becf-3826-4639-96d5-4fb2fd0fb550	12	81598102	81648987	35	1.1735
4fb4becf-3826-4639-96d5-4fb2fd0fb550	12	81651873	81750790	53	-0.007
4fb4becf-3826-4639-96d5-4fb2fd0fb550	12	81764350	81811718	41	0.4864
4fb4becf-3826-4639-96d5-4fb2fd0fb550	12	81818126	82021804	115	-0.0555
4fb4becf-3826-4639-96d5-4fb2fd0fb550	12	82026227	82103313	54	0.6065
4fb4becf-3826-4639-96d5-4fb2fd0fb550	12	82104633	82175670	50	-0.024
4fb4becf-3826-4639-96d5-4fb2fd0fb550	12	82176108	82308429	85	0.3663
4fb4becf-3826-4639-96d5-4fb2fd0fb550	12	82311150	82538241	99	-0.0005
4fb4becf-3826-4639-96d5-4fb2fd0fb550	12	82540157	82637835	62	1.2077
4fb4becf-3826-4639-96d5-4fb2fd0fb550	12	82641556	82671580	25	0.0465
4fb4becf-3826-4639-96d5-4fb2fd0fb550	12	82675849	82828345	61	2.1867
4fb4becf-3826-4639-96d5-4fb2fd0fb550	12	82838460	82890099	58	0.3744
4fb4becf-3826-4639-96d5-4fb2fd0fb550	12	82891611	83099565	143	-0.0058
4fb4becf-3826-4639-96d5-4fb2fd0fb550	12	83101858	83139897	23	0.833
4fb4becf-3826-4639-96d5-4fb2fd0fb550	12	83141755	83488769	191	0.0047
4fb4becf-3826-4639-96d5-4fb2fd0fb550	12	83490754	83557897	45	1.0476
4fb4becf-3826-4639-96d5-4fb2fd0fb550	12	83566735	99427906	9848	-0.0136
4fb4becf-3826-4639-96d5-4fb2fd0fb550	12	99430634	99747220	116	-0.4597
4fb4becf-3826-4639-96d5-4fb2fd0fb550	12	99747233	109575034	6311	-0.017
4fb4becf-3826-4639-96d5-4fb2fd0fb550	12	109576074	112192406	1129	-0.0845
4fb4becf-3826-4639-96d5-4fb2fd0fb550	12	112197213	119878567	5138	-0.0288
4fb4becf-3826-4639-96d5-4fb2fd0fb550	12	119878705	125219721	2542	-0.0952
4fb4becf-3826-4639-96d5-4fb2fd0fb550	12	125220008	127002679	1247	-0.0005
4fb4becf-3826-4639-96d5-4fb2fd0fb550	12	127006456	127009134	4	-1.1926
4fb4becf-3826-4639-96d5-4fb2fd0fb550	12	127010817	128439645	593	0.0391
4fb4becf-3826-4639-96d5-4fb2fd0fb550	12	128441416	132605822	1539	-0.0477
4fb4becf-3826-4639-96d5-4fb2fd0fb550	13	18874255	27462154	4734	-0.4439
4fb4becf-3826-4639-96d5-4fb2fd0fb550	13	27463278	27476417	16	0.2605
4fb4becf-3826-4639-96d5-4fb2fd0fb550	13	27480890	52394154	15484	-0.4337
4fb4becf-3826-4639-96d5-4fb2fd0fb550	13	52397450	54212650	1040	0.3108
4fb4becf-3826-4639-96d5-4fb2fd0fb550	13	54252735	55492860	489	0.6905
4fb4becf-3826-4639-96d5-4fb2fd0fb550	13	55492923	56377841	396	0.3313
4fb4becf-3826-4639-96d5-4fb2fd0fb550	13	56378321	56579461	101	0.6915
4fb4becf-3826-4639-96d5-4fb2fd0fb550	13	56583242	56857363	108	0.259
4fb4becf-3826-4639-96d5-4fb2fd0fb550	13	56858426	58271611	500	0.7117
4fb4becf-3826-4639-96d5-4fb2fd0fb550	13	58272445	58898954	383	0.3307
4fb4becf-3826-4639-96d5-4fb2fd0fb550	13	58906203	62280774	2016	-0.4036
4fb4becf-3826-4639-96d5-4fb2fd0fb550	13	62283517	62330941	33	0.1258
4fb4becf-3826-4639-96d5-4fb2fd0fb550	13	62336962	62428808	40	-0.4272
4fb4becf-3826-4639-96d5-4fb2fd0fb550	13	62435831	63532685	543	0.1808
4fb4becf-3826-4639-96d5-4fb2fd0fb550	13	63532845	69254275	2546	-0.4005
4fb4becf-3826-4639-96d5-4fb2fd0fb550	13	69259252	70122385	451	0.1814
4fb4becf-3826-4639-96d5-4fb2fd0fb550	13	70160420	70680921	295	-0.4542
4fb4becf-3826-4639-96d5-4fb2fd0fb550	13	70697828	70703377	13	0.2809
4fb4becf-3826-4639-96d5-4fb2fd0fb550	13	70706187	70721907	12	-0.4437
4fb4becf-3826-4639-96d5-4fb2fd0fb550	13	70722066	70903032	114	0.185
4fb4becf-3826-4639-96d5-4fb2fd0fb550	13	70912110	70924460	12	-0.4142
4fb4becf-3826-4639-96d5-4fb2fd0fb550	13	70927416	72155338	756	0.1375
4fb4becf-3826-4639-96d5-4fb2fd0fb550	13	72155635	73291924	751	0.3121
4fb4becf-3826-4639-96d5-4fb2fd0fb550	13	73298477	73371356	68	0.6553
4fb4becf-3826-4639-96d5-4fb2fd0fb550	13	73373255	74574426	899	0.337
4fb4becf-3826-4639-96d5-4fb2fd0fb550	13	74575529	74989714	276	-0.4093
4fb4becf-3826-4639-96d5-4fb2fd0fb550	13	74993107	75138039	67	0.2304
4fb4becf-3826-4639-96d5-4fb2fd0fb550	13	75142555	75922088	589	-0.4065
4fb4becf-3826-4639-96d5-4fb2fd0fb550	13	75924050	79803780	2486	0.3404
4fb4becf-3826-4639-96d5-4fb2fd0fb550	13	79807366	80220828	302	-0.4275
4fb4becf-3826-4639-96d5-4fb2fd0fb550	13	80221631	81986177	1012	0.1518
4fb4becf-3826-4639-96d5-4fb2fd0fb550	13	81987561	88911324	3774	0.3287
4fb4becf-3826-4639-96d5-4fb2fd0fb550	13	88918751	89212339	140	-0.386
4fb4becf-3826-4639-96d5-4fb2fd0fb550	13	89212564	89212818	2	-2.553
4fb4becf-3826-4639-96d5-4fb2fd0fb550	13	89213663	89981389	489	-0.4238
4fb4becf-3826-4639-96d5-4fb2fd0fb550	13	89982960	90151530	104	0.1832
4fb4becf-3826-4639-96d5-4fb2fd0fb550	13	90156981	95752879	3654	-0.4087
4fb4becf-3826-4639-96d5-4fb2fd0fb550	13	95753871	95956883	77	0.0881
4fb4becf-3826-4639-96d5-4fb2fd0fb550	13	95960038	114226675	11910	-0.4405
4fb4becf-3826-4639-96d5-4fb2fd0fb550	14	20033191	24602769	1773	-0.0471
4fb4becf-3826-4639-96d5-4fb2fd0fb550	14	24602801	63430561	22239	0.0079
4fb4becf-3826-4639-96d5-4fb2fd0fb550	14	63431368	68338734	2716	-0.0243
4fb4becf-3826-4639-96d5-4fb2fd0fb550	14	68342847	72081918	2323	0.1427
4fb4becf-3826-4639-96d5-4fb2fd0fb550	14	72084702	72792053	609	0.2226
4fb4becf-3826-4639-96d5-4fb2fd0fb550	14	72793385	77689901	2880	0.1298
4fb4becf-3826-4639-96d5-4fb2fd0fb550	14	77690161	88136010	6792	0.1751
4fb4becf-3826-4639-96d5-4fb2fd0fb550	14	88136378	93305426	3020	0.1101
4fb4becf-3826-4639-96d5-4fb2fd0fb550	14	93305669	99075494	4251	0.1567
4fb4becf-3826-4639-96d5-4fb2fd0fb550	14	99075669	105533894	3020	0.1083
4fb4becf-3826-4639-96d5-4fb2fd0fb550	15	23437561	23618399	139	0.0261
4fb4becf-3826-4639-96d5-4fb2fd0fb550	15	23619462	25022390	573	-0.4366
4fb4becf-3826-4639-96d5-4fb2fd0fb550	15	25025322	25028331	2	-2.5523
4fb4becf-3826-4639-96d5-4fb2fd0fb550	15	25032641	37303537	5792	-0.4175
4fb4becf-3826-4639-96d5-4fb2fd0fb550	15	37309863	37462000	84	0.0391
4fb4becf-3826-4639-96d5-4fb2fd0fb550	15	37462212	45662034	4212	-0.4565
4fb4becf-3826-4639-96d5-4fb2fd0fb550	15	45662421	46561777	592	-0.4165
4fb4becf-3826-4639-96d5-4fb2fd0fb550	15	46569271	46724469	136	-0.2129
4fb4becf-3826-4639-96d5-4fb2fd0fb550	15	46724541	57256843	6529	-0.4173
4fb4becf-3826-4639-96d5-4fb2fd0fb550	15	57257430	78255107	12693	-0.4646
4fb4becf-3826-4639-96d5-4fb2fd0fb550	15	78255207	78569175	154	0.2354
4fb4becf-3826-4639-96d5-4fb2fd0fb550	15	78569198	89761200	6583	-0.0194
4fb4becf-3826-4639-96d5-4fb2fd0fb550	15	89761413	90443679	356	-0.1247
4fb4becf-3826-4639-96d5-4fb2fd0fb550	15	90444784	94734031	2630	-0.0355
4fb4becf-3826-4639-96d5-4fb2fd0fb550	15	94736683	94857540	96	-0.3649
4fb4becf-3826-4639-96d5-4fb2fd0fb550	15	94865667	101344124	4016	-0.0013
4fb4becf-3826-4639-96d5-4fb2fd0fb550	16	603333	4791425	1507	-0.1119
4fb4becf-3826-4639-96d5-4fb2fd0fb550	16	4805278	5579244	492	-0.0329
4fb4becf-3826-4639-96d5-4fb2fd0fb550	16	5579356	10594560	3350	0.0159
4fb4becf-3826-4639-96d5-4fb2fd0fb550	16	10595720	12064043	916	-0.0603
4fb4becf-3826-4639-96d5-4fb2fd0fb550	16	12064240	12162854	77	-0.3029
4fb4becf-3826-4639-96d5-4fb2fd0fb550	16	12167300	28065732	6797	-0.0272
4fb4becf-3826-4639-96d5-4fb2fd0fb550	16	28068478	31838978	870	-0.1188
4fb4becf-3826-4639-96d5-4fb2fd0fb550	16	31841585	49777720	1825	-0.4417
4fb4becf-3826-4639-96d5-4fb2fd0fb550	16	49779052	49780264	2	-2.3021
4fb4becf-3826-4639-96d5-4fb2fd0fb550	16	49780344	56568759	4903	-0.4378
4fb4becf-3826-4639-96d5-4fb2fd0fb550	16	56568886	58177544	920	-0.5152
4fb4becf-3826-4639-96d5-4fb2fd0fb550	16	58181831	62891715	2945	-0.4201
4fb4becf-3826-4639-96d5-4fb2fd0fb550	16	62897327	62898500	2	-2.0098
4fb4becf-3826-4639-96d5-4fb2fd0fb550	16	62900759	66655803	2604	-0.4204
4fb4becf-3826-4639-96d5-4fb2fd0fb550	16	66656288	69344184	1173	-0.508
4fb4becf-3826-4639-96d5-4fb2fd0fb550	16	69348918	78312211	5181	-0.4372
4fb4becf-3826-4639-96d5-4fb2fd0fb550	16	78313288	78456684	137	0.2711
4fb4becf-3826-4639-96d5-4fb2fd0fb550	16	78458928	78612307	222	0.6556
4fb4becf-3826-4639-96d5-4fb2fd0fb550	16	78613279	78648610	35	-1.6528
4fb4becf-3826-4639-96d5-4fb2fd0fb550	16	78653756	78673848	27	-1.0828
4fb4becf-3826-4639-96d5-4fb2fd0fb550	16	78674912	78680670	9	-0.8419
4fb4becf-3826-4639-96d5-4fb2fd0fb550	16	78681493	78692724	18	-0.3315
4fb4becf-3826-4639-96d5-4fb2fd0fb550	16	78694474	78896319	17	-1.2091
4fb4becf-3826-4639-96d5-4fb2fd0fb550	16	78896496	89317317	7025	-0.4741
4fb4becf-3826-4639-96d5-4fb2fd0fb550	17	1074619	10439061	4849	0.0848
4fb4becf-3826-4639-96d5-4fb2fd0fb550	17	10444831	10453867	3	-1.476
4fb4becf-3826-4639-96d5-4fb2fd0fb550	17	10455621	11250025	536	0.1233
4fb4becf-3826-4639-96d5-4fb2fd0fb550	17	11250522	14221179	2131	0.1917
4fb4becf-3826-4639-96d5-4fb2fd0fb550	17	14221290	21774057	2188	0.0929
4fb4becf-3826-4639-96d5-4fb2fd0fb550	17	26943491	27526624	243	-0.2258
4fb4becf-3826-4639-96d5-4fb2fd0fb550	17	27531500	27687920	88	0.0609
4fb4becf-3826-4639-96d5-4fb2fd0fb550	17	27688560	31099063	1427	-0.2838
4fb4becf-3826-4639-96d5-4fb2fd0fb550	17	31101199	31192037	39	0.5517
4fb4becf-3826-4639-96d5-4fb2fd0fb550	17	31198927	31412995	89	-0.2542
4fb4becf-3826-4639-96d5-4fb2fd0fb550	17	31413644	31415709	2	-1.6446
4fb4becf-3826-4639-96d5-4fb2fd0fb550	17	31416002	37179543	2726	-0.267
4fb4becf-3826-4639-96d5-4fb2fd0fb550	17	37182849	37552976	190	0.9972
4fb4becf-3826-4639-96d5-4fb2fd0fb550	17	37554796	37763774	148	0.7428
4fb4becf-3826-4639-96d5-4fb2fd0fb550	17	38254377	40939055	1253	-0.3117
4fb4becf-3826-4639-96d5-4fb2fd0fb550	17	40940366	41041508	81	0.1112
4fb4becf-3826-4639-96d5-4fb2fd0fb550	17	41120530	46776119	2021	-0.3069
4fb4becf-3826-4639-96d5-4fb2fd0fb550	17	46779275	47053689	162	-0.1125
4fb4becf-3826-4639-96d5-4fb2fd0fb550	17	47068856	47440021	168	-0.3055
4fb4becf-3826-4639-96d5-4fb2fd0fb550	17	47440041	47640747	76	-0.1108
4fb4becf-3826-4639-96d5-4fb2fd0fb550	17	47643325	47986462	184	-0.3067
4fb4becf-3826-4639-96d5-4fb2fd0fb550	17	47989026	48157173	101	0.203
4fb4becf-3826-4639-96d5-4fb2fd0fb550	17	48160441	48196307	37	-0.2403
4fb4becf-3826-4639-96d5-4fb2fd0fb550	17	48196677	48302429	49	0.7408
4fb4becf-3826-4639-96d5-4fb2fd0fb550	17	48310328	49875464	748	-0.3185
4fb4becf-3826-4639-96d5-4fb2fd0fb550	17	49875497	50254633	202	0.0769
4fb4becf-3826-4639-96d5-4fb2fd0fb550	17	50261714	50961842	376	-0.3134
4fb4becf-3826-4639-96d5-4fb2fd0fb550	17	50963974	51084220	52	0.0433
4fb4becf-3826-4639-96d5-4fb2fd0fb550	17	51086323	51206479	46	0.773
4fb4becf-3826-4639-96d5-4fb2fd0fb550	17	51207382	51922171	379	0.5191
4fb4becf-3826-4639-96d5-4fb2fd0fb550	17	51923836	52069312	105	0.66
4fb4becf-3826-4639-96d5-4fb2fd0fb550	17	52070066	52330417	205	1.1961
4fb4becf-3826-4639-96d5-4fb2fd0fb550	17	52331051	52708931	232	0.9742
4fb4becf-3826-4639-96d5-4fb2fd0fb550	17	52709754	54464479	837	0.5679
4fb4becf-3826-4639-96d5-4fb2fd0fb550	17	54471092	54488343	14	0.9873
4fb4becf-3826-4639-96d5-4fb2fd0fb550	17	54488585	54575024	47	0.5887
4fb4becf-3826-4639-96d5-4fb2fd0fb550	17	54577649	55156886	412	-0.1949
4fb4becf-3826-4639-96d5-4fb2fd0fb550	17	55158613	55203065	34	0.1312
4fb4becf-3826-4639-96d5-4fb2fd0fb550	17	55207145	55249445	43	-0.2359
4fb4becf-3826-4639-96d5-4fb2fd0fb550	17	55254683	55499428	197	0.6675
4fb4becf-3826-4639-96d5-4fb2fd0fb550	17	55510457	55707862	180	0.8775
4fb4becf-3826-4639-96d5-4fb2fd0fb550	17	55708411	56201269	392	-0.2154
4fb4becf-3826-4639-96d5-4fb2fd0fb550	17	56206548	59350791	1934	-0.0691
4fb4becf-3826-4639-96d5-4fb2fd0fb550	17	59354047	59572197	130	0.0932
4fb4becf-3826-4639-96d5-4fb2fd0fb550	17	59576855	59792385	91	0.8952
4fb4becf-3826-4639-96d5-4fb2fd0fb550	17	59793574	59796567	3	1.7738
4fb4becf-3826-4639-96d5-4fb2fd0fb550	17	59798035	60641131	377	0.7476
4fb4becf-3826-4639-96d5-4fb2fd0fb550	17	60647104	60686487	13	0.0613
4fb4becf-3826-4639-96d5-4fb2fd0fb550	17	60689098	61024554	177	0.3934
4fb4becf-3826-4639-96d5-4fb2fd0fb550	17	61029363	61285284	132	1.2063
4fb4becf-3826-4639-96d5-4fb2fd0fb550	17	61285437	61482540	123	1.661
4fb4becf-3826-4639-96d5-4fb2fd0fb550	17	61482610	61738003	139	1.3801
4fb4becf-3826-4639-96d5-4fb2fd0fb550	17	61742307	61964020	101	0.7593
4fb4becf-3826-4639-96d5-4fb2fd0fb550	17	61969052	61993172	12	0.5262
4fb4becf-3826-4639-96d5-4fb2fd0fb550	17	61993511	62890027	380	-0.0224
4fb4becf-3826-4639-96d5-4fb2fd0fb550	17	62890809	63378791	213	0.2481
4fb4becf-3826-4639-96d5-4fb2fd0fb550	17	63380965	64867438	658	-0.0922
4fb4becf-3826-4639-96d5-4fb2fd0fb550	17	64929599	64929920	2	1.0385
4fb4becf-3826-4639-96d5-4fb2fd0fb550	17	64930571	65456763	360	-0.0418
4fb4becf-3826-4639-96d5-4fb2fd0fb550	17	65457354	66201141	418	0.3372
4fb4becf-3826-4639-96d5-4fb2fd0fb550	17	66204123	67073471	619	0.4456
4fb4becf-3826-4639-96d5-4fb2fd0fb550	17	67073539	67203537	76	0.3554
4fb4becf-3826-4639-96d5-4fb2fd0fb550	17	67206980	68508878	615	0.0822
4fb4becf-3826-4639-96d5-4fb2fd0fb550	17	68509664	72494748	2913	0.1656
4fb4becf-3826-4639-96d5-4fb2fd0fb550	17	72494923	75020526	1133	0.4914
4fb4becf-3826-4639-96d5-4fb2fd0fb550	17	75021866	75036224	9	0.0972
4fb4becf-3826-4639-96d5-4fb2fd0fb550	17	75036245	76506359	586	0.329
4fb4becf-3826-4639-96d5-4fb2fd0fb550	17	76507176	78253601	880	0.2162
4fb4becf-3826-4639-96d5-4fb2fd0fb550	17	78257556	78464649	59	-0.1046
4fb4becf-3826-4639-96d5-4fb2fd0fb550	17	78474572	79407980	433	0.2101
4fb4becf-3826-4639-96d5-4fb2fd0fb550	17	79408012	79440229	24	0.3962
4fb4becf-3826-4639-96d5-4fb2fd0fb550	17	79444205	79492993	28	-0.1141
4fb4becf-3826-4639-96d5-4fb2fd0fb550	17	79493331	81060762	671	0.088
4fb4becf-3826-4639-96d5-4fb2fd0fb550	17	81061328	82959812	585	-0.104
4fb4becf-3826-4639-96d5-4fb2fd0fb550	18	326691	24941891	10440	-0.4404
4fb4becf-3826-4639-96d5-4fb2fd0fb550	18	24942135	73993558	28711	-0.4146
4fb4becf-3826-4639-96d5-4fb2fd0fb550	18	73995183	79349796	3581	-0.455
4fb4becf-3826-4639-96d5-4fb2fd0fb550	19	283868	16436719	6325	0.1925
4fb4becf-3826-4639-96d5-4fb2fd0fb550	19	16437466	18568345	897	0.1311
4fb4becf-3826-4639-96d5-4fb2fd0fb550	19	18573033	22339786	1028	0.2095
4fb4becf-3826-4639-96d5-4fb2fd0fb550	19	22343510	27749470	804	0.492
4fb4becf-3826-4639-96d5-4fb2fd0fb550	19	27749586	30793899	2278	-0.032
4fb4becf-3826-4639-96d5-4fb2fd0fb550	19	30797211	30797633	2	-1.2445
4fb4becf-3826-4639-96d5-4fb2fd0fb550	19	30799692	32470394	1197	-0.0216
4fb4becf-3826-4639-96d5-4fb2fd0fb550	19	32471147	53055245	9228	-0.1074
4fb4becf-3826-4639-96d5-4fb2fd0fb550	19	53055261	57986775	2140	0.0655
4fb4becf-3826-4639-96d5-4fb2fd0fb550	19	57988055	58370362	216	-0.1147
4fb4becf-3826-4639-96d5-4fb2fd0fb550	20	472817	6135675	3400	0.2642
4fb4becf-3826-4639-96d5-4fb2fd0fb550	20	6136732	18052884	8178	0.3387
4fb4becf-3826-4639-96d5-4fb2fd0fb550	20	18055193	23409318	4010	0.3062
4fb4becf-3826-4639-96d5-4fb2fd0fb550	20	23409569	31511037	1468	0.3339
4fb4becf-3826-4639-96d5-4fb2fd0fb550	20	31512099	37778384	3082	0.2216
4fb4becf-3826-4639-96d5-4fb2fd0fb550	20	37778796	44180777	4373	0.3125
4fb4becf-3826-4639-96d5-4fb2fd0fb550	20	44181148	51027085	4298	0.2583
4fb4becf-3826-4639-96d5-4fb2fd0fb550	20	51031065	54021975	2063	0.2868
4fb4becf-3826-4639-96d5-4fb2fd0fb550	20	54022745	55772378	1356	0.3364
4fb4becf-3826-4639-96d5-4fb2fd0fb550	20	55775565	62206338	4796	0.2891
4fb4becf-3826-4639-96d5-4fb2fd0fb550	20	62214899	63588502	471	0.2259
4fb4becf-3826-4639-96d5-4fb2fd0fb550	21	13974127	15129855	756	-0.0308
4fb4becf-3826-4639-96d5-4fb2fd0fb550	21	15130306	31438709	10426	0.0071
4fb4becf-3826-4639-96d5-4fb2fd0fb550	21	31439048	41867513	7403	-0.0267
4fb4becf-3826-4639-96d5-4fb2fd0fb550	21	41868149	46239987	1931	-0.0859
4fb4becf-3826-4639-96d5-4fb2fd0fb550	21	46240226	46262057	18	0.0923
4fb4becf-3826-4639-96d5-4fb2fd0fb550	22	16934932	29047721	4517	-0.054
4fb4becf-3826-4639-96d5-4fb2fd0fb550	22	29052004	31858877	1503	-0.0969
4fb4becf-3826-4639-96d5-4fb2fd0fb550	22	31859816	36209970	3325	-0.0262
4fb4becf-3826-4639-96d5-4fb2fd0fb550	22	36210557	46843826	5958	-0.1059
4fb4becf-3826-4639-96d5-4fb2fd0fb550	22	46846107	48940621	1731	-0.0446
4fb4becf-3826-4639-96d5-4fb2fd0fb550	X	3236359	56953273	23116	-0.2002
4fb4becf-3826-4639-96d5-4fb2fd0fb550	X	56955698	88199720	10563	0.0944
4fb4becf-3826-4639-96d5-4fb2fd0fb550	X	88200170	88201315	3	-1.9111
4fb4becf-3826-4639-96d5-4fb2fd0fb550	X	88201410	155677414	29277	0.1205
