GDC_Aliquot	Chromosome	Start	End	Num_Probes	Segment_Mean
8e3731a9-16af-446f-9657-2390839f3986	1	3301765	6404994	2071	-0.0745
8e3731a9-16af-446f-9657-2390839f3986	1	6407783	17164337	5379	-0.0206
8e3731a9-16af-446f-9657-2390839f3986	1	17166295	18843584	1242	-0.0783
8e3731a9-16af-446f-9657-2390839f3986	1	18845429	36920169	9331	-0.0455
8e3731a9-16af-446f-9657-2390839f3986	1	36924647	39432972	1398	-0.0838
8e3731a9-16af-446f-9657-2390839f3986	1	39436026	40462701	477	0.5875
8e3731a9-16af-446f-9657-2390839f3986	1	40464483	69681110	18311	-0.029
8e3731a9-16af-446f-9657-2390839f3986	1	69683023	77554188	4445	-0.0625
8e3731a9-16af-446f-9657-2390839f3986	1	77557166	86952788	5639	-0.0228
8e3731a9-16af-446f-9657-2390839f3986	1	86956377	86956764	2	-2.051
8e3731a9-16af-446f-9657-2390839f3986	1	86957335	93828471	4147	-0.0484
8e3731a9-16af-446f-9657-2390839f3986	1	93828634	102889564	5612	0.0328
8e3731a9-16af-446f-9657-2390839f3986	1	102890551	103850977	320	0.1262
8e3731a9-16af-446f-9657-2390839f3986	1	103851414	115418839	6874	0.0191
8e3731a9-16af-446f-9657-2390839f3986	1	115424902	115553629	53	0.2311
8e3731a9-16af-446f-9657-2390839f3986	1	115553835	115885800	268	0.668
8e3731a9-16af-446f-9657-2390839f3986	1	115887466	116799537	605	0.2899
8e3731a9-16af-446f-9657-2390839f3986	1	116800379	117653761	545	0.8157
8e3731a9-16af-446f-9657-2390839f3986	1	117655540	119981332	1357	0.3275
8e3731a9-16af-446f-9657-2390839f3986	1	119984738	150120822	98	0.1045
8e3731a9-16af-446f-9657-2390839f3986	1	150121640	151436260	433	0.289
8e3731a9-16af-446f-9657-2390839f3986	1	151437026	155333790	2051	0.1573
8e3731a9-16af-446f-9657-2390839f3986	1	155335328	155907238	238	0.5455
8e3731a9-16af-446f-9657-2390839f3986	1	155912096	157373888	733	0.1841
8e3731a9-16af-446f-9657-2390839f3986	1	157377340	159794629	1641	0.1346
8e3731a9-16af-446f-9657-2390839f3986	1	159794835	162964902	2075	0.1871
8e3731a9-16af-446f-9657-2390839f3986	1	162964940	164476747	1030	0.2889
8e3731a9-16af-446f-9657-2390839f3986	1	164476848	165124242	531	0.1712
8e3731a9-16af-446f-9657-2390839f3986	1	165125120	165496345	404	0.3083
8e3731a9-16af-446f-9657-2390839f3986	1	165496621	170068138	3408	0.0258
8e3731a9-16af-446f-9657-2390839f3986	1	170072203	174034013	2516	0.1403
8e3731a9-16af-446f-9657-2390839f3986	1	174034599	201170488	16253	0.0252
8e3731a9-16af-446f-9657-2390839f3986	1	201175045	201915774	559	0.4043
8e3731a9-16af-446f-9657-2390839f3986	1	201917274	204099347	1283	0.0436
8e3731a9-16af-446f-9657-2390839f3986	1	204100710	218048984	9541	0.0209
8e3731a9-16af-446f-9657-2390839f3986	1	218054508	221334769	2157	0.0623
8e3731a9-16af-446f-9657-2390839f3986	1	221338973	222101558	585	0.6483
8e3731a9-16af-446f-9657-2390839f3986	1	222102686	237510571	9771	0.362
8e3731a9-16af-446f-9657-2390839f3986	1	237511136	244873874	5035	0.3241
8e3731a9-16af-446f-9657-2390839f3986	1	244875170	247649129	1230	0.3486
8e3731a9-16af-446f-9657-2390839f3986	1	247650404	247650984	2	0.9171
8e3731a9-16af-446f-9657-2390839f3986	2	480597	8967437	5240	0.2035
8e3731a9-16af-446f-9657-2390839f3986	2	8973614	34136478	15361	0.2409
8e3731a9-16af-446f-9657-2390839f3986	2	34136668	39268904	2577	0.2112
8e3731a9-16af-446f-9657-2390839f3986	2	39269105	52853757	8192	0.255
8e3731a9-16af-446f-9657-2390839f3986	2	52858841	55890266	1577	0.3079
8e3731a9-16af-446f-9657-2390839f3986	2	55890705	56105348	142	0.2494
8e3731a9-16af-446f-9657-2390839f3986	2	56105461	57021135	514	0.2414
8e3731a9-16af-446f-9657-2390839f3986	2	57021914	57022124	2	-1.1721
8e3731a9-16af-446f-9657-2390839f3986	2	57029900	57766508	375	0.2369
8e3731a9-16af-446f-9657-2390839f3986	2	57767834	57897224	79	0.0282
8e3731a9-16af-446f-9657-2390839f3986	2	57899807	61118608	2034	0.2419
8e3731a9-16af-446f-9657-2390839f3986	2	61118947	67760689	3859	0.3164
8e3731a9-16af-446f-9657-2390839f3986	2	67763101	78632748	6151	0.2353
8e3731a9-16af-446f-9657-2390839f3986	2	78632886	86821579	4200	0.2751
8e3731a9-16af-446f-9657-2390839f3986	2	86824177	98011119	1289	0.2091
8e3731a9-16af-446f-9657-2390839f3986	2	98013757	99633814	815	0.7991
8e3731a9-16af-446f-9657-2390839f3986	2	99636421	101991125	1530	1.0877
8e3731a9-16af-446f-9657-2390839f3986	2	101996837	102800770	578	0.8737
8e3731a9-16af-446f-9657-2390839f3986	2	102802736	103365143	310	1.1618
8e3731a9-16af-446f-9657-2390839f3986	2	103368452	103368919	2	-0.3509
8e3731a9-16af-446f-9657-2390839f3986	2	103374759	103453589	53	1.2442
8e3731a9-16af-446f-9657-2390839f3986	2	103454418	105529850	1299	0.0193
8e3731a9-16af-446f-9657-2390839f3986	2	105529918	105535647	2	-1.2213
8e3731a9-16af-446f-9657-2390839f3986	2	105535795	108576173	1864	0.0363
8e3731a9-16af-446f-9657-2390839f3986	2	108576943	110737082	681	1.059
8e3731a9-16af-446f-9657-2390839f3986	2	110743171	110940463	132	0.057
8e3731a9-16af-446f-9657-2390839f3986	2	110944403	112358415	520	0.9797
8e3731a9-16af-446f-9657-2390839f3986	2	112430178	112664019	121	0.6382
8e3731a9-16af-446f-9657-2390839f3986	2	112665158	113536414	582	0.21
8e3731a9-16af-446f-9657-2390839f3986	2	113551712	113723132	37	0.4628
8e3731a9-16af-446f-9657-2390839f3986	2	113725697	115950345	1225	0.552
8e3731a9-16af-446f-9657-2390839f3986	2	115950376	118209040	960	0.6604
8e3731a9-16af-446f-9657-2390839f3986	2	118214825	118385275	115	0.5635
8e3731a9-16af-446f-9657-2390839f3986	2	118385595	123466769	3149	0.4094
8e3731a9-16af-446f-9657-2390839f3986	2	123467006	124014137	255	0.2543
8e3731a9-16af-446f-9657-2390839f3986	2	124015425	125970008	461	0.1231
8e3731a9-16af-446f-9657-2390839f3986	2	125970450	126210324	102	0.2385
8e3731a9-16af-446f-9657-2390839f3986	2	126211289	126754438	363	0.3399
8e3731a9-16af-446f-9657-2390839f3986	2	126754841	128043332	700	0.1517
8e3731a9-16af-446f-9657-2390839f3986	2	128055397	128997129	606	0.0824
8e3731a9-16af-446f-9657-2390839f3986	2	128997248	140889128	5801	-0.0281
8e3731a9-16af-446f-9657-2390839f3986	2	140889774	141191875	202	-1.2277
8e3731a9-16af-446f-9657-2390839f3986	2	141194329	141278550	50	-4.1921
8e3731a9-16af-446f-9657-2390839f3986	2	141280128	141351670	44	-1.3144
8e3731a9-16af-446f-9657-2390839f3986	2	141352175	141360811	7	-6.4644
8e3731a9-16af-446f-9657-2390839f3986	2	141360960	141371954	9	-2.7116
8e3731a9-16af-446f-9657-2390839f3986	2	141377824	141447242	53	0.018
8e3731a9-16af-446f-9657-2390839f3986	2	141451178	141697644	196	-0.0357
8e3731a9-16af-446f-9657-2390839f3986	2	141700347	141828631	136	-0.5591
8e3731a9-16af-446f-9657-2390839f3986	2	141829723	145967632	2358	-0.0431
8e3731a9-16af-446f-9657-2390839f3986	2	145967649	150349427	2370	0.0315
8e3731a9-16af-446f-9657-2390839f3986	2	150354946	154511954	2669	-0.053
8e3731a9-16af-446f-9657-2390839f3986	2	154512248	164718229	5701	-0.112
8e3731a9-16af-446f-9657-2390839f3986	2	164720654	186436507	12731	-0.0642
8e3731a9-16af-446f-9657-2390839f3986	2	186436777	187318974	420	-0.1457
8e3731a9-16af-446f-9657-2390839f3986	2	187319532	190040147	1341	-0.0528
8e3731a9-16af-446f-9657-2390839f3986	2	190049623	190175848	80	0.5448
8e3731a9-16af-446f-9657-2390839f3986	2	190183501	200297335	5036	-0.1132
8e3731a9-16af-446f-9657-2390839f3986	2	200298282	200712564	329	0.0695
8e3731a9-16af-446f-9657-2390839f3986	2	200714020	203768332	1379	-0.0975
8e3731a9-16af-446f-9657-2390839f3986	2	203768352	208132037	2808	0.0645
8e3731a9-16af-446f-9657-2390839f3986	2	208136716	213593184	3254	0.0201
8e3731a9-16af-446f-9657-2390839f3986	2	213597142	216297250	1670	0.0718
8e3731a9-16af-446f-9657-2390839f3986	2	216304099	216715690	307	0.667
8e3731a9-16af-446f-9657-2390839f3986	2	216716145	224286831	4876	0.0789
8e3731a9-16af-446f-9657-2390839f3986	2	224287142	241537572	10233	0.0382
8e3731a9-16af-446f-9657-2390839f3986	3	2170634	8320370	3500	0.3803
8e3731a9-16af-446f-9657-2390839f3986	3	8396891	8397392	2	-0.8621
8e3731a9-16af-446f-9657-2390839f3986	3	8400676	20238766	7365	0.3984
8e3731a9-16af-446f-9657-2390839f3986	3	20239427	29748930	5548	0.4261
8e3731a9-16af-446f-9657-2390839f3986	3	29750149	29750207	2	-1.1517
8e3731a9-16af-446f-9657-2390839f3986	3	29756943	31096138	946	0.4493
8e3731a9-16af-446f-9657-2390839f3986	3	31097350	48275260	9897	0.3951
8e3731a9-16af-446f-9657-2390839f3986	3	48278068	52496771	1634	-0.4074
8e3731a9-16af-446f-9657-2390839f3986	3	52506847	64224217	7063	-0.4687
8e3731a9-16af-446f-9657-2390839f3986	3	64224553	66369336	1727	-0.4153
8e3731a9-16af-446f-9657-2390839f3986	3	66369518	66570319	135	0.4305
8e3731a9-16af-446f-9657-2390839f3986	3	66573460	66573574	2	-1.3589
8e3731a9-16af-446f-9657-2390839f3986	3	66576328	67199425	430	0.4499
8e3731a9-16af-446f-9657-2390839f3986	3	67205199	73003598	4075	-0.4873
8e3731a9-16af-446f-9657-2390839f3986	3	73004139	76309717	1736	-0.4383
8e3731a9-16af-446f-9657-2390839f3986	3	76310205	76313267	2	-1.7417
8e3731a9-16af-446f-9657-2390839f3986	3	76318293	80122251	2160	-0.4438
8e3731a9-16af-446f-9657-2390839f3986	3	80122329	85710408	2724	-0.4824
8e3731a9-16af-446f-9657-2390839f3986	3	85710881	86380125	361	-0.2334
8e3731a9-16af-446f-9657-2390839f3986	3	86386326	86386366	2	-0.7436
8e3731a9-16af-446f-9657-2390839f3986	3	86387406	91462299	1906	0.0062
8e3731a9-16af-446f-9657-2390839f3986	3	94015345	116566950	12482	-0.474
8e3731a9-16af-446f-9657-2390839f3986	3	116567006	117043379	382	-0.6929
8e3731a9-16af-446f-9657-2390839f3986	3	117044374	118976472	1315	-0.4928
8e3731a9-16af-446f-9657-2390839f3986	3	118977375	138650439	10990	-0.3446
8e3731a9-16af-446f-9657-2390839f3986	3	138653327	145821476	3905	0.5027
8e3731a9-16af-446f-9657-2390839f3986	3	145824654	150246522	2133	-0.3403
8e3731a9-16af-446f-9657-2390839f3986	3	150247528	150935037	330	0.5039
8e3731a9-16af-446f-9657-2390839f3986	3	150937419	152560423	1066	-0.3538
8e3731a9-16af-446f-9657-2390839f3986	3	152567626	152571221	3	-2.0579
8e3731a9-16af-446f-9657-2390839f3986	3	152571882	163644371	5729	-0.3784
8e3731a9-16af-446f-9657-2390839f3986	3	163674487	168179674	1958	0.4567
8e3731a9-16af-446f-9657-2390839f3986	3	168179851	168920326	412	1.3524
8e3731a9-16af-446f-9657-2390839f3986	3	168921521	171620447	1716	0.9917
8e3731a9-16af-446f-9657-2390839f3986	3	171622551	172642516	456	1.0939
8e3731a9-16af-446f-9657-2390839f3986	3	172643241	172744062	73	0.5951
8e3731a9-16af-446f-9657-2390839f3986	3	172744644	172870084	65	1.087
8e3731a9-16af-446f-9657-2390839f3986	3	172872769	174807942	937	1.6324
8e3731a9-16af-446f-9657-2390839f3986	3	174808704	175171152	225	1.0786
8e3731a9-16af-446f-9657-2390839f3986	3	175171165	175208695	37	1.3049
8e3731a9-16af-446f-9657-2390839f3986	3	175209327	178137154	1241	1.4527
8e3731a9-16af-446f-9657-2390839f3986	3	178137803	179158837	503	1.1615
8e3731a9-16af-446f-9657-2390839f3986	3	179158854	179234432	170	0.9546
8e3731a9-16af-446f-9657-2390839f3986	3	179234447	181705432	1288	1.1228
8e3731a9-16af-446f-9657-2390839f3986	3	181709143	183259288	870	0.658
8e3731a9-16af-446f-9657-2390839f3986	3	183268758	183409000	84	-0.0318
8e3731a9-16af-446f-9657-2390839f3986	3	184179380	185001365	360	0.7235
8e3731a9-16af-446f-9657-2390839f3986	3	185002982	186112725	685	-0.0021
8e3731a9-16af-446f-9657-2390839f3986	3	186115191	187458157	958	0.6652
8e3731a9-16af-446f-9657-2390839f3986	3	187461833	197812401	5451	0.0193
8e3731a9-16af-446f-9657-2390839f3986	4	1059384	30782050	18668	-0.475
8e3731a9-16af-446f-9657-2390839f3986	4	30782551	30833554	35	0.3218
8e3731a9-16af-446f-9657-2390839f3986	4	30835495	35225946	2402	-0.4576
8e3731a9-16af-446f-9657-2390839f3986	4	35226463	37285588	1306	-0.5218
8e3731a9-16af-446f-9657-2390839f3986	4	37286048	72072130	16901	-0.4654
8e3731a9-16af-446f-9657-2390839f3986	4	72074099	72910553	529	-0.3727
8e3731a9-16af-446f-9657-2390839f3986	4	72910783	97765936	14489	-0.4625
8e3731a9-16af-446f-9657-2390839f3986	4	97767390	104458952	3673	-0.3374
8e3731a9-16af-446f-9657-2390839f3986	4	104463790	109978892	3102	-0.3009
8e3731a9-16af-446f-9657-2390839f3986	4	109979635	113592384	2186	-0.3502
8e3731a9-16af-446f-9657-2390839f3986	4	113592669	113612114	2	-2.1407
8e3731a9-16af-446f-9657-2390839f3986	4	113612862	119204205	3096	-0.3551
8e3731a9-16af-446f-9657-2390839f3986	4	119222706	119226780	2	-2.0692
8e3731a9-16af-446f-9657-2390839f3986	4	119227213	123365760	2351	-0.3211
8e3731a9-16af-446f-9657-2390839f3986	4	123366589	127952119	2515	-0.279
8e3731a9-16af-446f-9657-2390839f3986	4	127952486	143819726	8520	-0.3322
8e3731a9-16af-446f-9657-2390839f3986	4	143819904	144775888	347	-0.4597
8e3731a9-16af-446f-9657-2390839f3986	4	144776375	145677818	424	-0.3261
8e3731a9-16af-446f-9657-2390839f3986	4	145683845	145930633	143	-0.4861
8e3731a9-16af-446f-9657-2390839f3986	4	145932013	150277239	2470	-0.3191
8e3731a9-16af-446f-9657-2390839f3986	4	150279542	172007353	12196	-0.4293
8e3731a9-16af-446f-9657-2390839f3986	4	172012120	172012229	2	-2.1817
8e3731a9-16af-446f-9657-2390839f3986	4	172012283	175549656	1859	-0.4345
8e3731a9-16af-446f-9657-2390839f3986	4	175552597	175567393	9	-0.0508
8e3731a9-16af-446f-9657-2390839f3986	4	175568671	179512830	2070	-0.3399
8e3731a9-16af-446f-9657-2390839f3986	4	179512929	181242754	838	-0.2526
8e3731a9-16af-446f-9657-2390839f3986	4	181244967	182500939	1013	-0.1614
8e3731a9-16af-446f-9657-2390839f3986	4	182501713	187842528	2157	-0.2169
8e3731a9-16af-446f-9657-2390839f3986	5	913983	7938827	5036	0.301
8e3731a9-16af-446f-9657-2390839f3986	5	7941198	14628991	4515	0.3336
8e3731a9-16af-446f-9657-2390839f3986	5	14630049	16453724	713	0.3915
8e3731a9-16af-446f-9657-2390839f3986	5	16455942	19017980	1334	0.338
8e3731a9-16af-446f-9657-2390839f3986	5	19025653	20771724	831	0.2926
8e3731a9-16af-446f-9657-2390839f3986	5	20777831	24363758	1871	-0.044
8e3731a9-16af-446f-9657-2390839f3986	5	24364247	24370240	3	0.6629
8e3731a9-16af-446f-9657-2390839f3986	5	24374373	24465570	58	0.2524
8e3731a9-16af-446f-9657-2390839f3986	5	24466501	24944296	290	0.5574
8e3731a9-16af-446f-9657-2390839f3986	5	24946742	30795248	3081	0.3136
8e3731a9-16af-446f-9657-2390839f3986	5	30799414	67994456	18695	0.3485
8e3731a9-16af-446f-9657-2390839f3986	5	67994653	68459234	324	0.3116
8e3731a9-16af-446f-9657-2390839f3986	5	68459879	68981901	340	0.6177
8e3731a9-16af-446f-9657-2390839f3986	5	69002468	78205891	4471	0.0019
8e3731a9-16af-446f-9657-2390839f3986	5	78207658	84257990	3488	0.0335
8e3731a9-16af-446f-9657-2390839f3986	5	84262601	90690520	3262	-0.0289
8e3731a9-16af-446f-9657-2390839f3986	5	90691026	100236716	4499	0.0056
8e3731a9-16af-446f-9657-2390839f3986	5	100237295	102459276	868	-0.0326
8e3731a9-16af-446f-9657-2390839f3986	5	102463028	105196953	1456	0.0444
8e3731a9-16af-446f-9657-2390839f3986	5	105199465	121311083	9624	-0.0058
8e3731a9-16af-446f-9657-2390839f3986	5	121311427	129648008	4936	0.0429
8e3731a9-16af-446f-9657-2390839f3986	5	129648554	133850153	2400	-0.0294
8e3731a9-16af-446f-9657-2390839f3986	5	133854003	134588854	431	0.3689
8e3731a9-16af-446f-9657-2390839f3986	5	134589614	145429694	6253	0.0035
8e3731a9-16af-446f-9657-2390839f3986	5	145431614	149153636	2446	-0.0385
8e3731a9-16af-446f-9657-2390839f3986	5	149154189	152296999	2149	0.0007
8e3731a9-16af-446f-9657-2390839f3986	5	152297140	152297329	3	-1.2001
8e3731a9-16af-446f-9657-2390839f3986	5	152297989	153686455	887	-0.0123
8e3731a9-16af-446f-9657-2390839f3986	5	153686528	153687462	2	-1.2297
8e3731a9-16af-446f-9657-2390839f3986	5	153688190	165067867	7217	-0.0073
8e3731a9-16af-446f-9657-2390839f3986	5	165080234	165444931	234	-0.2118
8e3731a9-16af-446f-9657-2390839f3986	5	165446142	165662824	142	-0.3973
8e3731a9-16af-446f-9657-2390839f3986	5	165663686	165913081	169	-0.188
8e3731a9-16af-446f-9657-2390839f3986	5	165918077	167508396	1079	-0.0525
8e3731a9-16af-446f-9657-2390839f3986	5	167508737	174003956	4464	0.024
8e3731a9-16af-446f-9657-2390839f3986	5	174011931	175610355	1239	0.6445
8e3731a9-16af-446f-9657-2390839f3986	5	175612611	180934240	2240	0.0071
8e3731a9-16af-446f-9657-2390839f3986	6	1011760	2070899	828	-0.0347
8e3731a9-16af-446f-9657-2390839f3986	6	2071923	18988041	11901	0.3235
8e3731a9-16af-446f-9657-2390839f3986	6	18988474	19183165	154	0.8196
8e3731a9-16af-446f-9657-2390839f3986	6	19186973	20045931	635	0.3079
8e3731a9-16af-446f-9657-2390839f3986	6	20046555	22409536	1635	0.3535
8e3731a9-16af-446f-9657-2390839f3986	6	22409574	24353208	1408	0.4002
8e3731a9-16af-446f-9657-2390839f3986	6	24355621	25420764	743	0.3248
8e3731a9-16af-446f-9657-2390839f3986	6	25422125	25423079	3	-0.4685
8e3731a9-16af-446f-9657-2390839f3986	6	25423775	25449876	31	0.3051
8e3731a9-16af-446f-9657-2390839f3986	6	25449925	25863942	97	0.4349
8e3731a9-16af-446f-9657-2390839f3986	6	25864134	30057726	1512	0.3135
8e3731a9-16af-446f-9657-2390839f3986	6	30057982	30293205	76	0.7729
8e3731a9-16af-446f-9657-2390839f3986	6	30294735	55129686	13849	0.3512
8e3731a9-16af-446f-9657-2390839f3986	6	55130528	56865093	1049	0.4304
8e3731a9-16af-446f-9657-2390839f3986	6	56865659	63045542	864	0.3499
8e3731a9-16af-446f-9657-2390839f3986	6	63045555	70886325	4446	0.2956
8e3731a9-16af-446f-9657-2390839f3986	6	71110207	72098010	672	0.8022
8e3731a9-16af-446f-9657-2390839f3986	6	72098900	80178962	4502	0.2932
8e3731a9-16af-446f-9657-2390839f3986	6	80290496	85702961	3210	0.3459
8e3731a9-16af-446f-9657-2390839f3986	6	85705344	94568815	4864	0.304
8e3731a9-16af-446f-9657-2390839f3986	6	94569525	99964241	2816	0.2563
8e3731a9-16af-446f-9657-2390839f3986	6	99964318	110138671	5914	0.3044
8e3731a9-16af-446f-9657-2390839f3986	6	110141440	110850679	427	0.7938
8e3731a9-16af-446f-9657-2390839f3986	6	110851943	117271449	3711	0.3162
8e3731a9-16af-446f-9657-2390839f3986	6	117274391	119551055	998	0.2571
8e3731a9-16af-446f-9657-2390839f3986	6	119551389	124635878	2895	0.3024
8e3731a9-16af-446f-9657-2390839f3986	6	124640988	126304471	1042	0.835
8e3731a9-16af-446f-9657-2390839f3986	6	126307009	131284158	3099	0.3118
8e3731a9-16af-446f-9657-2390839f3986	6	131292462	131398290	63	0.7581
8e3731a9-16af-446f-9657-2390839f3986	6	131402006	131619344	117	0.3501
8e3731a9-16af-446f-9657-2390839f3986	6	131621250	132576719	604	0.2857
8e3731a9-16af-446f-9657-2390839f3986	6	132577878	133979503	1001	0.3867
8e3731a9-16af-446f-9657-2390839f3986	6	133980453	146335309	7377	0.3446
8e3731a9-16af-446f-9657-2390839f3986	6	146338367	147686008	889	0.3893
8e3731a9-16af-446f-9657-2390839f3986	6	147687001	147687744	2	-1.4326
8e3731a9-16af-446f-9657-2390839f3986	6	147693411	149675858	1434	0.3691
8e3731a9-16af-446f-9657-2390839f3986	6	149678651	150504491	540	0.8226
8e3731a9-16af-446f-9657-2390839f3986	6	150506127	162182254	7862	0.346
8e3731a9-16af-446f-9657-2390839f3986	6	162182286	170596889	3847	0.4342
8e3731a9-16af-446f-9657-2390839f3986	7	664936	1393986	138	0.2412
8e3731a9-16af-446f-9657-2390839f3986	7	1394624	1836445	134	0.1192
8e3731a9-16af-446f-9657-2390839f3986	7	1837266	12692472	5147	0.2063
8e3731a9-16af-446f-9657-2390839f3986	7	12694177	17816182	3112	0.2522
8e3731a9-16af-446f-9657-2390839f3986	7	17820013	34355897	10628	0.2111
8e3731a9-16af-446f-9657-2390839f3986	7	34356496	45867286	6958	0.1778
8e3731a9-16af-446f-9657-2390839f3986	7	45867304	47183968	1063	-0.1406
8e3731a9-16af-446f-9657-2390839f3986	7	47186601	47214023	31	0.3153
8e3731a9-16af-446f-9657-2390839f3986	7	47217734	47311012	68	0.1527
8e3731a9-16af-446f-9657-2390839f3986	7	47312360	48332233	663	0.3144
8e3731a9-16af-446f-9657-2390839f3986	7	48332572	51395349	2162	0.2061
8e3731a9-16af-446f-9657-2390839f3986	7	51397583	52478412	825	0.3566
8e3731a9-16af-446f-9657-2390839f3986	7	52479053	52479844	2	-0.8133
8e3731a9-16af-446f-9657-2390839f3986	7	52481192	52785841	249	0.3126
8e3731a9-16af-446f-9657-2390839f3986	7	52786447	55073534	1482	0.6846
8e3731a9-16af-446f-9657-2390839f3986	7	55073624	57854817	902	0.5769
8e3731a9-16af-446f-9657-2390839f3986	7	57861998	70115267	2660	-0.0122
8e3731a9-16af-446f-9657-2390839f3986	7	70115992	78997790	3643	-0.4061
8e3731a9-16af-446f-9657-2390839f3986	7	78998117	79090881	79	-0.6543
8e3731a9-16af-446f-9657-2390839f3986	7	79095060	81721928	1606	-0.3845
8e3731a9-16af-446f-9657-2390839f3986	7	81724320	90332562	3841	-0.4286
8e3731a9-16af-446f-9657-2390839f3986	7	90336915	103018573	6458	-0.3844
8e3731a9-16af-446f-9657-2390839f3986	7	103023929	133937471	16873	-0.4363
8e3731a9-16af-446f-9657-2390839f3986	7	133937661	141175812	4354	-0.4117
8e3731a9-16af-446f-9657-2390839f3986	7	141182863	158592540	8766	-0.4697
8e3731a9-16af-446f-9657-2390839f3986	8	667625	6663107	2968	0.2907
8e3731a9-16af-446f-9657-2390839f3986	8	6663354	34117052	17297	0.3462
8e3731a9-16af-446f-9657-2390839f3986	8	34121984	37619237	1829	0.3911
8e3731a9-16af-446f-9657-2390839f3986	8	37623213	51259162	5256	0.3397
8e3731a9-16af-446f-9657-2390839f3986	8	51260670	54155000	1671	0.2926
8e3731a9-16af-446f-9657-2390839f3986	8	54156485	54589142	324	0.7612
8e3731a9-16af-446f-9657-2390839f3986	8	54594515	57605834	1790	0.2873
8e3731a9-16af-446f-9657-2390839f3986	8	57605958	62379651	3092	0.3386
8e3731a9-16af-446f-9657-2390839f3986	8	62380359	66922980	2422	0.2947
8e3731a9-16af-446f-9657-2390839f3986	8	66931106	79856637	7680	0.3752
8e3731a9-16af-446f-9657-2390839f3986	8	79856757	87383096	3846	0.3278
8e3731a9-16af-446f-9657-2390839f3986	8	87391289	89031144	888	0.3966
8e3731a9-16af-446f-9657-2390839f3986	8	89033822	89192691	127	0.3455
8e3731a9-16af-446f-9657-2390839f3986	8	89193052	89379257	182	0.1894
8e3731a9-16af-446f-9657-2390839f3986	8	89382316	90942941	871	0.3217
8e3731a9-16af-446f-9657-2390839f3986	8	90945575	93268622	1266	0.3918
8e3731a9-16af-446f-9657-2390839f3986	8	93269582	93302887	26	-0.4119
8e3731a9-16af-446f-9657-2390839f3986	8	93303110	113766986	11501	0.3498
8e3731a9-16af-446f-9657-2390839f3986	8	113770358	117793242	2293	0.3892
8e3731a9-16af-446f-9657-2390839f3986	8	117793371	118061320	185	0.3106
8e3731a9-16af-446f-9657-2390839f3986	8	118062338	118289169	196	0.8474
8e3731a9-16af-446f-9657-2390839f3986	8	118291021	126287833	5380	0.3759
8e3731a9-16af-446f-9657-2390839f3986	8	126293536	126294441	4	-0.5037
8e3731a9-16af-446f-9657-2390839f3986	8	126295912	133524154	5208	0.3708
8e3731a9-16af-446f-9657-2390839f3986	8	133525453	140537127	5291	0.3383
8e3731a9-16af-446f-9657-2390839f3986	8	140539782	144182542	617	0.3805
8e3731a9-16af-446f-9657-2390839f3986	9	789794	12536140	6344	-0.4716
8e3731a9-16af-446f-9657-2390839f3986	9	12539373	19730704	5706	-0.4251
8e3731a9-16af-446f-9657-2390839f3986	9	19731898	21121855	1068	-0.4776
8e3731a9-16af-446f-9657-2390839f3986	9	21121918	21122646	2	-2.726
8e3731a9-16af-446f-9657-2390839f3986	9	21125405	21320827	143	-0.4711
8e3731a9-16af-446f-9657-2390839f3986	9	21323090	22548708	743	-3.6291
8e3731a9-16af-446f-9657-2390839f3986	9	22550742	134918015	53324	-0.4477
8e3731a9-16af-446f-9657-2390839f3986	9	134920319	135026273	71	0.3963
8e3731a9-16af-446f-9657-2390839f3986	9	135026462	135028198	3	-0.9797
8e3731a9-16af-446f-9657-2390839f3986	9	135029898	136478000	531	0.4082
8e3731a9-16af-446f-9657-2390839f3986	9	136481019	138044505	410	-0.4521
8e3731a9-16af-446f-9657-2390839f3986	10	366509	1366386	313	-0.541
8e3731a9-16af-446f-9657-2390839f3986	10	1367778	1371890	2	-2.2801
8e3731a9-16af-446f-9657-2390839f3986	10	1372349	4131474	1916	-0.5499
8e3731a9-16af-446f-9657-2390839f3986	10	4132057	6133456	1509	-0.4699
8e3731a9-16af-446f-9657-2390839f3986	10	6135674	11685898	4313	-0.5466
8e3731a9-16af-446f-9657-2390839f3986	10	11686018	32353225	14444	-0.4848
8e3731a9-16af-446f-9657-2390839f3986	10	32360748	33232322	530	0.0235
8e3731a9-16af-446f-9657-2390839f3986	10	33233579	33247609	20	-0.5763
8e3731a9-16af-446f-9657-2390839f3986	10	33250263	33256582	8	0.257
8e3731a9-16af-446f-9657-2390839f3986	10	33258537	36190981	1786	-0.4588
8e3731a9-16af-446f-9657-2390839f3986	10	36192661	36192916	3	-1.9596
8e3731a9-16af-446f-9657-2390839f3986	10	36195133	37259536	658	-0.4063
8e3731a9-16af-446f-9657-2390839f3986	10	37260774	42452522	687	0.0358
8e3731a9-16af-446f-9657-2390839f3986	10	42457632	52948170	5113	-0.4884
8e3731a9-16af-446f-9657-2390839f3986	10	52955148	53139177	159	0.8336
8e3731a9-16af-446f-9657-2390839f3986	10	53141242	53733780	274	0.4116
8e3731a9-16af-446f-9657-2390839f3986	10	53736945	57627590	1950	0.0389
8e3731a9-16af-446f-9657-2390839f3986	10	57628120	59571769	1348	0.109
8e3731a9-16af-446f-9657-2390839f3986	10	59571816	62278458	1921	0.0593
8e3731a9-16af-446f-9657-2390839f3986	10	62282610	63104551	539	0.3948
8e3731a9-16af-446f-9657-2390839f3986	10	63109629	66245229	1974	0.0615
8e3731a9-16af-446f-9657-2390839f3986	10	66248768	66289713	35	-0.4114
8e3731a9-16af-446f-9657-2390839f3986	10	66789964	70394751	2152	0.0703
8e3731a9-16af-446f-9657-2390839f3986	10	70397631	71049023	382	0.6736
8e3731a9-16af-446f-9657-2390839f3986	10	71049809	71195066	100	0.9137
8e3731a9-16af-446f-9657-2390839f3986	10	71202277	71728683	428	0.4113
8e3731a9-16af-446f-9657-2390839f3986	10	71731755	76693971	2576	0.0638
8e3731a9-16af-446f-9657-2390839f3986	10	76695888	78044799	1056	-0.3978
8e3731a9-16af-446f-9657-2390839f3986	10	78044923	78735845	599	0.0777
8e3731a9-16af-446f-9657-2390839f3986	10	78736271	91424249	8132	0.0279
8e3731a9-16af-446f-9657-2390839f3986	10	91426505	94517093	1591	0.0782
8e3731a9-16af-446f-9657-2390839f3986	10	94535064	95020109	184	0.373
8e3731a9-16af-446f-9657-2390839f3986	10	95024251	103019615	4618	0.0489
8e3731a9-16af-446f-9657-2390839f3986	10	103027262	103541062	197	0.6411
8e3731a9-16af-446f-9657-2390839f3986	10	103553282	104316931	513	0.0393
8e3731a9-16af-446f-9657-2390839f3986	10	104317828	110167605	3818	-0.4467
8e3731a9-16af-446f-9657-2390839f3986	10	110169471	111155081	658	0.0336
8e3731a9-16af-446f-9657-2390839f3986	10	111155321	111610922	389	0.416
8e3731a9-16af-446f-9657-2390839f3986	10	111611270	113382501	1210	0.0649
8e3731a9-16af-446f-9657-2390839f3986	10	113386955	113540383	124	0.4049
8e3731a9-16af-446f-9657-2390839f3986	10	113543157	117244584	2506	0.0544
8e3731a9-16af-446f-9657-2390839f3986	10	117245484	117827647	452	0.3714
8e3731a9-16af-446f-9657-2390839f3986	10	117832737	120512159	1803	0.045
8e3731a9-16af-446f-9657-2390839f3986	10	120513428	121121180	557	-0.4366
8e3731a9-16af-446f-9657-2390839f3986	10	121127207	121127533	2	-1.942
8e3731a9-16af-446f-9657-2390839f3986	10	121127623	123179512	1599	-0.4292
8e3731a9-16af-446f-9657-2390839f3986	10	123182435	123542703	344	0.022
8e3731a9-16af-446f-9657-2390839f3986	10	123543867	125270927	1054	-0.4469
8e3731a9-16af-446f-9657-2390839f3986	10	125273715	129495382	3232	-0.4051
8e3731a9-16af-446f-9657-2390839f3986	10	129495541	133411599	1363	-0.4658
8e3731a9-16af-446f-9657-2390839f3986	11	456012	17445790	10480	-0.4279
8e3731a9-16af-446f-9657-2390839f3986	11	17446770	21615943	3189	-0.1871
8e3731a9-16af-446f-9657-2390839f3986	11	21616587	36049744	9368	-0.1511
8e3731a9-16af-446f-9657-2390839f3986	11	36065082	36750741	513	0.0619
8e3731a9-16af-446f-9657-2390839f3986	11	36751303	41383385	2454	-0.1738
8e3731a9-16af-446f-9657-2390839f3986	11	41384491	41390464	8	0.1281
8e3731a9-16af-446f-9657-2390839f3986	11	41394247	42903136	1031	-0.1183
8e3731a9-16af-446f-9657-2390839f3986	11	42903161	43231377	226	0.0066
8e3731a9-16af-446f-9657-2390839f3986	11	43233074	45553757	1659	-0.1486
8e3731a9-16af-446f-9657-2390839f3986	11	45554775	49838492	1611	-0.0836
8e3731a9-16af-446f-9657-2390839f3986	11	49838531	74367338	8360	-0.1865
8e3731a9-16af-446f-9657-2390839f3986	11	74367350	85491959	6767	-0.4538
8e3731a9-16af-446f-9657-2390839f3986	11	85493427	86393754	519	0.4248
8e3731a9-16af-446f-9657-2390839f3986	11	86394885	89677295	2112	-0.446
8e3731a9-16af-446f-9657-2390839f3986	11	89681629	92609231	1589	-0.379
8e3731a9-16af-446f-9657-2390839f3986	11	92613010	134272740	27549	-0.4514
8e3731a9-16af-446f-9657-2390839f3986	12	780472	1977879	324	0.2416
8e3731a9-16af-446f-9657-2390839f3986	12	1980064	2910858	587	0.1344
8e3731a9-16af-446f-9657-2390839f3986	12	2911307	3081407	63	0.2283
8e3731a9-16af-446f-9657-2390839f3986	12	3081470	4294666	905	0.1224
8e3731a9-16af-446f-9657-2390839f3986	12	4294684	4294698	2	-1.4105
8e3731a9-16af-446f-9657-2390839f3986	12	4294710	7582645	2208	0.1309
8e3731a9-16af-446f-9657-2390839f3986	12	7583157	14926148	3942	0.0766
8e3731a9-16af-446f-9657-2390839f3986	12	14926486	17233193	1389	0.1178
8e3731a9-16af-446f-9657-2390839f3986	12	17233489	22903249	3515	0.1745
8e3731a9-16af-446f-9657-2390839f3986	12	22907429	25280057	1503	0.9915
8e3731a9-16af-446f-9657-2390839f3986	12	25282529	26791785	1121	1.0608
8e3731a9-16af-446f-9657-2390839f3986	12	26794882	27248414	206	1.0085
8e3731a9-16af-446f-9657-2390839f3986	12	27252787	29081621	1164	0.4014
8e3731a9-16af-446f-9657-2390839f3986	12	29082036	33368216	2774	0.2989
8e3731a9-16af-446f-9657-2390839f3986	12	38827290	39155033	161	0.0913
8e3731a9-16af-446f-9657-2390839f3986	12	39155876	43652544	2448	0.1545
8e3731a9-16af-446f-9657-2390839f3986	12	43653052	60206813	9113	0.0953
8e3731a9-16af-446f-9657-2390839f3986	12	60207365	64480045	2432	-0.0579
8e3731a9-16af-446f-9657-2390839f3986	12	64480322	65753244	729	0.0089
8e3731a9-16af-446f-9657-2390839f3986	12	65753475	76317201	6674	-0.0576
8e3731a9-16af-446f-9657-2390839f3986	12	76318758	78650425	1600	0.0023
8e3731a9-16af-446f-9657-2390839f3986	12	78650641	81609716	1780	-0.0602
8e3731a9-16af-446f-9657-2390839f3986	12	81610138	81679299	44	-0.1844
8e3731a9-16af-446f-9657-2390839f3986	12	81682310	85327280	2113	-0.0738
8e3731a9-16af-446f-9657-2390839f3986	12	85328916	86234468	523	-0.1619
8e3731a9-16af-446f-9657-2390839f3986	12	86239588	86239808	2	-1.649
8e3731a9-16af-446f-9657-2390839f3986	12	86241030	88634457	1195	-0.1131
8e3731a9-16af-446f-9657-2390839f3986	12	88634516	91972203	2043	-0.0546
8e3731a9-16af-446f-9657-2390839f3986	12	91973829	104973022	8499	-0.1069
8e3731a9-16af-446f-9657-2390839f3986	12	104973511	112728764	4563	-0.0611
8e3731a9-16af-446f-9657-2390839f3986	12	112729329	114219689	809	0.6053
8e3731a9-16af-446f-9657-2390839f3986	12	114221305	121890937	4866	-0.0712
8e3731a9-16af-446f-9657-2390839f3986	12	121896905	122059430	93	0.5112
8e3731a9-16af-446f-9657-2390839f3986	12	122062995	126167275	2302	-0.0542
8e3731a9-16af-446f-9657-2390839f3986	12	126168429	131091457	2058	-0.1162
8e3731a9-16af-446f-9657-2390839f3986	12	131091646	132605822	553	-0.0711
8e3731a9-16af-446f-9657-2390839f3986	13	18874255	32549379	8372	-0.0041
8e3731a9-16af-446f-9657-2390839f3986	13	32549511	51599630	11641	0.03
8e3731a9-16af-446f-9657-2390839f3986	13	51603516	60886180	4636	-0.0072
8e3731a9-16af-446f-9657-2390839f3986	13	60887814	60888364	4	0.9591
8e3731a9-16af-446f-9657-2390839f3986	13	60890995	67290297	2873	-0.0161
8e3731a9-16af-446f-9657-2390839f3986	13	67291898	67323418	3	-1.3298
8e3731a9-16af-446f-9657-2390839f3986	13	67323548	74157500	4127	-0.0177
8e3731a9-16af-446f-9657-2390839f3986	13	74157708	75302746	771	0.0517
8e3731a9-16af-446f-9657-2390839f3986	13	75302940	79874399	3001	-0.0087
8e3731a9-16af-446f-9657-2390839f3986	13	79874503	81538304	1036	0.0777
8e3731a9-16af-446f-9657-2390839f3986	13	81541623	92531433	6258	-0.0122
8e3731a9-16af-446f-9657-2390839f3986	13	92533316	94005627	1026	0.0329
8e3731a9-16af-446f-9657-2390839f3986	13	94007700	94009357	2	-1.357
8e3731a9-16af-446f-9657-2390839f3986	13	94010321	107526950	9045	0.0103
8e3731a9-16af-446f-9657-2390839f3986	13	107527215	114226675	4155	-0.0248
8e3731a9-16af-446f-9657-2390839f3986	14	20033191	20872492	558	0.1873
8e3731a9-16af-446f-9657-2390839f3986	14	20964296	21161761	122	0.6482
8e3731a9-16af-446f-9657-2390839f3986	14	21176901	32893724	5947	0.2103
8e3731a9-16af-446f-9657-2390839f3986	14	32895639	32994604	74	0.7714
8e3731a9-16af-446f-9657-2390839f3986	14	32995364	33543680	572	0.2342
8e3731a9-16af-446f-9657-2390839f3986	14	33543935	33730432	168	0.7111
8e3731a9-16af-446f-9657-2390839f3986	14	33732554	67750334	19085	0.2147
8e3731a9-16af-446f-9657-2390839f3986	14	67751007	67840085	64	-0.7304
8e3731a9-16af-446f-9657-2390839f3986	14	67843012	82900960	9568	0.215
8e3731a9-16af-446f-9657-2390839f3986	14	82902120	85799226	1930	0.2558
8e3731a9-16af-446f-9657-2390839f3986	14	85800405	96705579	6906	0.2129
8e3731a9-16af-446f-9657-2390839f3986	14	96705829	99014717	1677	0.1607
8e3731a9-16af-446f-9657-2390839f3986	14	99015137	105533894	3093	0.2292
8e3731a9-16af-446f-9657-2390839f3986	15	23437561	35155583	5055	-0.5007
8e3731a9-16af-446f-9657-2390839f3986	15	35159892	38043470	1917	-0.4375
8e3731a9-16af-446f-9657-2390839f3986	15	38043761	38045140	2	-2.1578
8e3731a9-16af-446f-9657-2390839f3986	15	38045739	41887226	2248	-0.4445
8e3731a9-16af-446f-9657-2390839f3986	15	41892061	42516699	367	-0.4932
8e3731a9-16af-446f-9657-2390839f3986	15	42518708	44464430	760	0.4074
8e3731a9-16af-446f-9657-2390839f3986	15	44464520	52191421	4504	-0.4524
8e3731a9-16af-446f-9657-2390839f3986	15	52192066	54424377	1678	-0.5064
8e3731a9-16af-446f-9657-2390839f3986	15	54425487	58247530	2258	-0.447
8e3731a9-16af-446f-9657-2390839f3986	15	58247772	58248185	3	-2.5282
8e3731a9-16af-446f-9657-2390839f3986	15	58248977	59696395	988	-0.4505
8e3731a9-16af-446f-9657-2390839f3986	15	59696507	61863762	1809	-0.4952
8e3731a9-16af-446f-9657-2390839f3986	15	61866918	66537058	2703	-0.4286
8e3731a9-16af-446f-9657-2390839f3986	15	66539853	69630949	2013	-0.0602
8e3731a9-16af-446f-9657-2390839f3986	15	69635073	70188275	395	-0.1969
8e3731a9-16af-446f-9657-2390839f3986	15	70188590	70418845	145	-0.0655
8e3731a9-16af-446f-9657-2390839f3986	15	70420611	70741270	204	0.6135
8e3731a9-16af-446f-9657-2390839f3986	15	70741674	70741906	4	1.6969
8e3731a9-16af-446f-9657-2390839f3986	15	70741930	72087106	841	0.6293
8e3731a9-16af-446f-9657-2390839f3986	15	72094579	72094884	2	-0.6765
8e3731a9-16af-446f-9657-2390839f3986	15	72097607	72293238	87	0.6013
8e3731a9-16af-446f-9657-2390839f3986	15	72301613	77483016	2459	-0.0575
8e3731a9-16af-446f-9657-2390839f3986	15	77494561	77612682	78	0.6171
8e3731a9-16af-446f-9657-2390839f3986	15	77614803	89762837	7086	-0.076
8e3731a9-16af-446f-9657-2390839f3986	15	89763863	90298973	320	0.184
8e3731a9-16af-446f-9657-2390839f3986	15	90404326	101344124	6799	-0.076
8e3731a9-16af-446f-9657-2390839f3986	16	603333	6582614	2784	-0.0935
8e3731a9-16af-446f-9657-2390839f3986	16	6582887	12764124	4113	0.0381
8e3731a9-16af-446f-9657-2390839f3986	16	12764863	23436034	3135	-0.1399
8e3731a9-16af-446f-9657-2390839f3986	16	23439734	24012987	367	-0.0336
8e3731a9-16af-446f-9657-2390839f3986	16	24015796	24016909	2	-1.1098
8e3731a9-16af-446f-9657-2390839f3986	16	24016916	29086811	2973	0.0116
8e3731a9-16af-446f-9657-2390839f3986	16	29091710	46474548	654	-0.1133
8e3731a9-16af-446f-9657-2390839f3986	16	46476005	51465419	2929	0.2226
8e3731a9-16af-446f-9657-2390839f3986	16	51468414	53462686	1457	0.0946
8e3731a9-16af-446f-9657-2390839f3986	16	53464676	54004059	466	0.6267
8e3731a9-16af-446f-9657-2390839f3986	16	54009411	56446233	1822	0.0976
8e3731a9-16af-446f-9657-2390839f3986	16	56446649	57141018	422	0.432
8e3731a9-16af-446f-9657-2390839f3986	16	57147857	63717650	4010	0.0844
8e3731a9-16af-446f-9657-2390839f3986	16	63717964	65249889	1103	0.1752
8e3731a9-16af-446f-9657-2390839f3986	16	65250756	71321410	2876	0.1098
8e3731a9-16af-446f-9657-2390839f3986	16	71322232	71325697	4	-0.9105
8e3731a9-16af-446f-9657-2390839f3986	16	71327558	76457546	3002	0.1104
8e3731a9-16af-446f-9657-2390839f3986	16	76459244	78639043	1912	-0.217
8e3731a9-16af-446f-9657-2390839f3986	16	78641634	79312625	532	0.0909
8e3731a9-16af-446f-9657-2390839f3986	16	79312785	83982141	4090	0.334
8e3731a9-16af-446f-9657-2390839f3986	16	83982209	85047566	163	0.1158
8e3731a9-16af-446f-9657-2390839f3986	16	85049104	86222284	761	-0.2469
8e3731a9-16af-446f-9657-2390839f3986	16	86223502	86223607	2	-2.1952
8e3731a9-16af-446f-9657-2390839f3986	16	86227158	88459876	1550	-0.2459
8e3731a9-16af-446f-9657-2390839f3986	16	89234014	89317317	36	0.5542
8e3731a9-16af-446f-9657-2390839f3986	17	1074619	11162613	5325	-0.4605
8e3731a9-16af-446f-9657-2390839f3986	17	11168321	11859132	583	0.3926
8e3731a9-16af-446f-9657-2390839f3986	17	11860921	43165413	11128	-0.4373
8e3731a9-16af-446f-9657-2390839f3986	17	43167807	82959812	20188	0.0503
8e3731a9-16af-446f-9657-2390839f3986	18	326691	5958902	3015	-0.2915
8e3731a9-16af-446f-9657-2390839f3986	18	5959259	6755964	122	0.218
8e3731a9-16af-446f-9657-2390839f3986	18	6759587	25656400	7791	0.1545
8e3731a9-16af-446f-9657-2390839f3986	18	25659862	30323767	2789	0.0968
8e3731a9-16af-446f-9657-2390839f3986	18	30325355	32094424	1134	0.0363
8e3731a9-16af-446f-9657-2390839f3986	18	32094567	36234683	2419	0.1047
8e3731a9-16af-446f-9657-2390839f3986	18	36245781	49923031	8619	0.2792
8e3731a9-16af-446f-9657-2390839f3986	18	49923153	53702139	2657	0.2233
8e3731a9-16af-446f-9657-2390839f3986	18	53702828	54650113	550	0.7079
8e3731a9-16af-446f-9657-2390839f3986	18	54652918	57303529	1665	0.2772
8e3731a9-16af-446f-9657-2390839f3986	18	57304332	79349796	12178	0.8137
8e3731a9-16af-446f-9657-2390839f3986	19	283868	8431480	2491	-0.5246
8e3731a9-16af-446f-9657-2390839f3986	19	8432398	13015157	2096	0.3196
8e3731a9-16af-446f-9657-2390839f3986	19	13015958	13020134	2	1.4996
8e3731a9-16af-446f-9657-2390839f3986	19	13020577	21088416	3151	0.3226
8e3731a9-16af-446f-9657-2390839f3986	19	21089282	28510729	1913	0.2757
8e3731a9-16af-446f-9657-2390839f3986	19	28511384	29909378	1077	0.1515
8e3731a9-16af-446f-9657-2390839f3986	19	29912533	30117076	133	0.4481
8e3731a9-16af-446f-9657-2390839f3986	19	30117077	30119493	4	-0.9506
8e3731a9-16af-446f-9657-2390839f3986	19	30122281	31426134	928	0.4221
8e3731a9-16af-446f-9657-2390839f3986	19	31427626	32614998	824	0.5075
8e3731a9-16af-446f-9657-2390839f3986	19	32615715	32737786	73	0.6367
8e3731a9-16af-446f-9657-2390839f3986	19	32738930	33313493	311	0.822
8e3731a9-16af-446f-9657-2390839f3986	19	33315154	33369952	30	0.6688
8e3731a9-16af-446f-9657-2390839f3986	19	33377107	35843517	1553	0.8758
8e3731a9-16af-446f-9657-2390839f3986	19	35852880	36949506	535	0.7579
8e3731a9-16af-446f-9657-2390839f3986	19	36950463	39692683	1261	0.4528
8e3731a9-16af-446f-9657-2390839f3986	19	39692976	39818882	94	0.2927
8e3731a9-16af-446f-9657-2390839f3986	19	39819785	42097889	997	0.1506
8e3731a9-16af-446f-9657-2390839f3986	19	42103014	44381218	868	0.044
8e3731a9-16af-446f-9657-2390839f3986	19	44381620	45245997	396	0.1605
8e3731a9-16af-446f-9657-2390839f3986	19	45253118	58370362	5402	-0.0383
8e3731a9-16af-446f-9657-2390839f3986	20	472817	6449217	3649	0.2472
8e3731a9-16af-446f-9657-2390839f3986	20	6449296	7676827	809	0.1682
8e3731a9-16af-446f-9657-2390839f3986	20	7677594	7955716	200	0.2893
8e3731a9-16af-446f-9657-2390839f3986	20	7956244	9783421	1055	0.3868
8e3731a9-16af-446f-9657-2390839f3986	20	9784277	10762376	757	0.2307
8e3731a9-16af-446f-9657-2390839f3986	20	10763230	17273870	4482	0.2555
8e3731a9-16af-446f-9657-2390839f3986	20	17278947	19537332	1810	0.2117
8e3731a9-16af-446f-9657-2390839f3986	20	19538672	19801929	221	0.6823
8e3731a9-16af-446f-9657-2390839f3986	20	19802024	21030354	947	0.209
8e3731a9-16af-446f-9657-2390839f3986	20	21030450	23815517	1789	0.1355
8e3731a9-16af-446f-9657-2390839f3986	20	23816026	32306947	1726	0.2362
8e3731a9-16af-446f-9657-2390839f3986	20	32312738	32454233	70	0.8017
8e3731a9-16af-446f-9657-2390839f3986	20	32469246	32579198	51	0.2085
8e3731a9-16af-446f-9657-2390839f3986	20	32588325	32748172	78	0.6765
8e3731a9-16af-446f-9657-2390839f3986	20	32751125	33789224	587	0.2629
8e3731a9-16af-446f-9657-2390839f3986	20	33791962	34110507	165	0.6331
8e3731a9-16af-446f-9657-2390839f3986	20	34119204	34750111	240	0.9409
8e3731a9-16af-446f-9657-2390839f3986	20	34752477	36896959	951	0.6337
8e3731a9-16af-446f-9657-2390839f3986	20	36898585	37093604	187	0.4853
8e3731a9-16af-446f-9657-2390839f3986	20	37093618	37285308	100	0.6194
8e3731a9-16af-446f-9657-2390839f3986	20	37285803	39405820	1321	0.6786
8e3731a9-16af-446f-9657-2390839f3986	20	39410348	39413403	3	-0.3968
8e3731a9-16af-446f-9657-2390839f3986	20	39417485	41586242	1444	0.6695
8e3731a9-16af-446f-9657-2390839f3986	20	41596137	41730880	93	0.5991
8e3731a9-16af-446f-9657-2390839f3986	20	41731384	41731388	5	-0.0712
8e3731a9-16af-446f-9657-2390839f3986	20	41732145	43413008	1278	0.6044
8e3731a9-16af-446f-9657-2390839f3986	20	43413398	44011973	379	1.0148
8e3731a9-16af-446f-9657-2390839f3986	20	44016095	56892302	8657	0.6043
8e3731a9-16af-446f-9657-2390839f3986	20	56892441	63588502	4493	0.6454
8e3731a9-16af-446f-9657-2390839f3986	21	13974127	21581439	4914	-0.197
8e3731a9-16af-446f-9657-2390839f3986	21	21586855	24182727	1318	0.174
8e3731a9-16af-446f-9657-2390839f3986	21	24182740	26533331	1653	0.0842
8e3731a9-16af-446f-9657-2390839f3986	21	26537068	32306444	3886	0.1375
8e3731a9-16af-446f-9657-2390839f3986	21	32306951	43034905	7729	0.1063
8e3731a9-16af-446f-9657-2390839f3986	21	43572694	46262057	1092	-0.516
8e3731a9-16af-446f-9657-2390839f3986	22	16934932	32324452	6322	-0.4473
8e3731a9-16af-446f-9657-2390839f3986	22	32324640	34479858	1927	-0.4958
8e3731a9-16af-446f-9657-2390839f3986	22	34479951	46936216	7168	-0.4439
8e3731a9-16af-446f-9657-2390839f3986	22	46936794	48940621	1631	-0.5311
8e3731a9-16af-446f-9657-2390839f3986	X	3236359	13171108	3549	-0.0097
8e3731a9-16af-446f-9657-2390839f3986	X	13171504	13171674	2	-1.3936
8e3731a9-16af-446f-9657-2390839f3986	X	13173191	20492610	3429	-0.0057
8e3731a9-16af-446f-9657-2390839f3986	X	20495427	20496798	4	-1.9644
8e3731a9-16af-446f-9657-2390839f3986	X	20499390	21203987	327	-0.0455
8e3731a9-16af-446f-9657-2390839f3986	X	21204178	21469221	84	-0.5547
8e3731a9-16af-446f-9657-2390839f3986	X	21469288	22525998	735	-0.0127
8e3731a9-16af-446f-9657-2390839f3986	X	22530334	23495591	355	-0.6826
8e3731a9-16af-446f-9657-2390839f3986	X	23500933	29069567	3079	-0.0137
8e3731a9-16af-446f-9657-2390839f3986	X	29069604	29166429	63	-0.2927
8e3731a9-16af-446f-9657-2390839f3986	X	29166549	50713343	9623	-0.0182
8e3731a9-16af-446f-9657-2390839f3986	X	50714488	50895685	115	0.0442
8e3731a9-16af-446f-9657-2390839f3986	X	50895783	50896531	2	1.0156
8e3731a9-16af-446f-9657-2390839f3986	X	50897971	53519060	858	0.0632
8e3731a9-16af-446f-9657-2390839f3986	X	53520449	53989830	77	0.1994
8e3731a9-16af-446f-9657-2390839f3986	X	53991951	56228314	963	0.1116
8e3731a9-16af-446f-9657-2390839f3986	X	56229293	63548615	820	0.2103
8e3731a9-16af-446f-9657-2390839f3986	X	63554747	64895755	551	0.3327
8e3731a9-16af-446f-9657-2390839f3986	X	64897492	68042077	1166	0.2161
8e3731a9-16af-446f-9657-2390839f3986	X	68043451	71651769	1586	0.2881
8e3731a9-16af-446f-9657-2390839f3986	X	71652191	72287045	255	0.2382
8e3731a9-16af-446f-9657-2390839f3986	X	72287426	85941995	5089	-0.0207
8e3731a9-16af-446f-9657-2390839f3986	X	85942007	109096153	9669	0.0099
8e3731a9-16af-446f-9657-2390839f3986	X	109097109	155677414	21495	-0.0287
