GDC_Aliquot	Chromosome	Start	End	Num_Probes	Segment_Mean
0d80aa25-c435-4763-9e64-a9e18b40fb4e	1	3301765	36983030	18035	-0.0043
0d80aa25-c435-4763-9e64-a9e18b40fb4e	1	36983994	36984642	2	-2.2245
0d80aa25-c435-4763-9e64-a9e18b40fb4e	1	36984730	76660968	23965	-0.005
0d80aa25-c435-4763-9e64-a9e18b40fb4e	1	76661061	76661137	2	-2.1666
0d80aa25-c435-4763-9e64-a9e18b40fb4e	1	76681704	247650984	87293	-0.0023
0d80aa25-c435-4763-9e64-a9e18b40fb4e	2	480597	75527139	44240	-0.0025
0d80aa25-c435-4763-9e64-a9e18b40fb4e	2	75527781	75532645	3	-1.7124
0d80aa25-c435-4763-9e64-a9e18b40fb4e	2	75533261	121833115	20084	-0.0019
0d80aa25-c435-4763-9e64-a9e18b40fb4e	2	121834065	121841576	2	-2.1309
0d80aa25-c435-4763-9e64-a9e18b40fb4e	2	121842089	241537572	67476	-0.0021
0d80aa25-c435-4763-9e64-a9e18b40fb4e	3	2170634	32919141	18456	0.0035
0d80aa25-c435-4763-9e64-a9e18b40fb4e	3	32922976	33012867	45	0.5471
0d80aa25-c435-4763-9e64-a9e18b40fb4e	3	33016103	153023812	65437	0.0019
0d80aa25-c435-4763-9e64-a9e18b40fb4e	3	153023935	153031849	10	-0.7982
0d80aa25-c435-4763-9e64-a9e18b40fb4e	3	153032847	197812401	22902	0.0022
0d80aa25-c435-4763-9e64-a9e18b40fb4e	4	1059384	187842528	103198	0.0027
0d80aa25-c435-4763-9e64-a9e18b40fb4e	5	914118	180934240	100784	0.0017
0d80aa25-c435-4763-9e64-a9e18b40fb4e	6	1011760	170596889	96881	0.0022
0d80aa25-c435-4763-9e64-a9e18b40fb4e	7	664936	158592540	81675	0.0013
0d80aa25-c435-4763-9e64-a9e18b40fb4e	8	667625	144182542	81999	0
0d80aa25-c435-4763-9e64-a9e18b40fb4e	9	789794	138044505	68272	-0.005
0d80aa25-c435-4763-9e64-a9e18b40fb4e	10	366509	133411599	81059	0.0006
0d80aa25-c435-4763-9e64-a9e18b40fb4e	11	456012	3848866	1138	0.0022
0d80aa25-c435-4763-9e64-a9e18b40fb4e	11	3849233	3849569	2	-1.9483
0d80aa25-c435-4763-9e64-a9e18b40fb4e	11	3849761	117929586	64926	-0.0001
0d80aa25-c435-4763-9e64-a9e18b40fb4e	11	117932109	117934211	4	-2.0859
0d80aa25-c435-4763-9e64-a9e18b40fb4e	11	117937875	134272740	11250	-0.0011
0d80aa25-c435-4763-9e64-a9e18b40fb4e	12	780472	91675466	50195	0.0015
0d80aa25-c435-4763-9e64-a9e18b40fb4e	12	91677345	91677388	2	-2.1397
0d80aa25-c435-4763-9e64-a9e18b40fb4e	12	91677613	132605822	23924	0.0035
0d80aa25-c435-4763-9e64-a9e18b40fb4e	13	18874255	114226675	56805	0.0016
0d80aa25-c435-4763-9e64-a9e18b40fb4e	14	20033191	105533894	49653	-0.0002
0d80aa25-c435-4763-9e64-a9e18b40fb4e	15	23437561	98614432	43295	-0.0027
0d80aa25-c435-4763-9e64-a9e18b40fb4e	15	98621141	98970002	241	0.4642
0d80aa25-c435-4763-9e64-a9e18b40fb4e	15	98978583	100788336	748	0.006
0d80aa25-c435-4763-9e64-a9e18b40fb4e	15	100790755	101222815	280	0.4931
0d80aa25-c435-4763-9e64-a9e18b40fb4e	15	101223343	101344124	82	-0.0282
0d80aa25-c435-4763-9e64-a9e18b40fb4e	16	603333	89317317	41100	-0.0009
0d80aa25-c435-4763-9e64-a9e18b40fb4e	17	1074619	82959812	37176	-0.0046
0d80aa25-c435-4763-9e64-a9e18b40fb4e	18	326691	79349796	42817	-0.0022
0d80aa25-c435-4763-9e64-a9e18b40fb4e	19	283868	28916487	9928	-0.0005
0d80aa25-c435-4763-9e64-a9e18b40fb4e	19	28917302	28923855	4	-1.9761
0d80aa25-c435-4763-9e64-a9e18b40fb4e	19	28925979	58370362	14159	0.0053
0d80aa25-c435-4763-9e64-a9e18b40fb4e	20	472817	63588502	37460	0.0006
0d80aa25-c435-4763-9e64-a9e18b40fb4e	21	13974127	46262057	20546	-0.0005
0d80aa25-c435-4763-9e64-a9e18b40fb4e	22	16934932	28490817	4236	0
0d80aa25-c435-4763-9e64-a9e18b40fb4e	22	28503760	28534721	19	-0.8368
0d80aa25-c435-4763-9e64-a9e18b40fb4e	22	28536890	48935200	12794	0.0002
0d80aa25-c435-4763-9e64-a9e18b40fb4e	X	3236359	85475310	32045	-0.0065
0d80aa25-c435-4763-9e64-a9e18b40fb4e	X	85475722	85475979	2	-4.8292
0d80aa25-c435-4763-9e64-a9e18b40fb4e	X	85477782	145904189	26947	-0.0051
0d80aa25-c435-4763-9e64-a9e18b40fb4e	X	145904353	145905550	3	-4.6924
0d80aa25-c435-4763-9e64-a9e18b40fb4e	X	145906617	155677414	4088	0.0023
