GDC_Aliquot	Chromosome	Start	End	Num_Probes	Segment_Mean
25af3703-371a-4276-bf75-61b84e613ccc	1	3301765	5647164	1671	0.038
25af3703-371a-4276-bf75-61b84e613ccc	1	5647403	5647439	2	-2.1483
25af3703-371a-4276-bf75-61b84e613ccc	1	5647455	38396462	17178	0.0258
25af3703-371a-4276-bf75-61b84e613ccc	1	38400444	41303760	1464	0.3721
25af3703-371a-4276-bf75-61b84e613ccc	1	41304640	41582785	197	0.4952
25af3703-371a-4276-bf75-61b84e613ccc	1	41589143	44753931	1935	0.3999
25af3703-371a-4276-bf75-61b84e613ccc	1	44754280	46336106	579	0.3226
25af3703-371a-4276-bf75-61b84e613ccc	1	46336911	49026626	1709	0.4142
25af3703-371a-4276-bf75-61b84e613ccc	1	49029984	53063835	1708	0.3502
25af3703-371a-4276-bf75-61b84e613ccc	1	53063976	57808380	3507	0.3996
25af3703-371a-4276-bf75-61b84e613ccc	1	57812255	57812380	2	-1.0961
25af3703-371a-4276-bf75-61b84e613ccc	1	57812900	63140899	3741	0.3756
25af3703-371a-4276-bf75-61b84e613ccc	1	63140960	63145655	2	-1.2099
25af3703-371a-4276-bf75-61b84e613ccc	1	63146610	107920222	27078	0.3795
25af3703-371a-4276-bf75-61b84e613ccc	1	107920797	186143373	29939	0.393
25af3703-371a-4276-bf75-61b84e613ccc	1	186143530	200731840	8601	0.3747
25af3703-371a-4276-bf75-61b84e613ccc	1	200731966	238988101	25340	0.4056
25af3703-371a-4276-bf75-61b84e613ccc	1	238989319	247650984	5079	0.3809
25af3703-371a-4276-bf75-61b84e613ccc	2	480597	28078484	17137	0.0331
25af3703-371a-4276-bf75-61b84e613ccc	2	28080536	28136629	47	-1.2399
25af3703-371a-4276-bf75-61b84e613ccc	2	28140730	126497858	49288	-0.4416
25af3703-371a-4276-bf75-61b84e613ccc	2	126503180	135125577	4298	0.0619
25af3703-371a-4276-bf75-61b84e613ccc	2	135129505	136074812	423	-0.4475
25af3703-371a-4276-bf75-61b84e613ccc	2	136080273	146046020	5668	0.6842
25af3703-371a-4276-bf75-61b84e613ccc	2	146048944	146063015	7	-0.0252
25af3703-371a-4276-bf75-61b84e613ccc	2	146065774	157465223	6532	0.6801
25af3703-371a-4276-bf75-61b84e613ccc	2	157467678	157542703	40	-0.4434
25af3703-371a-4276-bf75-61b84e613ccc	2	157551206	157575934	11	0.5405
25af3703-371a-4276-bf75-61b84e613ccc	2	157578250	157845680	133	-0.4232
25af3703-371a-4276-bf75-61b84e613ccc	2	157855735	157860222	6	-1.0265
25af3703-371a-4276-bf75-61b84e613ccc	2	157860785	158003781	107	-0.4603
25af3703-371a-4276-bf75-61b84e613ccc	2	158005041	158047431	29	0.1144
25af3703-371a-4276-bf75-61b84e613ccc	2	158051285	158238314	110	-0.4106
25af3703-371a-4276-bf75-61b84e613ccc	2	158240701	158350607	77	0.0314
25af3703-371a-4276-bf75-61b84e613ccc	2	158358496	158472106	54	-0.4393
25af3703-371a-4276-bf75-61b84e613ccc	2	158473759	158718599	171	0.427
25af3703-371a-4276-bf75-61b84e613ccc	2	158720603	158733109	25	-0.4575
25af3703-371a-4276-bf75-61b84e613ccc	2	158736323	158779835	37	0.0535
25af3703-371a-4276-bf75-61b84e613ccc	2	158781927	159138579	201	-0.4601
25af3703-371a-4276-bf75-61b84e613ccc	2	159149632	159152842	3	0.6825
25af3703-371a-4276-bf75-61b84e613ccc	2	159154625	159170769	10	-0.4377
25af3703-371a-4276-bf75-61b84e613ccc	2	159174085	159209305	36	0.0718
25af3703-371a-4276-bf75-61b84e613ccc	2	159212510	159271102	60	-0.4547
25af3703-371a-4276-bf75-61b84e613ccc	2	159278173	159311362	23	0.719
25af3703-371a-4276-bf75-61b84e613ccc	2	159315571	159353810	21	-0.3948
25af3703-371a-4276-bf75-61b84e613ccc	2	159357846	159465329	79	0.0263
25af3703-371a-4276-bf75-61b84e613ccc	2	159470390	159766388	129	-0.3993
25af3703-371a-4276-bf75-61b84e613ccc	2	159767206	159776187	10	0.4175
25af3703-371a-4276-bf75-61b84e613ccc	2	159780077	159843929	62	-0.3873
25af3703-371a-4276-bf75-61b84e613ccc	2	159844531	165898043	3390	0.0517
25af3703-371a-4276-bf75-61b84e613ccc	2	165898716	166769445	542	-0.4384
25af3703-371a-4276-bf75-61b84e613ccc	2	166772718	166965791	118	0.3687
25af3703-371a-4276-bf75-61b84e613ccc	2	166977332	169240323	1514	-0.4197
25af3703-371a-4276-bf75-61b84e613ccc	2	169243757	169956989	381	0.0319
25af3703-371a-4276-bf75-61b84e613ccc	2	169960889	170215325	177	-0.4248
25af3703-371a-4276-bf75-61b84e613ccc	2	170217855	173723330	2343	0.0412
25af3703-371a-4276-bf75-61b84e613ccc	2	173732928	173767418	20	-0.5476
25af3703-371a-4276-bf75-61b84e613ccc	2	173769769	173921091	87	0.049
25af3703-371a-4276-bf75-61b84e613ccc	2	173922502	174045923	83	-0.4609
25af3703-371a-4276-bf75-61b84e613ccc	2	174054461	174258379	123	0.0087
25af3703-371a-4276-bf75-61b84e613ccc	2	174258758	179278974	2991	-0.4493
25af3703-371a-4276-bf75-61b84e613ccc	2	179282511	179410644	82	0.4388
25af3703-371a-4276-bf75-61b84e613ccc	2	179411161	179769343	269	-0.4142
25af3703-371a-4276-bf75-61b84e613ccc	2	179774125	180480670	475	0.0528
25af3703-371a-4276-bf75-61b84e613ccc	2	180482547	180497828	20	-0.3677
25af3703-371a-4276-bf75-61b84e613ccc	2	180499840	180770059	182	0.0179
25af3703-371a-4276-bf75-61b84e613ccc	2	180774909	181259961	272	-0.419
25af3703-371a-4276-bf75-61b84e613ccc	2	181262409	199867048	9029	0.0539
25af3703-371a-4276-bf75-61b84e613ccc	2	199881503	203470834	1794	-0.4398
25af3703-371a-4276-bf75-61b84e613ccc	2	203471977	203496536	14	0.0951
25af3703-371a-4276-bf75-61b84e613ccc	2	203498582	206214404	1845	-0.4579
25af3703-371a-4276-bf75-61b84e613ccc	2	206225026	216065658	5887	0.3966
25af3703-371a-4276-bf75-61b84e613ccc	2	216067894	217431761	992	-0.4415
25af3703-371a-4276-bf75-61b84e613ccc	2	217432539	217445617	11	-1.168
25af3703-371a-4276-bf75-61b84e613ccc	2	217447313	219391711	1027	-0.4675
25af3703-371a-4276-bf75-61b84e613ccc	2	219393736	224509102	3466	0.0412
25af3703-371a-4276-bf75-61b84e613ccc	2	224518831	225330766	543	-0.464
25af3703-371a-4276-bf75-61b84e613ccc	2	225330804	227098324	1058	0.0518
25af3703-371a-4276-bf75-61b84e613ccc	2	227099838	227144011	31	-0.4775
25af3703-371a-4276-bf75-61b84e613ccc	2	227144944	227147719	6	0.1131
25af3703-371a-4276-bf75-61b84e613ccc	2	227147902	227792861	384	-0.4586
25af3703-371a-4276-bf75-61b84e613ccc	2	227795805	228135664	250	0.0204
25af3703-371a-4276-bf75-61b84e613ccc	2	228141015	228207496	46	-0.4352
25af3703-371a-4276-bf75-61b84e613ccc	2	228208742	231076305	1594	0.0536
25af3703-371a-4276-bf75-61b84e613ccc	2	231082027	231313950	112	-0.5027
25af3703-371a-4276-bf75-61b84e613ccc	2	231317732	231322443	7	0.3212
25af3703-371a-4276-bf75-61b84e613ccc	2	231328320	233375753	943	-0.4506
25af3703-371a-4276-bf75-61b84e613ccc	2	233375874	233552587	106	0.1162
25af3703-371a-4276-bf75-61b84e613ccc	2	233558220	234066025	403	-0.5014
25af3703-371a-4276-bf75-61b84e613ccc	2	234069629	234071526	6	0.7288
25af3703-371a-4276-bf75-61b84e613ccc	2	234076903	241537572	4545	-0.4519
25af3703-371a-4276-bf75-61b84e613ccc	3	2170634	12785300	6413	0.3885
25af3703-371a-4276-bf75-61b84e613ccc	3	12785433	14457140	1087	0.4488
25af3703-371a-4276-bf75-61b84e613ccc	3	14457245	46643734	19149	0.387
25af3703-371a-4276-bf75-61b84e613ccc	3	46644758	46907540	89	0.5723
25af3703-371a-4276-bf75-61b84e613ccc	3	46907698	48077751	459	0.3564
25af3703-371a-4276-bf75-61b84e613ccc	3	48082050	81562384	19880	0.3866
25af3703-371a-4276-bf75-61b84e613ccc	3	81562686	91462299	4197	0.3588
25af3703-371a-4276-bf75-61b84e613ccc	3	94015345	180784091	47011	0.032
25af3703-371a-4276-bf75-61b84e613ccc	3	180792299	180821496	8	-0.9998
25af3703-371a-4276-bf75-61b84e613ccc	3	180822788	182860421	1065	0.0083
25af3703-371a-4276-bf75-61b84e613ccc	3	182860872	183239785	213	-1.1827
25af3703-371a-4276-bf75-61b84e613ccc	3	183239859	183259288	19	-0.3594
25af3703-371a-4276-bf75-61b84e613ccc	3	183268758	185813909	843	-1.1825
25af3703-371a-4276-bf75-61b84e613ccc	3	185815680	195428692	6222	-0.4334
25af3703-371a-4276-bf75-61b84e613ccc	3	196017117	196597005	261	-1.0968
25af3703-371a-4276-bf75-61b84e613ccc	3	196601978	197705010	146	-0.4242
25af3703-371a-4276-bf75-61b84e613ccc	3	197707054	197753630	8	-0.0455
25af3703-371a-4276-bf75-61b84e613ccc	3	197754242	197812401	27	0.6039
25af3703-371a-4276-bf75-61b84e613ccc	4	1059384	10244648	4773	0.0444
25af3703-371a-4276-bf75-61b84e613ccc	4	10245888	25830568	10839	0.0056
25af3703-371a-4276-bf75-61b84e613ccc	4	25830767	25836017	3	-1.517
25af3703-371a-4276-bf75-61b84e613ccc	4	25845636	74075975	24931	0.0051
25af3703-371a-4276-bf75-61b84e613ccc	4	74076919	74078917	3	-1.4275
25af3703-371a-4276-bf75-61b84e613ccc	4	74080155	92938654	11077	0.008
25af3703-371a-4276-bf75-61b84e613ccc	4	92945595	92946914	2	-1.6655
25af3703-371a-4276-bf75-61b84e613ccc	4	92949053	118322125	14421	0.0144
25af3703-371a-4276-bf75-61b84e613ccc	4	118324233	118324458	3	-1.3706
25af3703-371a-4276-bf75-61b84e613ccc	4	118326320	186176244	36384	0.0158
25af3703-371a-4276-bf75-61b84e613ccc	4	186185716	187842528	989	0.3576
25af3703-371a-4276-bf75-61b84e613ccc	5	913983	12578538	8274	-0.4933
25af3703-371a-4276-bf75-61b84e613ccc	5	12588576	12745822	51	0.0329
25af3703-371a-4276-bf75-61b84e613ccc	5	12748722	14272134	887	-0.4612
25af3703-371a-4276-bf75-61b84e613ccc	5	14278092	14282964	12	0.0767
25af3703-371a-4276-bf75-61b84e613ccc	5	14283226	14619807	290	-0.4754
25af3703-371a-4276-bf75-61b84e613ccc	5	14624961	14627724	6	0.5201
25af3703-371a-4276-bf75-61b84e613ccc	5	14628991	14722332	64	-0.5982
25af3703-371a-4276-bf75-61b84e613ccc	5	14723748	14732402	5	0.4264
25af3703-371a-4276-bf75-61b84e613ccc	5	14733600	15203462	275	-0.4949
25af3703-371a-4276-bf75-61b84e613ccc	5	15209202	16122479	131	0.0139
25af3703-371a-4276-bf75-61b84e613ccc	5	16128125	16366366	179	-0.5141
25af3703-371a-4276-bf75-61b84e613ccc	5	16371943	16490508	88	0.0121
25af3703-371a-4276-bf75-61b84e613ccc	5	16490763	18659666	1161	-0.4682
25af3703-371a-4276-bf75-61b84e613ccc	5	18662658	21786099	1396	0.3554
25af3703-371a-4276-bf75-61b84e613ccc	5	21787613	21813757	28	-0.5327
25af3703-371a-4276-bf75-61b84e613ccc	5	21819491	37405016	8777	0.0176
25af3703-371a-4276-bf75-61b84e613ccc	5	37409477	38003913	266	-0.4437
25af3703-371a-4276-bf75-61b84e613ccc	5	38005002	180934240	79163	0.3925
25af3703-371a-4276-bf75-61b84e613ccc	6	1011760	11735884	7606	-0.4767
25af3703-371a-4276-bf75-61b84e613ccc	6	11741416	28145595	10633	0.3949
25af3703-371a-4276-bf75-61b84e613ccc	6	28152193	28320441	87	-0.4595
25af3703-371a-4276-bf75-61b84e613ccc	6	28322691	29613234	467	0.0209
25af3703-371a-4276-bf75-61b84e613ccc	6	29613264	29701974	43	-0.4855
25af3703-371a-4276-bf75-61b84e613ccc	6	29702759	29702796	2	-1.8173
25af3703-371a-4276-bf75-61b84e613ccc	6	29702875	30515216	265	-0.4243
25af3703-371a-4276-bf75-61b84e613ccc	6	30544386	32899215	260	0.402
25af3703-371a-4276-bf75-61b84e613ccc	6	32901268	33388469	200	-0.452
25af3703-371a-4276-bf75-61b84e613ccc	6	33396598	38769138	3130	0.0371
25af3703-371a-4276-bf75-61b84e613ccc	6	38770972	38771158	3	0.6996
25af3703-371a-4276-bf75-61b84e613ccc	6	38774932	41462757	2027	-0.4809
25af3703-371a-4276-bf75-61b84e613ccc	6	41462812	41527601	47	0.0731
25af3703-371a-4276-bf75-61b84e613ccc	6	41529909	42274209	444	-0.4979
25af3703-371a-4276-bf75-61b84e613ccc	6	42276469	42292018	12	0.492
25af3703-371a-4276-bf75-61b84e613ccc	6	42292479	42292845	3	-0.695
25af3703-371a-4276-bf75-61b84e613ccc	6	42292962	42870167	292	0.0438
25af3703-371a-4276-bf75-61b84e613ccc	6	42877264	43272354	191	-0.4689
25af3703-371a-4276-bf75-61b84e613ccc	6	43278167	43550995	129	0.0478
25af3703-371a-4276-bf75-61b84e613ccc	6	43555900	62165282	8491	-0.4572
25af3703-371a-4276-bf75-61b84e613ccc	6	62167982	65777907	1819	0.0249
25af3703-371a-4276-bf75-61b84e613ccc	6	65778949	68102366	1384	0.3905
25af3703-371a-4276-bf75-61b84e613ccc	6	68104656	166535894	58152	-0.4461
25af3703-371a-4276-bf75-61b84e613ccc	6	166536891	166551547	23	0.3296
25af3703-371a-4276-bf75-61b84e613ccc	6	166551831	166600505	48	-0.4874
25af3703-371a-4276-bf75-61b84e613ccc	6	166604286	170596889	1217	0.0607
25af3703-371a-4276-bf75-61b84e613ccc	7	665647	56159218	33263	-0.4688
25af3703-371a-4276-bf75-61b84e613ccc	7	56162691	71171834	3529	0.0045
25af3703-371a-4276-bf75-61b84e613ccc	7	71176266	71176775	3	-1.6852
25af3703-371a-4276-bf75-61b84e613ccc	7	71177384	157368403	44486	0.0196
25af3703-371a-4276-bf75-61b84e613ccc	7	157369374	158017089	329	0.11
25af3703-371a-4276-bf75-61b84e613ccc	7	158018409	158592540	228	0.0204
25af3703-371a-4276-bf75-61b84e613ccc	8	667625	2106276	733	0.4149
25af3703-371a-4276-bf75-61b84e613ccc	8	2106381	114526786	62681	0.3823
25af3703-371a-4276-bf75-61b84e613ccc	8	114527521	132875627	12285	0.4041
25af3703-371a-4276-bf75-61b84e613ccc	8	132875666	133567795	644	0.4876
25af3703-371a-4276-bf75-61b84e613ccc	8	133569037	138784553	3901	0.4015
25af3703-371a-4276-bf75-61b84e613ccc	8	138784739	138784806	2	1.4712
25af3703-371a-4276-bf75-61b84e613ccc	8	138785298	139496676	575	0.3867
25af3703-371a-4276-bf75-61b84e613ccc	8	139497254	144182542	1377	0.4473
25af3703-371a-4276-bf75-61b84e613ccc	9	789794	17550796	10258	0.3462
25af3703-371a-4276-bf75-61b84e613ccc	9	17552211	17554811	4	-0.9895
25af3703-371a-4276-bf75-61b84e613ccc	9	17555200	34594908	10777	0.3359
25af3703-371a-4276-bf75-61b84e613ccc	9	34595003	35591042	502	0.0039
25af3703-371a-4276-bf75-61b84e613ccc	9	35593596	36039070	240	-0.466
25af3703-371a-4276-bf75-61b84e613ccc	9	36047660	36105267	27	-0.0355
25af3703-371a-4276-bf75-61b84e613ccc	9	36110752	37037187	638	-0.4673
25af3703-371a-4276-bf75-61b84e613ccc	9	37045667	37775470	405	-1.1545
25af3703-371a-4276-bf75-61b84e613ccc	9	37781458	37942823	86	0.3495
25af3703-371a-4276-bf75-61b84e613ccc	9	37944492	38533007	442	0.4457
25af3703-371a-4276-bf75-61b84e613ccc	9	38533343	82250240	9850	0.3545
25af3703-371a-4276-bf75-61b84e613ccc	9	82251145	82254958	3	-1.1219
25af3703-371a-4276-bf75-61b84e613ccc	9	82255582	90835723	6033	0.3599
25af3703-371a-4276-bf75-61b84e613ccc	9	90924389	91809958	670	-1.1953
25af3703-371a-4276-bf75-61b84e613ccc	9	91810030	91811471	3	-5.5007
25af3703-371a-4276-bf75-61b84e613ccc	9	91812204	91954550	104	-1.2821
25af3703-371a-4276-bf75-61b84e613ccc	9	91955317	91967491	9	-0.4377
25af3703-371a-4276-bf75-61b84e613ccc	9	91970853	92110475	62	0.0199
25af3703-371a-4276-bf75-61b84e613ccc	9	92111042	92197190	59	-1.1377
25af3703-371a-4276-bf75-61b84e613ccc	9	92200707	96829960	2737	0.0383
25af3703-371a-4276-bf75-61b84e613ccc	9	96833379	98542066	980	-1.1829
25af3703-371a-4276-bf75-61b84e613ccc	9	98547988	98720524	167	0.0394
25af3703-371a-4276-bf75-61b84e613ccc	9	98723169	98800632	45	-1.1922
25af3703-371a-4276-bf75-61b84e613ccc	9	98801354	98863594	52	-0.4842
25af3703-371a-4276-bf75-61b84e613ccc	9	98865954	103735809	2726	-1.1521
25af3703-371a-4276-bf75-61b84e613ccc	9	103736133	104631491	561	-0.4259
25af3703-371a-4276-bf75-61b84e613ccc	9	104631536	104701168	51	-1.2169
25af3703-371a-4276-bf75-61b84e613ccc	9	104701518	120002484	11081	-0.4533
25af3703-371a-4276-bf75-61b84e613ccc	9	120002806	120008141	3	-2.1248
25af3703-371a-4276-bf75-61b84e613ccc	9	120008817	129124168	5264	-0.4494
25af3703-371a-4276-bf75-61b84e613ccc	9	129125837	129161441	23	-1.2946
25af3703-371a-4276-bf75-61b84e613ccc	9	129161759	129197828	22	-0.2675
25af3703-371a-4276-bf75-61b84e613ccc	9	129201750	129222450	12	-1.1187
25af3703-371a-4276-bf75-61b84e613ccc	9	129229037	132051571	1766	0.3836
25af3703-371a-4276-bf75-61b84e613ccc	9	132053496	132171498	80	-1.2491
25af3703-371a-4276-bf75-61b84e613ccc	9	132176792	132216512	30	0.1359
25af3703-371a-4276-bf75-61b84e613ccc	9	132218404	138044505	2516	-1.2862
25af3703-371a-4276-bf75-61b84e613ccc	10	366509	109668253	65512	-0.4734
25af3703-371a-4276-bf75-61b84e613ccc	10	109668426	110163540	275	0.0109
25af3703-371a-4276-bf75-61b84e613ccc	10	110165059	132129275	14946	-0.4743
25af3703-371a-4276-bf75-61b84e613ccc	10	132130296	132130654	2	-2.7988
25af3703-371a-4276-bf75-61b84e613ccc	10	132132192	133411599	336	-0.4472
25af3703-371a-4276-bf75-61b84e613ccc	11	456012	3520831	1004	0.0764
25af3703-371a-4276-bf75-61b84e613ccc	11	3531497	47897122	28942	-0.0039
25af3703-371a-4276-bf75-61b84e613ccc	11	47899110	134272740	47476	-0.4556
25af3703-371a-4276-bf75-61b84e613ccc	12	780472	28052380	16298	0.0193
25af3703-371a-4276-bf75-61b84e613ccc	12	28053606	28082609	30	0.4003
25af3703-371a-4276-bf75-61b84e613ccc	12	28082858	28086222	6	-0.1042
25af3703-371a-4276-bf75-61b84e613ccc	12	28087893	28213595	72	0.347
25af3703-371a-4276-bf75-61b84e613ccc	12	28223406	28304759	40	-0.0088
25af3703-371a-4276-bf75-61b84e613ccc	12	28304869	38834977	3262	0.3486
25af3703-371a-4276-bf75-61b84e613ccc	12	38838205	132605822	54605	0.0171
25af3703-371a-4276-bf75-61b84e613ccc	13	18874255	42353109	14969	-0.0262
25af3703-371a-4276-bf75-61b84e613ccc	13	42354760	42531590	117	-0.4924
25af3703-371a-4276-bf75-61b84e613ccc	13	42534432	42616145	65	0.3952
25af3703-371a-4276-bf75-61b84e613ccc	13	42620299	43288200	241	-0.5517
25af3703-371a-4276-bf75-61b84e613ccc	13	43288719	43290469	3	0.0969
25af3703-371a-4276-bf75-61b84e613ccc	13	43291257	43373440	74	0.7041
25af3703-371a-4276-bf75-61b84e613ccc	13	43376408	43418186	40	-0.6041
25af3703-371a-4276-bf75-61b84e613ccc	13	43422538	43745658	266	0.0055
25af3703-371a-4276-bf75-61b84e613ccc	13	43748881	45027566	783	-0.5241
25af3703-371a-4276-bf75-61b84e613ccc	13	45036551	45092609	33	-0.1473
25af3703-371a-4276-bf75-61b84e613ccc	13	45093029	48314466	2101	-0.5207
25af3703-371a-4276-bf75-61b84e613ccc	13	48324012	48412321	131	-1.6902
25af3703-371a-4276-bf75-61b84e613ccc	13	48412337	48474714	62	-1.0106
25af3703-371a-4276-bf75-61b84e613ccc	13	48474729	48925419	350	0.0167
25af3703-371a-4276-bf75-61b84e613ccc	13	48929314	49208675	101	-2.2023
25af3703-371a-4276-bf75-61b84e613ccc	13	49210231	49408434	91	-0.5744
25af3703-371a-4276-bf75-61b84e613ccc	13	49410015	49455262	22	-1.7959
25af3703-371a-4276-bf75-61b84e613ccc	13	49455648	49877572	213	-2.9195
25af3703-371a-4276-bf75-61b84e613ccc	13	49878420	52919593	885	-1.1852
25af3703-371a-4276-bf75-61b84e613ccc	13	52920115	52926443	3	-4.6866
25af3703-371a-4276-bf75-61b84e613ccc	13	52927065	57896832	2178	-1.115
25af3703-371a-4276-bf75-61b84e613ccc	13	57897312	57900253	3	-4.598
25af3703-371a-4276-bf75-61b84e613ccc	13	57900558	71189501	6797	-1.1127
25af3703-371a-4276-bf75-61b84e613ccc	13	71191422	74378072	2190	-1.1948
25af3703-371a-4276-bf75-61b84e613ccc	13	74378190	76559252	1487	-1.1337
25af3703-371a-4276-bf75-61b84e613ccc	13	76559705	76590338	18	-0.0393
25af3703-371a-4276-bf75-61b84e613ccc	13	76591632	76629785	17	-1.2202
25af3703-371a-4276-bf75-61b84e613ccc	13	76630274	76631582	4	-0.1233
25af3703-371a-4276-bf75-61b84e613ccc	13	76635776	76650298	16	-1.1802
25af3703-371a-4276-bf75-61b84e613ccc	13	76653997	76714752	40	-0.4281
25af3703-371a-4276-bf75-61b84e613ccc	13	76716873	76769639	50	-1.1409
25af3703-371a-4276-bf75-61b84e613ccc	13	76774372	114226675	23459	0.0323
25af3703-371a-4276-bf75-61b84e613ccc	14	20033191	56912864	20098	0.3632
25af3703-371a-4276-bf75-61b84e613ccc	14	56912890	56925215	8	-1.0097
25af3703-371a-4276-bf75-61b84e613ccc	14	56925710	84950410	17366	0.3743
25af3703-371a-4276-bf75-61b84e613ccc	14	84954179	84968497	13	-0.3839
25af3703-371a-4276-bf75-61b84e613ccc	14	84970280	84977966	7	-0.1227
25af3703-371a-4276-bf75-61b84e613ccc	14	84978775	84990871	5	0.3307
25af3703-371a-4276-bf75-61b84e613ccc	14	84996221	85237665	183	0.6206
25af3703-371a-4276-bf75-61b84e613ccc	14	85240319	85248522	5	-0.478
25af3703-371a-4276-bf75-61b84e613ccc	14	85248535	87117323	1172	0.3464
25af3703-371a-4276-bf75-61b84e613ccc	14	87120564	87125598	5	-0.3854
25af3703-371a-4276-bf75-61b84e613ccc	14	87127338	87328121	133	0.0261
25af3703-371a-4276-bf75-61b84e613ccc	14	87329548	87339560	10	-0.6069
25af3703-371a-4276-bf75-61b84e613ccc	14	87340858	102918315	9849	0.0454
25af3703-371a-4276-bf75-61b84e613ccc	14	102925361	104064680	544	-0.472
25af3703-371a-4276-bf75-61b84e613ccc	14	104066366	104076931	8	0.3914
25af3703-371a-4276-bf75-61b84e613ccc	14	104082344	104267072	44	-0.3936
25af3703-371a-4276-bf75-61b84e613ccc	14	104267644	104570691	64	0.1222
25af3703-371a-4276-bf75-61b84e613ccc	14	104670444	104686682	8	-0.3739
25af3703-371a-4276-bf75-61b84e613ccc	14	104686866	104845934	38	0.143
25af3703-371a-4276-bf75-61b84e613ccc	14	104852625	105533894	202	-0.409
25af3703-371a-4276-bf75-61b84e613ccc	15	23437561	49102680	13164	-0.0037
25af3703-371a-4276-bf75-61b84e613ccc	15	49103215	49108332	2	-1.8063
25af3703-371a-4276-bf75-61b84e613ccc	15	49109753	101344124	31596	0.0064
25af3703-371a-4276-bf75-61b84e613ccc	16	603333	2860971	591	0.7517
25af3703-371a-4276-bf75-61b84e613ccc	16	2861319	9986328	4237	0.6439
25af3703-371a-4276-bf75-61b84e613ccc	16	9988894	12584770	1920	0.6851
25af3703-371a-4276-bf75-61b84e613ccc	16	12584902	28329260	6571	0.6366
25af3703-371a-4276-bf75-61b84e613ccc	16	28330451	28534266	16	-0.3264
25af3703-371a-4276-bf75-61b84e613ccc	16	28538187	31841585	697	0.6596
25af3703-371a-4276-bf75-61b84e613ccc	16	46470502	69145130	14337	-0.025
25af3703-371a-4276-bf75-61b84e613ccc	16	69152887	83789846	10158	0.3269
25af3703-371a-4276-bf75-61b84e613ccc	16	83790015	89317317	2657	0.3901
25af3703-371a-4276-bf75-61b84e613ccc	17	1074619	1587244	148	-0.9952
25af3703-371a-4276-bf75-61b84e613ccc	17	1587637	1716638	61	-0.5014
25af3703-371a-4276-bf75-61b84e613ccc	17	1720381	1992612	73	-1.1379
25af3703-371a-4276-bf75-61b84e613ccc	17	1995506	2019488	13	-0.439
25af3703-371a-4276-bf75-61b84e613ccc	17	2037741	2101083	37	-1.1262
25af3703-371a-4276-bf75-61b84e613ccc	17	2102004	4923453	1339	-0.4446
25af3703-371a-4276-bf75-61b84e613ccc	17	4926312	6987467	1247	-0.0178
25af3703-371a-4276-bf75-61b84e613ccc	17	6999441	7432837	161	-1.1467
25af3703-371a-4276-bf75-61b84e613ccc	17	7443614	7536310	56	0.0362
25af3703-371a-4276-bf75-61b84e613ccc	17	7537267	7555265	12	0.3445
25af3703-371a-4276-bf75-61b84e613ccc	17	7555294	7570152	9	0.0046
25af3703-371a-4276-bf75-61b84e613ccc	17	7576374	7619857	11	-0.3898
25af3703-371a-4276-bf75-61b84e613ccc	17	7620456	7657183	17	0.4532
25af3703-371a-4276-bf75-61b84e613ccc	17	7657424	7700029	13	-0.1215
25af3703-371a-4276-bf75-61b84e613ccc	17	7700626	7725392	9	-0.4954
25af3703-371a-4276-bf75-61b84e613ccc	17	7726702	7736431	6	-1.1574
25af3703-371a-4276-bf75-61b84e613ccc	17	7741014	7785723	19	-0.4213
25af3703-371a-4276-bf75-61b84e613ccc	17	7786566	7819047	23	-1.2788
25af3703-371a-4276-bf75-61b84e613ccc	17	7830661	7873175	15	0.141
25af3703-371a-4276-bf75-61b84e613ccc	17	7873896	7914658	16	-0.4692
25af3703-371a-4276-bf75-61b84e613ccc	17	7915414	8119090	89	0.0286
25af3703-371a-4276-bf75-61b84e613ccc	17	8120732	8297754	72	-1.1751
25af3703-371a-4276-bf75-61b84e613ccc	17	8304110	8316394	10	-0.3656
25af3703-371a-4276-bf75-61b84e613ccc	17	8320184	8338333	14	-1.1604
25af3703-371a-4276-bf75-61b84e613ccc	17	8350666	8361111	7	-0.1481
25af3703-371a-4276-bf75-61b84e613ccc	17	8362458	10316049	1344	0.0296
25af3703-371a-4276-bf75-61b84e613ccc	17	10317032	10388514	15	-0.6253
25af3703-371a-4276-bf75-61b84e613ccc	17	10402503	10895696	282	-0.0308
25af3703-371a-4276-bf75-61b84e613ccc	17	10900174	11147192	194	0.2982
25af3703-371a-4276-bf75-61b84e613ccc	17	11147504	11415665	264	0.0131
25af3703-371a-4276-bf75-61b84e613ccc	17	11419494	11446372	23	0.3758
25af3703-371a-4276-bf75-61b84e613ccc	17	11446541	11624057	139	0.0102
25af3703-371a-4276-bf75-61b84e613ccc	17	11628972	11651278	21	-0.4192
25af3703-371a-4276-bf75-61b84e613ccc	17	11666151	11844425	139	-0.0053
25af3703-371a-4276-bf75-61b84e613ccc	17	11844901	14231324	1637	0.3453
25af3703-371a-4276-bf75-61b84e613ccc	17	15654216	18271121	1200	0.0663
25af3703-371a-4276-bf75-61b84e613ccc	17	18273775	18386413	73	-0.4278
25af3703-371a-4276-bf75-61b84e613ccc	17	18390113	20050805	537	0.0239
25af3703-371a-4276-bf75-61b84e613ccc	17	20059930	20104006	18	0.4509
25af3703-371a-4276-bf75-61b84e613ccc	17	20106094	34757051	3823	0.02
25af3703-371a-4276-bf75-61b84e613ccc	17	34762189	35316144	328	0.4108
25af3703-371a-4276-bf75-61b84e613ccc	17	35316664	35326451	12	-0.3712
25af3703-371a-4276-bf75-61b84e613ccc	17	35342110	35545914	60	0.0257
25af3703-371a-4276-bf75-61b84e613ccc	17	35546331	35623960	47	-0.4924
25af3703-371a-4276-bf75-61b84e613ccc	17	35627389	35719905	64	0.0807
25af3703-371a-4276-bf75-61b84e613ccc	17	35727389	35805176	37	-0.4775
25af3703-371a-4276-bf75-61b84e613ccc	17	35807450	35817153	9	0.3294
25af3703-371a-4276-bf75-61b84e613ccc	17	35821940	35836561	12	-0.3686
25af3703-371a-4276-bf75-61b84e613ccc	17	35837462	35929902	43	0.2757
25af3703-371a-4276-bf75-61b84e613ccc	17	35930009	36036421	79	0.0236
25af3703-371a-4276-bf75-61b84e613ccc	17	36037728	36749561	177	-0.4671
25af3703-371a-4276-bf75-61b84e613ccc	17	36750153	36926341	131	0.0417
25af3703-371a-4276-bf75-61b84e613ccc	17	36926839	37053017	74	0.335
25af3703-371a-4276-bf75-61b84e613ccc	17	37053574	37105070	40	0.0693
25af3703-371a-4276-bf75-61b84e613ccc	17	37107466	37763774	377	0.3456
25af3703-371a-4276-bf75-61b84e613ccc	17	38254377	38269360	6	-0.4095
25af3703-371a-4276-bf75-61b84e613ccc	17	38283280	38536412	120	0.0822
25af3703-371a-4276-bf75-61b84e613ccc	17	38542361	40616114	936	-0.4488
25af3703-371a-4276-bf75-61b84e613ccc	17	40616408	41710084	597	0.0423
25af3703-371a-4276-bf75-61b84e613ccc	17	41713215	41858154	70	-0.3937
25af3703-371a-4276-bf75-61b84e613ccc	17	41859992	43079749	567	0.0249
25af3703-371a-4276-bf75-61b84e613ccc	17	43079885	43128962	59	-0.2476
25af3703-371a-4276-bf75-61b84e613ccc	17	43129550	43437078	21	-0.0465
25af3703-371a-4276-bf75-61b84e613ccc	17	43444725	49274783	2227	-0.4585
25af3703-371a-4276-bf75-61b84e613ccc	17	49277863	50502588	613	-1.1937
25af3703-371a-4276-bf75-61b84e613ccc	17	50502765	50909315	211	-0.4538
25af3703-371a-4276-bf75-61b84e613ccc	17	50912857	50975082	32	-0.0282
25af3703-371a-4276-bf75-61b84e613ccc	17	50978297	52773925	1056	-0.4527
25af3703-371a-4276-bf75-61b84e613ccc	17	52776415	52871351	68	0.028
25af3703-371a-4276-bf75-61b84e613ccc	17	52872660	53668073	274	-0.4594
25af3703-371a-4276-bf75-61b84e613ccc	17	53675441	53725687	32	-1.2372
25af3703-371a-4276-bf75-61b84e613ccc	17	53726716	53744122	5	-0.4147
25af3703-371a-4276-bf75-61b84e613ccc	17	53746791	53809182	56	-0.0598
25af3703-371a-4276-bf75-61b84e613ccc	17	53813154	53898172	57	-0.4596
25af3703-371a-4276-bf75-61b84e613ccc	17	53903916	53906460	3	-1.7499
25af3703-371a-4276-bf75-61b84e613ccc	17	53908785	56771063	2086	-0.4609
25af3703-371a-4276-bf75-61b84e613ccc	17	56772135	57979189	877	0.0284
25af3703-371a-4276-bf75-61b84e613ccc	17	57979820	58031739	20	-0.5056
25af3703-371a-4276-bf75-61b84e613ccc	17	58031973	60040068	867	-1.1371
25af3703-371a-4276-bf75-61b84e613ccc	17	60044092	60377870	155	-0.0614
25af3703-371a-4276-bf75-61b84e613ccc	17	60379655	60765806	188	-0.4889
25af3703-371a-4276-bf75-61b84e613ccc	17	60768109	61250476	243	-1.1078
25af3703-371a-4276-bf75-61b84e613ccc	17	61252769	61592928	222	-0.4865
25af3703-371a-4276-bf75-61b84e613ccc	17	61599741	61627574	16	-1.2235
25af3703-371a-4276-bf75-61b84e613ccc	17	61627801	61810112	82	-0.4256
25af3703-371a-4276-bf75-61b84e613ccc	17	61812520	61835013	13	-1.2173
25af3703-371a-4276-bf75-61b84e613ccc	17	61835667	62328122	214	-0.4464
25af3703-371a-4276-bf75-61b84e613ccc	17	62331580	62466047	57	-0.0017
25af3703-371a-4276-bf75-61b84e613ccc	17	62469793	62654656	63	-0.505
25af3703-371a-4276-bf75-61b84e613ccc	17	62655879	62910690	127	-0.0275
25af3703-371a-4276-bf75-61b84e613ccc	17	62913123	65179295	978	-1.1835
25af3703-371a-4276-bf75-61b84e613ccc	17	65180729	69599900	2679	-0.4761
25af3703-371a-4276-bf75-61b84e613ccc	17	69602557	69769658	106	-0.0572
25af3703-371a-4276-bf75-61b84e613ccc	17	69772350	69793226	8	-0.9751
25af3703-371a-4276-bf75-61b84e613ccc	17	69797732	69847091	14	-0.0336
25af3703-371a-4276-bf75-61b84e613ccc	17	69847559	69922236	50	-0.4829
25af3703-371a-4276-bf75-61b84e613ccc	17	69923043	69935496	14	-1.2159
25af3703-371a-4276-bf75-61b84e613ccc	17	69935668	70144502	143	-0.0354
25af3703-371a-4276-bf75-61b84e613ccc	17	70144666	70149801	6	-0.4073
25af3703-371a-4276-bf75-61b84e613ccc	17	70152670	70169824	9	-0.6771
25af3703-371a-4276-bf75-61b84e613ccc	17	70170212	71180738	815	-1.1857
25af3703-371a-4276-bf75-61b84e613ccc	17	71183351	71190740	5	-3.3492
25af3703-371a-4276-bf75-61b84e613ccc	17	71191021	72624504	1084	-1.2264
25af3703-371a-4276-bf75-61b84e613ccc	17	72624588	81691070	3906	-0.4502
25af3703-371a-4276-bf75-61b84e613ccc	17	81701634	81916422	22	-1.0811
25af3703-371a-4276-bf75-61b84e613ccc	17	81951455	81985599	4	0.2071
25af3703-371a-4276-bf75-61b84e613ccc	17	82018602	82121899	27	-1.2086
25af3703-371a-4276-bf75-61b84e613ccc	17	82125680	82417023	52	-0.4608
25af3703-371a-4276-bf75-61b84e613ccc	17	82421456	82465521	17	-1.5082
25af3703-371a-4276-bf75-61b84e613ccc	17	82470223	82573510	52	-0.0024
25af3703-371a-4276-bf75-61b84e613ccc	17	82573657	82628438	53	-0.9623
25af3703-371a-4276-bf75-61b84e613ccc	17	82643549	82959812	173	0.0311
25af3703-371a-4276-bf75-61b84e613ccc	18	326691	14020973	8168	0.3803
25af3703-371a-4276-bf75-61b84e613ccc	18	14021362	21702482	329	0.2637
25af3703-371a-4276-bf75-61b84e613ccc	18	21707999	24479706	1590	0.3668
25af3703-371a-4276-bf75-61b84e613ccc	18	24480755	24691488	183	-0.4915
25af3703-371a-4276-bf75-61b84e613ccc	18	24692353	24707944	20	0.389
25af3703-371a-4276-bf75-61b84e613ccc	18	24710431	24766420	51	-0.4998
25af3703-371a-4276-bf75-61b84e613ccc	18	24770733	24794296	21	0.6866
25af3703-371a-4276-bf75-61b84e613ccc	18	24795675	47993602	14270	-0.4919
25af3703-371a-4276-bf75-61b84e613ccc	18	47994770	48633105	447	-3.7599
25af3703-371a-4276-bf75-61b84e613ccc	18	48633838	48755305	112	-0.5271
25af3703-371a-4276-bf75-61b84e613ccc	18	48756546	48938250	134	-3.5156
25af3703-371a-4276-bf75-61b84e613ccc	18	48955771	52919021	2739	-0.4957
25af3703-371a-4276-bf75-61b84e613ccc	18	52921865	67395992	8849	-0.0535
25af3703-371a-4276-bf75-61b84e613ccc	18	67396463	79349796	5977	-0.4909
25af3703-371a-4276-bf75-61b84e613ccc	19	283868	1505836	243	0.0201
25af3703-371a-4276-bf75-61b84e613ccc	19	1507711	1514363	2	-1.2199
25af3703-371a-4276-bf75-61b84e613ccc	19	1517293	2242830	150	0.0567
25af3703-371a-4276-bf75-61b84e613ccc	19	2244073	5581553	984	0.4063
25af3703-371a-4276-bf75-61b84e613ccc	19	5582016	9625559	1788	0.6761
25af3703-371a-4276-bf75-61b84e613ccc	19	9631507	10337599	305	0.8997
25af3703-371a-4276-bf75-61b84e613ccc	19	10342732	14804829	1866	0.6594
25af3703-371a-4276-bf75-61b84e613ccc	19	14806208	19836130	2396	0.4037
25af3703-371a-4276-bf75-61b84e613ccc	19	21064698	34117010	5851	0.0114
25af3703-371a-4276-bf75-61b84e613ccc	19	34117694	34387739	159	0.3651
25af3703-371a-4276-bf75-61b84e613ccc	19	34394434	34786285	246	-0.4691
25af3703-371a-4276-bf75-61b84e613ccc	19	34787519	35835590	600	0.0213
25af3703-371a-4276-bf75-61b84e613ccc	19	35837973	36165204	140	-0.4674
25af3703-371a-4276-bf75-61b84e613ccc	19	36165337	38293478	1051	-0.0005
25af3703-371a-4276-bf75-61b84e613ccc	19	38296805	39499605	492	-0.4478
25af3703-371a-4276-bf75-61b84e613ccc	19	39514365	39520568	4	0.202
25af3703-371a-4276-bf75-61b84e613ccc	19	39521262	40275465	439	0.3644
25af3703-371a-4276-bf75-61b84e613ccc	19	40276956	40410029	82	0.0531
25af3703-371a-4276-bf75-61b84e613ccc	19	40426611	40556633	51	0.3757
25af3703-371a-4276-bf75-61b84e613ccc	19	40646985	40711181	38	-0.0251
25af3703-371a-4276-bf75-61b84e613ccc	19	40713344	42181145	623	0.4106
25af3703-371a-4276-bf75-61b84e613ccc	19	42181568	42219845	7	-0.3089
25af3703-371a-4276-bf75-61b84e613ccc	19	42227418	42371724	44	0.042
25af3703-371a-4276-bf75-61b84e613ccc	19	42376946	42585621	102	-0.495
25af3703-371a-4276-bf75-61b84e613ccc	19	42586101	49145794	2628	-1.1847
25af3703-371a-4276-bf75-61b84e613ccc	19	49154077	49160967	3	-5.6434
25af3703-371a-4276-bf75-61b84e613ccc	19	49161163	49867421	260	-1.1684
25af3703-371a-4276-bf75-61b84e613ccc	19	49871239	58341469	3514	-0.4667
25af3703-371a-4276-bf75-61b84e613ccc	19	58344469	58370362	12	-0.2336
25af3703-371a-4276-bf75-61b84e613ccc	20	472817	57031238	33199	0.3473
25af3703-371a-4276-bf75-61b84e613ccc	20	57031748	57088814	66	0.4727
25af3703-371a-4276-bf75-61b84e613ccc	20	57089293	61604615	3445	0.3805
25af3703-371a-4276-bf75-61b84e613ccc	20	61605068	63588502	841	0.4484
25af3703-371a-4276-bf75-61b84e613ccc	21	13974127	41294896	18143	0.2713
25af3703-371a-4276-bf75-61b84e613ccc	21	41295741	46262057	2443	0.3209
25af3703-371a-4276-bf75-61b84e613ccc	22	16934932	24215362	1189	0.6529
25af3703-371a-4276-bf75-61b84e613ccc	22	24219458	38409294	9334	-0.0086
25af3703-371a-4276-bf75-61b84e613ccc	22	38419538	40056976	710	0.3915
25af3703-371a-4276-bf75-61b84e613ccc	22	40057221	41812987	966	0.3324
25af3703-371a-4276-bf75-61b84e613ccc	22	41814766	48940621	4881	0.396
25af3703-371a-4276-bf75-61b84e613ccc	X	3236359	11378875	2283	0.452
25af3703-371a-4276-bf75-61b84e613ccc	X	11381126	40289660	14411	0.5804
25af3703-371a-4276-bf75-61b84e613ccc	X	40290433	40378075	56	-0.1683
25af3703-371a-4276-bf75-61b84e613ccc	X	40382604	57829053	7088	0.5745
25af3703-371a-4276-bf75-61b84e613ccc	X	57837779	62952913	118	0.4963
25af3703-371a-4276-bf75-61b84e613ccc	X	62953249	139550700	32492	-0.3239
25af3703-371a-4276-bf75-61b84e613ccc	X	139556372	139559779	10	-2.984
25af3703-371a-4276-bf75-61b84e613ccc	X	139559901	151771722	5973	-0.3805
25af3703-371a-4276-bf75-61b84e613ccc	X	151771794	151774889	4	-4.403
25af3703-371a-4276-bf75-61b84e613ccc	X	151775946	153439980	448	-0.4017
25af3703-371a-4276-bf75-61b84e613ccc	X	153440790	153447695	6	-3.5909
25af3703-371a-4276-bf75-61b84e613ccc	X	153448214	153557872	42	-0.4104
25af3703-371a-4276-bf75-61b84e613ccc	X	153559975	153568278	2	-6.0123
25af3703-371a-4276-bf75-61b84e613ccc	X	153568702	154483840	288	-0.3447
25af3703-371a-4276-bf75-61b84e613ccc	X	154484758	154485448	3	-5.8858
25af3703-371a-4276-bf75-61b84e613ccc	X	154485975	155677414	41	-0.1996
