GDC_Aliquot	Chromosome	Start	End	Num_Probes	Segment_Mean
b6ad3e48-5d27-4b73-9041-dd5ef8ac233b	1	3301765	107197190	60035	-0.0719
b6ad3e48-5d27-4b73-9041-dd5ef8ac233b	1	107198921	107357188	119	0.231
b6ad3e48-5d27-4b73-9041-dd5ef8ac233b	1	107357904	119494326	7460	-0.0624
b6ad3e48-5d27-4b73-9041-dd5ef8ac233b	1	119496973	247650984	61709	0.0495
b6ad3e48-5d27-4b73-9041-dd5ef8ac233b	2	480597	572324	67	-0.0499
b6ad3e48-5d27-4b73-9041-dd5ef8ac233b	2	573717	98260599	51589	0.0361
b6ad3e48-5d27-4b73-9041-dd5ef8ac233b	2	98260645	100113649	961	0.0904
b6ad3e48-5d27-4b73-9041-dd5ef8ac233b	2	100116383	101063713	718	0.2074
b6ad3e48-5d27-4b73-9041-dd5ef8ac233b	2	101064792	103067416	1212	0.1281
b6ad3e48-5d27-4b73-9041-dd5ef8ac233b	2	103080377	107248281	2709	-0.0088
b6ad3e48-5d27-4b73-9041-dd5ef8ac233b	2	107250810	108483080	648	0.3587
b6ad3e48-5d27-4b73-9041-dd5ef8ac233b	2	108488738	111187469	1015	0.065
b6ad3e48-5d27-4b73-9041-dd5ef8ac233b	2	111187664	152022801	21358	-0.0638
b6ad3e48-5d27-4b73-9041-dd5ef8ac233b	2	152022834	231136922	45453	-0.2033
b6ad3e48-5d27-4b73-9041-dd5ef8ac233b	2	231137644	232306777	499	-0.0782
b6ad3e48-5d27-4b73-9041-dd5ef8ac233b	2	232307317	237145724	3165	-0.2078
b6ad3e48-5d27-4b73-9041-dd5ef8ac233b	2	237146063	238233573	682	-0.0565
b6ad3e48-5d27-4b73-9041-dd5ef8ac233b	2	238235901	241537572	1771	-0.2068
b6ad3e48-5d27-4b73-9041-dd5ef8ac233b	3	2170634	13093606	6582	0.1201
b6ad3e48-5d27-4b73-9041-dd5ef8ac233b	3	13095535	14760559	1114	-0.0844
b6ad3e48-5d27-4b73-9041-dd5ef8ac233b	3	14764547	15182366	264	0.0545
b6ad3e48-5d27-4b73-9041-dd5ef8ac233b	3	15185126	15185705	2	1.0621
b6ad3e48-5d27-4b73-9041-dd5ef8ac233b	3	15186008	15239980	31	0.094
b6ad3e48-5d27-4b73-9041-dd5ef8ac233b	3	15240174	63942550	27665	-0.0705
b6ad3e48-5d27-4b73-9041-dd5ef8ac233b	3	63944109	64637144	622	0.0572
b6ad3e48-5d27-4b73-9041-dd5ef8ac233b	3	64637165	67715900	2291	-0.0762
b6ad3e48-5d27-4b73-9041-dd5ef8ac233b	3	67716826	67918647	85	0.1361
b6ad3e48-5d27-4b73-9041-dd5ef8ac233b	3	67922845	69024766	755	-0.0651
b6ad3e48-5d27-4b73-9041-dd5ef8ac233b	3	69025212	77309814	5208	0.0705
b6ad3e48-5d27-4b73-9041-dd5ef8ac233b	3	77312945	84027363	3518	-0.0818
b6ad3e48-5d27-4b73-9041-dd5ef8ac233b	3	84037233	84645221	273	0.5204
b6ad3e48-5d27-4b73-9041-dd5ef8ac233b	3	84649532	84914111	149	0.3559
b6ad3e48-5d27-4b73-9041-dd5ef8ac233b	3	84914188	86868625	919	0.0348
b6ad3e48-5d27-4b73-9041-dd5ef8ac233b	3	86871540	87760453	464	2.4332
b6ad3e48-5d27-4b73-9041-dd5ef8ac233b	3	87909425	113489059	11847	0.055
b6ad3e48-5d27-4b73-9041-dd5ef8ac233b	3	113489377	113489528	2	-1.478
b6ad3e48-5d27-4b73-9041-dd5ef8ac233b	3	113496649	197812401	45096	0.053
b6ad3e48-5d27-4b73-9041-dd5ef8ac233b	4	1059384	20217837	11847	0.0426
b6ad3e48-5d27-4b73-9041-dd5ef8ac233b	4	20218285	20532176	164	-0.1153
b6ad3e48-5d27-4b73-9041-dd5ef8ac233b	4	20533063	147051250	69256	0.0472
b6ad3e48-5d27-4b73-9041-dd5ef8ac233b	4	147052643	147053760	2	-2.5636
b6ad3e48-5d27-4b73-9041-dd5ef8ac233b	4	147054008	187842528	21932	0.0538
b6ad3e48-5d27-4b73-9041-dd5ef8ac233b	5	913983	993728	34	-0.2141
b6ad3e48-5d27-4b73-9041-dd5ef8ac233b	5	995155	1288500	23	0.2746
b6ad3e48-5d27-4b73-9041-dd5ef8ac233b	5	1288546	6161441	3640	-0.2376
b6ad3e48-5d27-4b73-9041-dd5ef8ac233b	5	6162332	6189668	24	0.3177
b6ad3e48-5d27-4b73-9041-dd5ef8ac233b	5	6193139	6204248	8	-0.4339
b6ad3e48-5d27-4b73-9041-dd5ef8ac233b	5	6204858	6216838	15	-0.0706
b6ad3e48-5d27-4b73-9041-dd5ef8ac233b	5	6217369	6251504	36	0.1716
b6ad3e48-5d27-4b73-9041-dd5ef8ac233b	5	6252816	6430491	125	0.3735
b6ad3e48-5d27-4b73-9041-dd5ef8ac233b	5	6433203	7914441	1083	-0.2378
b6ad3e48-5d27-4b73-9041-dd5ef8ac233b	5	7914519	8266621	282	0.1263
b6ad3e48-5d27-4b73-9041-dd5ef8ac233b	5	8267753	8351680	77	0.3848
b6ad3e48-5d27-4b73-9041-dd5ef8ac233b	5	8358386	8547667	153	0.0681
b6ad3e48-5d27-4b73-9041-dd5ef8ac233b	5	8548112	8578135	24	-0.1051
b6ad3e48-5d27-4b73-9041-dd5ef8ac233b	5	8578231	8752644	112	0.2878
b6ad3e48-5d27-4b73-9041-dd5ef8ac233b	5	8752690	8844066	65	0.6626
b6ad3e48-5d27-4b73-9041-dd5ef8ac233b	5	8850602	8874320	18	0.252
b6ad3e48-5d27-4b73-9041-dd5ef8ac233b	5	8874951	9023837	134	0.5319
b6ad3e48-5d27-4b73-9041-dd5ef8ac233b	5	9024613	9257785	229	0.6838
b6ad3e48-5d27-4b73-9041-dd5ef8ac233b	5	9257881	9557490	189	0.5104
b6ad3e48-5d27-4b73-9041-dd5ef8ac233b	5	9558120	9786165	182	0.4026
b6ad3e48-5d27-4b73-9041-dd5ef8ac233b	5	9787796	12356620	1708	-0.0686
b6ad3e48-5d27-4b73-9041-dd5ef8ac233b	5	12357056	12406822	27	-0.8574
b6ad3e48-5d27-4b73-9041-dd5ef8ac233b	5	12417058	35196328	12026	-0.0829
b6ad3e48-5d27-4b73-9041-dd5ef8ac233b	5	35197268	35366153	107	0.2199
b6ad3e48-5d27-4b73-9041-dd5ef8ac233b	5	35366494	36093285	546	0.0556
b6ad3e48-5d27-4b73-9041-dd5ef8ac233b	5	36101335	36245330	72	0.2623
b6ad3e48-5d27-4b73-9041-dd5ef8ac233b	5	36247392	37245488	584	-0.061
b6ad3e48-5d27-4b73-9041-dd5ef8ac233b	5	37246385	37255481	4	-0.8264
b6ad3e48-5d27-4b73-9041-dd5ef8ac233b	5	37259058	37669577	73	-0.0943
b6ad3e48-5d27-4b73-9041-dd5ef8ac233b	5	37670460	38690160	780	0.1161
b6ad3e48-5d27-4b73-9041-dd5ef8ac233b	5	38690321	38719118	29	0.227
b6ad3e48-5d27-4b73-9041-dd5ef8ac233b	5	38720903	38795232	68	0.5821
b6ad3e48-5d27-4b73-9041-dd5ef8ac233b	5	38798187	38806541	9	-0.0853
b6ad3e48-5d27-4b73-9041-dd5ef8ac233b	5	38807021	39081808	155	0.5511
b6ad3e48-5d27-4b73-9041-dd5ef8ac233b	5	39083796	39823317	515	0.2948
b6ad3e48-5d27-4b73-9041-dd5ef8ac233b	5	39823738	39910861	68	0.569
b6ad3e48-5d27-4b73-9041-dd5ef8ac233b	5	39918351	40178245	181	0.2548
b6ad3e48-5d27-4b73-9041-dd5ef8ac233b	5	40181820	40792051	341	0.1317
b6ad3e48-5d27-4b73-9041-dd5ef8ac233b	5	40794477	45353842	2278	-0.0772
b6ad3e48-5d27-4b73-9041-dd5ef8ac233b	5	45354697	71584927	11266	0.0393
b6ad3e48-5d27-4b73-9041-dd5ef8ac233b	5	71585505	71588675	2	-1.5523
b6ad3e48-5d27-4b73-9041-dd5ef8ac233b	5	71589208	82301801	6494	0.036
b6ad3e48-5d27-4b73-9041-dd5ef8ac233b	5	82304391	83840319	925	0.1615
b6ad3e48-5d27-4b73-9041-dd5ef8ac233b	5	83843960	97051329	6878	0.0286
b6ad3e48-5d27-4b73-9041-dd5ef8ac233b	5	97052224	180932926	49232	0.161
b6ad3e48-5d27-4b73-9041-dd5ef8ac233b	5	180933389	180934240	3	-0.4633
b6ad3e48-5d27-4b73-9041-dd5ef8ac233b	6	1011760	28239295	18257	-0.0729
b6ad3e48-5d27-4b73-9041-dd5ef8ac233b	6	28239422	28239585	2	-2.5344
b6ad3e48-5d27-4b73-9041-dd5ef8ac233b	6	28239662	45138948	8418	-0.0757
b6ad3e48-5d27-4b73-9041-dd5ef8ac233b	6	45146133	45148524	3	-1.5205
b6ad3e48-5d27-4b73-9041-dd5ef8ac233b	6	45164527	57177116	7275	-0.0705
b6ad3e48-5d27-4b73-9041-dd5ef8ac233b	6	57177837	125804925	35886	0.0186
b6ad3e48-5d27-4b73-9041-dd5ef8ac233b	6	125808110	126029596	118	0.1127
b6ad3e48-5d27-4b73-9041-dd5ef8ac233b	6	126038086	127034433	482	0.0447
b6ad3e48-5d27-4b73-9041-dd5ef8ac233b	6	127036763	131092649	2638	0.1538
b6ad3e48-5d27-4b73-9041-dd5ef8ac233b	6	131097404	131097882	2	-1.8352
b6ad3e48-5d27-4b73-9041-dd5ef8ac233b	6	131101423	161470990	19457	0.1482
b6ad3e48-5d27-4b73-9041-dd5ef8ac233b	6	161472593	161914942	423	0.0232
b6ad3e48-5d27-4b73-9041-dd5ef8ac233b	6	161918254	165418739	1818	-0.0739
b6ad3e48-5d27-4b73-9041-dd5ef8ac233b	6	165419193	166421415	738	0.2961
b6ad3e48-5d27-4b73-9041-dd5ef8ac233b	6	166431854	166506625	62	0.7388
b6ad3e48-5d27-4b73-9041-dd5ef8ac233b	6	166508325	167931668	508	0.3823
b6ad3e48-5d27-4b73-9041-dd5ef8ac233b	6	168457458	170596889	800	-0.066
b6ad3e48-5d27-4b73-9041-dd5ef8ac233b	7	664936	77554652	38752	0.0565
b6ad3e48-5d27-4b73-9041-dd5ef8ac233b	7	77559167	77867238	156	-0.107
b6ad3e48-5d27-4b73-9041-dd5ef8ac233b	7	77868757	158592540	42824	0.0597
b6ad3e48-5d27-4b73-9041-dd5ef8ac233b	8	667625	28253734	16569	-0.2216
b6ad3e48-5d27-4b73-9041-dd5ef8ac233b	8	28253999	28369829	111	0.0395
b6ad3e48-5d27-4b73-9041-dd5ef8ac233b	8	28372519	33149941	3047	-0.2116
b6ad3e48-5d27-4b73-9041-dd5ef8ac233b	8	33150045	33971042	373	0.0253
b6ad3e48-5d27-4b73-9041-dd5ef8ac233b	8	33971329	34711008	439	-0.1921
b6ad3e48-5d27-4b73-9041-dd5ef8ac233b	8	34711188	35279792	231	-0.0047
b6ad3e48-5d27-4b73-9041-dd5ef8ac233b	8	35281956	39814467	2137	-0.2034
b6ad3e48-5d27-4b73-9041-dd5ef8ac233b	8	39814489	40256871	327	0.0597
b6ad3e48-5d27-4b73-9041-dd5ef8ac233b	8	40262431	40566826	263	-0.2065
b6ad3e48-5d27-4b73-9041-dd5ef8ac233b	8	40568215	41180308	391	0.0043
b6ad3e48-5d27-4b73-9041-dd5ef8ac233b	8	41184230	42019597	511	0.291
b6ad3e48-5d27-4b73-9041-dd5ef8ac233b	8	42020130	46884798	720	0.1738
b6ad3e48-5d27-4b73-9041-dd5ef8ac233b	8	46884816	47128124	109	-0.0152
b6ad3e48-5d27-4b73-9041-dd5ef8ac233b	8	47128395	47334743	43	0.2264
b6ad3e48-5d27-4b73-9041-dd5ef8ac233b	8	47338228	51854336	2364	-0.0746
b6ad3e48-5d27-4b73-9041-dd5ef8ac233b	8	51856910	52636620	507	0.0503
b6ad3e48-5d27-4b73-9041-dd5ef8ac233b	8	52793185	54596966	1091	-0.0902
b6ad3e48-5d27-4b73-9041-dd5ef8ac233b	8	54597293	144182542	52730	0.0397
b6ad3e48-5d27-4b73-9041-dd5ef8ac233b	9	789794	4102362	2368	-0.1998
b6ad3e48-5d27-4b73-9041-dd5ef8ac233b	9	4102443	4103459	3	-1.7724
b6ad3e48-5d27-4b73-9041-dd5ef8ac233b	9	4103703	6256144	1313	-0.195
b6ad3e48-5d27-4b73-9041-dd5ef8ac233b	9	6256586	7303002	180	0.6767
b6ad3e48-5d27-4b73-9041-dd5ef8ac233b	9	7305031	7388523	15	0.408
b6ad3e48-5d27-4b73-9041-dd5ef8ac233b	9	7389305	7505190	120	0.5923
b6ad3e48-5d27-4b73-9041-dd5ef8ac233b	9	7505484	7562072	100	0.3961
b6ad3e48-5d27-4b73-9041-dd5ef8ac233b	9	7564646	7678029	78	0.7319
b6ad3e48-5d27-4b73-9041-dd5ef8ac233b	9	7678305	7871163	185	0.495
b6ad3e48-5d27-4b73-9041-dd5ef8ac233b	9	7871852	8129390	148	0.7053
b6ad3e48-5d27-4b73-9041-dd5ef8ac233b	9	8129544	8477194	274	0.3878
b6ad3e48-5d27-4b73-9041-dd5ef8ac233b	9	8482971	8499892	17	-0.292
b6ad3e48-5d27-4b73-9041-dd5ef8ac233b	9	8502387	8530188	33	-0.0369
b6ad3e48-5d27-4b73-9041-dd5ef8ac233b	9	8531899	8677411	110	0.3177
b6ad3e48-5d27-4b73-9041-dd5ef8ac233b	9	8680396	8685047	7	0.918
b6ad3e48-5d27-4b73-9041-dd5ef8ac233b	9	8685320	8804802	89	0.4067
b6ad3e48-5d27-4b73-9041-dd5ef8ac233b	9	8805253	9239154	266	0.5017
b6ad3e48-5d27-4b73-9041-dd5ef8ac233b	9	9410073	9433606	29	-0.0547
b6ad3e48-5d27-4b73-9041-dd5ef8ac233b	9	9433671	9691328	171	0.1326
b6ad3e48-5d27-4b73-9041-dd5ef8ac233b	9	9697244	9747032	44	0.4296
b6ad3e48-5d27-4b73-9041-dd5ef8ac233b	9	9747265	9824599	25	0.1492
b6ad3e48-5d27-4b73-9041-dd5ef8ac233b	9	9829046	10115598	147	-0.1808
b6ad3e48-5d27-4b73-9041-dd5ef8ac233b	9	10118087	10129177	18	0.4159
b6ad3e48-5d27-4b73-9041-dd5ef8ac233b	9	10131581	12527414	585	-0.0423
b6ad3e48-5d27-4b73-9041-dd5ef8ac233b	9	12531493	12627540	36	0.4582
b6ad3e48-5d27-4b73-9041-dd5ef8ac233b	9	12634038	13100301	309	-0.0691
b6ad3e48-5d27-4b73-9041-dd5ef8ac233b	9	13101490	13232400	75	-0.5001
b6ad3e48-5d27-4b73-9041-dd5ef8ac233b	9	13232473	13477969	149	0.3274
b6ad3e48-5d27-4b73-9041-dd5ef8ac233b	9	13478514	13535543	53	0.623
b6ad3e48-5d27-4b73-9041-dd5ef8ac233b	9	13537359	13577495	32	0.3197
b6ad3e48-5d27-4b73-9041-dd5ef8ac233b	9	13578007	13627117	47	0.8111
b6ad3e48-5d27-4b73-9041-dd5ef8ac233b	9	13627243	13970432	319	0.4706
b6ad3e48-5d27-4b73-9041-dd5ef8ac233b	9	13976615	14435337	394	0.1989
b6ad3e48-5d27-4b73-9041-dd5ef8ac233b	9	14436477	14443786	12	0.815
b6ad3e48-5d27-4b73-9041-dd5ef8ac233b	9	14446084	14539366	98	0.2977
b6ad3e48-5d27-4b73-9041-dd5ef8ac233b	9	14543550	14800273	235	0.5365
b6ad3e48-5d27-4b73-9041-dd5ef8ac233b	9	14802906	14972085	126	0.3788
b6ad3e48-5d27-4b73-9041-dd5ef8ac233b	9	15006536	15120494	63	0.7745
b6ad3e48-5d27-4b73-9041-dd5ef8ac233b	9	15125717	15291693	163	0.4129
b6ad3e48-5d27-4b73-9041-dd5ef8ac233b	9	15292150	16389385	894	0.556
b6ad3e48-5d27-4b73-9041-dd5ef8ac233b	9	16390419	16612958	184	0.369
b6ad3e48-5d27-4b73-9041-dd5ef8ac233b	9	16612985	16673622	53	0.1166
b6ad3e48-5d27-4b73-9041-dd5ef8ac233b	9	16673678	16856636	168	0.3853
b6ad3e48-5d27-4b73-9041-dd5ef8ac233b	9	16856885	17049631	178	0.1593
b6ad3e48-5d27-4b73-9041-dd5ef8ac233b	9	17052826	17081685	20	0.639
b6ad3e48-5d27-4b73-9041-dd5ef8ac233b	9	17086815	17641811	323	0.1168
b6ad3e48-5d27-4b73-9041-dd5ef8ac233b	9	17720886	17857586	171	0.6213
b6ad3e48-5d27-4b73-9041-dd5ef8ac233b	9	17858291	17910434	54	-0.2039
b6ad3e48-5d27-4b73-9041-dd5ef8ac233b	9	17915217	18164635	229	0.092
b6ad3e48-5d27-4b73-9041-dd5ef8ac233b	9	18166901	18330711	138	-0.5622
b6ad3e48-5d27-4b73-9041-dd5ef8ac233b	9	18332439	19148384	760	-0.2005
b6ad3e48-5d27-4b73-9041-dd5ef8ac233b	9	19149421	19302838	98	-0.0616
b6ad3e48-5d27-4b73-9041-dd5ef8ac233b	9	19302925	19861419	397	0.136
b6ad3e48-5d27-4b73-9041-dd5ef8ac233b	9	19862351	20395171	443	-0.0554
b6ad3e48-5d27-4b73-9041-dd5ef8ac233b	9	20395644	20418174	14	-0.5188
b6ad3e48-5d27-4b73-9041-dd5ef8ac233b	9	20420947	21157096	566	-0.0467
b6ad3e48-5d27-4b73-9041-dd5ef8ac233b	9	21157696	23387021	1383	-0.5399
b6ad3e48-5d27-4b73-9041-dd5ef8ac233b	9	23388259	24706510	830	-0.2136
b6ad3e48-5d27-4b73-9041-dd5ef8ac233b	9	24709142	25788723	663	-0.5671
b6ad3e48-5d27-4b73-9041-dd5ef8ac233b	9	25793577	25809337	10	0.089
b6ad3e48-5d27-4b73-9041-dd5ef8ac233b	9	25812657	25816368	7	-0.5279
b6ad3e48-5d27-4b73-9041-dd5ef8ac233b	9	25818810	25819579	4	0.0186
b6ad3e48-5d27-4b73-9041-dd5ef8ac233b	9	25819749	25992083	96	0.4023
b6ad3e48-5d27-4b73-9041-dd5ef8ac233b	9	25992540	27907533	1252	0.1512
b6ad3e48-5d27-4b73-9041-dd5ef8ac233b	9	27907623	28362328	201	0.4207
b6ad3e48-5d27-4b73-9041-dd5ef8ac233b	9	28376007	28386136	12	0.8402
b6ad3e48-5d27-4b73-9041-dd5ef8ac233b	9	28386210	30314849	801	0.3783
b6ad3e48-5d27-4b73-9041-dd5ef8ac233b	9	30328954	30400709	55	0.1485
b6ad3e48-5d27-4b73-9041-dd5ef8ac233b	9	30401248	30801797	105	0.5561
b6ad3e48-5d27-4b73-9041-dd5ef8ac233b	9	30804874	30977336	124	0.3958
b6ad3e48-5d27-4b73-9041-dd5ef8ac233b	9	30979270	31354660	255	0.2664
b6ad3e48-5d27-4b73-9041-dd5ef8ac233b	9	31354661	31692458	210	0.0829
b6ad3e48-5d27-4b73-9041-dd5ef8ac233b	9	31692547	31764083	53	0.3378
b6ad3e48-5d27-4b73-9041-dd5ef8ac233b	9	31767430	32323674	407	-0.2022
b6ad3e48-5d27-4b73-9041-dd5ef8ac233b	9	32328021	32800719	307	0.4518
b6ad3e48-5d27-4b73-9041-dd5ef8ac233b	9	32802445	32863971	46	0.7286
b6ad3e48-5d27-4b73-9041-dd5ef8ac233b	9	32865571	34407650	903	0.4126
b6ad3e48-5d27-4b73-9041-dd5ef8ac233b	9	34408206	34426126	21	-0.1537
b6ad3e48-5d27-4b73-9041-dd5ef8ac233b	9	34429884	34905961	253	0.0613
b6ad3e48-5d27-4b73-9041-dd5ef8ac233b	9	34911882	36396860	786	-0.0735
b6ad3e48-5d27-4b73-9041-dd5ef8ac233b	9	36396919	36644314	94	0.3991
b6ad3e48-5d27-4b73-9041-dd5ef8ac233b	9	36646725	36910888	252	0.0474
b6ad3e48-5d27-4b73-9041-dd5ef8ac233b	9	36911504	36954847	41	0.2866
b6ad3e48-5d27-4b73-9041-dd5ef8ac233b	9	36955091	37249047	172	0.036
b6ad3e48-5d27-4b73-9041-dd5ef8ac233b	9	37249362	37473758	116	0.3332
b6ad3e48-5d27-4b73-9041-dd5ef8ac233b	9	37474714	37564107	59	0.1283
b6ad3e48-5d27-4b73-9041-dd5ef8ac233b	9	37572761	37622780	26	-0.0986
b6ad3e48-5d27-4b73-9041-dd5ef8ac233b	9	37625872	37918217	182	0.1946
b6ad3e48-5d27-4b73-9041-dd5ef8ac233b	9	37918948	37921690	2	-0.3871
b6ad3e48-5d27-4b73-9041-dd5ef8ac233b	9	37922437	37975235	43	0.0644
b6ad3e48-5d27-4b73-9041-dd5ef8ac233b	9	37982919	38151193	124	-0.1882
b6ad3e48-5d27-4b73-9041-dd5ef8ac233b	9	38151271	68423153	491	-0.5286
b6ad3e48-5d27-4b73-9041-dd5ef8ac233b	9	68424128	138044505	44769	-0.0018
b6ad3e48-5d27-4b73-9041-dd5ef8ac233b	10	366509	38770504	26202	0.0503
b6ad3e48-5d27-4b73-9041-dd5ef8ac233b	10	38770824	44600352	1508	-0.0628
b6ad3e48-5d27-4b73-9041-dd5ef8ac233b	10	44608040	133411599	53309	-0.202
b6ad3e48-5d27-4b73-9041-dd5ef8ac233b	11	456012	56244856	30589	0.1266
b6ad3e48-5d27-4b73-9041-dd5ef8ac233b	11	56246322	134272740	46704	-0.2155
b6ad3e48-5d27-4b73-9041-dd5ef8ac233b	12	780472	3341196	1184	-0.0829
b6ad3e48-5d27-4b73-9041-dd5ef8ac233b	12	3344154	3433509	52	0.4983
b6ad3e48-5d27-4b73-9041-dd5ef8ac233b	12	3434147	3448154	16	0.183
b6ad3e48-5d27-4b73-9041-dd5ef8ac233b	12	3448883	3468695	17	0.5245
b6ad3e48-5d27-4b73-9041-dd5ef8ac233b	12	3472852	3827636	231	-0.0885
b6ad3e48-5d27-4b73-9041-dd5ef8ac233b	12	3832100	3869790	20	0.3564
b6ad3e48-5d27-4b73-9041-dd5ef8ac233b	12	3871790	3966689	95	-0.0662
b6ad3e48-5d27-4b73-9041-dd5ef8ac233b	12	3969298	4239242	204	0.4457
b6ad3e48-5d27-4b73-9041-dd5ef8ac233b	12	4241664	4327667	90	0.6894
b6ad3e48-5d27-4b73-9041-dd5ef8ac233b	12	4328530	4702428	277	0.9238
b6ad3e48-5d27-4b73-9041-dd5ef8ac233b	12	4704618	5009764	266	0.5582
b6ad3e48-5d27-4b73-9041-dd5ef8ac233b	12	5013260	5116245	115	0.8903
b6ad3e48-5d27-4b73-9041-dd5ef8ac233b	12	5126696	5420659	290	0.501
b6ad3e48-5d27-4b73-9041-dd5ef8ac233b	12	5422846	5547138	126	0.8297
b6ad3e48-5d27-4b73-9041-dd5ef8ac233b	12	5553873	5890538	290	0.6263
b6ad3e48-5d27-4b73-9041-dd5ef8ac233b	12	5890596	6053413	116	0.4821
b6ad3e48-5d27-4b73-9041-dd5ef8ac233b	12	6053495	6167367	59	0.0946
b6ad3e48-5d27-4b73-9041-dd5ef8ac233b	12	6168145	28158685	12893	-0.083
b6ad3e48-5d27-4b73-9041-dd5ef8ac233b	12	28166450	28255650	50	0.3686
b6ad3e48-5d27-4b73-9041-dd5ef8ac233b	12	28255803	28850776	330	-0.0566
b6ad3e48-5d27-4b73-9041-dd5ef8ac233b	12	28855126	29201585	276	0.4339
b6ad3e48-5d27-4b73-9041-dd5ef8ac233b	12	29205361	30772428	1119	-0.0888
b6ad3e48-5d27-4b73-9041-dd5ef8ac233b	12	30772960	39307249	1798	0.0643
b6ad3e48-5d27-4b73-9041-dd5ef8ac233b	12	39311759	43372966	2232	-0.2285
b6ad3e48-5d27-4b73-9041-dd5ef8ac233b	12	43375425	43441800	38	0.1495
b6ad3e48-5d27-4b73-9041-dd5ef8ac233b	12	43449014	43921959	238	-0.183
b6ad3e48-5d27-4b73-9041-dd5ef8ac233b	12	43929664	44166939	139	0.1121
b6ad3e48-5d27-4b73-9041-dd5ef8ac233b	12	44169746	44228698	41	-0.1919
b6ad3e48-5d27-4b73-9041-dd5ef8ac233b	12	44229236	44303001	35	0.1849
b6ad3e48-5d27-4b73-9041-dd5ef8ac233b	12	44303014	44563835	148	-0.0841
b6ad3e48-5d27-4b73-9041-dd5ef8ac233b	12	44564684	44714647	93	0.0674
b6ad3e48-5d27-4b73-9041-dd5ef8ac233b	12	44714697	44969911	140	0.2762
b6ad3e48-5d27-4b73-9041-dd5ef8ac233b	12	44972366	45057074	58	0.0826
b6ad3e48-5d27-4b73-9041-dd5ef8ac233b	12	45058681	45113794	30	-0.2388
b6ad3e48-5d27-4b73-9041-dd5ef8ac233b	12	45124395	47135062	1159	0.1173
b6ad3e48-5d27-4b73-9041-dd5ef8ac233b	12	47138143	48640543	865	0.2707
b6ad3e48-5d27-4b73-9041-dd5ef8ac233b	12	48650017	49930784	547	0.0907
b6ad3e48-5d27-4b73-9041-dd5ef8ac233b	12	49931958	49937496	6	-0.2812
b6ad3e48-5d27-4b73-9041-dd5ef8ac233b	12	49938287	49995027	35	-0.0576
b6ad3e48-5d27-4b73-9041-dd5ef8ac233b	12	49998048	50064710	29	-0.3141
b6ad3e48-5d27-4b73-9041-dd5ef8ac233b	12	50064724	51036565	469	0.0126
b6ad3e48-5d27-4b73-9041-dd5ef8ac233b	12	51038013	52282619	687	-0.2038
b6ad3e48-5d27-4b73-9041-dd5ef8ac233b	12	52391992	53152261	504	0.1117
b6ad3e48-5d27-4b73-9041-dd5ef8ac233b	12	53153724	53963973	434	-0.2325
b6ad3e48-5d27-4b73-9041-dd5ef8ac233b	12	53968410	54139463	68	0.0388
b6ad3e48-5d27-4b73-9041-dd5ef8ac233b	12	54139535	54230590	44	0.3167
b6ad3e48-5d27-4b73-9041-dd5ef8ac233b	12	54236067	54658957	196	-0.1601
b6ad3e48-5d27-4b73-9041-dd5ef8ac233b	12	54659011	54716686	58	0.2081
b6ad3e48-5d27-4b73-9041-dd5ef8ac233b	12	54723392	54753252	14	-0.3878
b6ad3e48-5d27-4b73-9041-dd5ef8ac233b	12	54759867	54934452	92	0.1002
b6ad3e48-5d27-4b73-9041-dd5ef8ac233b	12	54941806	56126225	670	-0.2054
b6ad3e48-5d27-4b73-9041-dd5ef8ac233b	12	56133933	56161238	13	0.1756
b6ad3e48-5d27-4b73-9041-dd5ef8ac233b	12	56163588	56253204	50	-0.0464
b6ad3e48-5d27-4b73-9041-dd5ef8ac233b	12	56253222	56320476	39	0.2859
b6ad3e48-5d27-4b73-9041-dd5ef8ac233b	12	56328276	57045433	340	-0.1832
b6ad3e48-5d27-4b73-9041-dd5ef8ac233b	12	57048355	57673749	258	0.1174
b6ad3e48-5d27-4b73-9041-dd5ef8ac233b	12	57677737	59897162	1493	-0.2063
b6ad3e48-5d27-4b73-9041-dd5ef8ac233b	12	59897511	60066485	82	0.1057
b6ad3e48-5d27-4b73-9041-dd5ef8ac233b	12	60069063	65773713	3276	-0.2124
b6ad3e48-5d27-4b73-9041-dd5ef8ac233b	12	65773874	132605822	39590	0.0435
b6ad3e48-5d27-4b73-9041-dd5ef8ac233b	13	18874255	32172405	8070	0.0488
b6ad3e48-5d27-4b73-9041-dd5ef8ac233b	13	32172423	39895028	5275	-0.1176
b6ad3e48-5d27-4b73-9041-dd5ef8ac233b	13	39895621	39916987	16	0.4588
b6ad3e48-5d27-4b73-9041-dd5ef8ac233b	13	39926277	40326908	316	0.0036
b6ad3e48-5d27-4b73-9041-dd5ef8ac233b	13	40327039	70274044	15304	-0.1289
b6ad3e48-5d27-4b73-9041-dd5ef8ac233b	13	70275176	71055978	499	0.01
b6ad3e48-5d27-4b73-9041-dd5ef8ac233b	13	71056111	72384903	831	-0.0962
b6ad3e48-5d27-4b73-9041-dd5ef8ac233b	13	72385256	72929709	353	0.1685
b6ad3e48-5d27-4b73-9041-dd5ef8ac233b	13	72930407	76406173	2496	-0.1168
b6ad3e48-5d27-4b73-9041-dd5ef8ac233b	13	76407967	76527169	90	0.0594
b6ad3e48-5d27-4b73-9041-dd5ef8ac233b	13	76529200	76673671	82	0.2438
b6ad3e48-5d27-4b73-9041-dd5ef8ac233b	13	76673976	76750393	64	0.1245
b6ad3e48-5d27-4b73-9041-dd5ef8ac233b	13	76752926	77856879	617	-0.1316
b6ad3e48-5d27-4b73-9041-dd5ef8ac233b	13	77862604	78460464	459	-0.0127
b6ad3e48-5d27-4b73-9041-dd5ef8ac233b	13	78461256	79401844	572	0.4215
b6ad3e48-5d27-4b73-9041-dd5ef8ac233b	13	79409674	79535223	77	-0.0347
b6ad3e48-5d27-4b73-9041-dd5ef8ac233b	13	79539517	79893174	218	0.214
b6ad3e48-5d27-4b73-9041-dd5ef8ac233b	13	79896897	80852657	610	0.0043
b6ad3e48-5d27-4b73-9041-dd5ef8ac233b	13	80858303	84505516	2020	0.0831
b6ad3e48-5d27-4b73-9041-dd5ef8ac233b	13	84506444	84701147	127	-0.0262
b6ad3e48-5d27-4b73-9041-dd5ef8ac233b	13	84856027	85119931	212	0.2708
b6ad3e48-5d27-4b73-9041-dd5ef8ac233b	13	85129470	85445305	215	0.0193
b6ad3e48-5d27-4b73-9041-dd5ef8ac233b	13	85445441	85451197	3	-1.1505
b6ad3e48-5d27-4b73-9041-dd5ef8ac233b	13	85451853	86938115	820	0.0625
b6ad3e48-5d27-4b73-9041-dd5ef8ac233b	13	86941307	87847034	471	-0.0168
b6ad3e48-5d27-4b73-9041-dd5ef8ac233b	13	87848666	89739714	1015	-0.1409
b6ad3e48-5d27-4b73-9041-dd5ef8ac233b	13	89740360	89771623	23	0.2372
b6ad3e48-5d27-4b73-9041-dd5ef8ac233b	13	89771991	89923391	120	0.4037
b6ad3e48-5d27-4b73-9041-dd5ef8ac233b	13	89923583	93603839	2390	0.158
b6ad3e48-5d27-4b73-9041-dd5ef8ac233b	13	93604273	95822357	1453	-0.1237
b6ad3e48-5d27-4b73-9041-dd5ef8ac233b	13	95824528	96276513	202	0.0686
b6ad3e48-5d27-4b73-9041-dd5ef8ac233b	13	96276548	97070705	452	-0.1356
b6ad3e48-5d27-4b73-9041-dd5ef8ac233b	13	97070810	97736557	433	-0.0289
b6ad3e48-5d27-4b73-9041-dd5ef8ac233b	13	97737103	97862422	100	-0.1895
b6ad3e48-5d27-4b73-9041-dd5ef8ac233b	13	97875020	98445801	457	0.0847
b6ad3e48-5d27-4b73-9041-dd5ef8ac233b	13	98452639	99217960	494	-0.0342
b6ad3e48-5d27-4b73-9041-dd5ef8ac233b	13	99218294	99694635	297	0.1613
b6ad3e48-5d27-4b73-9041-dd5ef8ac233b	13	99694860	99872167	142	-0.105
b6ad3e48-5d27-4b73-9041-dd5ef8ac233b	13	99872635	100033332	82	0.1924
b6ad3e48-5d27-4b73-9041-dd5ef8ac233b	13	100088583	100944482	514	-0.1212
b6ad3e48-5d27-4b73-9041-dd5ef8ac233b	13	100945024	101113823	153	0.4475
b6ad3e48-5d27-4b73-9041-dd5ef8ac233b	13	101114393	101176919	51	0.2312
b6ad3e48-5d27-4b73-9041-dd5ef8ac233b	13	101181035	101374779	141	0.4644
b6ad3e48-5d27-4b73-9041-dd5ef8ac233b	13	101375139	101398739	27	0.1339
b6ad3e48-5d27-4b73-9041-dd5ef8ac233b	13	101398859	101453099	42	-0.1224
b6ad3e48-5d27-4b73-9041-dd5ef8ac233b	13	101455736	101683158	191	0.3982
b6ad3e48-5d27-4b73-9041-dd5ef8ac233b	13	101684721	102036995	314	-0.1353
b6ad3e48-5d27-4b73-9041-dd5ef8ac233b	13	102040178	102582819	397	0.0387
b6ad3e48-5d27-4b73-9041-dd5ef8ac233b	13	102582916	102794281	155	0.2292
b6ad3e48-5d27-4b73-9041-dd5ef8ac233b	13	102801022	106261623	2237	-0.1349
b6ad3e48-5d27-4b73-9041-dd5ef8ac233b	13	106262757	106512907	212	0.0697
b6ad3e48-5d27-4b73-9041-dd5ef8ac233b	13	106514346	106730287	142	-0.1663
b6ad3e48-5d27-4b73-9041-dd5ef8ac233b	13	106731890	106732362	2	1.1888
b6ad3e48-5d27-4b73-9041-dd5ef8ac233b	13	106732887	107154533	274	-0.1328
b6ad3e48-5d27-4b73-9041-dd5ef8ac233b	13	107158890	107190273	22	0.2587
b6ad3e48-5d27-4b73-9041-dd5ef8ac233b	13	107190593	107565912	336	-0.1342
b6ad3e48-5d27-4b73-9041-dd5ef8ac233b	13	107566118	107613167	48	0.2169
b6ad3e48-5d27-4b73-9041-dd5ef8ac233b	13	107618097	108654329	781	-0.1221
b6ad3e48-5d27-4b73-9041-dd5ef8ac233b	13	108663002	108851819	204	0.2535
b6ad3e48-5d27-4b73-9041-dd5ef8ac233b	13	108852792	108954093	90	-0.0997
b6ad3e48-5d27-4b73-9041-dd5ef8ac233b	13	108957095	110167809	876	0.1778
b6ad3e48-5d27-4b73-9041-dd5ef8ac233b	13	110168785	110342863	163	0.4367
b6ad3e48-5d27-4b73-9041-dd5ef8ac233b	13	110343181	110788604	370	0.1791
b6ad3e48-5d27-4b73-9041-dd5ef8ac233b	13	110789023	111319903	297	0.0914
b6ad3e48-5d27-4b73-9041-dd5ef8ac233b	13	111329052	111426729	92	-0.1151
b6ad3e48-5d27-4b73-9041-dd5ef8ac233b	13	111433513	111506841	73	0.0668
b6ad3e48-5d27-4b73-9041-dd5ef8ac233b	13	111510622	111627273	95	0.1992
b6ad3e48-5d27-4b73-9041-dd5ef8ac233b	13	111628891	111667749	33	0.3787
b6ad3e48-5d27-4b73-9041-dd5ef8ac233b	13	111667764	111964893	94	0.1671
b6ad3e48-5d27-4b73-9041-dd5ef8ac233b	13	111965374	113081740	533	-0.025
b6ad3e48-5d27-4b73-9041-dd5ef8ac233b	13	113081812	113358583	132	0.3985
b6ad3e48-5d27-4b73-9041-dd5ef8ac233b	13	113367016	113384831	9	0.7234
b6ad3e48-5d27-4b73-9041-dd5ef8ac233b	13	113386024	113393156	3	1.4321
b6ad3e48-5d27-4b73-9041-dd5ef8ac233b	13	113393216	114078375	160	0.3557
b6ad3e48-5d27-4b73-9041-dd5ef8ac233b	13	114081538	114226675	69	-0.0959
b6ad3e48-5d27-4b73-9041-dd5ef8ac233b	14	20033191	105533894	49660	-0.0139
b6ad3e48-5d27-4b73-9041-dd5ef8ac233b	15	23437561	33152004	3731	0.0408
b6ad3e48-5d27-4b73-9041-dd5ef8ac233b	15	33154770	48843829	9220	-0.0876
b6ad3e48-5d27-4b73-9041-dd5ef8ac233b	15	48844449	77577575	17514	0.023
b6ad3e48-5d27-4b73-9041-dd5ef8ac233b	15	77577779	101344124	14199	0.1368
b6ad3e48-5d27-4b73-9041-dd5ef8ac233b	16	603333	81398887	36262	0.0536
b6ad3e48-5d27-4b73-9041-dd5ef8ac233b	16	81398987	81399465	2	-1.5021
b6ad3e48-5d27-4b73-9041-dd5ef8ac233b	16	81399515	89317317	4828	0.0636
b6ad3e48-5d27-4b73-9041-dd5ef8ac233b	17	1074619	12287427	6163	-0.0785
b6ad3e48-5d27-4b73-9041-dd5ef8ac233b	17	12291963	13403327	748	0.1878
b6ad3e48-5d27-4b73-9041-dd5ef8ac233b	17	13406363	14231324	614	-0.0806
b6ad3e48-5d27-4b73-9041-dd5ef8ac233b	17	15654216	20171849	1859	0.1938
b6ad3e48-5d27-4b73-9041-dd5ef8ac233b	17	20349166	20879044	133	0.0142
b6ad3e48-5d27-4b73-9041-dd5ef8ac233b	17	20879173	21396582	189	0.243
b6ad3e48-5d27-4b73-9041-dd5ef8ac233b	17	21398529	29651651	1225	0.0582
b6ad3e48-5d27-4b73-9041-dd5ef8ac233b	17	29651676	43840757	6356	-0.0717
b6ad3e48-5d27-4b73-9041-dd5ef8ac233b	17	43849916	60581112	8520	0.1717
b6ad3e48-5d27-4b73-9041-dd5ef8ac233b	17	60581266	61823807	649	0.2559
b6ad3e48-5d27-4b73-9041-dd5ef8ac233b	17	61827119	63361904	658	0.1747
b6ad3e48-5d27-4b73-9041-dd5ef8ac233b	17	63367524	65040472	726	0.2652
b6ad3e48-5d27-4b73-9041-dd5ef8ac233b	17	65042935	66691328	1026	0.3316
b6ad3e48-5d27-4b73-9041-dd5ef8ac233b	17	66694140	66955163	229	0.5278
b6ad3e48-5d27-4b73-9041-dd5ef8ac233b	17	66957736	68243703	621	0.4118
b6ad3e48-5d27-4b73-9041-dd5ef8ac233b	17	68245742	68391913	92	0.6497
b6ad3e48-5d27-4b73-9041-dd5ef8ac233b	17	68393046	72325452	2845	0.1754
b6ad3e48-5d27-4b73-9041-dd5ef8ac233b	17	72326323	72333644	5	-0.6801
b6ad3e48-5d27-4b73-9041-dd5ef8ac233b	17	72334340	82959812	4535	0.1785
b6ad3e48-5d27-4b73-9041-dd5ef8ac233b	18	326691	1341087	296	0.3002
b6ad3e48-5d27-4b73-9041-dd5ef8ac233b	18	1344119	1441749	55	0.5464
b6ad3e48-5d27-4b73-9041-dd5ef8ac233b	18	1441977	1485655	40	0.3552
b6ad3e48-5d27-4b73-9041-dd5ef8ac233b	18	1486185	1488321	10	0.0433
b6ad3e48-5d27-4b73-9041-dd5ef8ac233b	18	1489290	1593547	80	-0.093
b6ad3e48-5d27-4b73-9041-dd5ef8ac233b	18	1593816	1624683	27	0.2782
b6ad3e48-5d27-4b73-9041-dd5ef8ac233b	18	1687467	2079539	10	0.0371
b6ad3e48-5d27-4b73-9041-dd5ef8ac233b	18	2079800	2263727	135	-0.2196
b6ad3e48-5d27-4b73-9041-dd5ef8ac233b	18	2264263	2418252	90	0.0799
b6ad3e48-5d27-4b73-9041-dd5ef8ac233b	18	2422696	5959259	2267	-0.2102
b6ad3e48-5d27-4b73-9041-dd5ef8ac233b	18	6602285	6801201	158	0.2717
b6ad3e48-5d27-4b73-9041-dd5ef8ac233b	18	6816370	6871969	46	0.4844
b6ad3e48-5d27-4b73-9041-dd5ef8ac233b	18	6872257	7336807	372	-0.2534
b6ad3e48-5d27-4b73-9041-dd5ef8ac233b	18	7339606	7340115	2	-1.4683
b6ad3e48-5d27-4b73-9041-dd5ef8ac233b	18	7341558	7408674	58	-0.293
b6ad3e48-5d27-4b73-9041-dd5ef8ac233b	18	7414470	7437870	20	0.3522
b6ad3e48-5d27-4b73-9041-dd5ef8ac233b	18	7442606	12095179	3354	-0.2099
b6ad3e48-5d27-4b73-9041-dd5ef8ac233b	18	12097175	12992262	415	-0.0903
b6ad3e48-5d27-4b73-9041-dd5ef8ac233b	18	12992308	13666769	483	0.063
b6ad3e48-5d27-4b73-9041-dd5ef8ac233b	18	13667137	41843200	12921	-0.065
b6ad3e48-5d27-4b73-9041-dd5ef8ac233b	18	41843505	42888760	545	0.23
b6ad3e48-5d27-4b73-9041-dd5ef8ac233b	18	42889631	43123940	159	-0.0536
b6ad3e48-5d27-4b73-9041-dd5ef8ac233b	18	43125577	43142930	13	0.4124
b6ad3e48-5d27-4b73-9041-dd5ef8ac233b	18	43144996	44141377	476	-0.0605
b6ad3e48-5d27-4b73-9041-dd5ef8ac233b	18	44143741	44522287	214	0.0646
b6ad3e48-5d27-4b73-9041-dd5ef8ac233b	18	44523271	44819150	174	-0.0108
b6ad3e48-5d27-4b73-9041-dd5ef8ac233b	18	44824073	45212172	303	0.365
b6ad3e48-5d27-4b73-9041-dd5ef8ac233b	18	45213610	45353317	90	0.1859
b6ad3e48-5d27-4b73-9041-dd5ef8ac233b	18	45355967	45424975	65	0.4863
b6ad3e48-5d27-4b73-9041-dd5ef8ac233b	18	45425844	45552146	110	0.3054
b6ad3e48-5d27-4b73-9041-dd5ef8ac233b	18	45552162	46138652	372	-0.0654
b6ad3e48-5d27-4b73-9041-dd5ef8ac233b	18	46138692	46367253	126	2.4971
b6ad3e48-5d27-4b73-9041-dd5ef8ac233b	18	46368580	46753916	246	2.3259
b6ad3e48-5d27-4b73-9041-dd5ef8ac233b	18	46754012	47261903	204	2.567
b6ad3e48-5d27-4b73-9041-dd5ef8ac233b	18	47263847	49954978	1931	-0.0432
b6ad3e48-5d27-4b73-9041-dd5ef8ac233b	18	49959709	49959864	2	-1.7737
b6ad3e48-5d27-4b73-9041-dd5ef8ac233b	18	49960526	52116974	1572	-0.0567
b6ad3e48-5d27-4b73-9041-dd5ef8ac233b	18	52117517	52190710	45	0.3148
b6ad3e48-5d27-4b73-9041-dd5ef8ac233b	18	52194116	56305049	2573	-0.0643
b6ad3e48-5d27-4b73-9041-dd5ef8ac233b	18	56309543	56360925	34	0.2786
b6ad3e48-5d27-4b73-9041-dd5ef8ac233b	18	56364259	56393948	21	-0.0238
b6ad3e48-5d27-4b73-9041-dd5ef8ac233b	18	56396438	56427555	15	0.2708
b6ad3e48-5d27-4b73-9041-dd5ef8ac233b	18	56428711	59469842	2015	-0.0535
b6ad3e48-5d27-4b73-9041-dd5ef8ac233b	18	59470471	59470993	2	-1.5153
b6ad3e48-5d27-4b73-9041-dd5ef8ac233b	18	59471063	61646864	1442	-0.0475
b6ad3e48-5d27-4b73-9041-dd5ef8ac233b	18	61652049	61777025	75	0.1776
b6ad3e48-5d27-4b73-9041-dd5ef8ac233b	18	61777531	63468649	1141	-0.0397
b6ad3e48-5d27-4b73-9041-dd5ef8ac233b	18	63470628	63541818	67	0.2077
b6ad3e48-5d27-4b73-9041-dd5ef8ac233b	18	63542452	67444388	2002	-0.0585
b6ad3e48-5d27-4b73-9041-dd5ef8ac233b	18	67450360	67697799	156	0.1684
b6ad3e48-5d27-4b73-9041-dd5ef8ac233b	18	67697987	71382253	2066	-0.0554
b6ad3e48-5d27-4b73-9041-dd5ef8ac233b	18	73699619	75210785	944	0.2359
b6ad3e48-5d27-4b73-9041-dd5ef8ac233b	18	75212248	75230241	20	-0.252
b6ad3e48-5d27-4b73-9041-dd5ef8ac233b	18	75230352	77795993	1907	-0.059
b6ad3e48-5d27-4b73-9041-dd5ef8ac233b	18	77798853	79349796	864	-0.2678
b6ad3e48-5d27-4b73-9041-dd5ef8ac233b	19	283868	27749601	9043	0.0391
b6ad3e48-5d27-4b73-9041-dd5ef8ac233b	19	27752285	28165787	293	-0.0735
b6ad3e48-5d27-4b73-9041-dd5ef8ac233b	19	28166233	29286726	903	0.1746
b6ad3e48-5d27-4b73-9041-dd5ef8ac233b	19	29288724	29408160	113	0.6333
b6ad3e48-5d27-4b73-9041-dd5ef8ac233b	19	29408651	29552315	115	0.3336
b6ad3e48-5d27-4b73-9041-dd5ef8ac233b	19	29558247	30965961	988	-0.0594
b6ad3e48-5d27-4b73-9041-dd5ef8ac233b	19	30966161	31225218	185	0.2257
b6ad3e48-5d27-4b73-9041-dd5ef8ac233b	19	31225432	34680111	2237	-0.0639
b6ad3e48-5d27-4b73-9041-dd5ef8ac233b	19	34680920	37196127	1327	0.2311
b6ad3e48-5d27-4b73-9041-dd5ef8ac233b	19	37198831	37495126	125	0.4431
b6ad3e48-5d27-4b73-9041-dd5ef8ac233b	19	37503209	38715648	624	0.2599
b6ad3e48-5d27-4b73-9041-dd5ef8ac233b	19	38725953	38844171	74	0.6678
b6ad3e48-5d27-4b73-9041-dd5ef8ac233b	19	38844634	39195597	119	1.015
b6ad3e48-5d27-4b73-9041-dd5ef8ac233b	19	39207227	39776047	281	0.8072
b6ad3e48-5d27-4b73-9041-dd5ef8ac233b	19	39781534	40556633	393	0.651
b6ad3e48-5d27-4b73-9041-dd5ef8ac233b	19	40646985	42571906	805	0.2116
b6ad3e48-5d27-4b73-9041-dd5ef8ac233b	19	42572541	43458545	72	0.5578
b6ad3e48-5d27-4b73-9041-dd5ef8ac233b	19	43459491	58370362	6397	-0.0846
b6ad3e48-5d27-4b73-9041-dd5ef8ac233b	20	472817	63588502	37447	0.0584
b6ad3e48-5d27-4b73-9041-dd5ef8ac233b	21	13974127	46262057	20543	0.053
b6ad3e48-5d27-4b73-9041-dd5ef8ac233b	22	16934932	48940621	17043	-0.0795
b6ad3e48-5d27-4b73-9041-dd5ef8ac233b	X	3236359	155677414	63702	0.0033
