GDC_Aliquot	Chromosome	Start	End	Num_Probes	Segment_Mean
3d6ee6b5-c7ea-4b03-b468-e5096af2133e	1	3301765	47510975	23362	-0.0464
3d6ee6b5-c7ea-4b03-b468-e5096af2133e	1	47514220	153242538	45433	-0.0672
3d6ee6b5-c7ea-4b03-b468-e5096af2133e	1	153242548	156305279	1355	-0.0364
3d6ee6b5-c7ea-4b03-b468-e5096af2133e	1	156305490	156305517	2	-1.93
3d6ee6b5-c7ea-4b03-b468-e5096af2133e	1	156306100	161843725	3269	-0.0549
3d6ee6b5-c7ea-4b03-b468-e5096af2133e	1	161843975	161844207	2	-4.0612
3d6ee6b5-c7ea-4b03-b468-e5096af2133e	1	161846340	247650984	54512	-0.0671
3d6ee6b5-c7ea-4b03-b468-e5096af2133e	2	480597	241537572	130399	-0.0654
3d6ee6b5-c7ea-4b03-b468-e5096af2133e	3	2170634	106518374	57270	0.2068
3d6ee6b5-c7ea-4b03-b468-e5096af2133e	3	106519350	106522988	7	-0.9484
3d6ee6b5-c7ea-4b03-b468-e5096af2133e	3	106527140	175061307	36929	0.2037
3d6ee6b5-c7ea-4b03-b468-e5096af2133e	3	175068193	175099246	23	-0.2389
3d6ee6b5-c7ea-4b03-b468-e5096af2133e	3	175100182	175147232	31	0.1515
3d6ee6b5-c7ea-4b03-b468-e5096af2133e	3	175147509	175261962	109	-0.1909
3d6ee6b5-c7ea-4b03-b468-e5096af2133e	3	175262268	197812401	11381	0.2094
3d6ee6b5-c7ea-4b03-b468-e5096af2133e	4	1059384	169856917	93057	-0.0769
3d6ee6b5-c7ea-4b03-b468-e5096af2133e	4	169859243	185854296	7867	-0.4235
3d6ee6b5-c7ea-4b03-b468-e5096af2133e	4	185855310	187007621	656	-0.0842
3d6ee6b5-c7ea-4b03-b468-e5096af2133e	4	187009372	187010457	2	-1.5316
3d6ee6b5-c7ea-4b03-b468-e5096af2133e	4	187011475	187842528	507	-0.0748
3d6ee6b5-c7ea-4b03-b468-e5096af2133e	5	913983	180934240	99825	0.2089
3d6ee6b5-c7ea-4b03-b468-e5096af2133e	6	1011760	24735080	16590	-0.0703
3d6ee6b5-c7ea-4b03-b468-e5096af2133e	6	24735524	37622527	5035	-0.0441
3d6ee6b5-c7ea-4b03-b468-e5096af2133e	6	37623327	170596889	74161	-0.0741
3d6ee6b5-c7ea-4b03-b468-e5096af2133e	7	665647	77522948	38302	-0.0719
3d6ee6b5-c7ea-4b03-b468-e5096af2133e	7	77540080	77578795	21	-0.378
3d6ee6b5-c7ea-4b03-b468-e5096af2133e	7	77583038	77735202	81	-0.7742
3d6ee6b5-c7ea-4b03-b468-e5096af2133e	7	77736095	78570119	626	-0.4386
3d6ee6b5-c7ea-4b03-b468-e5096af2133e	7	78571080	114437779	18204	-0.0742
3d6ee6b5-c7ea-4b03-b468-e5096af2133e	7	114438814	114440281	3	-1.4803
3d6ee6b5-c7ea-4b03-b468-e5096af2133e	7	114441657	124863581	5822	-0.0751
3d6ee6b5-c7ea-4b03-b468-e5096af2133e	7	124866046	124926630	25	-0.4541
3d6ee6b5-c7ea-4b03-b468-e5096af2133e	7	124928656	158592540	17793	-0.073
3d6ee6b5-c7ea-4b03-b468-e5096af2133e	8	667625	144182542	81159	0.2079
3d6ee6b5-c7ea-4b03-b468-e5096af2133e	9	789794	21860429	13371	-0.0739
3d6ee6b5-c7ea-4b03-b468-e5096af2133e	9	21864536	22043266	123	-0.8131
3d6ee6b5-c7ea-4b03-b468-e5096af2133e	9	22047438	123775039	46588	-0.0647
3d6ee6b5-c7ea-4b03-b468-e5096af2133e	9	123778768	138044505	7321	-0.0326
3d6ee6b5-c7ea-4b03-b468-e5096af2133e	10	366509	19695337	13880	0.2209
3d6ee6b5-c7ea-4b03-b468-e5096af2133e	10	19695979	19698807	6	-0.9427
3d6ee6b5-c7ea-4b03-b468-e5096af2133e	10	19707548	133411599	66290	0.2089
3d6ee6b5-c7ea-4b03-b468-e5096af2133e	11	456012	134272740	76376	-0.0684
3d6ee6b5-c7ea-4b03-b468-e5096af2133e	12	780472	132605822	73311	-0.0676
3d6ee6b5-c7ea-4b03-b468-e5096af2133e	13	18874255	36262279	10688	-0.0709
3d6ee6b5-c7ea-4b03-b468-e5096af2133e	13	36262437	36264770	3	-1.5696
3d6ee6b5-c7ea-4b03-b468-e5096af2133e	13	36267474	114226675	45436	-0.0687
3d6ee6b5-c7ea-4b03-b468-e5096af2133e	14	20033191	44790006	12742	-0.0698
3d6ee6b5-c7ea-4b03-b468-e5096af2133e	14	44790792	44902841	67	-0.4536
3d6ee6b5-c7ea-4b03-b468-e5096af2133e	14	44906873	74527498	17362	-0.0628
3d6ee6b5-c7ea-4b03-b468-e5096af2133e	14	74527838	74529900	4	-1.6463
3d6ee6b5-c7ea-4b03-b468-e5096af2133e	14	74530221	105533894	18864	-0.0597
3d6ee6b5-c7ea-4b03-b468-e5096af2133e	15	23437561	101344124	44131	-0.0581
3d6ee6b5-c7ea-4b03-b468-e5096af2133e	16	603333	9515905	4280	-0.0552
3d6ee6b5-c7ea-4b03-b468-e5096af2133e	16	9516247	9516499	2	-2.0481
3d6ee6b5-c7ea-4b03-b468-e5096af2133e	16	9518653	12628897	2372	-0.0739
3d6ee6b5-c7ea-4b03-b468-e5096af2133e	16	12628935	12631132	2	-2.5072
3d6ee6b5-c7ea-4b03-b468-e5096af2133e	16	12631935	89317317	33946	-0.0644
3d6ee6b5-c7ea-4b03-b468-e5096af2133e	17	1074619	82959812	36767	-0.0457
3d6ee6b5-c7ea-4b03-b468-e5096af2133e	18	326691	79349796	42336	-0.0706
3d6ee6b5-c7ea-4b03-b468-e5096af2133e	19	283868	23794388	8880	-0.0266
3d6ee6b5-c7ea-4b03-b468-e5096af2133e	19	23797702	32684417	3651	-0.0661
3d6ee6b5-c7ea-4b03-b468-e5096af2133e	19	32684743	58370362	11346	-0.0322
3d6ee6b5-c7ea-4b03-b468-e5096af2133e	20	472817	63588502	36984	-0.0621
3d6ee6b5-c7ea-4b03-b468-e5096af2133e	21	13974127	46262057	20309	-0.0598
3d6ee6b5-c7ea-4b03-b468-e5096af2133e	22	16934932	48940621	16824	-0.0472
3d6ee6b5-c7ea-4b03-b468-e5096af2133e	X	3236359	31800492	12870	0.0107
3d6ee6b5-c7ea-4b03-b468-e5096af2133e	X	31804250	31862932	34	-0.6359
3d6ee6b5-c7ea-4b03-b468-e5096af2133e	X	31870967	32079288	170	-1.568
3d6ee6b5-c7ea-4b03-b468-e5096af2133e	X	32083205	32280569	145	-0.5225
3d6ee6b5-c7ea-4b03-b468-e5096af2133e	X	32281208	97144486	23208	-0.0018
3d6ee6b5-c7ea-4b03-b468-e5096af2133e	X	97154090	97188448	22	-1.266
3d6ee6b5-c7ea-4b03-b468-e5096af2133e	X	97190112	101983195	2432	-0.0023
3d6ee6b5-c7ea-4b03-b468-e5096af2133e	X	101983249	101987751	2	-2.3618
3d6ee6b5-c7ea-4b03-b468-e5096af2133e	X	101987978	155677414	24223	-0.0018
