GDC_Aliquot	Chromosome	Start	End	Num_Probes	Segment_Mean
57a669c7-179f-4c39-90a9-e169b95bcb13	1	3301765	3605560	129	0.0869
57a669c7-179f-4c39-90a9-e169b95bcb13	1	3619080	7238498	2412	-0.0573
57a669c7-179f-4c39-90a9-e169b95bcb13	1	7239558	7675320	304	-0.2498
57a669c7-179f-4c39-90a9-e169b95bcb13	1	7676563	22203325	7727	-0.0491
57a669c7-179f-4c39-90a9-e169b95bcb13	1	22204641	22222904	18	-0.4051
57a669c7-179f-4c39-90a9-e169b95bcb13	1	22223236	27644991	2531	-0.0489
57a669c7-179f-4c39-90a9-e169b95bcb13	1	27646325	28636428	409	0.1022
57a669c7-179f-4c39-90a9-e169b95bcb13	1	28639469	57232328	15926	-0.04
57a669c7-179f-4c39-90a9-e169b95bcb13	1	57232444	57232697	2	-1.5987
57a669c7-179f-4c39-90a9-e169b95bcb13	1	57234337	63433790	4402	-0.0247
57a669c7-179f-4c39-90a9-e169b95bcb13	1	63435164	63580921	82	-0.3128
57a669c7-179f-4c39-90a9-e169b95bcb13	1	63585982	80462418	10268	-0.0135
57a669c7-179f-4c39-90a9-e169b95bcb13	1	80462645	80462648	2	-1.1527
57a669c7-179f-4c39-90a9-e169b95bcb13	1	80469488	84691138	2669	-0.0308
57a669c7-179f-4c39-90a9-e169b95bcb13	1	84691799	84709700	11	-0.5563
57a669c7-179f-4c39-90a9-e169b95bcb13	1	84709901	85178015	358	-0.0254
57a669c7-179f-4c39-90a9-e169b95bcb13	1	85178491	85947240	499	-0.0045
57a669c7-179f-4c39-90a9-e169b95bcb13	1	85947250	99759761	8490	0.0328
57a669c7-179f-4c39-90a9-e169b95bcb13	1	99760041	109400364	5183	-0.0028
57a669c7-179f-4c39-90a9-e169b95bcb13	1	109401271	110002353	298	0.1683
57a669c7-179f-4c39-90a9-e169b95bcb13	1	110003023	119192703	5867	0.0019
57a669c7-179f-4c39-90a9-e169b95bcb13	1	119195699	153302849	2173	0.1388
57a669c7-179f-4c39-90a9-e169b95bcb13	1	153303030	154022171	293	0.0789
57a669c7-179f-4c39-90a9-e169b95bcb13	1	154024870	154026659	2	-1.0029
57a669c7-179f-4c39-90a9-e169b95bcb13	1	154027472	156097175	949	0.0871
57a669c7-179f-4c39-90a9-e169b95bcb13	1	156098051	157873590	1037	0.1398
57a669c7-179f-4c39-90a9-e169b95bcb13	1	157874605	158544739	473	0.4069
57a669c7-179f-4c39-90a9-e169b95bcb13	1	158544845	158545295	8	-0.102
57a669c7-179f-4c39-90a9-e169b95bcb13	1	158580102	160833945	1475	0.4097
57a669c7-179f-4c39-90a9-e169b95bcb13	1	160834012	160834219	2	-0.6188
57a669c7-179f-4c39-90a9-e169b95bcb13	1	160837461	161335943	257	0.3853
57a669c7-179f-4c39-90a9-e169b95bcb13	1	161337254	161401195	24	0.0804
57a669c7-179f-4c39-90a9-e169b95bcb13	1	161402248	163365828	1397	0.4373
57a669c7-179f-4c39-90a9-e169b95bcb13	1	163370719	165067758	1238	0.3863
57a669c7-179f-4c39-90a9-e169b95bcb13	1	165076228	165076317	3	-0.5604
57a669c7-179f-4c39-90a9-e169b95bcb13	1	165077278	171763884	4934	0.4045
57a669c7-179f-4c39-90a9-e169b95bcb13	1	171763954	173457772	1127	0.4522
57a669c7-179f-4c39-90a9-e169b95bcb13	1	173458197	177176589	1863	0.3865
57a669c7-179f-4c39-90a9-e169b95bcb13	1	177176639	179101106	1178	0.4483
57a669c7-179f-4c39-90a9-e169b95bcb13	1	179101199	179963396	651	0.3887
57a669c7-179f-4c39-90a9-e169b95bcb13	1	179966957	181490252	977	0.1489
57a669c7-179f-4c39-90a9-e169b95bcb13	1	181490354	182618495	838	0.0832
57a669c7-179f-4c39-90a9-e169b95bcb13	1	182618910	197788606	8960	0.1347
57a669c7-179f-4c39-90a9-e169b95bcb13	1	197788716	197799377	4	-0.7508
57a669c7-179f-4c39-90a9-e169b95bcb13	1	197800410	199596882	1134	0.1799
57a669c7-179f-4c39-90a9-e169b95bcb13	1	199609538	206050479	4205	0.1282
57a669c7-179f-4c39-90a9-e169b95bcb13	1	206053799	206058126	3	-0.4838
57a669c7-179f-4c39-90a9-e169b95bcb13	1	206061689	206421552	41	0.0915
57a669c7-179f-4c39-90a9-e169b95bcb13	1	206421659	240195082	22707	-0.2247
57a669c7-179f-4c39-90a9-e169b95bcb13	1	240195123	240767564	453	-0.3006
57a669c7-179f-4c39-90a9-e169b95bcb13	1	240768099	247650984	3736	-0.226
57a669c7-179f-4c39-90a9-e169b95bcb13	2	480597	687775	187	0.6743
57a669c7-179f-4c39-90a9-e169b95bcb13	2	1912858	3595559	1079	0.4574
57a669c7-179f-4c39-90a9-e169b95bcb13	2	3598636	4243258	535	-0.1856
57a669c7-179f-4c39-90a9-e169b95bcb13	2	4243709	4709246	318	0.19
57a669c7-179f-4c39-90a9-e169b95bcb13	2	4711205	24658746	13480	-0.1859
57a669c7-179f-4c39-90a9-e169b95bcb13	2	24658797	40061447	8014	0.022
57a669c7-179f-4c39-90a9-e169b95bcb13	2	40061906	41937075	1249	0.1552
57a669c7-179f-4c39-90a9-e169b95bcb13	2	41939321	41942954	2	1.4849
57a669c7-179f-4c39-90a9-e169b95bcb13	2	41943593	45180603	1988	0.1495
57a669c7-179f-4c39-90a9-e169b95bcb13	2	45181130	47244521	1606	0.2078
57a669c7-179f-4c39-90a9-e169b95bcb13	2	47245206	53099642	3085	0.1329
57a669c7-179f-4c39-90a9-e169b95bcb13	2	53099753	56355252	1737	0.1877
57a669c7-179f-4c39-90a9-e169b95bcb13	2	56362015	64114391	4206	0.1404
57a669c7-179f-4c39-90a9-e169b95bcb13	2	64114589	65063781	532	0.3186
57a669c7-179f-4c39-90a9-e169b95bcb13	2	65067953	76147845	6684	0.1704
57a669c7-179f-4c39-90a9-e169b95bcb13	2	76148311	78617854	1405	0.259
57a669c7-179f-4c39-90a9-e169b95bcb13	2	78617923	96993641	5301	0.1462
57a669c7-179f-4c39-90a9-e169b95bcb13	2	96994606	99802986	1143	0.0947
57a669c7-179f-4c39-90a9-e169b95bcb13	2	99804475	121011263	11518	0.159
57a669c7-179f-4c39-90a9-e169b95bcb13	2	121012033	142091564	10680	-0.2208
57a669c7-179f-4c39-90a9-e169b95bcb13	2	142093694	144671745	1476	0.0532
57a669c7-179f-4c39-90a9-e169b95bcb13	2	144678817	214784699	39561	-0.1968
57a669c7-179f-4c39-90a9-e169b95bcb13	2	214787961	214974846	102	-0.483
57a669c7-179f-4c39-90a9-e169b95bcb13	2	214975264	220275526	3344	-0.1884
57a669c7-179f-4c39-90a9-e169b95bcb13	2	220276163	220324427	40	-0.5253
57a669c7-179f-4c39-90a9-e169b95bcb13	2	220324442	234506478	8677	-0.1944
57a669c7-179f-4c39-90a9-e169b95bcb13	2	234506917	241537572	4213	-0.4262
57a669c7-179f-4c39-90a9-e169b95bcb13	3	2170634	3596075	882	0.0894
57a669c7-179f-4c39-90a9-e169b95bcb13	3	3597099	6899757	1406	0.1484
57a669c7-179f-4c39-90a9-e169b95bcb13	3	6899986	6900056	2	-2.0843
57a669c7-179f-4c39-90a9-e169b95bcb13	3	6903269	11393131	3169	0.1421
57a669c7-179f-4c39-90a9-e169b95bcb13	3	11393605	15121070	2478	0.1067
57a669c7-179f-4c39-90a9-e169b95bcb13	3	15121692	16214034	708	0.167
57a669c7-179f-4c39-90a9-e169b95bcb13	3	16214049	16218397	7	-1.2516
57a669c7-179f-4c39-90a9-e169b95bcb13	3	16219913	21690622	3015	0.1354
57a669c7-179f-4c39-90a9-e169b95bcb13	3	21691453	21692851	4	0.982
57a669c7-179f-4c39-90a9-e169b95bcb13	3	21694791	28696859	3995	0.134
57a669c7-179f-4c39-90a9-e169b95bcb13	3	28698308	31367485	1899	0.1756
57a669c7-179f-4c39-90a9-e169b95bcb13	3	31368420	31368550	2	1.1432
57a669c7-179f-4c39-90a9-e169b95bcb13	3	31371143	31405479	42	0.1847
57a669c7-179f-4c39-90a9-e169b95bcb13	3	31405664	54896814	12880	0.1343
57a669c7-179f-4c39-90a9-e169b95bcb13	3	54900376	55676427	661	0.2199
57a669c7-179f-4c39-90a9-e169b95bcb13	3	55676664	61566418	2860	0.1421
57a669c7-179f-4c39-90a9-e169b95bcb13	3	61572044	62059364	344	-0.2432
57a669c7-179f-4c39-90a9-e169b95bcb13	3	62065400	66369532	3365	0.1723
57a669c7-179f-4c39-90a9-e169b95bcb13	3	66370899	67286017	637	0.6651
57a669c7-179f-4c39-90a9-e169b95bcb13	3	67286283	67286528	2	1.6514
57a669c7-179f-4c39-90a9-e169b95bcb13	3	67288979	71018377	2598	0.6615
57a669c7-179f-4c39-90a9-e169b95bcb13	3	71018952	71663798	419	0.5555
57a669c7-179f-4c39-90a9-e169b95bcb13	3	71669512	73382679	1250	0.6834
57a669c7-179f-4c39-90a9-e169b95bcb13	3	73384935	73740141	303	0.4725
57a669c7-179f-4c39-90a9-e169b95bcb13	3	73743450	74126416	307	0.6948
57a669c7-179f-4c39-90a9-e169b95bcb13	3	74126505	74725985	378	0.5996
57a669c7-179f-4c39-90a9-e169b95bcb13	3	74726346	79330925	2208	0.3823
57a669c7-179f-4c39-90a9-e169b95bcb13	3	79333303	79647270	176	0.1441
57a669c7-179f-4c39-90a9-e169b95bcb13	3	79651620	85171909	2839	-0.2378
57a669c7-179f-4c39-90a9-e169b95bcb13	3	85224056	85296469	34	0.1393
57a669c7-179f-4c39-90a9-e169b95bcb13	3	85296865	85371210	33	0.4407
57a669c7-179f-4c39-90a9-e169b95bcb13	3	85376363	88219817	1319	0.1226
57a669c7-179f-4c39-90a9-e169b95bcb13	3	88228129	88932032	379	0.4035
57a669c7-179f-4c39-90a9-e169b95bcb13	3	88932057	89584936	421	0.1276
57a669c7-179f-4c39-90a9-e169b95bcb13	3	89585671	94015345	257	0.3733
57a669c7-179f-4c39-90a9-e169b95bcb13	3	94015827	97980803	1967	0.127
57a669c7-179f-4c39-90a9-e169b95bcb13	3	97984267	101384520	1852	0.1758
57a669c7-179f-4c39-90a9-e169b95bcb13	3	101384826	101821794	190	0.1115
57a669c7-179f-4c39-90a9-e169b95bcb13	3	101822349	101969396	84	0.2051
57a669c7-179f-4c39-90a9-e169b95bcb13	3	101970192	104126297	1177	0.3751
57a669c7-179f-4c39-90a9-e169b95bcb13	3	104126506	116384564	7085	0.2897
57a669c7-179f-4c39-90a9-e169b95bcb13	3	116384623	122312972	3486	0.2359
57a669c7-179f-4c39-90a9-e169b95bcb13	3	122313281	122313589	2	-0.9515
57a669c7-179f-4c39-90a9-e169b95bcb13	3	122313942	123615629	803	0.241
57a669c7-179f-4c39-90a9-e169b95bcb13	3	123616747	125309805	1177	0.2881
57a669c7-179f-4c39-90a9-e169b95bcb13	3	125310901	131120608	3046	0.2283
57a669c7-179f-4c39-90a9-e169b95bcb13	3	131125689	134445313	2155	0.2879
57a669c7-179f-4c39-90a9-e169b95bcb13	3	134445503	137147167	1423	0.2429
57a669c7-179f-4c39-90a9-e169b95bcb13	3	137153231	141260079	2414	0.1338
57a669c7-179f-4c39-90a9-e169b95bcb13	3	141265484	141280709	20	-0.1899
57a669c7-179f-4c39-90a9-e169b95bcb13	3	141284407	156941199	8091	0.1539
57a669c7-179f-4c39-90a9-e169b95bcb13	3	156941291	157990146	657	0.3128
57a669c7-179f-4c39-90a9-e169b95bcb13	3	157991918	158000658	4	-0.4644
57a669c7-179f-4c39-90a9-e169b95bcb13	3	158000907	160752144	1496	0.2981
57a669c7-179f-4c39-90a9-e169b95bcb13	3	160752876	168397385	3350	0.2569
57a669c7-179f-4c39-90a9-e169b95bcb13	3	168397460	178252906	5109	0.2914
57a669c7-179f-4c39-90a9-e169b95bcb13	3	178254524	182058668	2105	0.2412
57a669c7-179f-4c39-90a9-e169b95bcb13	3	182062896	186156020	1824	0.2757
57a669c7-179f-4c39-90a9-e169b95bcb13	3	186157096	187273023	802	0.0891
57a669c7-179f-4c39-90a9-e169b95bcb13	3	187274284	192108269	3290	0.1515
57a669c7-179f-4c39-90a9-e169b95bcb13	3	192108466	197812401	2294	0.1062
57a669c7-179f-4c39-90a9-e169b95bcb13	4	1059384	3095877	781	0.3016
57a669c7-179f-4c39-90a9-e169b95bcb13	4	3097162	9686390	3582	0.3804
57a669c7-179f-4c39-90a9-e169b95bcb13	4	9686860	10075760	275	0.2878
57a669c7-179f-4c39-90a9-e169b95bcb13	4	10075781	13532746	2631	0.3819
57a669c7-179f-4c39-90a9-e169b95bcb13	4	13532784	20649884	4863	0.3139
57a669c7-179f-4c39-90a9-e169b95bcb13	4	20652912	25728999	3403	0.2755
57a669c7-179f-4c39-90a9-e169b95bcb13	4	25729125	33334481	4613	0.3277
57a669c7-179f-4c39-90a9-e169b95bcb13	4	33334623	45345507	6843	0.1884
57a669c7-179f-4c39-90a9-e169b95bcb13	4	45349669	46952951	741	0.1241
57a669c7-179f-4c39-90a9-e169b95bcb13	4	46953208	48067890	637	0.1969
57a669c7-179f-4c39-90a9-e169b95bcb13	4	51832470	53909058	1264	-0.016
57a669c7-179f-4c39-90a9-e169b95bcb13	4	53909604	54353318	320	-0.1882
57a669c7-179f-4c39-90a9-e169b95bcb13	4	54355243	66497502	7018	-0.2372
57a669c7-179f-4c39-90a9-e169b95bcb13	4	66498090	68329687	1029	-0.1731
57a669c7-179f-4c39-90a9-e169b95bcb13	4	68332686	74849045	3038	0.0008
57a669c7-179f-4c39-90a9-e169b95bcb13	4	74854196	80213948	3330	0.041
57a669c7-179f-4c39-90a9-e169b95bcb13	4	80213977	80304551	64	0.2621
57a669c7-179f-4c39-90a9-e169b95bcb13	4	80305257	80986488	326	0.0453
57a669c7-179f-4c39-90a9-e169b95bcb13	4	80990767	85207600	2562	0.0093
57a669c7-179f-4c39-90a9-e169b95bcb13	4	85208367	92410454	4161	-0.03
57a669c7-179f-4c39-90a9-e169b95bcb13	4	92411095	101185941	4908	0.1328
57a669c7-179f-4c39-90a9-e169b95bcb13	4	101189798	109564052	4601	-0.0274
57a669c7-179f-4c39-90a9-e169b95bcb13	4	109564469	116241609	3900	0.1626
57a669c7-179f-4c39-90a9-e169b95bcb13	4	116244089	139085447	12092	-0.2243
57a669c7-179f-4c39-90a9-e169b95bcb13	4	139085526	155834531	9484	-0.0215
57a669c7-179f-4c39-90a9-e169b95bcb13	4	155835683	158964695	1837	0.0146
57a669c7-179f-4c39-90a9-e169b95bcb13	4	158965520	169428815	5833	-0.0293
57a669c7-179f-4c39-90a9-e169b95bcb13	4	169436509	169656097	97	-0.0479
57a669c7-179f-4c39-90a9-e169b95bcb13	4	169656265	169656756	2	-1.2806
57a669c7-179f-4c39-90a9-e169b95bcb13	4	169657377	175836857	3292	-0.0558
57a669c7-179f-4c39-90a9-e169b95bcb13	4	175837335	183628364	4089	-0.0147
57a669c7-179f-4c39-90a9-e169b95bcb13	4	183629292	186808460	1305	-0.2407
57a669c7-179f-4c39-90a9-e169b95bcb13	4	186812596	187842528	585	-0.4964
57a669c7-179f-4c39-90a9-e169b95bcb13	5	913983	2149389	300	-0.0411
57a669c7-179f-4c39-90a9-e169b95bcb13	5	2150159	4335843	1851	-0.0859
57a669c7-179f-4c39-90a9-e169b95bcb13	5	4336045	5829718	1284	-0.0137
57a669c7-179f-4c39-90a9-e169b95bcb13	5	5830456	8153472	1783	-0.0542
57a669c7-179f-4c39-90a9-e169b95bcb13	5	8155141	16468697	5060	-0.011
57a669c7-179f-4c39-90a9-e169b95bcb13	5	16469306	29675982	6816	-0.0532
57a669c7-179f-4c39-90a9-e169b95bcb13	5	29676437	61345096	15589	-0.0186
57a669c7-179f-4c39-90a9-e169b95bcb13	5	61346520	61513758	85	-0.2375
57a669c7-179f-4c39-90a9-e169b95bcb13	5	61516379	133401369	38976	-0.0528
57a669c7-179f-4c39-90a9-e169b95bcb13	5	133403025	150752584	10612	-0.0302
57a669c7-179f-4c39-90a9-e169b95bcb13	5	150752662	151877694	767	0.1159
57a669c7-179f-4c39-90a9-e169b95bcb13	5	151877939	152190134	244	0.2241
57a669c7-179f-4c39-90a9-e169b95bcb13	5	152190586	152714995	355	0.0813
57a669c7-179f-4c39-90a9-e169b95bcb13	5	152717167	155461667	1757	0.2075
57a669c7-179f-4c39-90a9-e169b95bcb13	5	155461821	157237945	1147	-0.0237
57a669c7-179f-4c39-90a9-e169b95bcb13	5	157239340	161824613	3073	0.1654
57a669c7-179f-4c39-90a9-e169b95bcb13	5	161825421	166371872	2728	0.104
57a669c7-179f-4c39-90a9-e169b95bcb13	5	166373243	166837968	320	-0.0558
57a669c7-179f-4c39-90a9-e169b95bcb13	5	166840368	172890506	4125	-0.0018
57a669c7-179f-4c39-90a9-e169b95bcb13	5	172897555	179028494	3288	-0.0472
57a669c7-179f-4c39-90a9-e169b95bcb13	5	179028746	179914731	492	0.2252
57a669c7-179f-4c39-90a9-e169b95bcb13	5	179915960	179916729	2	-1.6827
57a669c7-179f-4c39-90a9-e169b95bcb13	5	179919466	180934240	474	0.2176
57a669c7-179f-4c39-90a9-e169b95bcb13	6	1011760	1286360	276	-0.2986
57a669c7-179f-4c39-90a9-e169b95bcb13	6	1286398	1289580	3	-1.6086
57a669c7-179f-4c39-90a9-e169b95bcb13	6	1289691	8606083	5351	-0.2426
57a669c7-179f-4c39-90a9-e169b95bcb13	6	8612885	8753140	95	0.1371
57a669c7-179f-4c39-90a9-e169b95bcb13	6	8753497	8755772	2	1.4562
57a669c7-179f-4c39-90a9-e169b95bcb13	6	8759477	39365340	17493	0.1621
57a669c7-179f-4c39-90a9-e169b95bcb13	6	39368148	39370659	4	-0.9514
57a669c7-179f-4c39-90a9-e169b95bcb13	6	39372115	43739237	2749	0.1216
57a669c7-179f-4c39-90a9-e169b95bcb13	6	43744110	47920713	2599	0.1792
57a669c7-179f-4c39-90a9-e169b95bcb13	6	47920964	55880670	4792	0.1285
57a669c7-179f-4c39-90a9-e169b95bcb13	6	55882170	57200709	709	0.2038
57a669c7-179f-4c39-90a9-e169b95bcb13	6	57208219	67690641	3363	0.1292
57a669c7-179f-4c39-90a9-e169b95bcb13	6	67700993	71783468	2274	-0.0395
57a669c7-179f-4c39-90a9-e169b95bcb13	6	71787663	72415828	404	0.2998
57a669c7-179f-4c39-90a9-e169b95bcb13	6	72416056	72555590	86	0.1139
57a669c7-179f-4c39-90a9-e169b95bcb13	6	72576304	72692720	71	1.1296
57a669c7-179f-4c39-90a9-e169b95bcb13	6	72695608	72966618	206	0.8855
57a669c7-179f-4c39-90a9-e169b95bcb13	6	72969051	75680361	1571	1.0056
57a669c7-179f-4c39-90a9-e169b95bcb13	6	75687173	77563804	1102	0.8967
57a669c7-179f-4c39-90a9-e169b95bcb13	6	77568404	79083416	723	1.01
57a669c7-179f-4c39-90a9-e169b95bcb13	6	79085421	79781011	288	0.8011
57a669c7-179f-4c39-90a9-e169b95bcb13	6	79781078	79866702	61	0.9882
57a669c7-179f-4c39-90a9-e169b95bcb13	6	79867027	82189980	1349	0.6024
57a669c7-179f-4c39-90a9-e169b95bcb13	6	82190470	82256502	19	0.4862
57a669c7-179f-4c39-90a9-e169b95bcb13	6	82262379	86425124	2338	0.3523
57a669c7-179f-4c39-90a9-e169b95bcb13	6	86425459	87360793	522	0.4673
57a669c7-179f-4c39-90a9-e169b95bcb13	6	87360889	90178232	1733	-0.0501
57a669c7-179f-4c39-90a9-e169b95bcb13	6	90179558	92497073	1452	0.1399
57a669c7-179f-4c39-90a9-e169b95bcb13	6	92498350	94616288	887	-0.034
57a669c7-179f-4c39-90a9-e169b95bcb13	6	94617621	170596889	44623	-0.2297
57a669c7-179f-4c39-90a9-e169b95bcb13	7	664936	4679257	1570	0.1176
57a669c7-179f-4c39-90a9-e169b95bcb13	7	4684691	4684934	2	-0.9414
57a669c7-179f-4c39-90a9-e169b95bcb13	7	4686601	6416236	600	0.0995
57a669c7-179f-4c39-90a9-e169b95bcb13	7	6422572	6423015	3	-1.0914
57a669c7-179f-4c39-90a9-e169b95bcb13	7	6423420	47439225	25220	0.131
57a669c7-179f-4c39-90a9-e169b95bcb13	7	47439737	48830975	889	0.6303
57a669c7-179f-4c39-90a9-e169b95bcb13	7	48831323	50508460	1146	0.5031
57a669c7-179f-4c39-90a9-e169b95bcb13	7	50509205	50641953	126	0.3938
57a669c7-179f-4c39-90a9-e169b95bcb13	7	50644575	50949771	268	0.2891
57a669c7-179f-4c39-90a9-e169b95bcb13	7	50950315	51014665	52	0.1076
57a669c7-179f-4c39-90a9-e169b95bcb13	7	51015843	51320391	203	-0.0687
57a669c7-179f-4c39-90a9-e169b95bcb13	7	51324906	54298235	2044	0.0962
57a669c7-179f-4c39-90a9-e169b95bcb13	7	54298796	55450354	933	0.1503
57a669c7-179f-4c39-90a9-e169b95bcb13	7	55453290	64993644	982	0.0772
57a669c7-179f-4c39-90a9-e169b95bcb13	7	64994521	65714988	23	-0.2221
57a669c7-179f-4c39-90a9-e169b95bcb13	7	65718529	67629482	624	0.1167
57a669c7-179f-4c39-90a9-e169b95bcb13	7	67629513	68008582	257	0.3437
57a669c7-179f-4c39-90a9-e169b95bcb13	7	68008844	68392436	244	0.0592
57a669c7-179f-4c39-90a9-e169b95bcb13	7	68393051	69919673	939	0.3786
57a669c7-179f-4c39-90a9-e169b95bcb13	7	69920779	70723350	506	0.1532
57a669c7-179f-4c39-90a9-e169b95bcb13	7	70723389	70749379	16	0.5085
57a669c7-179f-4c39-90a9-e169b95bcb13	7	70750238	72332659	879	0.0972
57a669c7-179f-4c39-90a9-e169b95bcb13	7	72338307	77705235	1414	-0.2412
57a669c7-179f-4c39-90a9-e169b95bcb13	7	77711940	77904161	88	0.1361
57a669c7-179f-4c39-90a9-e169b95bcb13	7	77904714	78253061	298	-0.224
57a669c7-179f-4c39-90a9-e169b95bcb13	7	78256947	80083757	1183	0.173
57a669c7-179f-4c39-90a9-e169b95bcb13	7	80090555	80503931	279	-0.2302
57a669c7-179f-4c39-90a9-e169b95bcb13	7	80507409	80650876	98	0.1833
57a669c7-179f-4c39-90a9-e169b95bcb13	7	80651310	81133814	320	0.4857
57a669c7-179f-4c39-90a9-e169b95bcb13	7	81135199	81188597	39	0.1894
57a669c7-179f-4c39-90a9-e169b95bcb13	7	81189979	82626501	827	-0.1907
57a669c7-179f-4c39-90a9-e169b95bcb13	7	82626514	82725949	53	0.1855
57a669c7-179f-4c39-90a9-e169b95bcb13	7	82726532	82746056	18	-0.2099
57a669c7-179f-4c39-90a9-e169b95bcb13	7	82746252	82746832	5	-0.8872
57a669c7-179f-4c39-90a9-e169b95bcb13	7	82753141	83269493	318	-0.2302
57a669c7-179f-4c39-90a9-e169b95bcb13	7	83273308	87562281	2459	0.1496
57a669c7-179f-4c39-90a9-e169b95bcb13	7	87564281	95968630	3981	-0.2088
57a669c7-179f-4c39-90a9-e169b95bcb13	7	95968645	102386347	2844	-0.2589
57a669c7-179f-4c39-90a9-e169b95bcb13	7	102391220	134865320	17638	-0.2149
57a669c7-179f-4c39-90a9-e169b95bcb13	7	134865368	134945333	54	-0.4942
57a669c7-179f-4c39-90a9-e169b95bcb13	7	134945891	141144103	3679	-0.2179
57a669c7-179f-4c39-90a9-e169b95bcb13	7	141147869	144872281	1518	-0.4955
57a669c7-179f-4c39-90a9-e169b95bcb13	7	144874725	146284278	763	-0.2601
57a669c7-179f-4c39-90a9-e169b95bcb13	7	146291409	147472183	671	-0.0449
57a669c7-179f-4c39-90a9-e169b95bcb13	7	147488245	158592540	5835	-0.5002
57a669c7-179f-4c39-90a9-e169b95bcb13	8	667625	1303601	203	-0.8203
57a669c7-179f-4c39-90a9-e169b95bcb13	8	1303680	1303819	2	-4.1742
57a669c7-179f-4c39-90a9-e169b95bcb13	8	1309780	2166022	572	-0.8315
57a669c7-179f-4c39-90a9-e169b95bcb13	8	2849664	5312688	1768	-0.4814
57a669c7-179f-4c39-90a9-e169b95bcb13	8	5312733	12998899	2918	-0.2689
57a669c7-179f-4c39-90a9-e169b95bcb13	8	13003413	33996421	14727	-0.2378
57a669c7-179f-4c39-90a9-e169b95bcb13	8	33997132	36649662	1268	-0.2658
57a669c7-179f-4c39-90a9-e169b95bcb13	8	36652877	41070077	2451	-0.0231
57a669c7-179f-4c39-90a9-e169b95bcb13	8	41075516	42332260	852	-0.2324
57a669c7-179f-4c39-90a9-e169b95bcb13	8	42332633	42336024	2	0.7681
57a669c7-179f-4c39-90a9-e169b95bcb13	8	42341917	43080575	319	-0.2409
57a669c7-179f-4c39-90a9-e169b95bcb13	8	46547532	46575536	17	-0.0114
57a669c7-179f-4c39-90a9-e169b95bcb13	8	46575802	48163631	603	0.124
57a669c7-179f-4c39-90a9-e169b95bcb13	8	48172237	49496321	750	0.1983
57a669c7-179f-4c39-90a9-e169b95bcb13	8	49496839	55316126	3380	0.1428
57a669c7-179f-4c39-90a9-e169b95bcb13	8	55318499	56524867	602	0.0814
57a669c7-179f-4c39-90a9-e169b95bcb13	8	56528451	62918735	4171	0.1464
57a669c7-179f-4c39-90a9-e169b95bcb13	8	62919115	64735863	931	0.0929
57a669c7-179f-4c39-90a9-e169b95bcb13	8	64737465	73026578	4871	0.1465
57a669c7-179f-4c39-90a9-e169b95bcb13	8	73026726	74858348	1191	0.3087
57a669c7-179f-4c39-90a9-e169b95bcb13	8	74859769	75645419	394	-0.0273
57a669c7-179f-4c39-90a9-e169b95bcb13	8	75649548	76053194	233	0.3164
57a669c7-179f-4c39-90a9-e169b95bcb13	8	76053675	77755331	960	-0.0096
57a669c7-179f-4c39-90a9-e169b95bcb13	8	77757200	78771844	509	-0.2165
57a669c7-179f-4c39-90a9-e169b95bcb13	8	78772959	78774001	2	-1.3827
57a669c7-179f-4c39-90a9-e169b95bcb13	8	78774227	79393695	328	-0.1999
57a669c7-179f-4c39-90a9-e169b95bcb13	8	79393941	79642297	154	-0.0214
57a669c7-179f-4c39-90a9-e169b95bcb13	8	79643784	80898500	661	-0.2311
57a669c7-179f-4c39-90a9-e169b95bcb13	8	80899580	85865384	2586	-0.0439
57a669c7-179f-4c39-90a9-e169b95bcb13	8	85865851	94711048	4986	-0.0131
57a669c7-179f-4c39-90a9-e169b95bcb13	8	94714512	94714832	2	-1.4501
57a669c7-179f-4c39-90a9-e169b95bcb13	8	94717275	98151642	2213	-0.0159
57a669c7-179f-4c39-90a9-e169b95bcb13	8	98152447	98154668	2	-1.4912
57a669c7-179f-4c39-90a9-e169b95bcb13	8	98155095	108249551	5576	-0.0194
57a669c7-179f-4c39-90a9-e169b95bcb13	8	108249653	115235387	3525	-0.0653
57a669c7-179f-4c39-90a9-e169b95bcb13	8	115235706	134510420	13440	-0.0164
57a669c7-179f-4c39-90a9-e169b95bcb13	8	134510678	144003619	4996	-0.0622
57a669c7-179f-4c39-90a9-e169b95bcb13	8	144008157	144182542	49	-0.8252
57a669c7-179f-4c39-90a9-e169b95bcb13	9	789794	919694	139	0.1049
57a669c7-179f-4c39-90a9-e169b95bcb13	9	921597	7802916	4171	0.1805
57a669c7-179f-4c39-90a9-e169b95bcb13	9	7804131	12637846	2085	0.1333
57a669c7-179f-4c39-90a9-e169b95bcb13	9	12642366	15738449	2368	0.1774
57a669c7-179f-4c39-90a9-e169b95bcb13	9	15739133	16690027	859	0.2366
57a669c7-179f-4c39-90a9-e169b95bcb13	9	16693218	23028388	4726	0.1747
57a669c7-179f-4c39-90a9-e169b95bcb13	9	23028724	27154619	2459	0.1182
57a669c7-179f-4c39-90a9-e169b95bcb13	9	27154849	68429974	6793	0.1581
57a669c7-179f-4c39-90a9-e169b95bcb13	9	68430606	75803432	5078	0.1181
57a669c7-179f-4c39-90a9-e169b95bcb13	9	75803663	79486532	2708	0.203
57a669c7-179f-4c39-90a9-e169b95bcb13	9	79488355	91000100	7995	0.1581
57a669c7-179f-4c39-90a9-e169b95bcb13	9	91000307	99525162	5288	0.1948
57a669c7-179f-4c39-90a9-e169b95bcb13	9	99526419	111570485	8056	0.1656
57a669c7-179f-4c39-90a9-e169b95bcb13	9	111570854	111571024	2	-0.9713
57a669c7-179f-4c39-90a9-e169b95bcb13	9	111576361	113502595	1066	0.1677
57a669c7-179f-4c39-90a9-e169b95bcb13	9	113502808	117270107	2795	0.1958
57a669c7-179f-4c39-90a9-e169b95bcb13	9	117270488	118763992	1038	0.1144
57a669c7-179f-4c39-90a9-e169b95bcb13	9	118766019	121863607	2254	0.163
57a669c7-179f-4c39-90a9-e169b95bcb13	9	121867653	130519006	4836	0.1218
57a669c7-179f-4c39-90a9-e169b95bcb13	9	130519053	133963127	2307	0.0781
57a669c7-179f-4c39-90a9-e169b95bcb13	9	133963246	134800936	368	0.5778
57a669c7-179f-4c39-90a9-e169b95bcb13	9	134806861	136675124	733	0.1194
57a669c7-179f-4c39-90a9-e169b95bcb13	9	136681377	138044505	363	0.26
57a669c7-179f-4c39-90a9-e169b95bcb13	10	366509	26528020	18540	-0.3156
57a669c7-179f-4c39-90a9-e169b95bcb13	10	26528584	29585175	2042	-0.2513
57a669c7-179f-4c39-90a9-e169b95bcb13	10	29585631	29719921	108	-0.3171
57a669c7-179f-4c39-90a9-e169b95bcb13	10	29719972	33283908	2437	0.1513
57a669c7-179f-4c39-90a9-e169b95bcb13	10	33285477	33592597	245	-0.1815
57a669c7-179f-4c39-90a9-e169b95bcb13	10	33594156	34725528	767	0.1552
57a669c7-179f-4c39-90a9-e169b95bcb13	10	34729183	36441766	952	-0.2296
57a669c7-179f-4c39-90a9-e169b95bcb13	10	36442348	36443001	3	-1.1429
57a669c7-179f-4c39-90a9-e169b95bcb13	10	36446036	36632160	117	-0.2049
57a669c7-179f-4c39-90a9-e169b95bcb13	10	36632572	48243126	3287	0.098
57a669c7-179f-4c39-90a9-e169b95bcb13	10	48245050	49665982	1125	-0.2618
57a669c7-179f-4c39-90a9-e169b95bcb13	10	49667456	52840753	1642	-0.1999
57a669c7-179f-4c39-90a9-e169b95bcb13	10	52841164	52912862	73	0.1069
57a669c7-179f-4c39-90a9-e169b95bcb13	10	52917628	52927071	12	-0.3592
57a669c7-179f-4c39-90a9-e169b95bcb13	10	52929910	53080817	136	0.1234
57a669c7-179f-4c39-90a9-e169b95bcb13	10	53088478	53581993	263	-0.0515
57a669c7-179f-4c39-90a9-e169b95bcb13	10	53582320	54006053	227	-0.2294
57a669c7-179f-4c39-90a9-e169b95bcb13	10	54006668	54344361	285	-0.044
57a669c7-179f-4c39-90a9-e169b95bcb13	10	54348301	54545055	166	-0.4518
57a669c7-179f-4c39-90a9-e169b95bcb13	10	54550065	56277805	543	-0.0721
57a669c7-179f-4c39-90a9-e169b95bcb13	10	56280490	56310912	19	-0.5356
57a669c7-179f-4c39-90a9-e169b95bcb13	10	56315324	56440432	67	-0.0471
57a669c7-179f-4c39-90a9-e169b95bcb13	10	56449696	57679501	736	0.2297
57a669c7-179f-4c39-90a9-e169b95bcb13	10	57679562	59745163	1461	-0.0067
57a669c7-179f-4c39-90a9-e169b95bcb13	10	59747256	63978722	2781	-0.0605
57a669c7-179f-4c39-90a9-e169b95bcb13	10	63978823	64011133	25	0.1856
57a669c7-179f-4c39-90a9-e169b95bcb13	10	64011242	64686703	407	-0.0565
57a669c7-179f-4c39-90a9-e169b95bcb13	10	64686748	65949828	886	0.253
57a669c7-179f-4c39-90a9-e169b95bcb13	10	65950324	71305338	2936	0.0954
57a669c7-179f-4c39-90a9-e169b95bcb13	10	71305382	71308949	2	-1.4029
57a669c7-179f-4c39-90a9-e169b95bcb13	10	71312324	75363007	1986	0.0904
57a669c7-179f-4c39-90a9-e169b95bcb13	10	75363893	80270346	3202	0.1311
57a669c7-179f-4c39-90a9-e169b95bcb13	10	80270610	81721484	962	0.0528
57a669c7-179f-4c39-90a9-e169b95bcb13	10	81724759	82140463	334	-0.1362
57a669c7-179f-4c39-90a9-e169b95bcb13	10	82140683	83462268	929	-0.0844
57a669c7-179f-4c39-90a9-e169b95bcb13	10	83465521	83465598	2	1.0668
57a669c7-179f-4c39-90a9-e169b95bcb13	10	83466121	87108914	2497	-0.0868
57a669c7-179f-4c39-90a9-e169b95bcb13	10	87116095	91687007	2958	-0.0519
57a669c7-179f-4c39-90a9-e169b95bcb13	10	91688106	97138024	3062	-0.0943
57a669c7-179f-4c39-90a9-e169b95bcb13	10	97139357	97141125	3	-1.4952
57a669c7-179f-4c39-90a9-e169b95bcb13	10	97141152	103934399	3601	-0.0971
57a669c7-179f-4c39-90a9-e169b95bcb13	10	103934543	111056633	4702	-0.0575
57a669c7-179f-4c39-90a9-e169b95bcb13	10	111056795	128081877	12256	-0.0917
57a669c7-179f-4c39-90a9-e169b95bcb13	10	128084846	133411599	2482	-0.134
57a669c7-179f-4c39-90a9-e169b95bcb13	11	456012	1476554	292	-0.0512
57a669c7-179f-4c39-90a9-e169b95bcb13	11	1476933	21504897	13329	-0.2298
57a669c7-179f-4c39-90a9-e169b95bcb13	11	21506135	35114315	8676	0.1553
57a669c7-179f-4c39-90a9-e169b95bcb13	11	35114361	36591572	1146	0.2132
57a669c7-179f-4c39-90a9-e169b95bcb13	11	36591870	36919576	251	0.1339
57a669c7-179f-4c39-90a9-e169b95bcb13	11	36927497	37646530	22	-0.2795
57a669c7-179f-4c39-90a9-e169b95bcb13	11	37650304	56244856	6936	0.0703
57a669c7-179f-4c39-90a9-e169b95bcb13	11	56246322	60782697	2578	-0.2261
57a669c7-179f-4c39-90a9-e169b95bcb13	11	60788745	61165678	258	0.4405
57a669c7-179f-4c39-90a9-e169b95bcb13	11	61168506	64724646	1607	-0.2611
57a669c7-179f-4c39-90a9-e169b95bcb13	11	64734601	65903039	35	0.3934
57a669c7-179f-4c39-90a9-e169b95bcb13	11	65906669	67180162	488	0.1094
57a669c7-179f-4c39-90a9-e169b95bcb13	11	67182158	115066651	28562	-0.2807
57a669c7-179f-4c39-90a9-e169b95bcb13	11	115066841	121602889	4596	-0.3146
57a669c7-179f-4c39-90a9-e169b95bcb13	11	121602943	134272740	8745	-0.2761
57a669c7-179f-4c39-90a9-e169b95bcb13	12	780472	1132744	175	-0.481
57a669c7-179f-4c39-90a9-e169b95bcb13	12	1135059	13561429	7019	-0.0342
57a669c7-179f-4c39-90a9-e169b95bcb13	12	13561629	24508427	6849	0.1447
57a669c7-179f-4c39-90a9-e169b95bcb13	12	24509182	25361010	471	0.41
57a669c7-179f-4c39-90a9-e169b95bcb13	12	25361663	33368216	5212	0.157
57a669c7-179f-4c39-90a9-e169b95bcb13	12	38827290	40421851	860	0.4184
57a669c7-179f-4c39-90a9-e169b95bcb13	12	40421876	40422245	7	-0.3023
57a669c7-179f-4c39-90a9-e169b95bcb13	12	40422323	40686693	185	0.4119
57a669c7-179f-4c39-90a9-e169b95bcb13	12	40688597	48092932	4133	0.5716
57a669c7-179f-4c39-90a9-e169b95bcb13	12	48094187	51299573	1518	0.513
57a669c7-179f-4c39-90a9-e169b95bcb13	12	51300372	52981050	1052	0.5731
57a669c7-179f-4c39-90a9-e169b95bcb13	12	52983361	52984569	2	-1.1584
57a669c7-179f-4c39-90a9-e169b95bcb13	12	52989863	53417521	130	0.5269
57a669c7-179f-4c39-90a9-e169b95bcb13	12	53424172	53531587	54	0.9971
57a669c7-179f-4c39-90a9-e169b95bcb13	12	53537494	66937190	7770	-0.0535
57a669c7-179f-4c39-90a9-e169b95bcb13	12	66939178	108879591	26377	0.1358
57a669c7-179f-4c39-90a9-e169b95bcb13	12	108880705	116120584	4156	0.1039
57a669c7-179f-4c39-90a9-e169b95bcb13	12	116121111	116224214	54	-0.1408
57a669c7-179f-4c39-90a9-e169b95bcb13	12	116224782	124270923	4374	0.0973
57a669c7-179f-4c39-90a9-e169b95bcb13	12	124271746	127702330	2392	0.145
57a669c7-179f-4c39-90a9-e169b95bcb13	12	127705740	132605822	1566	0.0854
57a669c7-179f-4c39-90a9-e169b95bcb13	13	18874255	19545013	365	0.1692
57a669c7-179f-4c39-90a9-e169b95bcb13	13	19553745	20045886	43	0.3431
57a669c7-179f-4c39-90a9-e169b95bcb13	13	20049376	20546665	108	-0.2145
57a669c7-179f-4c39-90a9-e169b95bcb13	13	20547184	23290723	1759	-0.0031
57a669c7-179f-4c39-90a9-e169b95bcb13	13	23290883	23337609	34	0.1377
57a669c7-179f-4c39-90a9-e169b95bcb13	13	23338093	25359244	912	-0.1908
57a669c7-179f-4c39-90a9-e169b95bcb13	13	25359269	25472920	78	0.0023
57a669c7-179f-4c39-90a9-e169b95bcb13	13	25473005	25568322	72	0.2934
57a669c7-179f-4c39-90a9-e169b95bcb13	13	25570758	25658152	49	-0.078
57a669c7-179f-4c39-90a9-e169b95bcb13	13	25658172	25722277	58	0.1827
57a669c7-179f-4c39-90a9-e169b95bcb13	13	25725041	25766671	36	-0.1909
57a669c7-179f-4c39-90a9-e169b95bcb13	13	25766841	29111013	2415	0.1445
57a669c7-179f-4c39-90a9-e169b95bcb13	13	29111419	32325889	2243	0.2055
57a669c7-179f-4c39-90a9-e169b95bcb13	13	32326012	32397168	134	0.0036
57a669c7-179f-4c39-90a9-e169b95bcb13	13	32397255	33243092	515	0.209
57a669c7-179f-4c39-90a9-e169b95bcb13	13	33243145	34382939	829	0.0501
57a669c7-179f-4c39-90a9-e169b95bcb13	13	34382991	35276113	493	0.1856
57a669c7-179f-4c39-90a9-e169b95bcb13	13	35279819	35490025	98	0.0435
57a669c7-179f-4c39-90a9-e169b95bcb13	13	35498592	35772414	230	-0.1925
57a669c7-179f-4c39-90a9-e169b95bcb13	13	35772825	35775066	4	-1.2587
57a669c7-179f-4c39-90a9-e169b95bcb13	13	35780106	37065825	921	-0.1836
57a669c7-179f-4c39-90a9-e169b95bcb13	13	37071542	37621159	378	0.2336
57a669c7-179f-4c39-90a9-e169b95bcb13	13	37621293	37663735	41	-0.3694
57a669c7-179f-4c39-90a9-e169b95bcb13	13	37669329	37977081	216	0.176
57a669c7-179f-4c39-90a9-e169b95bcb13	13	37977359	38208991	155	0.4727
57a669c7-179f-4c39-90a9-e169b95bcb13	13	38209476	38217681	6	0.2737
57a669c7-179f-4c39-90a9-e169b95bcb13	13	38217714	38258508	36	-0.095
57a669c7-179f-4c39-90a9-e169b95bcb13	13	38260790	38362251	51	0.3203
57a669c7-179f-4c39-90a9-e169b95bcb13	13	38362753	38558053	113	-0.086
57a669c7-179f-4c39-90a9-e169b95bcb13	13	38560579	40483006	1472	-0.4012
57a669c7-179f-4c39-90a9-e169b95bcb13	13	40483204	40513375	23	0.2018
57a669c7-179f-4c39-90a9-e169b95bcb13	13	40516855	59527181	9947	-0.4069
57a669c7-179f-4c39-90a9-e169b95bcb13	13	59527604	60323815	458	-0.1706
57a669c7-179f-4c39-90a9-e169b95bcb13	13	60324584	60850890	316	-0.4161
57a669c7-179f-4c39-90a9-e169b95bcb13	13	60851525	61030602	129	-0.2121
57a669c7-179f-4c39-90a9-e169b95bcb13	13	61038606	62465548	755	-0.3939
57a669c7-179f-4c39-90a9-e169b95bcb13	13	62467184	62802717	131	-0.1345
57a669c7-179f-4c39-90a9-e169b95bcb13	13	62802811	73838059	5779	-0.4033
57a669c7-179f-4c39-90a9-e169b95bcb13	13	73838125	73838158	2	-1.9704
57a669c7-179f-4c39-90a9-e169b95bcb13	13	73842492	84332193	6569	-0.3921
57a669c7-179f-4c39-90a9-e169b95bcb13	13	84337981	93451283	5386	-0.169
57a669c7-179f-4c39-90a9-e169b95bcb13	13	93455859	93595881	121	-0.3848
57a669c7-179f-4c39-90a9-e169b95bcb13	13	93600364	93794627	152	-0.145
57a669c7-179f-4c39-90a9-e169b95bcb13	13	93798055	93834329	10	-0.4237
57a669c7-179f-4c39-90a9-e169b95bcb13	13	93835470	94833397	694	0.0295
57a669c7-179f-4c39-90a9-e169b95bcb13	13	94834421	95570277	503	0.3111
57a669c7-179f-4c39-90a9-e169b95bcb13	13	95570936	97429839	1009	0.4297
57a669c7-179f-4c39-90a9-e169b95bcb13	13	97433744	97798210	234	0.3344
57a669c7-179f-4c39-90a9-e169b95bcb13	13	97800307	97912036	72	-0.1397
57a669c7-179f-4c39-90a9-e169b95bcb13	13	97918508	100148923	1483	0.1884
57a669c7-179f-4c39-90a9-e169b95bcb13	13	100157551	100457432	153	0.3171
57a669c7-179f-4c39-90a9-e169b95bcb13	13	100460111	100467252	10	0.0363
57a669c7-179f-4c39-90a9-e169b95bcb13	13	100471323	101168061	517	0.5596
57a669c7-179f-4c39-90a9-e169b95bcb13	13	101168107	101537124	300	1.1322
57a669c7-179f-4c39-90a9-e169b95bcb13	13	101538988	102880951	1053	0.5345
57a669c7-179f-4c39-90a9-e169b95bcb13	13	102883544	103924198	875	0.1597
57a669c7-179f-4c39-90a9-e169b95bcb13	13	103926625	105997744	1100	-0.0019
57a669c7-179f-4c39-90a9-e169b95bcb13	13	105998208	105998336	2	-1.2922
57a669c7-179f-4c39-90a9-e169b95bcb13	13	105998395	110887379	3795	-0.0157
57a669c7-179f-4c39-90a9-e169b95bcb13	13	110890696	111365462	249	0.3826
57a669c7-179f-4c39-90a9-e169b95bcb13	13	111366426	111394747	30	-0.2489
57a669c7-179f-4c39-90a9-e169b95bcb13	13	111395049	114226675	1240	0.1863
57a669c7-179f-4c39-90a9-e169b95bcb13	14	20033191	23473326	1196	-0.2431
57a669c7-179f-4c39-90a9-e169b95bcb13	14	23477555	23816866	233	0.1065
57a669c7-179f-4c39-90a9-e169b95bcb13	14	23820270	24416130	292	-0.2343
57a669c7-179f-4c39-90a9-e169b95bcb13	14	24416400	25659742	836	0.1215
57a669c7-179f-4c39-90a9-e169b95bcb13	14	25660122	27764475	1188	-0.2495
57a669c7-179f-4c39-90a9-e169b95bcb13	14	27765828	28538089	364	0.1205
57a669c7-179f-4c39-90a9-e169b95bcb13	14	28541106	28663290	102	0.4595
57a669c7-179f-4c39-90a9-e169b95bcb13	14	28665831	53265215	13361	-0.2224
57a669c7-179f-4c39-90a9-e169b95bcb13	14	53303926	53614775	258	0.1669
57a669c7-179f-4c39-90a9-e169b95bcb13	14	53615490	53689372	54	-0.1943
57a669c7-179f-4c39-90a9-e169b95bcb13	14	53689726	55592718	1232	0.1617
57a669c7-179f-4c39-90a9-e169b95bcb13	14	55593003	56749196	880	0.3726
57a669c7-179f-4c39-90a9-e169b95bcb13	14	56752662	58096976	918	0.1344
57a669c7-179f-4c39-90a9-e169b95bcb13	14	58102496	58148474	28	-0.1741
57a669c7-179f-4c39-90a9-e169b95bcb13	14	58149645	58642807	194	0.1252
57a669c7-179f-4c39-90a9-e169b95bcb13	14	58645757	59486133	649	0.1959
57a669c7-179f-4c39-90a9-e169b95bcb13	14	59486183	59707662	116	0.116
57a669c7-179f-4c39-90a9-e169b95bcb13	14	59712445	67862324	4713	-0.2138
57a669c7-179f-4c39-90a9-e169b95bcb13	14	67866771	70261377	1491	0.1537
57a669c7-179f-4c39-90a9-e169b95bcb13	14	70266713	81045126	6862	-0.2287
57a669c7-179f-4c39-90a9-e169b95bcb13	14	81050901	81063442	12	0.4056
57a669c7-179f-4c39-90a9-e169b95bcb13	14	81066926	82846795	1135	-0.2373
57a669c7-179f-4c39-90a9-e169b95bcb13	14	82846848	88387048	3551	0.4088
57a669c7-179f-4c39-90a9-e169b95bcb13	14	88399359	88515226	54	0.1256
57a669c7-179f-4c39-90a9-e169b95bcb13	14	88516714	89046243	122	-0.2442
57a669c7-179f-4c39-90a9-e169b95bcb13	14	89046937	89546219	370	0.1528
57a669c7-179f-4c39-90a9-e169b95bcb13	14	89552314	89939229	262	-0.2186
57a669c7-179f-4c39-90a9-e169b95bcb13	14	89939658	89949175	8	-0.6209
57a669c7-179f-4c39-90a9-e169b95bcb13	14	89950127	90332551	211	-0.2457
57a669c7-179f-4c39-90a9-e169b95bcb13	14	90336797	92791148	1517	0.1158
57a669c7-179f-4c39-90a9-e169b95bcb13	14	92795437	94694004	1282	-0.2461
57a669c7-179f-4c39-90a9-e169b95bcb13	14	94697031	96725282	1521	0.2974
57a669c7-179f-4c39-90a9-e169b95bcb13	14	96725676	97958003	905	0.1208
57a669c7-179f-4c39-90a9-e169b95bcb13	14	97958364	101380408	2264	0.2837
57a669c7-179f-4c39-90a9-e169b95bcb13	14	101384339	103755167	1096	0.5615
57a669c7-179f-4c39-90a9-e169b95bcb13	14	103756555	105275018	424	0.4531
57a669c7-179f-4c39-90a9-e169b95bcb13	14	105275322	105533894	72	0.3755
57a669c7-179f-4c39-90a9-e169b95bcb13	15	23437561	26034382	1452	0.1006
57a669c7-179f-4c39-90a9-e169b95bcb13	15	26037437	26061714	16	0.4467
57a669c7-179f-4c39-90a9-e169b95bcb13	15	26063652	30969533	1337	0.0759
57a669c7-179f-4c39-90a9-e169b95bcb13	15	30970843	40356548	5752	0.1431
57a669c7-179f-4c39-90a9-e169b95bcb13	15	40357728	47849277	3811	0.1125
57a669c7-179f-4c39-90a9-e169b95bcb13	15	47849747	52728650	2880	0.1492
57a669c7-179f-4c39-90a9-e169b95bcb13	15	52732263	55721431	2125	0.0948
57a669c7-179f-4c39-90a9-e169b95bcb13	15	55724322	57898650	1204	0.1515
57a669c7-179f-4c39-90a9-e169b95bcb13	15	57898689	60348816	1724	0.0995
57a669c7-179f-4c39-90a9-e169b95bcb13	15	60350543	60350968	4	-0.845
57a669c7-179f-4c39-90a9-e169b95bcb13	15	60351399	60495324	89	0.1661
57a669c7-179f-4c39-90a9-e169b95bcb13	15	60500743	60962686	400	0.0156
57a669c7-179f-4c39-90a9-e169b95bcb13	15	60962765	83056208	13049	0.1114
57a669c7-179f-4c39-90a9-e169b95bcb13	15	83057427	83057515	2	-1.4077
57a669c7-179f-4c39-90a9-e169b95bcb13	15	83058667	87613752	2430	0.1083
57a669c7-179f-4c39-90a9-e169b95bcb13	15	87614230	88267943	476	0.1814
57a669c7-179f-4c39-90a9-e169b95bcb13	15	88268099	94357138	3695	0.1047
57a669c7-179f-4c39-90a9-e169b95bcb13	15	94358004	94571174	53	0.0606
57a669c7-179f-4c39-90a9-e169b95bcb13	15	94572764	94572860	2	-0.9615
57a669c7-179f-4c39-90a9-e169b95bcb13	15	94575036	95374439	634	0.0836
57a669c7-179f-4c39-90a9-e169b95bcb13	15	95378711	95378910	2	-0.9009
57a669c7-179f-4c39-90a9-e169b95bcb13	15	95379766	98821701	2412	0.0752
57a669c7-179f-4c39-90a9-e169b95bcb13	15	98822423	101192909	1140	0.1256
57a669c7-179f-4c39-90a9-e169b95bcb13	15	101193006	101344124	94	-0.1801
57a669c7-179f-4c39-90a9-e169b95bcb13	16	603333	848688	34	0.4494
57a669c7-179f-4c39-90a9-e169b95bcb13	16	850208	4869332	1525	0.2538
57a669c7-179f-4c39-90a9-e169b95bcb13	16	4869595	5476707	384	0.4061
57a669c7-179f-4c39-90a9-e169b95bcb13	16	5477410	6225458	596	-0.0562
57a669c7-179f-4c39-90a9-e169b95bcb13	16	6228504	7363392	274	0.2395
57a669c7-179f-4c39-90a9-e169b95bcb13	16	7363534	7662414	346	0.1077
57a669c7-179f-4c39-90a9-e169b95bcb13	16	7662977	8544984	621	0.2626
57a669c7-179f-4c39-90a9-e169b95bcb13	16	8545072	9149860	249	0.4035
57a669c7-179f-4c39-90a9-e169b95bcb13	16	9190133	9232128	42	0.2346
57a669c7-179f-4c39-90a9-e169b95bcb13	16	9232154	10916079	1515	0.1385
57a669c7-179f-4c39-90a9-e169b95bcb13	16	10916769	11441932	393	0.4502
57a669c7-179f-4c39-90a9-e169b95bcb13	16	11442083	12425154	604	0.6435
57a669c7-179f-4c39-90a9-e169b95bcb13	16	12426371	14657199	1667	0.8937
57a669c7-179f-4c39-90a9-e169b95bcb13	16	18797068	19423434	349	0.6259
57a669c7-179f-4c39-90a9-e169b95bcb13	16	19426090	20436358	616	0.4017
57a669c7-179f-4c39-90a9-e169b95bcb13	16	20438340	20969840	236	0.5766
57a669c7-179f-4c39-90a9-e169b95bcb13	16	20969856	21340717	200	0.2747
57a669c7-179f-4c39-90a9-e169b95bcb13	16	21348993	22934856	109	0.5516
57a669c7-179f-4c39-90a9-e169b95bcb13	16	22935277	22939551	5	0.1366
57a669c7-179f-4c39-90a9-e169b95bcb13	16	22940532	22997281	37	0.4381
57a669c7-179f-4c39-90a9-e169b95bcb13	16	22998510	23001255	6	0.1613
57a669c7-179f-4c39-90a9-e169b95bcb13	16	23002714	26120957	2054	-0.0661
57a669c7-179f-4c39-90a9-e169b95bcb13	16	26121058	26121117	2	-1.5111
57a669c7-179f-4c39-90a9-e169b95bcb13	16	26121322	31834376	2174	-0.0577
57a669c7-179f-4c39-90a9-e169b95bcb13	16	31838978	54444318	5198	-0.2901
57a669c7-179f-4c39-90a9-e169b95bcb13	16	54444471	54444961	2	-2.6187
57a669c7-179f-4c39-90a9-e169b95bcb13	16	54445311	58843597	2901	-0.2871
57a669c7-179f-4c39-90a9-e169b95bcb13	16	58847365	63767633	3052	0.0632
57a669c7-179f-4c39-90a9-e169b95bcb13	16	63767922	68070585	2649	0.1244
57a669c7-179f-4c39-90a9-e169b95bcb13	16	68071949	68436412	173	0.3821
57a669c7-179f-4c39-90a9-e169b95bcb13	16	68437236	72783082	1847	0.2769
57a669c7-179f-4c39-90a9-e169b95bcb13	16	72800064	78368552	3852	-0.055
57a669c7-179f-4c39-90a9-e169b95bcb13	16	78369156	89317317	7494	0.3159
57a669c7-179f-4c39-90a9-e169b95bcb13	17	1074619	5687190	2059	-0.2501
57a669c7-179f-4c39-90a9-e169b95bcb13	17	5687624	5688844	2	-1.6661
57a669c7-179f-4c39-90a9-e169b95bcb13	17	5695248	10741247	2963	-0.2521
57a669c7-179f-4c39-90a9-e169b95bcb13	17	10743523	13048526	1698	0.0986
57a669c7-179f-4c39-90a9-e169b95bcb13	17	13048540	14190945	796	0.1928
57a669c7-179f-4c39-90a9-e169b95bcb13	17	14191382	27036773	2247	0.1144
57a669c7-179f-4c39-90a9-e169b95bcb13	17	27049380	48038757	8918	-0.0325
57a669c7-179f-4c39-90a9-e169b95bcb13	17	48044377	50000178	967	0.4437
57a669c7-179f-4c39-90a9-e169b95bcb13	17	50000865	50083518	61	0.1823
57a669c7-179f-4c39-90a9-e169b95bcb13	17	50091021	54629674	2410	0.4785
57a669c7-179f-4c39-90a9-e169b95bcb13	17	54634551	54852704	161	0.1591
57a669c7-179f-4c39-90a9-e169b95bcb13	17	54854112	57776791	2283	0.2351
57a669c7-179f-4c39-90a9-e169b95bcb13	17	57777027	59732570	917	0.126
57a669c7-179f-4c39-90a9-e169b95bcb13	17	59736130	59804741	30	-0.2706
57a669c7-179f-4c39-90a9-e169b95bcb13	17	59812385	67187061	3793	0.1495
57a669c7-179f-4c39-90a9-e169b95bcb13	17	67187219	70637721	2061	0.1012
57a669c7-179f-4c39-90a9-e169b95bcb13	17	70637924	81718026	5501	0.1486
57a669c7-179f-4c39-90a9-e169b95bcb13	17	81726106	82959812	396	-0.2434
57a669c7-179f-4c39-90a9-e169b95bcb13	18	326691	9803722	5400	-0.1805
57a669c7-179f-4c39-90a9-e169b95bcb13	18	9804762	9805790	3	-1.6685
57a669c7-179f-4c39-90a9-e169b95bcb13	18	9807324	10647447	668	-0.1776
57a669c7-179f-4c39-90a9-e169b95bcb13	18	10648033	14661644	2195	-0.0073
57a669c7-179f-4c39-90a9-e169b95bcb13	18	21109102	35890411	8828	0.141
57a669c7-179f-4c39-90a9-e169b95bcb13	18	35894461	36039818	68	-0.0189
57a669c7-179f-4c39-90a9-e169b95bcb13	18	36055605	36405559	248	-0.0515
57a669c7-179f-4c39-90a9-e169b95bcb13	18	36407249	53161235	10843	-0.2408
57a669c7-179f-4c39-90a9-e169b95bcb13	18	53166308	53379743	147	0.1266
57a669c7-179f-4c39-90a9-e169b95bcb13	18	53386516	53857719	264	-0.2262
57a669c7-179f-4c39-90a9-e169b95bcb13	18	53858608	53940618	55	0.1083
57a669c7-179f-4c39-90a9-e169b95bcb13	18	53942750	54532065	346	0.4143
57a669c7-179f-4c39-90a9-e169b95bcb13	18	54544185	63402208	5806	-0.2462
57a669c7-179f-4c39-90a9-e169b95bcb13	18	63402658	63972337	413	0.1296
57a669c7-179f-4c39-90a9-e169b95bcb13	18	63975305	64345720	267	0.4129
57a669c7-179f-4c39-90a9-e169b95bcb13	18	64426245	64740877	106	0.5801
57a669c7-179f-4c39-90a9-e169b95bcb13	18	64740902	65532809	514	0.3707
57a669c7-179f-4c39-90a9-e169b95bcb13	18	66065592	67337639	762	-0.2606
57a669c7-179f-4c39-90a9-e169b95bcb13	18	67345866	67660728	186	0.1049
57a669c7-179f-4c39-90a9-e169b95bcb13	18	67661476	71382253	2105	-0.2658
57a669c7-179f-4c39-90a9-e169b95bcb13	18	73699619	73782653	85	0.9198
57a669c7-179f-4c39-90a9-e169b95bcb13	18	73943450	74248438	245	0.4325
57a669c7-179f-4c39-90a9-e169b95bcb13	18	74249856	74262836	16	0.7523
57a669c7-179f-4c39-90a9-e169b95bcb13	18	74263609	74535028	179	0.4135
57a669c7-179f-4c39-90a9-e169b95bcb13	18	74535162	74536508	2	-0.3317
57a669c7-179f-4c39-90a9-e169b95bcb13	18	74538283	74771317	148	0.4272
57a669c7-179f-4c39-90a9-e169b95bcb13	18	74771872	74772143	2	-0.4997
57a669c7-179f-4c39-90a9-e169b95bcb13	18	74777538	75870440	812	0.4107
57a669c7-179f-4c39-90a9-e169b95bcb13	18	75872254	76843075	680	0.0821
57a669c7-179f-4c39-90a9-e169b95bcb13	18	76843417	77687439	597	0.1572
57a669c7-179f-4c39-90a9-e169b95bcb13	18	77687925	79349796	976	0.1022
57a669c7-179f-4c39-90a9-e169b95bcb13	19	283868	3158500	685	-0.0872
57a669c7-179f-4c39-90a9-e169b95bcb13	19	3158549	3180772	6	-0.3565
57a669c7-179f-4c39-90a9-e169b95bcb13	19	3187432	3253930	19	-0.8452
57a669c7-179f-4c39-90a9-e169b95bcb13	19	3256958	4720773	308	-0.2813
57a669c7-179f-4c39-90a9-e169b95bcb13	19	4731159	4809242	25	-0.1781
57a669c7-179f-4c39-90a9-e169b95bcb13	19	4821587	5052136	90	0.0563
57a669c7-179f-4c39-90a9-e169b95bcb13	19	5055985	5066038	7	-0.2676
57a669c7-179f-4c39-90a9-e169b95bcb13	19	5072291	8768031	1530	0.3507
57a669c7-179f-4c39-90a9-e169b95bcb13	19	8795410	9958837	662	-0.091
57a669c7-179f-4c39-90a9-e169b95bcb13	19	9961234	10066953	48	0.2278
57a669c7-179f-4c39-90a9-e169b95bcb13	19	10067819	10794024	288	0.353
57a669c7-179f-4c39-90a9-e169b95bcb13	19	10794212	10819583	8	0.24
57a669c7-179f-4c39-90a9-e169b95bcb13	19	10821497	10850263	9	-0.1305
57a669c7-179f-4c39-90a9-e169b95bcb13	19	10852346	11151566	131	0.2144
57a669c7-179f-4c39-90a9-e169b95bcb13	19	11152817	11273574	56	0.6968
57a669c7-179f-4c39-90a9-e169b95bcb13	19	11275549	11637877	162	0.5365
57a669c7-179f-4c39-90a9-e169b95bcb13	19	11643018	12744285	472	0.6588
57a669c7-179f-4c39-90a9-e169b95bcb13	19	12745494	13482045	311	0.4569
57a669c7-179f-4c39-90a9-e169b95bcb13	19	13483723	13743007	137	0.7772
57a669c7-179f-4c39-90a9-e169b95bcb13	19	13745049	13783770	30	0.0671
57a669c7-179f-4c39-90a9-e169b95bcb13	19	13789618	13864563	16	0.7289
57a669c7-179f-4c39-90a9-e169b95bcb13	19	13877018	13985124	40	0.1831
57a669c7-179f-4c39-90a9-e169b95bcb13	19	13991097	13995242	5	-0.2015
57a669c7-179f-4c39-90a9-e169b95bcb13	19	13999199	23872082	4013	0.0712
57a669c7-179f-4c39-90a9-e169b95bcb13	19	27749470	27798320	26	-0.2592
57a669c7-179f-4c39-90a9-e169b95bcb13	19	27828826	28192034	299	0.4597
57a669c7-179f-4c39-90a9-e169b95bcb13	19	28195355	33851252	4006	-0.0695
57a669c7-179f-4c39-90a9-e169b95bcb13	19	33856124	33990006	112	0.478
57a669c7-179f-4c39-90a9-e169b95bcb13	19	33996029	34901830	556	-0.0584
57a669c7-179f-4c39-90a9-e169b95bcb13	19	34901882	37778071	1426	0.2072
57a669c7-179f-4c39-90a9-e169b95bcb13	19	37780330	47748790	4266	-0.0896
57a669c7-179f-4c39-90a9-e169b95bcb13	19	47751135	47775578	2	1.0877
57a669c7-179f-4c39-90a9-e169b95bcb13	19	47775980	52470939	1899	-0.0987
57a669c7-179f-4c39-90a9-e169b95bcb13	19	52470970	54611998	611	-0.2894
57a669c7-179f-4c39-90a9-e169b95bcb13	19	54612415	56173153	656	-0.062
57a669c7-179f-4c39-90a9-e169b95bcb13	19	56175024	58370362	1231	0.361
57a669c7-179f-4c39-90a9-e169b95bcb13	20	472817	1936644	876	0.1382
57a669c7-179f-4c39-90a9-e169b95bcb13	20	1938678	8104743	3877	-0.2304
57a669c7-179f-4c39-90a9-e169b95bcb13	20	8605879	9563186	748	-0.0202
57a669c7-179f-4c39-90a9-e169b95bcb13	20	9565537	9565907	2	-1.0251
57a669c7-179f-4c39-90a9-e169b95bcb13	20	9566195	9986284	354	-0.0505
57a669c7-179f-4c39-90a9-e169b95bcb13	20	9986745	10093777	85	-0.215
57a669c7-179f-4c39-90a9-e169b95bcb13	20	10099420	16451011	4304	-0.0275
57a669c7-179f-4c39-90a9-e169b95bcb13	20	16451503	18286359	1519	-0.2325
57a669c7-179f-4c39-90a9-e169b95bcb13	20	18287057	18287385	4	0.6672
57a669c7-179f-4c39-90a9-e169b95bcb13	20	18291985	31288526	5202	-0.2476
57a669c7-179f-4c39-90a9-e169b95bcb13	20	31292725	31381382	42	0.1145
57a669c7-179f-4c39-90a9-e169b95bcb13	20	31381517	32815869	677	0.3
57a669c7-179f-4c39-90a9-e169b95bcb13	20	32825284	33108225	198	-0.2324
57a669c7-179f-4c39-90a9-e169b95bcb13	20	33113527	33154787	34	0.2885
57a669c7-179f-4c39-90a9-e169b95bcb13	20	33155516	33182734	22	-0.3073
57a669c7-179f-4c39-90a9-e169b95bcb13	20	33184099	34814028	712	0.2648
57a669c7-179f-4c39-90a9-e169b95bcb13	20	34815781	35655688	422	-0.248
57a669c7-179f-4c39-90a9-e169b95bcb13	20	35656388	35860888	68	0.2453
57a669c7-179f-4c39-90a9-e169b95bcb13	20	35863305	40687126	2994	-0.2312
57a669c7-179f-4c39-90a9-e169b95bcb13	20	40696130	41146027	304	0.3515
57a669c7-179f-4c39-90a9-e169b95bcb13	20	41147406	41596137	192	-0.2217
57a669c7-179f-4c39-90a9-e169b95bcb13	20	41604215	41635202	17	0.3132
57a669c7-179f-4c39-90a9-e169b95bcb13	20	41644561	50927546	6125	-0.2398
57a669c7-179f-4c39-90a9-e169b95bcb13	20	50934749	51147486	157	0.2715
57a669c7-179f-4c39-90a9-e169b95bcb13	20	51155972	55242238	2934	-0.2221
57a669c7-179f-4c39-90a9-e169b95bcb13	20	55243188	63588502	5663	0.1416
57a669c7-179f-4c39-90a9-e169b95bcb13	21	13974127	14341223	196	0.191
57a669c7-179f-4c39-90a9-e169b95bcb13	21	14341633	17138363	1749	0.2659
57a669c7-179f-4c39-90a9-e169b95bcb13	21	17139130	21246715	2730	0.2229
57a669c7-179f-4c39-90a9-e169b95bcb13	21	21247373	29667043	5425	0.2734
57a669c7-179f-4c39-90a9-e169b95bcb13	21	29667058	33862749	2621	0.2131
57a669c7-179f-4c39-90a9-e169b95bcb13	21	33862756	38495068	3252	0.2576
57a669c7-179f-4c39-90a9-e169b95bcb13	21	38495085	38495098	2	-0.8387
57a669c7-179f-4c39-90a9-e169b95bcb13	21	38495199	38496818	4	0.7231
57a669c7-179f-4c39-90a9-e169b95bcb13	21	38497336	38702346	147	0.2609
57a669c7-179f-4c39-90a9-e169b95bcb13	21	38702763	41062576	1842	0.2301
57a669c7-179f-4c39-90a9-e169b95bcb13	21	41067836	41068787	3	-0.9427
57a669c7-179f-4c39-90a9-e169b95bcb13	21	41070143	45756725	2371	0.2328
57a669c7-179f-4c39-90a9-e169b95bcb13	21	45761902	46262057	259	0.3207
57a669c7-179f-4c39-90a9-e169b95bcb13	22	16934932	17436700	295	0.6055
57a669c7-179f-4c39-90a9-e169b95bcb13	22	17437856	25135035	1322	0.407
57a669c7-179f-4c39-90a9-e169b95bcb13	22	25135536	25186998	52	0.0719
57a669c7-179f-4c39-90a9-e169b95bcb13	22	25188804	26529029	928	0.2921
57a669c7-179f-4c39-90a9-e169b95bcb13	22	26529698	26531500	10	0.1106
57a669c7-179f-4c39-90a9-e169b95bcb13	22	26531586	29612761	2261	-0.4837
57a669c7-179f-4c39-90a9-e169b95bcb13	22	29613899	30463495	445	-0.2498
57a669c7-179f-4c39-90a9-e169b95bcb13	22	30468705	32294409	993	0.0983
57a669c7-179f-4c39-90a9-e169b95bcb13	22	32300678	42997979	6414	-0.255
57a669c7-179f-4c39-90a9-e169b95bcb13	22	42998276	48940621	4335	-0.5183
57a669c7-179f-4c39-90a9-e169b95bcb13	X	3236359	4574312	256	-0.2341
57a669c7-179f-4c39-90a9-e169b95bcb13	X	5581074	6479961	490	0.0697
57a669c7-179f-4c39-90a9-e169b95bcb13	X	6482582	13893139	3282	0.14
57a669c7-179f-4c39-90a9-e169b95bcb13	X	13893790	25218814	5405	0.0999
57a669c7-179f-4c39-90a9-e169b95bcb13	X	25219119	25227815	2	-1.4234
57a669c7-179f-4c39-90a9-e169b95bcb13	X	25228209	43087263	8289	0.0937
57a669c7-179f-4c39-90a9-e169b95bcb13	X	43093063	43093791	2	1.4211
57a669c7-179f-4c39-90a9-e169b95bcb13	X	43094125	43456416	158	0.0837
57a669c7-179f-4c39-90a9-e169b95bcb13	X	43458141	43458208	2	-1.7782
57a669c7-179f-4c39-90a9-e169b95bcb13	X	43460501	77547299	11107	0.0889
57a669c7-179f-4c39-90a9-e169b95bcb13	X	77567544	77746433	16	-0.6207
57a669c7-179f-4c39-90a9-e169b95bcb13	X	77779565	94868648	7116	0.0734
57a669c7-179f-4c39-90a9-e169b95bcb13	X	94870285	111833662	7478	0.1126
57a669c7-179f-4c39-90a9-e169b95bcb13	X	111835358	112267229	244	0.0658
57a669c7-179f-4c39-90a9-e169b95bcb13	X	112267805	113260765	578	-0.2381
57a669c7-179f-4c39-90a9-e169b95bcb13	X	113264360	113276072	9	0.1576
57a669c7-179f-4c39-90a9-e169b95bcb13	X	113276896	113306819	21	0.6175
57a669c7-179f-4c39-90a9-e169b95bcb13	X	113308235	113849358	308	0.1226
57a669c7-179f-4c39-90a9-e169b95bcb13	X	113850079	155677414	18745	-0.2135
