GDC_Aliquot	Chromosome	Start	End	Num_Probes	Segment_Mean
9300d721-8573-4193-bf6f-3992909e4598	1	3301765	6628798	2145	-0.2181
9300d721-8573-4193-bf6f-3992909e4598	1	6630080	7556680	614	-0.8534
9300d721-8573-4193-bf6f-3992909e4598	1	7556758	7618193	44	-0.2168
9300d721-8573-4193-bf6f-3992909e4598	1	7622177	7718300	46	-0.8692
9300d721-8573-4193-bf6f-3992909e4598	1	7719741	23733863	8592	-0.2301
9300d721-8573-4193-bf6f-3992909e4598	1	23734959	23757290	11	-0.9553
9300d721-8573-4193-bf6f-3992909e4598	1	23763907	47340983	12024	-0.2222
9300d721-8573-4193-bf6f-3992909e4598	1	47347933	101526666	33638	-0.195
9300d721-8573-4193-bf6f-3992909e4598	1	101526916	101526951	2	-2.1611
9300d721-8573-4193-bf6f-3992909e4598	1	101527114	183416309	31511	-0.2016
9300d721-8573-4193-bf6f-3992909e4598	1	183425941	183426528	2	-2.4101
9300d721-8573-4193-bf6f-3992909e4598	1	183426931	217815430	21671	-0.1952
9300d721-8573-4193-bf6f-3992909e4598	1	217815609	217815629	2	-2.2598
9300d721-8573-4193-bf6f-3992909e4598	1	217815642	221896577	2807	-0.1989
9300d721-8573-4193-bf6f-3992909e4598	1	221896824	222870129	537	-0.2278
9300d721-8573-4193-bf6f-3992909e4598	1	222876742	222919775	19	-0.7778
9300d721-8573-4193-bf6f-3992909e4598	1	222921484	234376847	7205	-0.2106
9300d721-8573-4193-bf6f-3992909e4598	1	234382205	235079870	457	-0.8652
9300d721-8573-4193-bf6f-3992909e4598	1	235079950	247650984	7878	-0.216
9300d721-8573-4193-bf6f-3992909e4598	2	480597	21285294	13599	-0.1886
9300d721-8573-4193-bf6f-3992909e4598	2	21285354	22227377	484	-0.8253
9300d721-8573-4193-bf6f-3992909e4598	2	22227649	25776194	1990	-0.1958
9300d721-8573-4193-bf6f-3992909e4598	2	25780199	25783610	3	-1.8429
9300d721-8573-4193-bf6f-3992909e4598	2	25783643	105529850	39915	-0.1844
9300d721-8573-4193-bf6f-3992909e4598	2	105529918	105535647	2	-2.0702
9300d721-8573-4193-bf6f-3992909e4598	2	105535795	120966925	7799	-0.1793
9300d721-8573-4193-bf6f-3992909e4598	2	120967551	120967842	2	-2.2366
9300d721-8573-4193-bf6f-3992909e4598	2	120968291	122879052	1212	-0.1925
9300d721-8573-4193-bf6f-3992909e4598	2	122881890	122882428	3	-1.6232
9300d721-8573-4193-bf6f-3992909e4598	2	122883235	128064298	2209	-0.1873
9300d721-8573-4193-bf6f-3992909e4598	2	128064781	128065167	4	-4.137
9300d721-8573-4193-bf6f-3992909e4598	2	128068881	130455273	1307	-0.1828
9300d721-8573-4193-bf6f-3992909e4598	2	130471073	130486519	2	2.1983
9300d721-8573-4193-bf6f-3992909e4598	2	130726392	227451486	54906	-0.1726
9300d721-8573-4193-bf6f-3992909e4598	2	227455198	229712080	1493	-0.8038
9300d721-8573-4193-bf6f-3992909e4598	2	230031484	230475446	260	-0.1643
9300d721-8573-4193-bf6f-3992909e4598	2	230480669	230779156	175	-0.7983
9300d721-8573-4193-bf6f-3992909e4598	2	230786323	230805072	13	-1.5322
9300d721-8573-4193-bf6f-3992909e4598	2	230805462	230845238	32	-2.5563
9300d721-8573-4193-bf6f-3992909e4598	2	230856547	231004636	79	-0.8142
9300d721-8573-4193-bf6f-3992909e4598	2	231007668	241537572	6177	-0.1991
9300d721-8573-4193-bf6f-3992909e4598	3	2170634	29401995	16052	-0.2109
9300d721-8573-4193-bf6f-3992909e4598	3	29403972	29410732	8	-2.4507
9300d721-8573-4193-bf6f-3992909e4598	3	29410747	197812401	90649	-0.2046
9300d721-8573-4193-bf6f-3992909e4598	4	1059384	34642992	20779	-0.2017
9300d721-8573-4193-bf6f-3992909e4598	4	34646613	34661761	11	-1.0214
9300d721-8573-4193-bf6f-3992909e4598	4	34663251	156396881	65688	-0.1921
9300d721-8573-4193-bf6f-3992909e4598	4	156401776	156402948	3	-2.3392
9300d721-8573-4193-bf6f-3992909e4598	4	156403082	167874742	6335	-0.1825
9300d721-8573-4193-bf6f-3992909e4598	4	167874757	168461512	228	-0.8668
9300d721-8573-4193-bf6f-3992909e4598	4	168463010	182569234	7913	-0.1954
9300d721-8573-4193-bf6f-3992909e4598	4	182574717	182614883	24	-0.8366
9300d721-8573-4193-bf6f-3992909e4598	4	183286625	187842528	2075	-0.2062
9300d721-8573-4193-bf6f-3992909e4598	5	913983	16973660	10606	0.5493
9300d721-8573-4193-bf6f-3992909e4598	5	16980083	22382013	2517	0.2059
9300d721-8573-4193-bf6f-3992909e4598	5	22390133	22929923	286	-0.2197
9300d721-8573-4193-bf6f-3992909e4598	5	22937901	36816705	7975	0.2233
9300d721-8573-4193-bf6f-3992909e4598	5	36819479	36977379	68	-0.1919
9300d721-8573-4193-bf6f-3992909e4598	5	36982546	139187700	53663	0.2243
9300d721-8573-4193-bf6f-3992909e4598	5	139192566	139364654	65	0.5118
9300d721-8573-4193-bf6f-3992909e4598	5	139365878	140715902	560	0.1926
9300d721-8573-4193-bf6f-3992909e4598	5	140717390	140723434	2	-0.998
9300d721-8573-4193-bf6f-3992909e4598	5	140724838	142585535	1009	0.1853
9300d721-8573-4193-bf6f-3992909e4598	5	142589593	172222284	19392	0.2249
9300d721-8573-4193-bf6f-3992909e4598	5	172222343	180934240	4706	0.2007
9300d721-8573-4193-bf6f-3992909e4598	6	1011760	14673864	9888	0.2257
9300d721-8573-4193-bf6f-3992909e4598	6	14674744	43873608	16090	0.206
9300d721-8573-4193-bf6f-3992909e4598	6	43874986	66933039	10838	0.229
9300d721-8573-4193-bf6f-3992909e4598	6	66936171	67422808	354	0.7905
9300d721-8573-4193-bf6f-3992909e4598	6	67449934	119399663	28915	0.2272
9300d721-8573-4193-bf6f-3992909e4598	6	119405216	119520572	69	-0.1536
9300d721-8573-4193-bf6f-3992909e4598	6	119523976	140015441	12780	0.2299
9300d721-8573-4193-bf6f-3992909e4598	6	140017375	140025093	4	-1.3821
9300d721-8573-4193-bf6f-3992909e4598	6	140032527	163454429	14651	0.2256
9300d721-8573-4193-bf6f-3992909e4598	6	163459474	163565450	48	-0.2415
9300d721-8573-4193-bf6f-3992909e4598	6	163567857	164279906	464	0.2326
9300d721-8573-4193-bf6f-3992909e4598	6	164282848	164697353	210	-0.2111
9300d721-8573-4193-bf6f-3992909e4598	6	164699851	170596889	2552	0.2309
9300d721-8573-4193-bf6f-3992909e4598	7	664936	5026562	1705	0.5308
9300d721-8573-4193-bf6f-3992909e4598	7	5029748	7115256	602	0.4655
9300d721-8573-4193-bf6f-3992909e4598	7	7115269	15223966	4943	0.5523
9300d721-8573-4193-bf6f-3992909e4598	7	15232185	15233090	3	-1.0691
9300d721-8573-4193-bf6f-3992909e4598	7	15234505	20531828	2595	0.5597
9300d721-8573-4193-bf6f-3992909e4598	7	20532822	20532907	2	-0.9106
9300d721-8573-4193-bf6f-3992909e4598	7	20534783	63675854	23655	0.5481
9300d721-8573-4193-bf6f-3992909e4598	7	63677725	66068022	562	0.7597
9300d721-8573-4193-bf6f-3992909e4598	7	66072009	66093235	6	0.0807
9300d721-8573-4193-bf6f-3992909e4598	7	66102096	67151617	327	0.7196
9300d721-8573-4193-bf6f-3992909e4598	7	67290858	78062230	4658	0.5037
9300d721-8573-4193-bf6f-3992909e4598	7	78062860	79229714	886	0.567
9300d721-8573-4193-bf6f-3992909e4598	7	79229965	79263996	29	0.3001
9300d721-8573-4193-bf6f-3992909e4598	7	79264302	80442473	683	0.5785
9300d721-8573-4193-bf6f-3992909e4598	7	80442565	81197270	499	0.8325
9300d721-8573-4193-bf6f-3992909e4598	7	81199667	91743664	5048	0.5544
9300d721-8573-4193-bf6f-3992909e4598	7	91743711	91743727	2	-0.8183
9300d721-8573-4193-bf6f-3992909e4598	7	91743790	93195566	905	0.5571
9300d721-8573-4193-bf6f-3992909e4598	7	93199680	95434390	1299	0.2366
9300d721-8573-4193-bf6f-3992909e4598	7	95437663	96227268	525	0.5837
9300d721-8573-4193-bf6f-3992909e4598	7	96227483	99133632	1448	0.2002
9300d721-8573-4193-bf6f-3992909e4598	7	99134389	99212115	62	0.5479
9300d721-8573-4193-bf6f-3992909e4598	7	99212989	99655171	165	0.1701
9300d721-8573-4193-bf6f-3992909e4598	7	99662194	99732815	34	0.5012
9300d721-8573-4193-bf6f-3992909e4598	7	99733276	107785239	3978	0.1965
9300d721-8573-4193-bf6f-3992909e4598	7	107787465	107809588	21	0.6086
9300d721-8573-4193-bf6f-3992909e4598	7	107810600	107993131	120	0.193
9300d721-8573-4193-bf6f-3992909e4598	7	107993511	108696993	348	0.5342
9300d721-8573-4193-bf6f-3992909e4598	7	108699968	108787397	71	0.1913
9300d721-8573-4193-bf6f-3992909e4598	7	108790141	108901136	66	0.5422
9300d721-8573-4193-bf6f-3992909e4598	7	108904404	110184631	719	0.2185
9300d721-8573-4193-bf6f-3992909e4598	7	110187211	110318095	90	0.5888
9300d721-8573-4193-bf6f-3992909e4598	7	110321216	110762474	290	0.2115
9300d721-8573-4193-bf6f-3992909e4598	7	110769103	111712844	210	-0.1939
9300d721-8573-4193-bf6f-3992909e4598	7	111713305	112044398	215	0.2299
9300d721-8573-4193-bf6f-3992909e4598	7	112046033	112066369	12	0.608
9300d721-8573-4193-bf6f-3992909e4598	7	112071756	112328384	182	0.1968
9300d721-8573-4193-bf6f-3992909e4598	7	112329219	112782048	54	0.5911
9300d721-8573-4193-bf6f-3992909e4598	7	112783237	143923163	16936	0.2222
9300d721-8573-4193-bf6f-3992909e4598	7	143923218	158592540	7764	-0.2273
9300d721-8573-4193-bf6f-3992909e4598	8	667625	14377433	6461	0.5191
9300d721-8573-4193-bf6f-3992909e4598	8	14377936	14380034	2	-1.5453
9300d721-8573-4193-bf6f-3992909e4598	8	14383128	17674805	2391	0.5376
9300d721-8573-4193-bf6f-3992909e4598	8	17674978	17675064	3	-1.629
9300d721-8573-4193-bf6f-3992909e4598	8	17676853	47252758	16435	0.5193
9300d721-8573-4193-bf6f-3992909e4598	8	47322675	48003267	290	0.1983
9300d721-8573-4193-bf6f-3992909e4598	8	48005317	57709785	5506	-0.2133
9300d721-8573-4193-bf6f-3992909e4598	8	57711295	57891763	141	0.182
9300d721-8573-4193-bf6f-3992909e4598	8	57892118	64805420	4219	-0.2041
9300d721-8573-4193-bf6f-3992909e4598	8	64808155	64979996	71	0.2075
9300d721-8573-4193-bf6f-3992909e4598	8	64981874	65023095	34	0.5295
9300d721-8573-4193-bf6f-3992909e4598	8	65028429	69097753	2244	0.2142
9300d721-8573-4193-bf6f-3992909e4598	8	69098494	72417855	2074	-0.21
9300d721-8573-4193-bf6f-3992909e4598	8	72429144	72734374	188	0.2496
9300d721-8573-4193-bf6f-3992909e4598	8	72734573	73028097	221	0.5455
9300d721-8573-4193-bf6f-3992909e4598	8	73028115	73340005	233	0.7727
9300d721-8573-4193-bf6f-3992909e4598	8	73342201	73594764	199	0.5166
9300d721-8573-4193-bf6f-3992909e4598	8	73603525	74136401	282	0.1792
9300d721-8573-4193-bf6f-3992909e4598	8	74141062	75052464	583	0.5505
9300d721-8573-4193-bf6f-3992909e4598	8	75055064	75767326	376	0.2168
9300d721-8573-4193-bf6f-3992909e4598	8	75772845	76443814	364	0.5586
9300d721-8573-4193-bf6f-3992909e4598	8	76448797	77338978	528	1.6507
9300d721-8573-4193-bf6f-3992909e4598	8	77344926	77481913	89	0.2598
9300d721-8573-4193-bf6f-3992909e4598	8	77486089	87189235	4998	0.5437
9300d721-8573-4193-bf6f-3992909e4598	8	87190522	90329913	1842	0.225
9300d721-8573-4193-bf6f-3992909e4598	8	90336398	99271098	5219	0.5445
9300d721-8573-4193-bf6f-3992909e4598	8	99273493	100183272	415	0.1992
9300d721-8573-4193-bf6f-3992909e4598	8	100191509	105376724	3152	0.5484
9300d721-8573-4193-bf6f-3992909e4598	8	105384888	107787247	1176	0.2222
9300d721-8573-4193-bf6f-3992909e4598	8	107787346	107790515	2	-0.4898
9300d721-8573-4193-bf6f-3992909e4598	8	107791332	107806681	14	-0.0561
9300d721-8573-4193-bf6f-3992909e4598	8	107806812	107824222	9	-0.3729
9300d721-8573-4193-bf6f-3992909e4598	8	107828489	112424537	2400	0.225
9300d721-8573-4193-bf6f-3992909e4598	8	112428609	114300583	994	0.5592
9300d721-8573-4193-bf6f-3992909e4598	8	114370289	115597428	595	0.2196
9300d721-8573-4193-bf6f-3992909e4598	8	115597953	115609517	5	-0.0779
9300d721-8573-4193-bf6f-3992909e4598	8	115610332	115771843	97	-0.8552
9300d721-8573-4193-bf6f-3992909e4598	8	115774582	119336758	2459	-0.2157
9300d721-8573-4193-bf6f-3992909e4598	8	119338263	119694231	249	-0.8218
9300d721-8573-4193-bf6f-3992909e4598	8	119695360	122475621	1710	-0.2152
9300d721-8573-4193-bf6f-3992909e4598	8	122476398	144182542	13696	0.536
9300d721-8573-4193-bf6f-3992909e4598	9	789794	21174443	13140	0.2229
9300d721-8573-4193-bf6f-3992909e4598	9	21174644	22019733	525	-1.9721
9300d721-8573-4193-bf6f-3992909e4598	9	22020524	26433574	2620	0.2274
9300d721-8573-4193-bf6f-3992909e4598	9	26433919	31128068	2489	0.8052
9300d721-8573-4193-bf6f-3992909e4598	9	31128670	33036983	1326	0.2297
9300d721-8573-4193-bf6f-3992909e4598	9	33042031	35493487	1298	0.7766
9300d721-8573-4193-bf6f-3992909e4598	9	35496317	138044505	46868	0.2101
9300d721-8573-4193-bf6f-3992909e4598	10	366509	133411599	80989	-0.2059
9300d721-8573-4193-bf6f-3992909e4598	11	456012	4987955	1905	-0.2226
9300d721-8573-4193-bf6f-3992909e4598	11	4988333	4990277	3	-2.0386
9300d721-8573-4193-bf6f-3992909e4598	11	4994341	88819111	45817	-0.2144
9300d721-8573-4193-bf6f-3992909e4598	11	88819799	88820111	4	-1.6175
9300d721-8573-4193-bf6f-3992909e4598	11	88824568	134272740	29512	-0.2059
9300d721-8573-4193-bf6f-3992909e4598	12	780472	11584891	5745	-0.2139
9300d721-8573-4193-bf6f-3992909e4598	12	11589989	12098459	502	-0.7845
9300d721-8573-4193-bf6f-3992909e4598	12	12098724	12789956	422	-1.8191
9300d721-8573-4193-bf6f-3992909e4598	12	12791659	12851477	35	-0.8689
9300d721-8573-4193-bf6f-3992909e4598	12	12856488	50876746	19374	-0.2038
9300d721-8573-4193-bf6f-3992909e4598	12	50877362	74785641	14038	0.2145
9300d721-8573-4193-bf6f-3992909e4598	12	74792132	74792534	3	-0.9757
9300d721-8573-4193-bf6f-3992909e4598	12	74793920	74945642	100	0.2371
9300d721-8573-4193-bf6f-3992909e4598	12	74946396	98678114	14806	0.543
9300d721-8573-4193-bf6f-3992909e4598	12	98678291	98725490	30	0.183
9300d721-8573-4193-bf6f-3992909e4598	12	98725562	108697404	6461	0.5443
9300d721-8573-4193-bf6f-3992909e4598	12	108702171	113694030	2542	0.4965
9300d721-8573-4193-bf6f-3992909e4598	12	113696352	117144344	2247	0.5285
9300d721-8573-4193-bf6f-3992909e4598	12	117151051	119517768	1669	1.1431
9300d721-8573-4193-bf6f-3992909e4598	12	119518401	120923771	703	1.3236
9300d721-8573-4193-bf6f-3992909e4598	12	120925921	123942063	1257	1.1363
9300d721-8573-4193-bf6f-3992909e4598	12	123942759	124189469	168	1.3634
9300d721-8573-4193-bf6f-3992909e4598	12	124198659	126354678	1601	1.1815
9300d721-8573-4193-bf6f-3992909e4598	12	126354959	131889804	2300	1.3143
9300d721-8573-4193-bf6f-3992909e4598	12	131891797	131892538	4	0.1808
9300d721-8573-4193-bf6f-3992909e4598	12	131897456	132605822	119	1.3887
9300d721-8573-4193-bf6f-3992909e4598	13	18874255	28261449	5310	-0.2304
9300d721-8573-4193-bf6f-3992909e4598	13	28261966	93466797	37876	-0.1956
9300d721-8573-4193-bf6f-3992909e4598	13	93467198	93487073	15	-0.3836
9300d721-8573-4193-bf6f-3992909e4598	13	93487878	93790739	236	-0.8147
9300d721-8573-4193-bf6f-3992909e4598	13	93792924	114226675	13279	-0.2039
9300d721-8573-4193-bf6f-3992909e4598	14	20033191	33373688	7023	-0.2008
9300d721-8573-4193-bf6f-3992909e4598	14	33374150	33374194	2	-1.9638
9300d721-8573-4193-bf6f-3992909e4598	14	33374797	76331693	24601	-0.2017
9300d721-8573-4193-bf6f-3992909e4598	14	76334956	102037927	16682	0.2247
9300d721-8573-4193-bf6f-3992909e4598	14	102040446	102278545	89	-0.1513
9300d721-8573-4193-bf6f-3992909e4598	14	102283358	105533894	1208	0.1781
9300d721-8573-4193-bf6f-3992909e4598	15	23437561	42546282	9598	-0.2188
9300d721-8573-4193-bf6f-3992909e4598	15	42553506	50077178	4048	0.2232
9300d721-8573-4193-bf6f-3992909e4598	15	50084242	50093106	6	0.4112
9300d721-8573-4193-bf6f-3992909e4598	15	50093331	55585359	3582	0.7861
9300d721-8573-4193-bf6f-3992909e4598	15	55586083	55591754	2	-0.643
9300d721-8573-4193-bf6f-3992909e4598	15	55592093	65806455	6542	0.7975
9300d721-8573-4193-bf6f-3992909e4598	15	65811898	92511019	15735	0.5332
9300d721-8573-4193-bf6f-3992909e4598	15	92515360	92803427	228	0.2178
9300d721-8573-4193-bf6f-3992909e4598	15	92812173	101344124	4925	0.5451
9300d721-8573-4193-bf6f-3992909e4598	16	603333	77157956	32575	-0.222
9300d721-8573-4193-bf6f-3992909e4598	16	77160222	77194732	4	-1.9616
9300d721-8573-4193-bf6f-3992909e4598	16	77194969	89317317	8517	-0.2145
9300d721-8573-4193-bf6f-3992909e4598	17	1074619	6384949	2577	0.5081
9300d721-8573-4193-bf6f-3992909e4598	17	6386299	11291215	2854	-0.2393
9300d721-8573-4193-bf6f-3992909e4598	17	11291964	11292246	3	-1.9493
9300d721-8573-4193-bf6f-3992909e4598	17	11293162	82959812	31742	-0.2234
9300d721-8573-4193-bf6f-3992909e4598	18	326691	79349796	42772	-0.2052
9300d721-8573-4193-bf6f-3992909e4598	19	283868	23868903	9047	0.1554
9300d721-8573-4193-bf6f-3992909e4598	19	23870028	32398952	3436	0.5198
9300d721-8573-4193-bf6f-3992909e4598	19	32401698	58370362	11638	0.48
9300d721-8573-4193-bf6f-3992909e4598	20	472817	31313619	16972	0.2144
9300d721-8573-4193-bf6f-3992909e4598	20	31318384	37858556	3233	0.1667
9300d721-8573-4193-bf6f-3992909e4598	20	37860098	63588502	17294	0.2062
9300d721-8573-4193-bf6f-3992909e4598	21	13974127	46262057	20520	-0.2086
9300d721-8573-4193-bf6f-3992909e4598	22	16934932	43559738	13041	-0.2375
9300d721-8573-4193-bf6f-3992909e4598	22	43560715	43624880	34	-0.8868
9300d721-8573-4193-bf6f-3992909e4598	22	43626291	48940621	3949	-0.243
9300d721-8573-4193-bf6f-3992909e4598	X	3236359	124474442	49447	0.0052
9300d721-8573-4193-bf6f-3992909e4598	X	124474544	124475844	2	-2.4758
9300d721-8573-4193-bf6f-3992909e4598	X	124477066	128792992	1833	0.0207
9300d721-8573-4193-bf6f-3992909e4598	X	128797640	129507294	413	-0.7518
9300d721-8573-4193-bf6f-3992909e4598	X	129518503	155677414	11395	0
