GDC_Aliquot	Chromosome	Start	End	Num_Probes	Segment_Mean
16a00020-a856-4c90-8b5f-c8907b243df5	1	3301765	3400192	67	0.4534
16a00020-a856-4c90-8b5f-c8907b243df5	1	3400217	53063835	26302	0.3281
16a00020-a856-4c90-8b5f-c8907b243df5	1	53063976	59526403	4792	0.3925
16a00020-a856-4c90-8b5f-c8907b243df5	1	59526987	59592607	2	-1.5821
16a00020-a856-4c90-8b5f-c8907b243df5	1	59593034	83499145	14737	0.3872
16a00020-a856-4c90-8b5f-c8907b243df5	1	83509848	88537951	3418	0.4413
16a00020-a856-4c90-8b5f-c8907b243df5	1	88538133	102928545	8605	0.3998
16a00020-a856-4c90-8b5f-c8907b243df5	1	102934758	117233991	8350	-0.4899
16a00020-a856-4c90-8b5f-c8907b243df5	1	117239910	149910462	1598	0.4111
16a00020-a856-4c90-8b5f-c8907b243df5	1	149913375	161805787	6235	0.6025
16a00020-a856-4c90-8b5f-c8907b243df5	1	161805906	183953990	14922	0.6492
16a00020-a856-4c90-8b5f-c8907b243df5	1	183956326	183996066	55	-3.4954
16a00020-a856-4c90-8b5f-c8907b243df5	1	184004377	188190086	2590	0.6777
16a00020-a856-4c90-8b5f-c8907b243df5	1	188193196	191525422	1810	0.5673
16a00020-a856-4c90-8b5f-c8907b243df5	1	191528418	204569214	7919	0.6391
16a00020-a856-4c90-8b5f-c8907b243df5	1	204570657	217079924	8404	-0.4519
16a00020-a856-4c90-8b5f-c8907b243df5	1	217080027	222124900	3439	-0.3949
16a00020-a856-4c90-8b5f-c8907b243df5	1	222125146	225363334	1818	-0.4408
16a00020-a856-4c90-8b5f-c8907b243df5	1	225363560	225363579	2	-3.4143
16a00020-a856-4c90-8b5f-c8907b243df5	1	225367900	240175095	9909	-0.4435
16a00020-a856-4c90-8b5f-c8907b243df5	1	240175527	240176512	2	-4.3216
16a00020-a856-4c90-8b5f-c8907b243df5	1	240176588	247650984	4184	-0.445
16a00020-a856-4c90-8b5f-c8907b243df5	2	480597	88831554	50550	-0.2308
16a00020-a856-4c90-8b5f-c8907b243df5	2	94675825	96494559	442	0.1733
16a00020-a856-4c90-8b5f-c8907b243df5	2	96497235	97658064	222	0.4131
16a00020-a856-4c90-8b5f-c8907b243df5	2	97660859	157840017	32175	-0.2077
16a00020-a856-4c90-8b5f-c8907b243df5	2	157842244	158102385	163	-1.0051
16a00020-a856-4c90-8b5f-c8907b243df5	2	158102767	175008157	10177	-0.9038
16a00020-a856-4c90-8b5f-c8907b243df5	2	175011848	181716765	4132	-1.0527
16a00020-a856-4c90-8b5f-c8907b243df5	2	181717137	181719584	2	-4.4686
16a00020-a856-4c90-8b5f-c8907b243df5	2	181720037	190380359	4005	-1.0049
16a00020-a856-4c90-8b5f-c8907b243df5	2	190380728	194742596	2107	0.0106
16a00020-a856-4c90-8b5f-c8907b243df5	2	194746370	230033262	20852	-0.2428
16a00020-a856-4c90-8b5f-c8907b243df5	2	230035049	233612283	1800	-0.3076
16a00020-a856-4c90-8b5f-c8907b243df5	2	233612490	236175595	1803	-0.25
16a00020-a856-4c90-8b5f-c8907b243df5	2	236182421	238213649	1336	-0.9751
16a00020-a856-4c90-8b5f-c8907b243df5	2	238216821	239903086	886	-0.2787
16a00020-a856-4c90-8b5f-c8907b243df5	2	239904933	239905381	2	-3.201
16a00020-a856-4c90-8b5f-c8907b243df5	2	239908648	241537572	895	-0.2846
16a00020-a856-4c90-8b5f-c8907b243df5	3	2170634	4593312	1337	0.1741
16a00020-a856-4c90-8b5f-c8907b243df5	3	4593554	7550905	1486	0.0074
16a00020-a856-4c90-8b5f-c8907b243df5	3	7551249	11119669	2454	0.0695
16a00020-a856-4c90-8b5f-c8907b243df5	3	11119977	14278460	2046	0.0054
16a00020-a856-4c90-8b5f-c8907b243df5	3	14279084	26587471	7057	0.0562
16a00020-a856-4c90-8b5f-c8907b243df5	3	26590894	37346781	6637	-0.0376
16a00020-a856-4c90-8b5f-c8907b243df5	3	37350112	37791201	339	0.1482
16a00020-a856-4c90-8b5f-c8907b243df5	3	37791229	41304371	2323	0.0119
16a00020-a856-4c90-8b5f-c8907b243df5	3	41307702	48288634	3510	-0.0472
16a00020-a856-4c90-8b5f-c8907b243df5	3	48289842	49205072	325	0.0106
16a00020-a856-4c90-8b5f-c8907b243df5	3	49208212	55189733	3094	-1.1628
16a00020-a856-4c90-8b5f-c8907b243df5	3	55190052	55821792	522	-1.5239
16a00020-a856-4c90-8b5f-c8907b243df5	3	55821948	78849700	14115	-1.1735
16a00020-a856-4c90-8b5f-c8907b243df5	3	78851426	78914929	32	-0.3213
16a00020-a856-4c90-8b5f-c8907b243df5	3	78930572	80355070	742	-1.1242
16a00020-a856-4c90-8b5f-c8907b243df5	3	80355242	80922636	320	-0.3254
16a00020-a856-4c90-8b5f-c8907b243df5	3	80927128	80957721	13	-1.2721
16a00020-a856-4c90-8b5f-c8907b243df5	3	80962075	81235122	167	-0.3253
16a00020-a856-4c90-8b5f-c8907b243df5	3	81245407	84107954	1368	-1.1549
16a00020-a856-4c90-8b5f-c8907b243df5	3	84110633	84586454	218	-0.6494
16a00020-a856-4c90-8b5f-c8907b243df5	3	84587658	84589947	3	-2.7004
16a00020-a856-4c90-8b5f-c8907b243df5	3	84591674	85865772	593	-0.6148
16a00020-a856-4c90-8b5f-c8907b243df5	3	85866561	85879740	6	-0.4744
16a00020-a856-4c90-8b5f-c8907b243df5	3	85887181	86684182	424	0.0271
16a00020-a856-4c90-8b5f-c8907b243df5	3	86701081	91462299	1740	-0.5603
16a00020-a856-4c90-8b5f-c8907b243df5	3	94015345	94600580	260	0.575
16a00020-a856-4c90-8b5f-c8907b243df5	3	94602546	95313993	374	0.3586
16a00020-a856-4c90-8b5f-c8907b243df5	3	95314046	96698676	710	0.5922
16a00020-a856-4c90-8b5f-c8907b243df5	3	96704530	99943119	1714	0.7294
16a00020-a856-4c90-8b5f-c8907b243df5	3	99944042	100153144	110	0.5477
16a00020-a856-4c90-8b5f-c8907b243df5	3	100154473	100872162	300	0.674
16a00020-a856-4c90-8b5f-c8907b243df5	3	100874010	103924676	1669	0.516
16a00020-a856-4c90-8b5f-c8907b243df5	3	103924831	105679166	1116	0.6788
16a00020-a856-4c90-8b5f-c8907b243df5	3	105688402	106284989	319	0.5196
16a00020-a856-4c90-8b5f-c8907b243df5	3	106285831	107511143	713	0.6048
16a00020-a856-4c90-8b5f-c8907b243df5	3	107515304	110043593	1255	0.5155
16a00020-a856-4c90-8b5f-c8907b243df5	3	110045962	110322927	172	0.3021
16a00020-a856-4c90-8b5f-c8907b243df5	3	110325396	117168239	4258	0.5915
16a00020-a856-4c90-8b5f-c8907b243df5	3	117168851	117351137	120	0.2208
16a00020-a856-4c90-8b5f-c8907b243df5	3	117358143	117615704	206	0.5634
16a00020-a856-4c90-8b5f-c8907b243df5	3	117616473	117625153	8	-0.0663
16a00020-a856-4c90-8b5f-c8907b243df5	3	117627824	118542735	604	0.5639
16a00020-a856-4c90-8b5f-c8907b243df5	3	118542860	120481820	1078	0.2156
16a00020-a856-4c90-8b5f-c8907b243df5	3	120484020	122422288	880	0.5175
16a00020-a856-4c90-8b5f-c8907b243df5	3	122422661	123208027	490	0.2956
16a00020-a856-4c90-8b5f-c8907b243df5	3	123209947	128543720	3276	0.21
16a00020-a856-4c90-8b5f-c8907b243df5	3	128546773	128980513	174	0.5071
16a00020-a856-4c90-8b5f-c8907b243df5	3	128983139	130374342	548	0.1761
16a00020-a856-4c90-8b5f-c8907b243df5	3	130375379	135555308	3381	0.2278
16a00020-a856-4c90-8b5f-c8907b243df5	3	135555850	145629724	5224	0.1716
16a00020-a856-4c90-8b5f-c8907b243df5	3	145631514	146628141	574	0.2753
16a00020-a856-4c90-8b5f-c8907b243df5	3	146628408	149071290	921	0.3595
16a00020-a856-4c90-8b5f-c8907b243df5	3	149071582	151250489	1259	0.2621
16a00020-a856-4c90-8b5f-c8907b243df5	3	151251613	153875328	1618	-0.2826
16a00020-a856-4c90-8b5f-c8907b243df5	3	153875648	155479086	791	-0.3685
16a00020-a856-4c90-8b5f-c8907b243df5	3	155482114	155482774	2	-2.6189
16a00020-a856-4c90-8b5f-c8907b243df5	3	155483437	156269319	291	-0.3978
16a00020-a856-4c90-8b5f-c8907b243df5	3	156273621	156275149	2	-2.1998
16a00020-a856-4c90-8b5f-c8907b243df5	3	156276597	157887259	1054	-0.3486
16a00020-a856-4c90-8b5f-c8907b243df5	3	157894433	197812401	20232	-0.2586
16a00020-a856-4c90-8b5f-c8907b243df5	4	1059384	43385194	25930	0.3845
16a00020-a856-4c90-8b5f-c8907b243df5	4	43385289	46877916	1685	0.3131
16a00020-a856-4c90-8b5f-c8907b243df5	4	46878837	56786612	3854	0.4019
16a00020-a856-4c90-8b5f-c8907b243df5	4	56787102	63075193	3581	0.3409
16a00020-a856-4c90-8b5f-c8907b243df5	4	63077449	63079851	2	-1.4209
16a00020-a856-4c90-8b5f-c8907b243df5	4	63081111	65524009	1273	0.3084
16a00020-a856-4c90-8b5f-c8907b243df5	4	65534121	65971343	275	0.4112
16a00020-a856-4c90-8b5f-c8907b243df5	4	65976303	76397780	5325	0.44
16a00020-a856-4c90-8b5f-c8907b243df5	4	76397793	80159650	2306	0.4864
16a00020-a856-4c90-8b5f-c8907b243df5	4	80160158	86442415	3798	0.4272
16a00020-a856-4c90-8b5f-c8907b243df5	4	86443566	99281257	7048	0.3668
16a00020-a856-4c90-8b5f-c8907b243df5	4	99282162	129525569	16895	0.4
16a00020-a856-4c90-8b5f-c8907b243df5	4	129525727	130341736	471	0.3522
16a00020-a856-4c90-8b5f-c8907b243df5	4	130343616	130403251	38	-0.4861
16a00020-a856-4c90-8b5f-c8907b243df5	4	130403400	132902901	1109	0.3323
16a00020-a856-4c90-8b5f-c8907b243df5	4	132902930	132913065	15	-0.3246
16a00020-a856-4c90-8b5f-c8907b243df5	4	132915186	140851407	4296	0.378
16a00020-a856-4c90-8b5f-c8907b243df5	4	140854748	148234066	4129	0.465
16a00020-a856-4c90-8b5f-c8907b243df5	4	148234218	156086061	4359	-0.2846
16a00020-a856-4c90-8b5f-c8907b243df5	4	156086975	156089486	2	-2.0002
16a00020-a856-4c90-8b5f-c8907b243df5	4	156090505	158345861	1347	-0.2642
16a00020-a856-4c90-8b5f-c8907b243df5	4	158347746	170627674	6742	-0.3404
16a00020-a856-4c90-8b5f-c8907b243df5	4	170628123	180394342	5291	-0.4111
16a00020-a856-4c90-8b5f-c8907b243df5	4	180394498	187842528	3419	-0.4849
16a00020-a856-4c90-8b5f-c8907b243df5	5	913983	914118	2	-0.689
16a00020-a856-4c90-8b5f-c8907b243df5	5	914507	5639017	3286	0.0976
16a00020-a856-4c90-8b5f-c8907b243df5	5	5640631	5641732	4	-1.1891
16a00020-a856-4c90-8b5f-c8907b243df5	5	5646714	9045456	2577	0.0975
16a00020-a856-4c90-8b5f-c8907b243df5	5	9046414	21974659	7078	0.1397
16a00020-a856-4c90-8b5f-c8907b243df5	5	21976378	30682238	4675	0.0847
16a00020-a856-4c90-8b5f-c8907b243df5	5	30685896	45383300	8422	0.1598
16a00020-a856-4c90-8b5f-c8907b243df5	5	50828231	65653338	8627	-0.2485
16a00020-a856-4c90-8b5f-c8907b243df5	5	65653484	65830201	113	-0.7022
16a00020-a856-4c90-8b5f-c8907b243df5	5	65830922	85520723	10800	-0.2542
16a00020-a856-4c90-8b5f-c8907b243df5	5	85521591	87396435	932	0.1207
16a00020-a856-4c90-8b5f-c8907b243df5	5	87405286	88469558	505	-0.3042
16a00020-a856-4c90-8b5f-c8907b243df5	5	88475554	161511084	42171	-0.2644
16a00020-a856-4c90-8b5f-c8907b243df5	5	161512834	180934240	11545	-0.3077
16a00020-a856-4c90-8b5f-c8907b243df5	6	1011760	11029570	7052	-0.4726
16a00020-a856-4c90-8b5f-c8907b243df5	6	11030874	11660012	464	0.3815
16a00020-a856-4c90-8b5f-c8907b243df5	6	11660310	12719310	885	-0.4493
16a00020-a856-4c90-8b5f-c8907b243df5	6	12725609	61679520	25646	0.365
16a00020-a856-4c90-8b5f-c8907b243df5	6	61683787	67834733	3265	0.2968
16a00020-a856-4c90-8b5f-c8907b243df5	6	67835409	91856428	13717	0.3478
16a00020-a856-4c90-8b5f-c8907b243df5	6	91859832	104535910	6556	0.3075
16a00020-a856-4c90-8b5f-c8907b243df5	6	104537046	148180808	26021	0.3648
16a00020-a856-4c90-8b5f-c8907b243df5	6	148185476	148185808	2	-1.5255
16a00020-a856-4c90-8b5f-c8907b243df5	6	148186119	156148601	5559	0.3634
16a00020-a856-4c90-8b5f-c8907b243df5	6	156149071	160221496	2441	-0.4353
16a00020-a856-4c90-8b5f-c8907b243df5	6	160222296	170596889	5224	0.2578
16a00020-a856-4c90-8b5f-c8907b243df5	7	664936	12556990	5316	0.3321
16a00020-a856-4c90-8b5f-c8907b243df5	7	12557387	51267434	24662	0.3682
16a00020-a856-4c90-8b5f-c8907b243df5	7	51271830	54117610	1953	0.321
16a00020-a856-4c90-8b5f-c8907b243df5	7	54117711	55238919	900	0.3895
16a00020-a856-4c90-8b5f-c8907b243df5	7	55238932	63675854	680	0.2897
16a00020-a856-4c90-8b5f-c8907b243df5	7	63677725	65052476	474	0.7705
16a00020-a856-4c90-8b5f-c8907b243df5	7	65714988	77298694	4618	-0.4757
16a00020-a856-4c90-8b5f-c8907b243df5	7	77301378	97168437	10879	-0.416
16a00020-a856-4c90-8b5f-c8907b243df5	7	97171377	102899663	2214	-0.4756
16a00020-a856-4c90-8b5f-c8907b243df5	7	102906769	124455847	11765	-0.4131
16a00020-a856-4c90-8b5f-c8907b243df5	7	124456660	126701821	1167	-0.5019
16a00020-a856-4c90-8b5f-c8907b243df5	7	126704680	138670958	6871	-0.4374
16a00020-a856-4c90-8b5f-c8907b243df5	7	138671824	158592540	10147	-0.4783
16a00020-a856-4c90-8b5f-c8907b243df5	8	667625	15845124	7718	0.2678
16a00020-a856-4c90-8b5f-c8907b243df5	8	15845234	23718843	5624	0.3105
16a00020-a856-4c90-8b5f-c8907b243df5	8	23719253	34574584	7130	0.2535
16a00020-a856-4c90-8b5f-c8907b243df5	8	34584165	81696643	24744	0.3411
16a00020-a856-4c90-8b5f-c8907b243df5	8	81699473	84225583	1353	0.2741
16a00020-a856-4c90-8b5f-c8907b243df5	8	84225835	84462400	101	0.356
16a00020-a856-4c90-8b5f-c8907b243df5	8	84470670	84474037	2	-2.2591
16a00020-a856-4c90-8b5f-c8907b243df5	8	84477252	109748780	14142	0.3647
16a00020-a856-4c90-8b5f-c8907b243df5	8	109756524	114687506	2464	0.285
16a00020-a856-4c90-8b5f-c8907b243df5	8	114690386	135013606	14049	0.347
16a00020-a856-4c90-8b5f-c8907b243df5	8	135014573	139026398	2895	0.2943
16a00020-a856-4c90-8b5f-c8907b243df5	8	139027943	144182542	1752	0.5657
16a00020-a856-4c90-8b5f-c8907b243df5	9	789794	19027882	11510	0.2414
16a00020-a856-4c90-8b5f-c8907b243df5	9	19029677	31010409	7180	0.202
16a00020-a856-4c90-8b5f-c8907b243df5	9	31010692	68423153	4811	0.2568
16a00020-a856-4c90-8b5f-c8907b243df5	9	68424128	71678496	2456	-0.4449
16a00020-a856-4c90-8b5f-c8907b243df5	9	71679289	76225185	2980	0.1185
16a00020-a856-4c90-8b5f-c8907b243df5	9	76225400	113978212	24968	0.3494
16a00020-a856-4c90-8b5f-c8907b243df5	9	113978265	115153878	926	0.4761
16a00020-a856-4c90-8b5f-c8907b243df5	9	115154399	117874523	2033	0.3642
16a00020-a856-4c90-8b5f-c8907b243df5	9	117875281	132416210	8924	0.3014
16a00020-a856-4c90-8b5f-c8907b243df5	9	132418466	133269390	600	-0.5014
16a00020-a856-4c90-8b5f-c8907b243df5	9	133277270	138044505	1851	0.3101
16a00020-a856-4c90-8b5f-c8907b243df5	10	366509	3568555	1717	0.2987
16a00020-a856-4c90-8b5f-c8907b243df5	10	3569161	6608519	2454	0.3743
16a00020-a856-4c90-8b5f-c8907b243df5	10	6608798	9051887	1925	0.3114
16a00020-a856-4c90-8b5f-c8907b243df5	10	9056421	9058840	2	-1.5466
16a00020-a856-4c90-8b5f-c8907b243df5	10	9059222	33061951	16771	0.3419
16a00020-a856-4c90-8b5f-c8907b243df5	10	33064389	33159215	98	-0.456
16a00020-a856-4c90-8b5f-c8907b243df5	10	33164784	33831776	510	0.3928
16a00020-a856-4c90-8b5f-c8907b243df5	10	33836861	36626398	1673	0.4669
16a00020-a856-4c90-8b5f-c8907b243df5	10	36626417	38770921	1032	0.3926
16a00020-a856-4c90-8b5f-c8907b243df5	10	42450960	44968587	1649	-0.417
16a00020-a856-4c90-8b5f-c8907b243df5	10	44968652	44969477	2	-3.3175
16a00020-a856-4c90-8b5f-c8907b243df5	10	44970219	51848014	2576	-0.4205
16a00020-a856-4c90-8b5f-c8907b243df5	10	51851816	133411599	50494	-0.4978
16a00020-a856-4c90-8b5f-c8907b243df5	11	456012	9494685	4795	-0.3902
16a00020-a856-4c90-8b5f-c8907b243df5	11	9498136	9626290	70	-1.18
16a00020-a856-4c90-8b5f-c8907b243df5	11	9626777	9651216	18	-0.1984
16a00020-a856-4c90-8b5f-c8907b243df5	11	9655368	12941575	2643	-0.0054
16a00020-a856-4c90-8b5f-c8907b243df5	11	12944604	13121160	177	-1.1738
16a00020-a856-4c90-8b5f-c8907b243df5	11	13124432	16233335	2005	-0.0366
16a00020-a856-4c90-8b5f-c8907b243df5	11	16233539	16234189	2	-1.8019
16a00020-a856-4c90-8b5f-c8907b243df5	11	16239526	18584091	1471	-0.0576
16a00020-a856-4c90-8b5f-c8907b243df5	11	18603108	49960656	19340	0.2582
16a00020-a856-4c90-8b5f-c8907b243df5	11	49965238	50101778	21	-0.003
16a00020-a856-4c90-8b5f-c8907b243df5	11	56244856	62988047	3683	-0.4537
16a00020-a856-4c90-8b5f-c8907b243df5	11	62989016	63015266	16	0.3081
16a00020-a856-4c90-8b5f-c8907b243df5	11	63016722	66238739	936	-0.4814
16a00020-a856-4c90-8b5f-c8907b243df5	11	66248302	74357824	3615	0.2908
16a00020-a856-4c90-8b5f-c8907b243df5	11	74359958	78551486	2274	0.5969
16a00020-a856-4c90-8b5f-c8907b243df5	11	78552712	78677316	84	0.2938
16a00020-a856-4c90-8b5f-c8907b243df5	11	78677560	78707381	23	0.6609
16a00020-a856-4c90-8b5f-c8907b243df5	11	78707877	78779479	64	0.206
16a00020-a856-4c90-8b5f-c8907b243df5	11	78779606	79849191	884	-0.4492
16a00020-a856-4c90-8b5f-c8907b243df5	11	79854315	80696646	646	0.0623
16a00020-a856-4c90-8b5f-c8907b243df5	11	80698969	97425800	10069	-0.4069
16a00020-a856-4c90-8b5f-c8907b243df5	11	97426218	100241395	1816	-0.4594
16a00020-a856-4c90-8b5f-c8907b243df5	11	100243220	114570858	8964	-0.3941
16a00020-a856-4c90-8b5f-c8907b243df5	11	114570873	114577196	2	-2.9131
16a00020-a856-4c90-8b5f-c8907b243df5	11	114579807	134272740	13571	-0.4373
16a00020-a856-4c90-8b5f-c8907b243df5	12	780472	10081038	5074	-0.3929
16a00020-a856-4c90-8b5f-c8907b243df5	12	10081053	28749753	11527	-0.3512
16a00020-a856-4c90-8b5f-c8907b243df5	12	28751888	38827290	3009	-0.4223
16a00020-a856-4c90-8b5f-c8907b243df5	12	38829764	42767047	2430	0.0992
16a00020-a856-4c90-8b5f-c8907b243df5	12	42767101	57764205	7632	-0.0252
16a00020-a856-4c90-8b5f-c8907b243df5	12	57764775	108516777	31694	0.0031
16a00020-a856-4c90-8b5f-c8907b243df5	12	108518268	130674698	11860	-0.0372
16a00020-a856-4c90-8b5f-c8907b243df5	12	130675257	130676771	2	-2.0437
16a00020-a856-4c90-8b5f-c8907b243df5	12	130677256	132605822	818	-0.008
16a00020-a856-4c90-8b5f-c8907b243df5	13	18874255	22094919	1488	0.3298
16a00020-a856-4c90-8b5f-c8907b243df5	13	22097202	31870396	6369	-0.4666
16a00020-a856-4c90-8b5f-c8907b243df5	13	31870928	47762846	10456	-0.421
16a00020-a856-4c90-8b5f-c8907b243df5	13	47763502	48474313	508	-0.4621
16a00020-a856-4c90-8b5f-c8907b243df5	13	48474576	48505367	24	-3.3697
16a00020-a856-4c90-8b5f-c8907b243df5	13	48507402	63676310	7082	-0.4627
16a00020-a856-4c90-8b5f-c8907b243df5	13	63680723	69730882	2755	-0.3162
16a00020-a856-4c90-8b5f-c8907b243df5	13	69736908	69762257	14	0.6313
16a00020-a856-4c90-8b5f-c8907b243df5	13	69764723	69850936	40	0.3107
16a00020-a856-4c90-8b5f-c8907b243df5	13	69851777	69864733	10	-0.4241
16a00020-a856-4c90-8b5f-c8907b243df5	13	69872542	73621204	2382	0.3702
16a00020-a856-4c90-8b5f-c8907b243df5	13	73621500	77653407	2748	0.437
16a00020-a856-4c90-8b5f-c8907b243df5	13	77654150	79322443	1118	0.385
16a00020-a856-4c90-8b5f-c8907b243df5	13	79333564	79534075	102	0.8987
16a00020-a856-4c90-8b5f-c8907b243df5	13	79534490	81523847	1237	0.6912
16a00020-a856-4c90-8b5f-c8907b243df5	13	81525650	90718206	5070	0.8175
16a00020-a856-4c90-8b5f-c8907b243df5	13	90722311	114226675	15376	0.8632
16a00020-a856-4c90-8b5f-c8907b243df5	14	20033191	21305226	744	0.4583
16a00020-a856-4c90-8b5f-c8907b243df5	14	21305304	21630851	151	0.7819
16a00020-a856-4c90-8b5f-c8907b243df5	14	21631088	21635545	11	0.5071
16a00020-a856-4c90-8b5f-c8907b243df5	14	22664303	23121839	134	-0.0336
16a00020-a856-4c90-8b5f-c8907b243df5	14	23124233	41031418	10350	0.0326
16a00020-a856-4c90-8b5f-c8907b243df5	14	41033188	48973374	3442	-0.0137
16a00020-a856-4c90-8b5f-c8907b243df5	14	48975846	55879165	4335	0.073
16a00020-a856-4c90-8b5f-c8907b243df5	14	55879527	105533894	30440	0.0211
16a00020-a856-4c90-8b5f-c8907b243df5	15	23437561	35073319	4978	0.1826
16a00020-a856-4c90-8b5f-c8907b243df5	15	35077876	40506021	3630	0.2484
16a00020-a856-4c90-8b5f-c8907b243df5	15	40508589	50977473	5510	0.1942
16a00020-a856-4c90-8b5f-c8907b243df5	15	50978744	73430159	14418	0.2759
16a00020-a856-4c90-8b5f-c8907b243df5	15	73430364	85118275	6082	0.2074
16a00020-a856-4c90-8b5f-c8907b243df5	15	85122016	86566977	810	0.3276
16a00020-a856-4c90-8b5f-c8907b243df5	15	86571261	90982911	2796	0.2443
16a00020-a856-4c90-8b5f-c8907b243df5	15	90983045	94894622	2437	0.372
16a00020-a856-4c90-8b5f-c8907b243df5	15	94929526	99096712	2971	0.2833
16a00020-a856-4c90-8b5f-c8907b243df5	15	99097513	101344124	1028	0.3638
16a00020-a856-4c90-8b5f-c8907b243df5	16	603333	20622023	9206	0.3046
16a00020-a856-4c90-8b5f-c8907b243df5	16	20624663	46481615	4793	-0.1671
16a00020-a856-4c90-8b5f-c8907b243df5	16	46482583	53479618	4414	-0.4723
16a00020-a856-4c90-8b5f-c8907b243df5	16	53486805	57834939	3037	0.1376
16a00020-a856-4c90-8b5f-c8907b243df5	16	57835086	63078706	3265	0.0693
16a00020-a856-4c90-8b5f-c8907b243df5	16	63081178	64635031	966	0.1205
16a00020-a856-4c90-8b5f-c8907b243df5	16	64635223	65429379	583	0.1642
16a00020-a856-4c90-8b5f-c8907b243df5	16	65429606	65430122	4	-0.9534
16a00020-a856-4c90-8b5f-c8907b243df5	16	65430413	66447339	820	0.1776
16a00020-a856-4c90-8b5f-c8907b243df5	16	66449903	89317317	13969	0.092
16a00020-a856-4c90-8b5f-c8907b243df5	17	1074619	9341107	4110	0.196
16a00020-a856-4c90-8b5f-c8907b243df5	17	9341784	9519923	143	0.7041
16a00020-a856-4c90-8b5f-c8907b243df5	17	9522382	9752797	139	0.234
16a00020-a856-4c90-8b5f-c8907b243df5	17	9753836	10655416	563	0.7428
16a00020-a856-4c90-8b5f-c8907b243df5	17	10659733	11876349	948	0.222
16a00020-a856-4c90-8b5f-c8907b243df5	17	11883634	26943491	3794	0.7077
16a00020-a856-4c90-8b5f-c8907b243df5	17	26943774	42842476	7080	-0.5091
16a00020-a856-4c90-8b5f-c8907b243df5	17	42844068	82959812	20361	0.2386
16a00020-a856-4c90-8b5f-c8907b243df5	18	326691	5565062	2747	0.0836
16a00020-a856-4c90-8b5f-c8907b243df5	18	5565095	21131323	5501	0.1331
16a00020-a856-4c90-8b5f-c8907b243df5	18	21139423	26990394	3504	-0.4713
16a00020-a856-4c90-8b5f-c8907b243df5	18	26990703	26991916	2	-3.1602
16a00020-a856-4c90-8b5f-c8907b243df5	18	26996288	31233604	2519	-0.4836
16a00020-a856-4c90-8b5f-c8907b243df5	18	31233625	45717878	8849	-0.4061
16a00020-a856-4c90-8b5f-c8907b243df5	18	45719836	59047698	8644	-0.4636
16a00020-a856-4c90-8b5f-c8907b243df5	18	59048523	69186432	5927	-0.5761
16a00020-a856-4c90-8b5f-c8907b243df5	18	69186688	73701344	1339	-0.4231
16a00020-a856-4c90-8b5f-c8907b243df5	18	73701659	79349796	3708	-0.6205
16a00020-a856-4c90-8b5f-c8907b243df5	19	283868	3158549	686	-0.3207
16a00020-a856-4c90-8b5f-c8907b243df5	19	3161259	15545726	5116	0.0067
16a00020-a856-4c90-8b5f-c8907b243df5	19	15556939	18634853	1410	-0.3871
16a00020-a856-4c90-8b5f-c8907b243df5	19	18638544	19476635	351	-1.1293
16a00020-a856-4c90-8b5f-c8907b243df5	19	19480257	23185110	1049	-0.3769
16a00020-a856-4c90-8b5f-c8907b243df5	19	23188721	23356211	93	-0.168
16a00020-a856-4c90-8b5f-c8907b243df5	19	23356451	23371165	9	0.0968
16a00020-a856-4c90-8b5f-c8907b243df5	19	23401831	23621684	133	0.4311
16a00020-a856-4c90-8b5f-c8907b243df5	19	23626097	27965622	305	-0.1074
16a00020-a856-4c90-8b5f-c8907b243df5	19	27969356	30112736	1685	0.6065
16a00020-a856-4c90-8b5f-c8907b243df5	19	30115052	30140646	27	0.2051
16a00020-a856-4c90-8b5f-c8907b243df5	19	30144566	30883078	521	0.6504
16a00020-a856-4c90-8b5f-c8907b243df5	19	30884442	34093013	2149	0.0446
16a00020-a856-4c90-8b5f-c8907b243df5	19	34094961	58339906	10533	-0.1337
16a00020-a856-4c90-8b5f-c8907b243df5	19	58340170	58370362	14	0.102
16a00020-a856-4c90-8b5f-c8907b243df5	20	472817	2393172	1289	0.0536
16a00020-a856-4c90-8b5f-c8907b243df5	20	2394616	6141168	2101	-0.0241
16a00020-a856-4c90-8b5f-c8907b243df5	20	6141205	18844459	8745	0.0311
16a00020-a856-4c90-8b5f-c8907b243df5	20	18844668	22551164	2709	0.2662
16a00020-a856-4c90-8b5f-c8907b243df5	20	22551374	23418250	733	0.3587
16a00020-a856-4c90-8b5f-c8907b243df5	20	23418907	24746849	703	0.2875
16a00020-a856-4c90-8b5f-c8907b243df5	20	24747020	37736876	3814	0.4323
16a00020-a856-4c90-8b5f-c8907b243df5	20	37739338	40981471	2219	0.5129
16a00020-a856-4c90-8b5f-c8907b243df5	20	40981893	46388231	3439	0.4195
16a00020-a856-4c90-8b5f-c8907b243df5	20	46388279	46396785	5	0.2881
16a00020-a856-4c90-8b5f-c8907b243df5	20	46415981	46480495	47	-0.3856
16a00020-a856-4c90-8b5f-c8907b243df5	20	46480994	46537578	46	-0.218
16a00020-a856-4c90-8b5f-c8907b243df5	20	46539256	46542202	5	-0.519
16a00020-a856-4c90-8b5f-c8907b243df5	20	46543922	47055233	468	0.2298
16a00020-a856-4c90-8b5f-c8907b243df5	20	47055248	47683134	381	0.1245
16a00020-a856-4c90-8b5f-c8907b243df5	20	47686028	50483116	1647	-0.3584
16a00020-a856-4c90-8b5f-c8907b243df5	20	50483508	59375567	6470	-0.292
16a00020-a856-4c90-8b5f-c8907b243df5	20	59375931	63588502	2595	-0.3465
16a00020-a856-4c90-8b5f-c8907b243df5	21	13974127	46262057	20499	-0.3867
16a00020-a856-4c90-8b5f-c8907b243df5	22	16934932	25870800	1947	0.1624
16a00020-a856-4c90-8b5f-c8907b243df5	22	25870972	28191146	2121	0.2011
16a00020-a856-4c90-8b5f-c8907b243df5	22	28215453	36122954	5249	0.1575
16a00020-a856-4c90-8b5f-c8907b243df5	22	36122992	36218264	36	0.5021
16a00020-a856-4c90-8b5f-c8907b243df5	22	36319792	47773557	6661	0.1441
16a00020-a856-4c90-8b5f-c8907b243df5	22	47773867	48940621	1020	-0.174
16a00020-a856-4c90-8b5f-c8907b243df5	X	3236359	40228747	16472	-0.0591
16a00020-a856-4c90-8b5f-c8907b243df5	X	40236608	40579183	221	-3.4459
16a00020-a856-4c90-8b5f-c8907b243df5	X	40582882	56787154	6420	-0.0668
16a00020-a856-4c90-8b5f-c8907b243df5	X	56787285	56787668	2	-2.1155
16a00020-a856-4c90-8b5f-c8907b243df5	X	56789589	58291553	570	-0.0659
16a00020-a856-4c90-8b5f-c8907b243df5	X	58291715	77466966	5105	0.6005
16a00020-a856-4c90-8b5f-c8907b243df5	X	77467351	78810692	378	0.0095
16a00020-a856-4c90-8b5f-c8907b243df5	X	78810976	94939622	6755	-0.0431
16a00020-a856-4c90-8b5f-c8907b243df5	X	94940118	103475771	3580	-0.0081
16a00020-a856-4c90-8b5f-c8907b243df5	X	103476534	103477648	2	-2.0718
16a00020-a856-4c90-8b5f-c8907b243df5	X	103480672	128979254	11949	0.0002
16a00020-a856-4c90-8b5f-c8907b243df5	X	128983509	129258694	144	-0.2256
16a00020-a856-4c90-8b5f-c8907b243df5	X	129258917	138021633	3765	0.0268
16a00020-a856-4c90-8b5f-c8907b243df5	X	138023896	148324579	5222	-0.0281
16a00020-a856-4c90-8b5f-c8907b243df5	X	148325484	155677414	2562	0.0202
