GDC_Aliquot	Chromosome	Start	End	Num_Probes	Segment_Mean
c2ac4d7c-9026-4e15-bbfb-fda0f7255c6c	1	3301765	19975434	9419	0.0753
c2ac4d7c-9026-4e15-bbfb-fda0f7255c6c	1	19976658	20424068	293	-0.0429
c2ac4d7c-9026-4e15-bbfb-fda0f7255c6c	1	20431547	25430443	2552	0.0789
c2ac4d7c-9026-4e15-bbfb-fda0f7255c6c	1	25432164	54975403	15404	-0.0532
c2ac4d7c-9026-4e15-bbfb-fda0f7255c6c	1	54977932	81607591	17269	-0.0138
c2ac4d7c-9026-4e15-bbfb-fda0f7255c6c	1	81608508	81962007	233	-0.0735
c2ac4d7c-9026-4e15-bbfb-fda0f7255c6c	1	81962760	89608452	4918	0.3937
c2ac4d7c-9026-4e15-bbfb-fda0f7255c6c	1	89609697	93642885	2256	0.2575
c2ac4d7c-9026-4e15-bbfb-fda0f7255c6c	1	93646157	93651876	3	-0.7459
c2ac4d7c-9026-4e15-bbfb-fda0f7255c6c	1	93651916	98987731	3315	0.2608
c2ac4d7c-9026-4e15-bbfb-fda0f7255c6c	1	98990524	99337233	275	0.3736
c2ac4d7c-9026-4e15-bbfb-fda0f7255c6c	1	99337327	103825276	2454	0.2615
c2ac4d7c-9026-4e15-bbfb-fda0f7255c6c	1	103825748	103847893	10	0.5039
c2ac4d7c-9026-4e15-bbfb-fda0f7255c6c	1	103850735	106692517	1476	-0.0306
c2ac4d7c-9026-4e15-bbfb-fda0f7255c6c	1	106697990	111806974	3060	0.2525
c2ac4d7c-9026-4e15-bbfb-fda0f7255c6c	1	111807035	115424902	2341	-0.0386
c2ac4d7c-9026-4e15-bbfb-fda0f7255c6c	1	115426971	115529302	40	0.2426
c2ac4d7c-9026-4e15-bbfb-fda0f7255c6c	1	115531459	115634096	69	-0.0758
c2ac4d7c-9026-4e15-bbfb-fda0f7255c6c	1	115634130	115960852	278	0.2364
c2ac4d7c-9026-4e15-bbfb-fda0f7255c6c	1	115960922	119766352	2304	0.1256
c2ac4d7c-9026-4e15-bbfb-fda0f7255c6c	1	119767245	119981332	136	-0.1841
c2ac4d7c-9026-4e15-bbfb-fda0f7255c6c	1	119984738	156867046	3248	0.4423
c2ac4d7c-9026-4e15-bbfb-fda0f7255c6c	1	156869382	159615770	1816	0.5112
c2ac4d7c-9026-4e15-bbfb-fda0f7255c6c	1	159619589	160246329	404	0.465
c2ac4d7c-9026-4e15-bbfb-fda0f7255c6c	1	160246482	161327306	664	0.2064
c2ac4d7c-9026-4e15-bbfb-fda0f7255c6c	1	161331204	162884873	1022	0.5044
c2ac4d7c-9026-4e15-bbfb-fda0f7255c6c	1	162888845	163020096	162	0.3358
c2ac4d7c-9026-4e15-bbfb-fda0f7255c6c	1	163027550	163365828	241	0.5675
c2ac4d7c-9026-4e15-bbfb-fda0f7255c6c	1	163370719	163996149	401	0.2503
c2ac4d7c-9026-4e15-bbfb-fda0f7255c6c	1	163997342	165118255	866	-0.0421
c2ac4d7c-9026-4e15-bbfb-fda0f7255c6c	1	165118580	165146376	26	0.2791
c2ac4d7c-9026-4e15-bbfb-fda0f7255c6c	1	165146514	165198717	58	-0.0339
c2ac4d7c-9026-4e15-bbfb-fda0f7255c6c	1	165199755	176388319	7299	0.2635
c2ac4d7c-9026-4e15-bbfb-fda0f7255c6c	1	176390643	180557926	2687	-0.0334
c2ac4d7c-9026-4e15-bbfb-fda0f7255c6c	1	180557984	181474463	610	0.2683
c2ac4d7c-9026-4e15-bbfb-fda0f7255c6c	1	181475606	189283727	5047	-0.022
c2ac4d7c-9026-4e15-bbfb-fda0f7255c6c	1	189287661	190378245	533	0.2463
c2ac4d7c-9026-4e15-bbfb-fda0f7255c6c	1	190378535	193270274	1771	-0.0233
c2ac4d7c-9026-4e15-bbfb-fda0f7255c6c	1	193270517	193367166	56	0.2546
c2ac4d7c-9026-4e15-bbfb-fda0f7255c6c	1	193367266	201890255	5071	-0.1871
c2ac4d7c-9026-4e15-bbfb-fda0f7255c6c	1	201890534	205592166	2444	0.1003
c2ac4d7c-9026-4e15-bbfb-fda0f7255c6c	1	205594773	220588265	10114	-0.1925
c2ac4d7c-9026-4e15-bbfb-fda0f7255c6c	1	220589182	220589568	2	-2.1931
c2ac4d7c-9026-4e15-bbfb-fda0f7255c6c	1	220592537	247650984	17057	-0.1991
c2ac4d7c-9026-4e15-bbfb-fda0f7255c6c	2	480597	39478899	23272	-0.1838
c2ac4d7c-9026-4e15-bbfb-fda0f7255c6c	2	39479184	41047748	1031	-0.1283
c2ac4d7c-9026-4e15-bbfb-fda0f7255c6c	2	41048432	53083288	7224	-0.178
c2ac4d7c-9026-4e15-bbfb-fda0f7255c6c	2	53085893	53111472	22	0.2642
c2ac4d7c-9026-4e15-bbfb-fda0f7255c6c	2	53112902	83710756	17129	-0.1758
c2ac4d7c-9026-4e15-bbfb-fda0f7255c6c	2	83714409	85105322	789	0.146
c2ac4d7c-9026-4e15-bbfb-fda0f7255c6c	2	85105337	85106283	2	-1.4245
c2ac4d7c-9026-4e15-bbfb-fda0f7255c6c	2	85106853	115585888	11748	0.1321
c2ac4d7c-9026-4e15-bbfb-fda0f7255c6c	2	115587660	116009637	160	-0.1411
c2ac4d7c-9026-4e15-bbfb-fda0f7255c6c	2	116010649	123001311	3946	-0.0054
c2ac4d7c-9026-4e15-bbfb-fda0f7255c6c	2	123004966	123016394	8	0.2644
c2ac4d7c-9026-4e15-bbfb-fda0f7255c6c	2	123016422	131599951	3709	-0.1858
c2ac4d7c-9026-4e15-bbfb-fda0f7255c6c	2	131600277	159318543	15594	-0.1647
c2ac4d7c-9026-4e15-bbfb-fda0f7255c6c	2	159318768	159318799	2	-1.957
c2ac4d7c-9026-4e15-bbfb-fda0f7255c6c	2	159319420	173547557	8591	-0.1608
c2ac4d7c-9026-4e15-bbfb-fda0f7255c6c	2	173548781	173549078	2	-2.0568
c2ac4d7c-9026-4e15-bbfb-fda0f7255c6c	2	173550169	227852437	30891	-0.1626
c2ac4d7c-9026-4e15-bbfb-fda0f7255c6c	2	227859638	241537572	8009	-0.1935
c2ac4d7c-9026-4e15-bbfb-fda0f7255c6c	3	2170634	25696742	14151	-0.1883
c2ac4d7c-9026-4e15-bbfb-fda0f7255c6c	3	25702977	25703869	2	-2.6297
c2ac4d7c-9026-4e15-bbfb-fda0f7255c6c	3	25704534	46349580	12260	-0.1836
c2ac4d7c-9026-4e15-bbfb-fda0f7255c6c	3	46352479	54254239	3545	-0.2278
c2ac4d7c-9026-4e15-bbfb-fda0f7255c6c	3	54254317	197812401	77147	-0.1835
c2ac4d7c-9026-4e15-bbfb-fda0f7255c6c	4	1059384	3136793	807	0.0826
c2ac4d7c-9026-4e15-bbfb-fda0f7255c6c	4	3138444	4183883	315	0.2328
c2ac4d7c-9026-4e15-bbfb-fda0f7255c6c	4	4184322	5858438	1326	0.1068
c2ac4d7c-9026-4e15-bbfb-fda0f7255c6c	4	5858556	9817948	1982	0.0808
c2ac4d7c-9026-4e15-bbfb-fda0f7255c6c	4	9823321	45009245	22339	0.1219
c2ac4d7c-9026-4e15-bbfb-fda0f7255c6c	4	45011164	45284033	177	-0.0147
c2ac4d7c-9026-4e15-bbfb-fda0f7255c6c	4	45285056	48024616	1383	0.134
c2ac4d7c-9026-4e15-bbfb-fda0f7255c6c	4	48026135	78938058	15319	-0.0286
c2ac4d7c-9026-4e15-bbfb-fda0f7255c6c	4	78941644	92289025	7740	0.1084
c2ac4d7c-9026-4e15-bbfb-fda0f7255c6c	4	92292240	94062014	878	0.3324
c2ac4d7c-9026-4e15-bbfb-fda0f7255c6c	4	94062198	94065255	2	-1.0399
c2ac4d7c-9026-4e15-bbfb-fda0f7255c6c	4	94067367	94549060	219	0.3521
c2ac4d7c-9026-4e15-bbfb-fda0f7255c6c	4	94554030	99542427	2868	0.1009
c2ac4d7c-9026-4e15-bbfb-fda0f7255c6c	4	99543408	99543871	2	-1.8394
c2ac4d7c-9026-4e15-bbfb-fda0f7255c6c	4	99544016	121654026	12630	0.1029
c2ac4d7c-9026-4e15-bbfb-fda0f7255c6c	4	121655837	122074172	246	-0.0433
c2ac4d7c-9026-4e15-bbfb-fda0f7255c6c	4	122077041	122824456	329	0.0861
c2ac4d7c-9026-4e15-bbfb-fda0f7255c6c	4	122825629	122825787	3	-0.9325
c2ac4d7c-9026-4e15-bbfb-fda0f7255c6c	4	122828773	124720173	1073	0.1172
c2ac4d7c-9026-4e15-bbfb-fda0f7255c6c	4	124723041	124724949	4	-1.1509
c2ac4d7c-9026-4e15-bbfb-fda0f7255c6c	4	124724967	142860682	9689	0.0953
c2ac4d7c-9026-4e15-bbfb-fda0f7255c6c	4	142860964	143302547	221	-0.0333
c2ac4d7c-9026-4e15-bbfb-fda0f7255c6c	4	143310653	143370002	45	-0.1543
c2ac4d7c-9026-4e15-bbfb-fda0f7255c6c	4	143370093	146442147	1521	-0.0541
c2ac4d7c-9026-4e15-bbfb-fda0f7255c6c	4	146448754	153911181	4127	-0.1998
c2ac4d7c-9026-4e15-bbfb-fda0f7255c6c	4	153911493	155013255	643	-0.0191
c2ac4d7c-9026-4e15-bbfb-fda0f7255c6c	4	155013302	161937736	4078	-0.1953
c2ac4d7c-9026-4e15-bbfb-fda0f7255c6c	4	161937820	163735851	1074	-0.0373
c2ac4d7c-9026-4e15-bbfb-fda0f7255c6c	4	163735863	165089663	575	-0.2068
c2ac4d7c-9026-4e15-bbfb-fda0f7255c6c	4	165095108	166149311	640	-0.0611
c2ac4d7c-9026-4e15-bbfb-fda0f7255c6c	4	166152418	169070347	1616	-0.2011
c2ac4d7c-9026-4e15-bbfb-fda0f7255c6c	4	169070643	169264245	108	-0.0159
c2ac4d7c-9026-4e15-bbfb-fda0f7255c6c	4	169264880	176108629	3658	-0.2034
c2ac4d7c-9026-4e15-bbfb-fda0f7255c6c	4	176109399	176112495	4	-1.0679
c2ac4d7c-9026-4e15-bbfb-fda0f7255c6c	4	176112612	176927507	531	-0.1912
c2ac4d7c-9026-4e15-bbfb-fda0f7255c6c	4	176928703	176934524	2	-1.3014
c2ac4d7c-9026-4e15-bbfb-fda0f7255c6c	4	176944687	177580762	427	-0.2073
c2ac4d7c-9026-4e15-bbfb-fda0f7255c6c	4	177581008	178249221	374	-0.0308
c2ac4d7c-9026-4e15-bbfb-fda0f7255c6c	4	178249976	187842528	4464	-0.2107
c2ac4d7c-9026-4e15-bbfb-fda0f7255c6c	5	913983	1287425	54	0.5069
c2ac4d7c-9026-4e15-bbfb-fda0f7255c6c	5	1287588	1428688	74	0.2126
c2ac4d7c-9026-4e15-bbfb-fda0f7255c6c	5	1880474	2687641	676	0.3603
c2ac4d7c-9026-4e15-bbfb-fda0f7255c6c	5	2687975	2910956	188	0.4704
c2ac4d7c-9026-4e15-bbfb-fda0f7255c6c	5	2911935	2942389	31	0.5547
c2ac4d7c-9026-4e15-bbfb-fda0f7255c6c	5	2945720	3329164	357	0.6791
c2ac4d7c-9026-4e15-bbfb-fda0f7255c6c	5	3329259	4510807	919	0.5716
c2ac4d7c-9026-4e15-bbfb-fda0f7255c6c	5	4510974	5890928	1192	0.7028
c2ac4d7c-9026-4e15-bbfb-fda0f7255c6c	5	5891526	6279226	336	0.5888
c2ac4d7c-9026-4e15-bbfb-fda0f7255c6c	5	6279350	7495747	868	0.6767
c2ac4d7c-9026-4e15-bbfb-fda0f7255c6c	5	7495993	9592416	1637	0.606
c2ac4d7c-9026-4e15-bbfb-fda0f7255c6c	5	9593284	10159973	493	0.7535
c2ac4d7c-9026-4e15-bbfb-fda0f7255c6c	5	10160353	10982849	388	0.6392
c2ac4d7c-9026-4e15-bbfb-fda0f7255c6c	5	10983501	11992598	792	0.9669
c2ac4d7c-9026-4e15-bbfb-fda0f7255c6c	5	11993489	12769451	366	0.8621
c2ac4d7c-9026-4e15-bbfb-fda0f7255c6c	5	12774789	13526885	256	1.0254
c2ac4d7c-9026-4e15-bbfb-fda0f7255c6c	5	13527120	15331291	1337	1.2555
c2ac4d7c-9026-4e15-bbfb-fda0f7255c6c	5	15332460	15332597	6	0.1105
c2ac4d7c-9026-4e15-bbfb-fda0f7255c6c	5	15332903	18182517	1196	1.2585
c2ac4d7c-9026-4e15-bbfb-fda0f7255c6c	5	18184240	20803112	1276	1.1175
c2ac4d7c-9026-4e15-bbfb-fda0f7255c6c	5	20803781	21296587	247	1.2644
c2ac4d7c-9026-4e15-bbfb-fda0f7255c6c	5	21296640	21338696	27	0.924
c2ac4d7c-9026-4e15-bbfb-fda0f7255c6c	5	21338933	21361673	9	0.447
c2ac4d7c-9026-4e15-bbfb-fda0f7255c6c	5	21391680	21876200	211	1.1052
c2ac4d7c-9026-4e15-bbfb-fda0f7255c6c	5	21879304	22243598	164	0.9746
c2ac4d7c-9026-4e15-bbfb-fda0f7255c6c	5	22243832	22858459	318	1.1063
c2ac4d7c-9026-4e15-bbfb-fda0f7255c6c	5	22861685	24374608	893	0.8268
c2ac4d7c-9026-4e15-bbfb-fda0f7255c6c	5	24377970	24659227	172	0.9875
c2ac4d7c-9026-4e15-bbfb-fda0f7255c6c	5	24662789	25388946	255	1.1897
c2ac4d7c-9026-4e15-bbfb-fda0f7255c6c	5	25389483	26044900	399	1.0543
c2ac4d7c-9026-4e15-bbfb-fda0f7255c6c	5	26045193	26323960	162	1.1777
c2ac4d7c-9026-4e15-bbfb-fda0f7255c6c	5	26326868	26861116	336	0.9192
c2ac4d7c-9026-4e15-bbfb-fda0f7255c6c	5	26861235	27557519	355	1.0963
c2ac4d7c-9026-4e15-bbfb-fda0f7255c6c	5	27557692	30195556	1438	1.0006
c2ac4d7c-9026-4e15-bbfb-fda0f7255c6c	5	30202754	31287889	732	0.874
c2ac4d7c-9026-4e15-bbfb-fda0f7255c6c	5	31288818	31343342	44	1.0913
c2ac4d7c-9026-4e15-bbfb-fda0f7255c6c	5	31343412	32184518	637	0.8701
c2ac4d7c-9026-4e15-bbfb-fda0f7255c6c	5	32185333	32964516	521	0.798
c2ac4d7c-9026-4e15-bbfb-fda0f7255c6c	5	32965475	34837640	716	0.8801
c2ac4d7c-9026-4e15-bbfb-fda0f7255c6c	5	34844219	35275986	282	1.0681
c2ac4d7c-9026-4e15-bbfb-fda0f7255c6c	5	35282712	36320928	714	0.8954
c2ac4d7c-9026-4e15-bbfb-fda0f7255c6c	5	36324790	36542909	173	1.03
c2ac4d7c-9026-4e15-bbfb-fda0f7255c6c	5	36543658	37077117	308	1.1906
c2ac4d7c-9026-4e15-bbfb-fda0f7255c6c	5	37089095	37667338	133	1.0296
c2ac4d7c-9026-4e15-bbfb-fda0f7255c6c	5	37668430	37929425	189	1.1899
c2ac4d7c-9026-4e15-bbfb-fda0f7255c6c	5	37929521	38381104	392	1.3187
c2ac4d7c-9026-4e15-bbfb-fda0f7255c6c	5	38381343	39485201	757	1.2089
c2ac4d7c-9026-4e15-bbfb-fda0f7255c6c	5	39486838	39760307	203	1.0297
c2ac4d7c-9026-4e15-bbfb-fda0f7255c6c	5	39762556	40486794	462	1.2093
c2ac4d7c-9026-4e15-bbfb-fda0f7255c6c	5	40489109	41052050	346	0.9565
c2ac4d7c-9026-4e15-bbfb-fda0f7255c6c	5	41052633	41932992	510	1.0691
c2ac4d7c-9026-4e15-bbfb-fda0f7255c6c	5	41935011	44472173	1219	0.876
c2ac4d7c-9026-4e15-bbfb-fda0f7255c6c	5	44475535	45377176	362	0.6383
c2ac4d7c-9026-4e15-bbfb-fda0f7255c6c	5	45378354	174527566	71913	0.0551
c2ac4d7c-9026-4e15-bbfb-fda0f7255c6c	5	174531385	180934240	3044	0.0036
c2ac4d7c-9026-4e15-bbfb-fda0f7255c6c	6	1011760	1048782	47	-0.0927
c2ac4d7c-9026-4e15-bbfb-fda0f7255c6c	6	1049123	1108216	54	0.1947
c2ac4d7c-9026-4e15-bbfb-fda0f7255c6c	6	1109527	2701830	1187	-0.0885
c2ac4d7c-9026-4e15-bbfb-fda0f7255c6c	6	2706335	2840082	113	0.0597
c2ac4d7c-9026-4e15-bbfb-fda0f7255c6c	6	2842596	4677673	1195	0.2021
c2ac4d7c-9026-4e15-bbfb-fda0f7255c6c	6	4677726	6201870	1139	0.059
c2ac4d7c-9026-4e15-bbfb-fda0f7255c6c	6	6204108	6267344	52	-0.1455
c2ac4d7c-9026-4e15-bbfb-fda0f7255c6c	6	6267635	6665538	386	0.0769
c2ac4d7c-9026-4e15-bbfb-fda0f7255c6c	6	6666323	11247408	3062	0.2084
c2ac4d7c-9026-4e15-bbfb-fda0f7255c6c	6	11251622	11790260	449	0.0768
c2ac4d7c-9026-4e15-bbfb-fda0f7255c6c	6	11797767	12147381	304	0.2015
c2ac4d7c-9026-4e15-bbfb-fda0f7255c6c	6	12149567	13109037	727	0.0798
c2ac4d7c-9026-4e15-bbfb-fda0f7255c6c	6	13109296	14019257	670	0.2067
c2ac4d7c-9026-4e15-bbfb-fda0f7255c6c	6	14026705	14521721	359	-0.0968
c2ac4d7c-9026-4e15-bbfb-fda0f7255c6c	6	14521737	14948429	350	0.0874
c2ac4d7c-9026-4e15-bbfb-fda0f7255c6c	6	14948714	15256837	179	-0.1246
c2ac4d7c-9026-4e15-bbfb-fda0f7255c6c	6	15257494	19667188	2943	0.0631
c2ac4d7c-9026-4e15-bbfb-fda0f7255c6c	6	19671907	22902790	2334	-0.0775
c2ac4d7c-9026-4e15-bbfb-fda0f7255c6c	6	22903102	22909751	9	0.4509
c2ac4d7c-9026-4e15-bbfb-fda0f7255c6c	6	22910663	23068198	105	0.0446
c2ac4d7c-9026-4e15-bbfb-fda0f7255c6c	6	23073927	24321809	868	0.2378
c2ac4d7c-9026-4e15-bbfb-fda0f7255c6c	6	24325581	24326057	2	-1.8182
c2ac4d7c-9026-4e15-bbfb-fda0f7255c6c	6	24328478	25446080	797	0.2954
c2ac4d7c-9026-4e15-bbfb-fda0f7255c6c	6	25446717	26972746	530	0.1694
c2ac4d7c-9026-4e15-bbfb-fda0f7255c6c	6	26973736	29105317	759	0.2656
c2ac4d7c-9026-4e15-bbfb-fda0f7255c6c	6	29199798	31216419	750	0.1407
c2ac4d7c-9026-4e15-bbfb-fda0f7255c6c	6	31225070	34391817	811	0.266
c2ac4d7c-9026-4e15-bbfb-fda0f7255c6c	6	34394422	34742186	194	0.1214
c2ac4d7c-9026-4e15-bbfb-fda0f7255c6c	6	34742297	37560201	1511	0.2186
c2ac4d7c-9026-4e15-bbfb-fda0f7255c6c	6	37560693	38890192	926	0.4464
c2ac4d7c-9026-4e15-bbfb-fda0f7255c6c	6	38892303	41618669	2043	0.5023
c2ac4d7c-9026-4e15-bbfb-fda0f7255c6c	6	41618842	43070365	777	0.4697
c2ac4d7c-9026-4e15-bbfb-fda0f7255c6c	6	43070457	43071350	7	-0.0641
c2ac4d7c-9026-4e15-bbfb-fda0f7255c6c	6	43071679	43851904	386	0.4307
c2ac4d7c-9026-4e15-bbfb-fda0f7255c6c	6	43852339	44692065	544	0.4944
c2ac4d7c-9026-4e15-bbfb-fda0f7255c6c	6	44701803	45164527	176	0.3825
c2ac4d7c-9026-4e15-bbfb-fda0f7255c6c	6	45168610	53551255	5066	0.0025
c2ac4d7c-9026-4e15-bbfb-fda0f7255c6c	6	53554025	170596889	65283	-0.0914
c2ac4d7c-9026-4e15-bbfb-fda0f7255c6c	7	664936	2001797	332	-0.0609
c2ac4d7c-9026-4e15-bbfb-fda0f7255c6c	7	2010659	3598298	807	0.0992
c2ac4d7c-9026-4e15-bbfb-fda0f7255c6c	7	3598810	7139588	1188	-0.0892
c2ac4d7c-9026-4e15-bbfb-fda0f7255c6c	7	7147860	7262856	85	0.1917
c2ac4d7c-9026-4e15-bbfb-fda0f7255c6c	7	7263532	7971273	666	-0.0031
c2ac4d7c-9026-4e15-bbfb-fda0f7255c6c	7	7974560	8528265	181	0.2725
c2ac4d7c-9026-4e15-bbfb-fda0f7255c6c	7	8578850	9348788	217	0.4586
c2ac4d7c-9026-4e15-bbfb-fda0f7255c6c	7	9349369	9607856	136	0.3638
c2ac4d7c-9026-4e15-bbfb-fda0f7255c6c	7	9607996	10495939	274	0.1352
c2ac4d7c-9026-4e15-bbfb-fda0f7255c6c	7	10582054	11884626	907	0.2323
c2ac4d7c-9026-4e15-bbfb-fda0f7255c6c	7	11886721	12127158	224	0.3689
c2ac4d7c-9026-4e15-bbfb-fda0f7255c6c	7	12129452	13179137	713	0.2327
c2ac4d7c-9026-4e15-bbfb-fda0f7255c6c	7	13184748	13256686	15	-0.2255
c2ac4d7c-9026-4e15-bbfb-fda0f7255c6c	7	13256793	13918913	491	0.248
c2ac4d7c-9026-4e15-bbfb-fda0f7255c6c	7	13918927	14175512	330	0.1271
c2ac4d7c-9026-4e15-bbfb-fda0f7255c6c	7	14176817	15446772	784	0.4428
c2ac4d7c-9026-4e15-bbfb-fda0f7255c6c	7	15447257	16058456	492	0.5588
c2ac4d7c-9026-4e15-bbfb-fda0f7255c6c	7	16058656	16108143	37	0.8028
c2ac4d7c-9026-4e15-bbfb-fda0f7255c6c	7	16108230	16755939	433	0.9917
c2ac4d7c-9026-4e15-bbfb-fda0f7255c6c	7	16756412	17905786	280	1.1113
c2ac4d7c-9026-4e15-bbfb-fda0f7255c6c	7	17908181	18440770	353	0.9971
c2ac4d7c-9026-4e15-bbfb-fda0f7255c6c	7	18441526	19949160	507	0.7785
c2ac4d7c-9026-4e15-bbfb-fda0f7255c6c	7	19953106	20736668	559	0.5863
c2ac4d7c-9026-4e15-bbfb-fda0f7255c6c	7	20738200	20893566	104	0.4049
c2ac4d7c-9026-4e15-bbfb-fda0f7255c6c	7	20895810	21093688	148	0.5527
c2ac4d7c-9026-4e15-bbfb-fda0f7255c6c	7	21094987	21109989	21	0.7802
c2ac4d7c-9026-4e15-bbfb-fda0f7255c6c	7	21111553	21324497	180	0.557
c2ac4d7c-9026-4e15-bbfb-fda0f7255c6c	7	21332334	21860595	396	0.4302
c2ac4d7c-9026-4e15-bbfb-fda0f7255c6c	7	21860680	23784394	1305	0.3195
c2ac4d7c-9026-4e15-bbfb-fda0f7255c6c	7	23784465	24036866	179	0.459
c2ac4d7c-9026-4e15-bbfb-fda0f7255c6c	7	24038743	30679433	4377	0.332
c2ac4d7c-9026-4e15-bbfb-fda0f7255c6c	7	30681381	31432301	502	0.4468
c2ac4d7c-9026-4e15-bbfb-fda0f7255c6c	7	31432423	33671342	1467	0.3259
c2ac4d7c-9026-4e15-bbfb-fda0f7255c6c	7	33676036	33698262	19	0.6808
c2ac4d7c-9026-4e15-bbfb-fda0f7255c6c	7	33701605	34412413	491	0.3296
c2ac4d7c-9026-4e15-bbfb-fda0f7255c6c	7	34413060	34791629	243	0.5627
c2ac4d7c-9026-4e15-bbfb-fda0f7255c6c	7	34797386	35233679	170	0.4105
c2ac4d7c-9026-4e15-bbfb-fda0f7255c6c	7	35239390	37784393	1931	0.5576
c2ac4d7c-9026-4e15-bbfb-fda0f7255c6c	7	37784683	38978008	811	0.7461
c2ac4d7c-9026-4e15-bbfb-fda0f7255c6c	7	38978164	39349348	253	0.4216
c2ac4d7c-9026-4e15-bbfb-fda0f7255c6c	7	39350234	40252420	496	-0.0493
c2ac4d7c-9026-4e15-bbfb-fda0f7255c6c	7	40256136	45366373	2788	0.2602
c2ac4d7c-9026-4e15-bbfb-fda0f7255c6c	7	45373622	48583206	2235	-0.2014
c2ac4d7c-9026-4e15-bbfb-fda0f7255c6c	7	48583731	49469789	608	-0.0068
c2ac4d7c-9026-4e15-bbfb-fda0f7255c6c	7	49470214	49474557	4	-0.9016
c2ac4d7c-9026-4e15-bbfb-fda0f7255c6c	7	49474827	51716896	1602	-0.0275
c2ac4d7c-9026-4e15-bbfb-fda0f7255c6c	7	51717993	72930043	7338	0.0986
c2ac4d7c-9026-4e15-bbfb-fda0f7255c6c	7	72931090	74464099	409	0.1809
c2ac4d7c-9026-4e15-bbfb-fda0f7255c6c	7	74467406	84921319	5505	0.2736
c2ac4d7c-9026-4e15-bbfb-fda0f7255c6c	7	84922211	85646574	282	0.4142
c2ac4d7c-9026-4e15-bbfb-fda0f7255c6c	7	85656267	97610045	6005	0.2744
c2ac4d7c-9026-4e15-bbfb-fda0f7255c6c	7	97631663	98254906	294	-0.042
c2ac4d7c-9026-4e15-bbfb-fda0f7255c6c	7	98256413	98260372	7	0.3855
c2ac4d7c-9026-4e15-bbfb-fda0f7255c6c	7	98270879	102418359	1575	-0.0696
c2ac4d7c-9026-4e15-bbfb-fda0f7255c6c	7	102424061	109759034	4143	-0.0193
c2ac4d7c-9026-4e15-bbfb-fda0f7255c6c	7	109759769	112328384	1204	-0.1721
c2ac4d7c-9026-4e15-bbfb-fda0f7255c6c	7	112329219	113021060	174	-0.0018
c2ac4d7c-9026-4e15-bbfb-fda0f7255c6c	7	113021452	113949669	479	-0.1792
c2ac4d7c-9026-4e15-bbfb-fda0f7255c6c	7	113950143	114494573	256	-0.0127
c2ac4d7c-9026-4e15-bbfb-fda0f7255c6c	7	114495025	115470843	511	-0.174
c2ac4d7c-9026-4e15-bbfb-fda0f7255c6c	7	115471311	117578181	1372	0.0001
c2ac4d7c-9026-4e15-bbfb-fda0f7255c6c	7	117579274	126911597	4992	-0.1737
c2ac4d7c-9026-4e15-bbfb-fda0f7255c6c	7	126914197	127563197	443	-0.0078
c2ac4d7c-9026-4e15-bbfb-fda0f7255c6c	7	127563289	127656231	58	-0.2649
c2ac4d7c-9026-4e15-bbfb-fda0f7255c6c	7	127663096	128412414	426	-0.0283
c2ac4d7c-9026-4e15-bbfb-fda0f7255c6c	7	128414046	130511242	865	-0.2046
c2ac4d7c-9026-4e15-bbfb-fda0f7255c6c	7	130610532	131948046	900	-0.0317
c2ac4d7c-9026-4e15-bbfb-fda0f7255c6c	7	131948897	134770525	1711	-0.2031
c2ac4d7c-9026-4e15-bbfb-fda0f7255c6c	7	134770615	135355169	414	0.0084
c2ac4d7c-9026-4e15-bbfb-fda0f7255c6c	7	135356001	136077795	403	-0.1971
c2ac4d7c-9026-4e15-bbfb-fda0f7255c6c	7	136079624	142285943	3624	-0.0267
c2ac4d7c-9026-4e15-bbfb-fda0f7255c6c	7	142286418	142911716	94	-0.2196
c2ac4d7c-9026-4e15-bbfb-fda0f7255c6c	7	142912583	145544088	1193	-0.0182
c2ac4d7c-9026-4e15-bbfb-fda0f7255c6c	7	145550971	146172939	312	-0.2341
c2ac4d7c-9026-4e15-bbfb-fda0f7255c6c	7	146173708	146839427	286	-0.0233
c2ac4d7c-9026-4e15-bbfb-fda0f7255c6c	7	146845045	148292839	1080	-0.2024
c2ac4d7c-9026-4e15-bbfb-fda0f7255c6c	7	148293053	158592540	5218	-0.0423
c2ac4d7c-9026-4e15-bbfb-fda0f7255c6c	8	667625	2880475	813	-0.0845
c2ac4d7c-9026-4e15-bbfb-fda0f7255c6c	8	2883370	4227357	1056	0.1044
c2ac4d7c-9026-4e15-bbfb-fda0f7255c6c	8	4227448	14039054	4362	-0.041
c2ac4d7c-9026-4e15-bbfb-fda0f7255c6c	8	14039295	14324353	207	-0.2318
c2ac4d7c-9026-4e15-bbfb-fda0f7255c6c	8	14331353	14748242	448	-0.0312
c2ac4d7c-9026-4e15-bbfb-fda0f7255c6c	8	14749327	14750410	2	-1.1923
c2ac4d7c-9026-4e15-bbfb-fda0f7255c6c	8	14750823	15185649	353	-0.0163
c2ac4d7c-9026-4e15-bbfb-fda0f7255c6c	8	15186662	15189111	4	0.6967
c2ac4d7c-9026-4e15-bbfb-fda0f7255c6c	8	15189477	15401367	130	-0.0285
c2ac4d7c-9026-4e15-bbfb-fda0f7255c6c	8	15403924	15679260	164	0.1123
c2ac4d7c-9026-4e15-bbfb-fda0f7255c6c	8	15680154	15881159	233	0.2665
c2ac4d7c-9026-4e15-bbfb-fda0f7255c6c	8	15881422	16191042	162	0.105
c2ac4d7c-9026-4e15-bbfb-fda0f7255c6c	8	16192747	19124469	2245	0.2952
c2ac4d7c-9026-4e15-bbfb-fda0f7255c6c	8	19127189	20755556	1331	0.3946
c2ac4d7c-9026-4e15-bbfb-fda0f7255c6c	8	20755826	21961157	948	0.262
c2ac4d7c-9026-4e15-bbfb-fda0f7255c6c	8	21963302	23887084	1044	0.1186
c2ac4d7c-9026-4e15-bbfb-fda0f7255c6c	8	23887761	26476744	1766	0.258
c2ac4d7c-9026-4e15-bbfb-fda0f7255c6c	8	26480635	26769067	259	0.3691
c2ac4d7c-9026-4e15-bbfb-fda0f7255c6c	8	26769562	28530298	1308	0.2568
c2ac4d7c-9026-4e15-bbfb-fda0f7255c6c	8	28530729	28898471	201	0.1042
c2ac4d7c-9026-4e15-bbfb-fda0f7255c6c	8	28903677	29720767	506	0.2747
c2ac4d7c-9026-4e15-bbfb-fda0f7255c6c	8	29733486	29735779	3	-0.4004
c2ac4d7c-9026-4e15-bbfb-fda0f7255c6c	8	29737612	30166628	260	0.2501
c2ac4d7c-9026-4e15-bbfb-fda0f7255c6c	8	30167612	33195211	2027	0.1252
c2ac4d7c-9026-4e15-bbfb-fda0f7255c6c	8	33214594	47252758	5537	0.2586
c2ac4d7c-9026-4e15-bbfb-fda0f7255c6c	8	47322675	49788127	1192	0.5921
c2ac4d7c-9026-4e15-bbfb-fda0f7255c6c	8	49791311	52435810	1580	0.3977
c2ac4d7c-9026-4e15-bbfb-fda0f7255c6c	8	52436459	52463199	15	0.2422
c2ac4d7c-9026-4e15-bbfb-fda0f7255c6c	8	52463918	52575682	75	-0.001
c2ac4d7c-9026-4e15-bbfb-fda0f7255c6c	8	52576485	53748872	614	-0.1935
c2ac4d7c-9026-4e15-bbfb-fda0f7255c6c	8	53750230	55790864	1325	-0.0279
c2ac4d7c-9026-4e15-bbfb-fda0f7255c6c	8	55791171	71291314	9060	-0.1892
c2ac4d7c-9026-4e15-bbfb-fda0f7255c6c	8	71291772	83294838	6915	-0.0117
c2ac4d7c-9026-4e15-bbfb-fda0f7255c6c	8	83298796	91188553	4177	-0.1814
c2ac4d7c-9026-4e15-bbfb-fda0f7255c6c	8	91198830	95812299	2817	0.1448
c2ac4d7c-9026-4e15-bbfb-fda0f7255c6c	8	95812312	95812325	2	-0.8106
c2ac4d7c-9026-4e15-bbfb-fda0f7255c6c	8	95812494	96476940	441	0.1678
c2ac4d7c-9026-4e15-bbfb-fda0f7255c6c	8	96477101	125876863	17225	-0.1781
c2ac4d7c-9026-4e15-bbfb-fda0f7255c6c	8	125880571	125884667	7	-1.349
c2ac4d7c-9026-4e15-bbfb-fda0f7255c6c	8	125893095	138036100	8809	-0.1812
c2ac4d7c-9026-4e15-bbfb-fda0f7255c6c	8	138036227	144182542	2556	-0.2252
c2ac4d7c-9026-4e15-bbfb-fda0f7255c6c	9	789794	840971	56	-0.0715
c2ac4d7c-9026-4e15-bbfb-fda0f7255c6c	9	844487	3838708	2009	-0.3854
c2ac4d7c-9026-4e15-bbfb-fda0f7255c6c	9	3840625	4322307	490	-0.1836
c2ac4d7c-9026-4e15-bbfb-fda0f7255c6c	9	4328194	8716781	2427	-0.3805
c2ac4d7c-9026-4e15-bbfb-fda0f7255c6c	9	8716797	8899449	154	-0.7041
c2ac4d7c-9026-4e15-bbfb-fda0f7255c6c	9	8899516	9767971	438	-0.3971
c2ac4d7c-9026-4e15-bbfb-fda0f7255c6c	9	9768713	10170958	193	-0.1747
c2ac4d7c-9026-4e15-bbfb-fda0f7255c6c	9	10171341	10690370	271	-0.3957
c2ac4d7c-9026-4e15-bbfb-fda0f7255c6c	9	10690555	13191423	698	-0.617
c2ac4d7c-9026-4e15-bbfb-fda0f7255c6c	9	13194822	14382621	961	-0.3952
c2ac4d7c-9026-4e15-bbfb-fda0f7255c6c	9	14382956	14851705	446	-0.1763
c2ac4d7c-9026-4e15-bbfb-fda0f7255c6c	9	14851733	18774294	3118	-0.382
c2ac4d7c-9026-4e15-bbfb-fda0f7255c6c	9	18778191	19423764	541	-0.2066
c2ac4d7c-9026-4e15-bbfb-fda0f7255c6c	9	19424128	20180988	574	-0.3738
c2ac4d7c-9026-4e15-bbfb-fda0f7255c6c	9	20183304	20342558	160	-0.1675
c2ac4d7c-9026-4e15-bbfb-fda0f7255c6c	9	20348810	21145449	609	0.0986
c2ac4d7c-9026-4e15-bbfb-fda0f7255c6c	9	21149964	21993965	512	-0.1779
c2ac4d7c-9026-4e15-bbfb-fda0f7255c6c	9	21996997	22004923	21	-0.4171
c2ac4d7c-9026-4e15-bbfb-fda0f7255c6c	9	22004949	23740212	1161	-0.6048
c2ac4d7c-9026-4e15-bbfb-fda0f7255c6c	9	23740694	23950771	131	-0.3751
c2ac4d7c-9026-4e15-bbfb-fda0f7255c6c	9	23950905	24289599	211	-0.1748
c2ac4d7c-9026-4e15-bbfb-fda0f7255c6c	9	24290020	25829004	892	-0.0623
c2ac4d7c-9026-4e15-bbfb-fda0f7255c6c	9	25830718	27038951	614	0.0874
c2ac4d7c-9026-4e15-bbfb-fda0f7255c6c	9	27041678	27269437	204	-0.1851
c2ac4d7c-9026-4e15-bbfb-fda0f7255c6c	9	27271009	28167090	720	0.2446
c2ac4d7c-9026-4e15-bbfb-fda0f7255c6c	9	28167364	30145983	715	-0.0024
c2ac4d7c-9026-4e15-bbfb-fda0f7255c6c	9	30146065	30419130	175	-0.2104
c2ac4d7c-9026-4e15-bbfb-fda0f7255c6c	9	30597972	31661860	668	-0.0114
c2ac4d7c-9026-4e15-bbfb-fda0f7255c6c	9	31669034	31837336	125	0.1711
c2ac4d7c-9026-4e15-bbfb-fda0f7255c6c	9	31841387	34699188	1765	-0.0385
c2ac4d7c-9026-4e15-bbfb-fda0f7255c6c	9	34701172	36396919	903	-0.206
c2ac4d7c-9026-4e15-bbfb-fda0f7255c6c	9	36411462	38520414	1391	-0.0532
c2ac4d7c-9026-4e15-bbfb-fda0f7255c6c	9	38520462	77791264	6837	0.1253
c2ac4d7c-9026-4e15-bbfb-fda0f7255c6c	9	77793676	83024795	3544	-0.1989
c2ac4d7c-9026-4e15-bbfb-fda0f7255c6c	9	83025339	110594183	18213	0.2444
c2ac4d7c-9026-4e15-bbfb-fda0f7255c6c	9	110594726	110642414	50	-0.0057
c2ac4d7c-9026-4e15-bbfb-fda0f7255c6c	9	110646468	112282368	1168	-0.2016
c2ac4d7c-9026-4e15-bbfb-fda0f7255c6c	9	112284123	112294334	2	1.2073
c2ac4d7c-9026-4e15-bbfb-fda0f7255c6c	9	112296025	116805657	2940	-0.1938
c2ac4d7c-9026-4e15-bbfb-fda0f7255c6c	9	116809939	117353572	508	0.1147
c2ac4d7c-9026-4e15-bbfb-fda0f7255c6c	9	117354190	117491071	103	-0.1866
c2ac4d7c-9026-4e15-bbfb-fda0f7255c6c	9	117491629	118499570	750	0.1354
c2ac4d7c-9026-4e15-bbfb-fda0f7255c6c	9	118500281	118735124	86	-0.2337
c2ac4d7c-9026-4e15-bbfb-fda0f7255c6c	9	118735485	122753387	2904	0.118
c2ac4d7c-9026-4e15-bbfb-fda0f7255c6c	9	122755069	138044505	7979	0.0791
c2ac4d7c-9026-4e15-bbfb-fda0f7255c6c	10	366509	4100922	2216	-0.0429
c2ac4d7c-9026-4e15-bbfb-fda0f7255c6c	10	4104269	7434886	2587	-0.2024
c2ac4d7c-9026-4e15-bbfb-fda0f7255c6c	10	7435548	8487852	851	-0.0576
c2ac4d7c-9026-4e15-bbfb-fda0f7255c6c	10	8487952	48479897	22985	-0.0348
c2ac4d7c-9026-4e15-bbfb-fda0f7255c6c	10	48480517	63866801	9300	-0.0618
c2ac4d7c-9026-4e15-bbfb-fda0f7255c6c	10	63869406	76521945	7149	0.0691
c2ac4d7c-9026-4e15-bbfb-fda0f7255c6c	10	76522246	82009077	3566	-0.0778
c2ac4d7c-9026-4e15-bbfb-fda0f7255c6c	10	82012314	84958334	2171	0.0746
c2ac4d7c-9026-4e15-bbfb-fda0f7255c6c	10	84958699	85302418	247	-0.0735
c2ac4d7c-9026-4e15-bbfb-fda0f7255c6c	10	85302538	91023056	3646	0.0883
c2ac4d7c-9026-4e15-bbfb-fda0f7255c6c	10	91023756	91090459	66	0.3139
c2ac4d7c-9026-4e15-bbfb-fda0f7255c6c	10	91091331	91165442	74	0.0664
c2ac4d7c-9026-4e15-bbfb-fda0f7255c6c	10	91165639	98071124	3898	-0.0803
c2ac4d7c-9026-4e15-bbfb-fda0f7255c6c	10	98072008	103590354	2856	0.0585
c2ac4d7c-9026-4e15-bbfb-fda0f7255c6c	10	103594499	121306120	12230	0.0875
c2ac4d7c-9026-4e15-bbfb-fda0f7255c6c	10	121307037	123037474	1297	0.0612
c2ac4d7c-9026-4e15-bbfb-fda0f7255c6c	10	123039648	123039743	3	-1.0968
c2ac4d7c-9026-4e15-bbfb-fda0f7255c6c	10	123044303	133411599	6118	0.0704
c2ac4d7c-9026-4e15-bbfb-fda0f7255c6c	11	456012	3864281	1154	-0.1051
c2ac4d7c-9026-4e15-bbfb-fda0f7255c6c	11	3864840	28812613	17084	-0.04
c2ac4d7c-9026-4e15-bbfb-fda0f7255c6c	11	28813215	29045466	158	0.1163
c2ac4d7c-9026-4e15-bbfb-fda0f7255c6c	11	29046085	29046090	3	-0.6735
c2ac4d7c-9026-4e15-bbfb-fda0f7255c6c	11	29052622	29495962	288	0.0996
c2ac4d7c-9026-4e15-bbfb-fda0f7255c6c	11	29495996	35424313	3919	-0.0456
c2ac4d7c-9026-4e15-bbfb-fda0f7255c6c	11	35424578	36192420	592	0.1334
c2ac4d7c-9026-4e15-bbfb-fda0f7255c6c	11	36193408	40884223	2464	-0.0515
c2ac4d7c-9026-4e15-bbfb-fda0f7255c6c	11	40885328	67521485	10078	0.0945
c2ac4d7c-9026-4e15-bbfb-fda0f7255c6c	11	67526002	78902224	5738	0.2247
c2ac4d7c-9026-4e15-bbfb-fda0f7255c6c	11	78911728	79315329	365	0.102
c2ac4d7c-9026-4e15-bbfb-fda0f7255c6c	11	79316388	79576578	232	0.2677
c2ac4d7c-9026-4e15-bbfb-fda0f7255c6c	11	79577664	79920743	236	0.1397
c2ac4d7c-9026-4e15-bbfb-fda0f7255c6c	11	79920756	80941733	763	0.2394
c2ac4d7c-9026-4e15-bbfb-fda0f7255c6c	11	80941994	93502582	7200	0.2696
c2ac4d7c-9026-4e15-bbfb-fda0f7255c6c	11	93503516	94517213	672	0.117
c2ac4d7c-9026-4e15-bbfb-fda0f7255c6c	11	94517280	102116371	5381	0.2704
c2ac4d7c-9026-4e15-bbfb-fda0f7255c6c	11	102392217	102440356	20	0.1699
c2ac4d7c-9026-4e15-bbfb-fda0f7255c6c	11	102442669	102936430	382	-0.0083
c2ac4d7c-9026-4e15-bbfb-fda0f7255c6c	11	102937002	104248743	760	0.1482
c2ac4d7c-9026-4e15-bbfb-fda0f7255c6c	11	104248922	104855218	296	-0.0387
c2ac4d7c-9026-4e15-bbfb-fda0f7255c6c	11	104855520	119643213	9566	-0.1959
c2ac4d7c-9026-4e15-bbfb-fda0f7255c6c	11	119643419	122023317	1726	-0.4052
c2ac4d7c-9026-4e15-bbfb-fda0f7255c6c	11	122023573	122026689	2	-1.9508
c2ac4d7c-9026-4e15-bbfb-fda0f7255c6c	11	122027054	123877083	1355	-0.4004
c2ac4d7c-9026-4e15-bbfb-fda0f7255c6c	11	123877297	130244914	4597	-0.1976
c2ac4d7c-9026-4e15-bbfb-fda0f7255c6c	11	130256788	134272740	2499	-0.3889
c2ac4d7c-9026-4e15-bbfb-fda0f7255c6c	12	780472	784308	4	-0.0328
c2ac4d7c-9026-4e15-bbfb-fda0f7255c6c	12	784652	955272	78	0.2423
c2ac4d7c-9026-4e15-bbfb-fda0f7255c6c	12	955362	3970950	1542	0.358
c2ac4d7c-9026-4e15-bbfb-fda0f7255c6c	12	3977360	4346530	298	0.2512
c2ac4d7c-9026-4e15-bbfb-fda0f7255c6c	12	4353339	4354484	4	-0.4653
c2ac4d7c-9026-4e15-bbfb-fda0f7255c6c	12	4355264	4773501	302	0.2451
c2ac4d7c-9026-4e15-bbfb-fda0f7255c6c	12	4773820	6191809	1240	-0.0351
c2ac4d7c-9026-4e15-bbfb-fda0f7255c6c	12	6192105	7683369	677	0.2104
c2ac4d7c-9026-4e15-bbfb-fda0f7255c6c	12	7683412	8591413	256	0.0792
c2ac4d7c-9026-4e15-bbfb-fda0f7255c6c	12	8596147	10204333	758	-0.2122
c2ac4d7c-9026-4e15-bbfb-fda0f7255c6c	12	10204374	10623914	205	-0.0337
c2ac4d7c-9026-4e15-bbfb-fda0f7255c6c	12	10624248	15153184	2854	-0.1969
c2ac4d7c-9026-4e15-bbfb-fda0f7255c6c	12	15154234	18553335	1990	-0.0265
c2ac4d7c-9026-4e15-bbfb-fda0f7255c6c	12	18553880	20886402	1423	-0.1907
c2ac4d7c-9026-4e15-bbfb-fda0f7255c6c	12	20886588	22664511	1100	-0.0317
c2ac4d7c-9026-4e15-bbfb-fda0f7255c6c	12	22664604	22842796	158	0.1287
c2ac4d7c-9026-4e15-bbfb-fda0f7255c6c	12	22844569	23292012	305	-0.0174
c2ac4d7c-9026-4e15-bbfb-fda0f7255c6c	12	23295925	26355027	2041	-0.1747
c2ac4d7c-9026-4e15-bbfb-fda0f7255c6c	12	26355111	28926227	1579	-0.0258
c2ac4d7c-9026-4e15-bbfb-fda0f7255c6c	12	28927904	29290578	264	0.1302
c2ac4d7c-9026-4e15-bbfb-fda0f7255c6c	12	29291489	29470033	79	0.4349
c2ac4d7c-9026-4e15-bbfb-fda0f7255c6c	12	29472942	47733232	7477	0.1228
c2ac4d7c-9026-4e15-bbfb-fda0f7255c6c	12	47733254	58080071	5338	0.0911
c2ac4d7c-9026-4e15-bbfb-fda0f7255c6c	12	58082678	90972820	19948	0.1333
c2ac4d7c-9026-4e15-bbfb-fda0f7255c6c	12	90973533	91973829	659	0.0115
c2ac4d7c-9026-4e15-bbfb-fda0f7255c6c	12	91974191	93256138	843	0.1285
c2ac4d7c-9026-4e15-bbfb-fda0f7255c6c	12	93261412	94613626	914	0.255
c2ac4d7c-9026-4e15-bbfb-fda0f7255c6c	12	94614228	95602349	732	-0.0553
c2ac4d7c-9026-4e15-bbfb-fda0f7255c6c	12	95605476	96372397	480	0.1214
c2ac4d7c-9026-4e15-bbfb-fda0f7255c6c	12	96374314	97824897	1113	-0.0308
c2ac4d7c-9026-4e15-bbfb-fda0f7255c6c	12	97824984	97828480	2	-1.4909
c2ac4d7c-9026-4e15-bbfb-fda0f7255c6c	12	97828669	99440622	1001	-0.0172
c2ac4d7c-9026-4e15-bbfb-fda0f7255c6c	12	99444312	100556810	504	0.1194
c2ac4d7c-9026-4e15-bbfb-fda0f7255c6c	12	100557492	101437458	599	-0.0241
c2ac4d7c-9026-4e15-bbfb-fda0f7255c6c	12	101444061	110221679	5647	-0.1959
c2ac4d7c-9026-4e15-bbfb-fda0f7255c6c	12	110225162	111128165	415	-0.0583
c2ac4d7c-9026-4e15-bbfb-fda0f7255c6c	12	111128345	112156775	384	0.0849
c2ac4d7c-9026-4e15-bbfb-fda0f7255c6c	12	112160517	113819403	1126	-0.0413
c2ac4d7c-9026-4e15-bbfb-fda0f7255c6c	12	113819629	130836901	9254	-0.2216
c2ac4d7c-9026-4e15-bbfb-fda0f7255c6c	12	130837455	132438100	693	-0.0344
c2ac4d7c-9026-4e15-bbfb-fda0f7255c6c	12	132438452	132485204	11	-0.5654
c2ac4d7c-9026-4e15-bbfb-fda0f7255c6c	12	132485927	132605822	18	-0.1729
c2ac4d7c-9026-4e15-bbfb-fda0f7255c6c	13	18874255	19125919	168	-0.2227
c2ac4d7c-9026-4e15-bbfb-fda0f7255c6c	13	19126629	19952621	201	-0.0348
c2ac4d7c-9026-4e15-bbfb-fda0f7255c6c	13	19953271	22951226	1651	-0.203
c2ac4d7c-9026-4e15-bbfb-fda0f7255c6c	13	22956080	42392172	12983	-0.0266
c2ac4d7c-9026-4e15-bbfb-fda0f7255c6c	13	42392519	42513208	83	-0.2106
c2ac4d7c-9026-4e15-bbfb-fda0f7255c6c	13	42513899	42837098	236	0.0048
c2ac4d7c-9026-4e15-bbfb-fda0f7255c6c	13	42837763	43264602	64	-0.1739
c2ac4d7c-9026-4e15-bbfb-fda0f7255c6c	13	43265358	43559727	226	0.0098
c2ac4d7c-9026-4e15-bbfb-fda0f7255c6c	13	43566754	43675687	120	-0.1687
c2ac4d7c-9026-4e15-bbfb-fda0f7255c6c	13	43675990	47573885	2530	-0.0099
c2ac4d7c-9026-4e15-bbfb-fda0f7255c6c	13	47585967	52669092	2146	-0.177
c2ac4d7c-9026-4e15-bbfb-fda0f7255c6c	13	52671622	52673570	2	-1.5239
c2ac4d7c-9026-4e15-bbfb-fda0f7255c6c	13	52676905	59980204	3661	-0.1872
c2ac4d7c-9026-4e15-bbfb-fda0f7255c6c	13	59990021	60327452	223	-0.0068
c2ac4d7c-9026-4e15-bbfb-fda0f7255c6c	13	60337084	60715998	191	-0.1765
c2ac4d7c-9026-4e15-bbfb-fda0f7255c6c	13	60716964	61026223	241	-0.0022
c2ac4d7c-9026-4e15-bbfb-fda0f7255c6c	13	61027346	61133962	66	-0.1392
c2ac4d7c-9026-4e15-bbfb-fda0f7255c6c	13	61134136	61549752	226	0.0277
c2ac4d7c-9026-4e15-bbfb-fda0f7255c6c	13	61550936	63244014	817	-0.1835
c2ac4d7c-9026-4e15-bbfb-fda0f7255c6c	13	63244368	65989506	1098	-0.0392
c2ac4d7c-9026-4e15-bbfb-fda0f7255c6c	13	65989922	67291898	587	-0.1761
c2ac4d7c-9026-4e15-bbfb-fda0f7255c6c	13	67294230	67323418	2	-1.5463
c2ac4d7c-9026-4e15-bbfb-fda0f7255c6c	13	67323548	71278711	2168	-0.1893
c2ac4d7c-9026-4e15-bbfb-fda0f7255c6c	13	71279307	79302090	5418	-0.0104
c2ac4d7c-9026-4e15-bbfb-fda0f7255c6c	13	79305719	93622749	8384	-0.1832
c2ac4d7c-9026-4e15-bbfb-fda0f7255c6c	13	93626011	93754592	103	0.0256
c2ac4d7c-9026-4e15-bbfb-fda0f7255c6c	13	93754873	93913401	88	-0.1891
c2ac4d7c-9026-4e15-bbfb-fda0f7255c6c	13	93915161	95756129	1221	-0.0226
c2ac4d7c-9026-4e15-bbfb-fda0f7255c6c	13	95757776	98919690	2009	-0.185
c2ac4d7c-9026-4e15-bbfb-fda0f7255c6c	13	98919717	99705302	468	-0.0218
c2ac4d7c-9026-4e15-bbfb-fda0f7255c6c	13	99714217	111196994	8213	-0.1845
c2ac4d7c-9026-4e15-bbfb-fda0f7255c6c	13	111200701	111575037	277	0.2794
c2ac4d7c-9026-4e15-bbfb-fda0f7255c6c	13	111577767	114226675	1082	-0.2333
c2ac4d7c-9026-4e15-bbfb-fda0f7255c6c	14	20033191	23883186	1467	-0.1025
c2ac4d7c-9026-4e15-bbfb-fda0f7255c6c	14	23886435	24307138	187	-0.2994
c2ac4d7c-9026-4e15-bbfb-fda0f7255c6c	14	24317276	25140041	565	-0.0609
c2ac4d7c-9026-4e15-bbfb-fda0f7255c6c	14	25144954	25500974	205	-0.2142
c2ac4d7c-9026-4e15-bbfb-fda0f7255c6c	14	25502303	28132835	1493	-0.0872
c2ac4d7c-9026-4e15-bbfb-fda0f7255c6c	14	28135166	28644868	282	-0.1435
c2ac4d7c-9026-4e15-bbfb-fda0f7255c6c	14	28645310	31211812	1405	-0.2416
c2ac4d7c-9026-4e15-bbfb-fda0f7255c6c	14	31211938	33627196	1724	-0.1049
c2ac4d7c-9026-4e15-bbfb-fda0f7255c6c	14	33630167	41265201	4235	-0.2535
c2ac4d7c-9026-4e15-bbfb-fda0f7255c6c	14	41267919	59686112	10318	-0.0771
c2ac4d7c-9026-4e15-bbfb-fda0f7255c6c	14	59686837	59871628	93	-0.2849
c2ac4d7c-9026-4e15-bbfb-fda0f7255c6c	14	59879314	76532618	9888	-0.0844
c2ac4d7c-9026-4e15-bbfb-fda0f7255c6c	14	76544150	76550453	2	-1.5174
c2ac4d7c-9026-4e15-bbfb-fda0f7255c6c	14	76551711	76932886	261	-0.1148
c2ac4d7c-9026-4e15-bbfb-fda0f7255c6c	14	76934554	88698109	7665	-0.0654
c2ac4d7c-9026-4e15-bbfb-fda0f7255c6c	14	88701083	92204745	1961	-0.1126
c2ac4d7c-9026-4e15-bbfb-fda0f7255c6c	14	92204777	95910167	2678	0.0559
c2ac4d7c-9026-4e15-bbfb-fda0f7255c6c	14	95911112	96390417	381	-0.2206
c2ac4d7c-9026-4e15-bbfb-fda0f7255c6c	14	96391152	99691454	2357	0.0651
c2ac4d7c-9026-4e15-bbfb-fda0f7255c6c	14	99694043	99696040	2	-1.3272
c2ac4d7c-9026-4e15-bbfb-fda0f7255c6c	14	99699409	105533894	2588	0.0367
c2ac4d7c-9026-4e15-bbfb-fda0f7255c6c	15	23437561	27550434	2466	0.1027
c2ac4d7c-9026-4e15-bbfb-fda0f7255c6c	15	27551197	39989337	5904	-0.0306
c2ac4d7c-9026-4e15-bbfb-fda0f7255c6c	15	39989483	45727466	2525	-0.0766
c2ac4d7c-9026-4e15-bbfb-fda0f7255c6c	15	45728496	101344124	33873	-0.0431
c2ac4d7c-9026-4e15-bbfb-fda0f7255c6c	16	603333	31838978	14030	0.0183
c2ac4d7c-9026-4e15-bbfb-fda0f7255c6c	16	31841585	46581419	21	0.358
c2ac4d7c-9026-4e15-bbfb-fda0f7255c6c	16	46581450	46607060	8	-0.0924
c2ac4d7c-9026-4e15-bbfb-fda0f7255c6c	16	46608544	47234697	260	0.3494
c2ac4d7c-9026-4e15-bbfb-fda0f7255c6c	16	47236047	47997109	312	0.0534
c2ac4d7c-9026-4e15-bbfb-fda0f7255c6c	16	47997566	59478180	7919	-0.1077
c2ac4d7c-9026-4e15-bbfb-fda0f7255c6c	16	59479007	60110645	401	0.2059
c2ac4d7c-9026-4e15-bbfb-fda0f7255c6c	16	60112239	75489068	8534	-0.1036
c2ac4d7c-9026-4e15-bbfb-fda0f7255c6c	16	75489500	75489514	2	-1.4084
c2ac4d7c-9026-4e15-bbfb-fda0f7255c6c	16	75490811	77975122	1912	-0.0924
c2ac4d7c-9026-4e15-bbfb-fda0f7255c6c	16	77979226	78580941	590	0.0641
c2ac4d7c-9026-4e15-bbfb-fda0f7255c6c	16	78584034	82343815	3068	-0.0903
c2ac4d7c-9026-4e15-bbfb-fda0f7255c6c	16	82348528	87524015	3675	0.0477
c2ac4d7c-9026-4e15-bbfb-fda0f7255c6c	16	87524168	88450102	407	-0.1446
c2ac4d7c-9026-4e15-bbfb-fda0f7255c6c	16	88450360	89317317	46	0.042
c2ac4d7c-9026-4e15-bbfb-fda0f7255c6c	17	1074619	2986897	804	0.4688
c2ac4d7c-9026-4e15-bbfb-fda0f7255c6c	17	2987906	3385251	187	0.7552
c2ac4d7c-9026-4e15-bbfb-fda0f7255c6c	17	3385651	5256688	831	0.685
c2ac4d7c-9026-4e15-bbfb-fda0f7255c6c	17	5260005	6364089	746	0.7798
c2ac4d7c-9026-4e15-bbfb-fda0f7255c6c	17	6366132	7368495	492	0.4412
c2ac4d7c-9026-4e15-bbfb-fda0f7255c6c	17	7370758	7680425	143	0.3158
c2ac4d7c-9026-4e15-bbfb-fda0f7255c6c	17	7680735	7966447	121	0.1824
c2ac4d7c-9026-4e15-bbfb-fda0f7255c6c	17	7983417	8196694	87	0.4986
c2ac4d7c-9026-4e15-bbfb-fda0f7255c6c	17	8201879	9290030	680	0.2152
c2ac4d7c-9026-4e15-bbfb-fda0f7255c6c	17	9291231	9499922	164	0.5554
c2ac4d7c-9026-4e15-bbfb-fda0f7255c6c	17	9501772	9600094	67	0.2969
c2ac4d7c-9026-4e15-bbfb-fda0f7255c6c	17	9601611	9803727	132	0.5439
c2ac4d7c-9026-4e15-bbfb-fda0f7255c6c	17	9803758	9916380	121	0.2012
c2ac4d7c-9026-4e15-bbfb-fda0f7255c6c	17	9916961	9926364	10	-0.0054
c2ac4d7c-9026-4e15-bbfb-fda0f7255c6c	17	9931244	9971070	42	-0.2902
c2ac4d7c-9026-4e15-bbfb-fda0f7255c6c	17	9971911	10806436	429	-0.0341
c2ac4d7c-9026-4e15-bbfb-fda0f7255c6c	17	10806713	12117171	999	0.0969
c2ac4d7c-9026-4e15-bbfb-fda0f7255c6c	17	12117967	12856899	517	0.2365
c2ac4d7c-9026-4e15-bbfb-fda0f7255c6c	17	12857148	12859909	3	-0.8701
c2ac4d7c-9026-4e15-bbfb-fda0f7255c6c	17	12860431	13395399	358	0.1876
c2ac4d7c-9026-4e15-bbfb-fda0f7255c6c	17	13403217	14229461	616	0.4465
c2ac4d7c-9026-4e15-bbfb-fda0f7255c6c	17	14231324	27209151	2254	0.1982
c2ac4d7c-9026-4e15-bbfb-fda0f7255c6c	17	27210703	30848226	1593	-0.0745
c2ac4d7c-9026-4e15-bbfb-fda0f7255c6c	17	30860091	34982914	1929	-0.2222
c2ac4d7c-9026-4e15-bbfb-fda0f7255c6c	17	34983058	35623960	325	-0.0835
c2ac4d7c-9026-4e15-bbfb-fda0f7255c6c	17	35627389	36873443	510	-0.2348
c2ac4d7c-9026-4e15-bbfb-fda0f7255c6c	17	36873934	45461373	3877	-0.0931
c2ac4d7c-9026-4e15-bbfb-fda0f7255c6c	17	46733528	47347438	326	-0.225
c2ac4d7c-9026-4e15-bbfb-fda0f7255c6c	17	47347749	47351140	3	-1.3195
c2ac4d7c-9026-4e15-bbfb-fda0f7255c6c	17	47364653	47958564	270	-0.2289
c2ac4d7c-9026-4e15-bbfb-fda0f7255c6c	17	47962177	47962187	2	-1.4047
c2ac4d7c-9026-4e15-bbfb-fda0f7255c6c	17	47966137	50681428	1390	-0.2366
c2ac4d7c-9026-4e15-bbfb-fda0f7255c6c	17	50683692	51708503	430	-0.0721
c2ac4d7c-9026-4e15-bbfb-fda0f7255c6c	17	51713692	52868536	844	-0.0298
c2ac4d7c-9026-4e15-bbfb-fda0f7255c6c	17	52870155	57689628	3180	0.0982
c2ac4d7c-9026-4e15-bbfb-fda0f7255c6c	17	57690083	57928243	191	-0.0761
c2ac4d7c-9026-4e15-bbfb-fda0f7255c6c	17	57931752	59380182	629	0.1039
c2ac4d7c-9026-4e15-bbfb-fda0f7255c6c	17	59381086	59490475	71	-0.1113
c2ac4d7c-9026-4e15-bbfb-fda0f7255c6c	17	59493442	65507708	2860	0.081
c2ac4d7c-9026-4e15-bbfb-fda0f7255c6c	17	65507750	66525534	551	-0.0569
c2ac4d7c-9026-4e15-bbfb-fda0f7255c6c	17	66525936	74805567	5103	0.0985
c2ac4d7c-9026-4e15-bbfb-fda0f7255c6c	17	74807755	77387355	1149	-0.0913
c2ac4d7c-9026-4e15-bbfb-fda0f7255c6c	17	77392118	77787230	190	-0.2605
c2ac4d7c-9026-4e15-bbfb-fda0f7255c6c	17	77787452	77883719	62	-0.0405
c2ac4d7c-9026-4e15-bbfb-fda0f7255c6c	17	77888532	78921696	413	0.0765
c2ac4d7c-9026-4e15-bbfb-fda0f7255c6c	17	78926196	80619359	795	-0.0782
c2ac4d7c-9026-4e15-bbfb-fda0f7255c6c	17	80620144	81375200	272	-0.2792
c2ac4d7c-9026-4e15-bbfb-fda0f7255c6c	17	81377215	82382648	192	-0.1123
c2ac4d7c-9026-4e15-bbfb-fda0f7255c6c	17	82399121	82403173	2	0.744
c2ac4d7c-9026-4e15-bbfb-fda0f7255c6c	17	82403670	82582785	106	-0.1891
c2ac4d7c-9026-4e15-bbfb-fda0f7255c6c	17	82582807	82613629	22	0.0577
c2ac4d7c-9026-4e15-bbfb-fda0f7255c6c	17	82613819	82628438	6	-0.4229
c2ac4d7c-9026-4e15-bbfb-fda0f7255c6c	17	82643549	82690981	31	0.0133
c2ac4d7c-9026-4e15-bbfb-fda0f7255c6c	17	82691356	82959812	143	-0.1931
c2ac4d7c-9026-4e15-bbfb-fda0f7255c6c	18	326691	11258373	6537	-0.0959
c2ac4d7c-9026-4e15-bbfb-fda0f7255c6c	18	11261884	11607752	213	0.0988
c2ac4d7c-9026-4e15-bbfb-fda0f7255c6c	18	11648760	11857616	126	-0.1359
c2ac4d7c-9026-4e15-bbfb-fda0f7255c6c	18	11858390	74253731	32676	0.0622
c2ac4d7c-9026-4e15-bbfb-fda0f7255c6c	18	74257438	74257584	3	1.1739
c2ac4d7c-9026-4e15-bbfb-fda0f7255c6c	18	74261394	76815096	1806	0.0524
c2ac4d7c-9026-4e15-bbfb-fda0f7255c6c	18	76815197	79349796	1591	0.1703
c2ac4d7c-9026-4e15-bbfb-fda0f7255c6c	19	283868	316040	18	-0.3687
c2ac4d7c-9026-4e15-bbfb-fda0f7255c6c	19	326946	4391337	980	0.0183
c2ac4d7c-9026-4e15-bbfb-fda0f7255c6c	19	4394313	12373649	3374	0.1101
c2ac4d7c-9026-4e15-bbfb-fda0f7255c6c	19	12373771	12380618	12	-0.7315
c2ac4d7c-9026-4e15-bbfb-fda0f7255c6c	19	12384348	17148427	2270	0.1153
c2ac4d7c-9026-4e15-bbfb-fda0f7255c6c	19	17150430	19836130	1083	0.029
c2ac4d7c-9026-4e15-bbfb-fda0f7255c6c	19	21064698	22555832	593	0.5898
c2ac4d7c-9026-4e15-bbfb-fda0f7255c6c	19	22556960	23522432	490	0.4086
c2ac4d7c-9026-4e15-bbfb-fda0f7255c6c	19	23524606	23868903	238	0.5382
c2ac4d7c-9026-4e15-bbfb-fda0f7255c6c	19	23870028	27850296	51	0.0043
c2ac4d7c-9026-4e15-bbfb-fda0f7255c6c	19	27854070	32597135	3507	0.086
c2ac4d7c-9026-4e15-bbfb-fda0f7255c6c	19	32597460	55497117	9991	0.0382
c2ac4d7c-9026-4e15-bbfb-fda0f7255c6c	19	55497269	58370362	1542	-0.134
c2ac4d7c-9026-4e15-bbfb-fda0f7255c6c	20	472817	12457608	7692	-0.0495
c2ac4d7c-9026-4e15-bbfb-fda0f7255c6c	20	12457656	25564484	9034	0.1034
c2ac4d7c-9026-4e15-bbfb-fda0f7255c6c	20	25567027	38277492	3739	0.0677
c2ac4d7c-9026-4e15-bbfb-fda0f7255c6c	20	38279596	39320099	655	0.2233
c2ac4d7c-9026-4e15-bbfb-fda0f7255c6c	20	39320412	42483511	2288	-0.0458
c2ac4d7c-9026-4e15-bbfb-fda0f7255c6c	20	42484196	51886523	6070	0.0883
c2ac4d7c-9026-4e15-bbfb-fda0f7255c6c	20	51887029	52082504	133	0.2322
c2ac4d7c-9026-4e15-bbfb-fda0f7255c6c	20	52088464	54297826	1544	-0.0525
c2ac4d7c-9026-4e15-bbfb-fda0f7255c6c	20	54298189	60169641	4391	0.1038
c2ac4d7c-9026-4e15-bbfb-fda0f7255c6c	20	60170792	60431804	278	-0.0671
c2ac4d7c-9026-4e15-bbfb-fda0f7255c6c	20	60432007	61286685	667	-0.2241
c2ac4d7c-9026-4e15-bbfb-fda0f7255c6c	20	61289379	61532516	155	0.0697
c2ac4d7c-9026-4e15-bbfb-fda0f7255c6c	20	61538219	62908967	720	-0.0038
c2ac4d7c-9026-4e15-bbfb-fda0f7255c6c	20	62909048	63588502	179	0.1457
c2ac4d7c-9026-4e15-bbfb-fda0f7255c6c	21	13974127	14644182	414	-0.0396
c2ac4d7c-9026-4e15-bbfb-fda0f7255c6c	21	14644243	14935222	196	0.0767
c2ac4d7c-9026-4e15-bbfb-fda0f7255c6c	21	14938213	14996236	41	0.1746
c2ac4d7c-9026-4e15-bbfb-fda0f7255c6c	21	14998554	17700740	1617	0.3302
c2ac4d7c-9026-4e15-bbfb-fda0f7255c6c	21	17700964	23681082	3602	0.2559
c2ac4d7c-9026-4e15-bbfb-fda0f7255c6c	21	23684814	33353821	6600	0.1585
c2ac4d7c-9026-4e15-bbfb-fda0f7255c6c	21	33354946	33713754	150	0.0571
c2ac4d7c-9026-4e15-bbfb-fda0f7255c6c	21	33714583	33866783	97	0.2009
c2ac4d7c-9026-4e15-bbfb-fda0f7255c6c	21	33869576	40796982	5042	0.006
c2ac4d7c-9026-4e15-bbfb-fda0f7255c6c	21	40801730	41463567	504	0.1154
c2ac4d7c-9026-4e15-bbfb-fda0f7255c6c	21	41464802	41496146	102	0.2564
c2ac4d7c-9026-4e15-bbfb-fda0f7255c6c	21	41496204	41496286	3	-0.4556
c2ac4d7c-9026-4e15-bbfb-fda0f7255c6c	21	41496410	41544462	44	0.2418
c2ac4d7c-9026-4e15-bbfb-fda0f7255c6c	21	41546239	44271456	1382	0.0852
c2ac4d7c-9026-4e15-bbfb-fda0f7255c6c	21	44275497	44918488	296	0.2623
c2ac4d7c-9026-4e15-bbfb-fda0f7255c6c	21	44918736	45167960	139	0.0669
c2ac4d7c-9026-4e15-bbfb-fda0f7255c6c	21	45168189	45670561	40	0.2644
c2ac4d7c-9026-4e15-bbfb-fda0f7255c6c	21	45671324	46262057	320	0.0935
c2ac4d7c-9026-4e15-bbfb-fda0f7255c6c	22	16934932	48940621	17085	0.0698
c2ac4d7c-9026-4e15-bbfb-fda0f7255c6c	X	3236359	116286195	45787	0.0493
c2ac4d7c-9026-4e15-bbfb-fda0f7255c6c	X	116287373	120119647	1942	-0.2835
c2ac4d7c-9026-4e15-bbfb-fda0f7255c6c	X	120123783	120487106	208	0.2122
c2ac4d7c-9026-4e15-bbfb-fda0f7255c6c	X	120487292	132098481	5383	-0.2794
c2ac4d7c-9026-4e15-bbfb-fda0f7255c6c	X	132099649	134053829	946	0.2799
c2ac4d7c-9026-4e15-bbfb-fda0f7255c6c	X	134054773	137516276	1402	-0.2864
c2ac4d7c-9026-4e15-bbfb-fda0f7255c6c	X	137516637	138371533	457	0.0507
c2ac4d7c-9026-4e15-bbfb-fda0f7255c6c	X	138372154	139557573	741	-0.2738
c2ac4d7c-9026-4e15-bbfb-fda0f7255c6c	X	139557731	139559779	5	-2.821
c2ac4d7c-9026-4e15-bbfb-fda0f7255c6c	X	139559901	147303772	3653	-0.2949
c2ac4d7c-9026-4e15-bbfb-fda0f7255c6c	X	147310409	149323092	1196	0.0685
c2ac4d7c-9026-4e15-bbfb-fda0f7255c6c	X	149340161	154554965	2041	0.521
c2ac4d7c-9026-4e15-bbfb-fda0f7255c6c	X	155651443	155677414	16	-0.2682
