GDC_Aliquot	Chromosome	Start	End	Num_Probes	Segment_Mean
70109c42-bf20-49a5-b26d-e989cbcc5a8d	1	3301765	47459112	23640	0.2679
70109c42-bf20-49a5-b26d-e989cbcc5a8d	1	47463751	49005094	1103	0.3174
70109c42-bf20-49a5-b26d-e989cbcc5a8d	1	49011688	53048310	1699	0.2707
70109c42-bf20-49a5-b26d-e989cbcc5a8d	1	53048825	65715026	9086	0.3166
70109c42-bf20-49a5-b26d-e989cbcc5a8d	1	65715038	104284853	23138	0.3344
70109c42-bf20-49a5-b26d-e989cbcc5a8d	1	104284873	117733913	8181	0.3094
70109c42-bf20-49a5-b26d-e989cbcc5a8d	1	117734630	119984772	1300	0.3574
70109c42-bf20-49a5-b26d-e989cbcc5a8d	1	146716041	160537750	5662	0.7241
70109c42-bf20-49a5-b26d-e989cbcc5a8d	1	160542434	161770103	605	0.2627
70109c42-bf20-49a5-b26d-e989cbcc5a8d	1	161770624	162321287	462	0.3605
70109c42-bf20-49a5-b26d-e989cbcc5a8d	1	162322136	162673325	248	0.3006
70109c42-bf20-49a5-b26d-e989cbcc5a8d	1	162674377	162816006	115	0.7117
70109c42-bf20-49a5-b26d-e989cbcc5a8d	1	162824075	162854411	26	1.153
70109c42-bf20-49a5-b26d-e989cbcc5a8d	1	162855134	162962373	153	0.7637
70109c42-bf20-49a5-b26d-e989cbcc5a8d	1	162964490	163329823	262	0.3547
70109c42-bf20-49a5-b26d-e989cbcc5a8d	1	163330415	163459353	126	0.843
70109c42-bf20-49a5-b26d-e989cbcc5a8d	1	163464889	168305453	3590	0.3439
70109c42-bf20-49a5-b26d-e989cbcc5a8d	1	168305553	168347642	38	0.7123
70109c42-bf20-49a5-b26d-e989cbcc5a8d	1	168348776	170277313	1532	0.3251
70109c42-bf20-49a5-b26d-e989cbcc5a8d	1	170277624	170909593	370	0.4096
70109c42-bf20-49a5-b26d-e989cbcc5a8d	1	170909856	172224680	863	0.3246
70109c42-bf20-49a5-b26d-e989cbcc5a8d	1	172225514	172764630	367	0.4085
70109c42-bf20-49a5-b26d-e989cbcc5a8d	1	172764874	173857014	654	0.3386
70109c42-bf20-49a5-b26d-e989cbcc5a8d	1	173862963	183744306	6032	-0.4279
70109c42-bf20-49a5-b26d-e989cbcc5a8d	1	183744512	190741002	4200	-0.3672
70109c42-bf20-49a5-b26d-e989cbcc5a8d	1	190744437	190744850	2	-1.8383
70109c42-bf20-49a5-b26d-e989cbcc5a8d	1	190746232	199263959	4889	-0.3664
70109c42-bf20-49a5-b26d-e989cbcc5a8d	1	199264072	201358308	1413	-0.432
70109c42-bf20-49a5-b26d-e989cbcc5a8d	1	201358967	201361098	2	-2.5094
70109c42-bf20-49a5-b26d-e989cbcc5a8d	1	201362251	209890843	5679	-0.4422
70109c42-bf20-49a5-b26d-e989cbcc5a8d	1	209892447	222786774	8607	-0.3926
70109c42-bf20-49a5-b26d-e989cbcc5a8d	1	222787411	222807250	20	0.2928
70109c42-bf20-49a5-b26d-e989cbcc5a8d	1	222810686	227771185	2840	-0.3927
70109c42-bf20-49a5-b26d-e989cbcc5a8d	1	227774278	237936321	6880	-0.4403
70109c42-bf20-49a5-b26d-e989cbcc5a8d	1	237937195	239528460	1182	-0.3684
70109c42-bf20-49a5-b26d-e989cbcc5a8d	1	239528514	241651974	1690	-0.4177
70109c42-bf20-49a5-b26d-e989cbcc5a8d	1	241694837	247650984	3043	0.3034
70109c42-bf20-49a5-b26d-e989cbcc5a8d	2	480597	8025286	4570	-0.0048
70109c42-bf20-49a5-b26d-e989cbcc5a8d	2	8025389	8025906	2	-1.4343
70109c42-bf20-49a5-b26d-e989cbcc5a8d	2	8026090	32317771	15256	0.017
70109c42-bf20-49a5-b26d-e989cbcc5a8d	2	32318312	57945481	14295	0.0359
70109c42-bf20-49a5-b26d-e989cbcc5a8d	2	57945988	86881088	16234	0.0133
70109c42-bf20-49a5-b26d-e989cbcc5a8d	2	87894092	88831554	426	0.2714
70109c42-bf20-49a5-b26d-e989cbcc5a8d	2	94675825	95848571	255	0.4723
70109c42-bf20-49a5-b26d-e989cbcc5a8d	2	95850334	105730759	5349	-0.393
70109c42-bf20-49a5-b26d-e989cbcc5a8d	2	105737681	106423881	482	0.5281
70109c42-bf20-49a5-b26d-e989cbcc5a8d	2	106431512	106851608	227	-0.3999
70109c42-bf20-49a5-b26d-e989cbcc5a8d	2	106857850	107320301	330	0.5737
70109c42-bf20-49a5-b26d-e989cbcc5a8d	2	107416458	107462180	28	-0.2472
70109c42-bf20-49a5-b26d-e989cbcc5a8d	2	107466496	107668587	59	0.5969
70109c42-bf20-49a5-b26d-e989cbcc5a8d	2	107671120	107748151	55	-0.3775
70109c42-bf20-49a5-b26d-e989cbcc5a8d	2	107751369	107917588	60	0.2767
70109c42-bf20-49a5-b26d-e989cbcc5a8d	2	107923811	111821754	1527	-0.3834
70109c42-bf20-49a5-b26d-e989cbcc5a8d	2	111826247	111969323	73	0.268
70109c42-bf20-49a5-b26d-e989cbcc5a8d	2	111973285	112652438	285	-0.3823
70109c42-bf20-49a5-b26d-e989cbcc5a8d	2	112662624	114392652	1042	0.5336
70109c42-bf20-49a5-b26d-e989cbcc5a8d	2	114395847	114714513	187	-0.3892
70109c42-bf20-49a5-b26d-e989cbcc5a8d	2	114715145	114925937	101	0.5686
70109c42-bf20-49a5-b26d-e989cbcc5a8d	2	114927269	115010656	43	1.1065
70109c42-bf20-49a5-b26d-e989cbcc5a8d	2	115011308	115151707	76	0.5128
70109c42-bf20-49a5-b26d-e989cbcc5a8d	2	115158739	116283338	544	-0.3758
70109c42-bf20-49a5-b26d-e989cbcc5a8d	2	116291138	116714158	265	0.308
70109c42-bf20-49a5-b26d-e989cbcc5a8d	2	116714666	117197726	25	0.6362
70109c42-bf20-49a5-b26d-e989cbcc5a8d	2	117198048	118229234	531	0.3646
70109c42-bf20-49a5-b26d-e989cbcc5a8d	2	118233344	119457868	905	-0.4093
70109c42-bf20-49a5-b26d-e989cbcc5a8d	2	119459880	121858605	1308	0.3335
70109c42-bf20-49a5-b26d-e989cbcc5a8d	2	121859385	121866049	9	-0.0871
70109c42-bf20-49a5-b26d-e989cbcc5a8d	2	121867667	122696708	564	-0.3903
70109c42-bf20-49a5-b26d-e989cbcc5a8d	2	122697778	122826739	94	0.3153
70109c42-bf20-49a5-b26d-e989cbcc5a8d	2	122828696	122851359	20	-0.3222
70109c42-bf20-49a5-b26d-e989cbcc5a8d	2	122853065	123033419	122	0.3661
70109c42-bf20-49a5-b26d-e989cbcc5a8d	2	123036555	123176157	124	-0.3362
70109c42-bf20-49a5-b26d-e989cbcc5a8d	2	123179813	136782425	6345	-0.4045
70109c42-bf20-49a5-b26d-e989cbcc5a8d	2	136782478	169895465	19044	-0.3505
70109c42-bf20-49a5-b26d-e989cbcc5a8d	2	169896672	169940690	14	0.2309
70109c42-bf20-49a5-b26d-e989cbcc5a8d	2	169941455	170009371	31	0.7665
70109c42-bf20-49a5-b26d-e989cbcc5a8d	2	170013901	170269063	186	0.3042
70109c42-bf20-49a5-b26d-e989cbcc5a8d	2	170269116	170447217	147	0.5228
70109c42-bf20-49a5-b26d-e989cbcc5a8d	2	170449028	170656842	174	-0.4357
70109c42-bf20-49a5-b26d-e989cbcc5a8d	2	170662311	170711332	32	0.368
70109c42-bf20-49a5-b26d-e989cbcc5a8d	2	170719912	177187206	4078	-0.3626
70109c42-bf20-49a5-b26d-e989cbcc5a8d	2	177189763	177333476	84	0.2722
70109c42-bf20-49a5-b26d-e989cbcc5a8d	2	177340401	177923761	335	-0.3434
70109c42-bf20-49a5-b26d-e989cbcc5a8d	2	177930455	177938978	10	0.7675
70109c42-bf20-49a5-b26d-e989cbcc5a8d	2	177939742	177982062	26	0.2751
70109c42-bf20-49a5-b26d-e989cbcc5a8d	2	177984897	180443964	1525	-0.3454
70109c42-bf20-49a5-b26d-e989cbcc5a8d	2	180444212	180739289	208	0.3266
70109c42-bf20-49a5-b26d-e989cbcc5a8d	2	180744242	189511368	4104	-0.329
70109c42-bf20-49a5-b26d-e989cbcc5a8d	2	189518318	189590007	60	0.3265
70109c42-bf20-49a5-b26d-e989cbcc5a8d	2	189590043	189853851	184	-0.3458
70109c42-bf20-49a5-b26d-e989cbcc5a8d	2	189867106	189880241	15	0.6993
70109c42-bf20-49a5-b26d-e989cbcc5a8d	2	189895607	191668784	1091	-0.3414
70109c42-bf20-49a5-b26d-e989cbcc5a8d	2	191670733	191719804	31	0.3889
70109c42-bf20-49a5-b26d-e989cbcc5a8d	2	191721481	194282707	1023	-0.3367
70109c42-bf20-49a5-b26d-e989cbcc5a8d	2	194286625	194601933	159	0.3637
70109c42-bf20-49a5-b26d-e989cbcc5a8d	2	194604598	195976281	433	-0.333
70109c42-bf20-49a5-b26d-e989cbcc5a8d	2	195985185	196099709	68	0.5196
70109c42-bf20-49a5-b26d-e989cbcc5a8d	2	196101824	196292951	129	-0.3591
70109c42-bf20-49a5-b26d-e989cbcc5a8d	2	196293727	196311371	23	0.4291
70109c42-bf20-49a5-b26d-e989cbcc5a8d	2	196324078	196752382	274	-0.3276
70109c42-bf20-49a5-b26d-e989cbcc5a8d	2	196752603	196864687	40	0.2962
70109c42-bf20-49a5-b26d-e989cbcc5a8d	2	196865186	196892521	7	-0.2594
70109c42-bf20-49a5-b26d-e989cbcc5a8d	2	196897824	197000736	69	0.6007
70109c42-bf20-49a5-b26d-e989cbcc5a8d	2	197001746	197008719	4	-0.3604
70109c42-bf20-49a5-b26d-e989cbcc5a8d	2	197008839	197037600	15	0.6929
70109c42-bf20-49a5-b26d-e989cbcc5a8d	2	197038740	197557674	251	-0.3882
70109c42-bf20-49a5-b26d-e989cbcc5a8d	2	197566356	197727163	77	0.2882
70109c42-bf20-49a5-b26d-e989cbcc5a8d	2	197727776	198135202	205	-0.3786
70109c42-bf20-49a5-b26d-e989cbcc5a8d	2	198139423	198272127	97	0.3265
70109c42-bf20-49a5-b26d-e989cbcc5a8d	2	198272671	199080666	517	-0.3422
70109c42-bf20-49a5-b26d-e989cbcc5a8d	2	199081934	199101656	15	0.3748
70109c42-bf20-49a5-b26d-e989cbcc5a8d	2	199102409	199218821	73	0.7837
70109c42-bf20-49a5-b26d-e989cbcc5a8d	2	199222992	199905344	367	-0.3368
70109c42-bf20-49a5-b26d-e989cbcc5a8d	2	199907462	199944770	19	0.421
70109c42-bf20-49a5-b26d-e989cbcc5a8d	2	199947160	200257654	180	-0.3355
70109c42-bf20-49a5-b26d-e989cbcc5a8d	2	200259766	200381582	113	0.5828
70109c42-bf20-49a5-b26d-e989cbcc5a8d	2	200384243	200438645	39	-0.2752
70109c42-bf20-49a5-b26d-e989cbcc5a8d	2	200441104	200574749	90	0.5269
70109c42-bf20-49a5-b26d-e989cbcc5a8d	2	200577077	202107010	844	-0.3722
70109c42-bf20-49a5-b26d-e989cbcc5a8d	2	202108288	202124779	14	0.2741
70109c42-bf20-49a5-b26d-e989cbcc5a8d	2	202131991	202453872	143	-0.3835
70109c42-bf20-49a5-b26d-e989cbcc5a8d	2	202458457	202496562	11	0.2044
70109c42-bf20-49a5-b26d-e989cbcc5a8d	2	202506427	204661583	1092	-0.3575
70109c42-bf20-49a5-b26d-e989cbcc5a8d	2	204663370	204904488	146	0.3858
70109c42-bf20-49a5-b26d-e989cbcc5a8d	2	204906757	205116368	183	-0.3498
70109c42-bf20-49a5-b26d-e989cbcc5a8d	2	205119456	205166821	36	0.8258
70109c42-bf20-49a5-b26d-e989cbcc5a8d	2	205167263	205843279	490	0.3774
70109c42-bf20-49a5-b26d-e989cbcc5a8d	2	205845695	205961231	111	-0.4044
70109c42-bf20-49a5-b26d-e989cbcc5a8d	2	205963437	206062186	54	0.2741
70109c42-bf20-49a5-b26d-e989cbcc5a8d	2	206065331	206155927	43	-0.2735
70109c42-bf20-49a5-b26d-e989cbcc5a8d	2	206160720	206253169	50	0.2861
70109c42-bf20-49a5-b26d-e989cbcc5a8d	2	206255352	206341985	36	0.4604
70109c42-bf20-49a5-b26d-e989cbcc5a8d	2	206342413	206476088	59	0.3069
70109c42-bf20-49a5-b26d-e989cbcc5a8d	2	206477359	210082384	2129	-0.3517
70109c42-bf20-49a5-b26d-e989cbcc5a8d	2	210086106	210106253	8	0.664
70109c42-bf20-49a5-b26d-e989cbcc5a8d	2	210111491	211357277	730	-0.3526
70109c42-bf20-49a5-b26d-e989cbcc5a8d	2	211357633	211568600	180	0.3541
70109c42-bf20-49a5-b26d-e989cbcc5a8d	2	211572347	212117384	308	-0.3351
70109c42-bf20-49a5-b26d-e989cbcc5a8d	2	212122508	212137431	13	0.2777
70109c42-bf20-49a5-b26d-e989cbcc5a8d	2	212138454	212149342	8	0.7225
70109c42-bf20-49a5-b26d-e989cbcc5a8d	2	212150190	212661691	318	-0.3228
70109c42-bf20-49a5-b26d-e989cbcc5a8d	2	212664442	212731119	49	0.3949
70109c42-bf20-49a5-b26d-e989cbcc5a8d	2	212732135	213012351	183	-0.3409
70109c42-bf20-49a5-b26d-e989cbcc5a8d	2	213013899	213015121	4	-1.0887
70109c42-bf20-49a5-b26d-e989cbcc5a8d	2	213019263	213024783	5	-0.2571
70109c42-bf20-49a5-b26d-e989cbcc5a8d	2	213031875	213105076	62	0.3563
70109c42-bf20-49a5-b26d-e989cbcc5a8d	2	213107780	213237483	96	-0.3115
70109c42-bf20-49a5-b26d-e989cbcc5a8d	2	213240870	213604376	162	0.3379
70109c42-bf20-49a5-b26d-e989cbcc5a8d	2	213606514	214433943	459	-0.3484
70109c42-bf20-49a5-b26d-e989cbcc5a8d	2	214445712	214517134	49	0.3249
70109c42-bf20-49a5-b26d-e989cbcc5a8d	2	214519188	214740432	145	-0.3571
70109c42-bf20-49a5-b26d-e989cbcc5a8d	2	214743916	214767468	26	0.8711
70109c42-bf20-49a5-b26d-e989cbcc5a8d	2	214774888	215686392	577	-0.3382
70109c42-bf20-49a5-b26d-e989cbcc5a8d	2	215689812	215703150	12	0.3911
70109c42-bf20-49a5-b26d-e989cbcc5a8d	2	215703439	217855990	1544	-0.3946
70109c42-bf20-49a5-b26d-e989cbcc5a8d	2	217864138	217965626	61	0.3587
70109c42-bf20-49a5-b26d-e989cbcc5a8d	2	217971369	218403190	217	-0.4164
70109c42-bf20-49a5-b26d-e989cbcc5a8d	2	218407081	229282907	6911	-0.3708
70109c42-bf20-49a5-b26d-e989cbcc5a8d	2	229283251	233799924	2239	-0.4357
70109c42-bf20-49a5-b26d-e989cbcc5a8d	2	233799983	238277281	3057	-0.391
70109c42-bf20-49a5-b26d-e989cbcc5a8d	2	238277948	241537572	1753	-0.4643
70109c42-bf20-49a5-b26d-e989cbcc5a8d	3	2170634	11269060	5388	0.3001
70109c42-bf20-49a5-b26d-e989cbcc5a8d	3	11274457	15526723	2810	0.255
70109c42-bf20-49a5-b26d-e989cbcc5a8d	3	15527356	21345010	3216	0.2905
70109c42-bf20-49a5-b26d-e989cbcc5a8d	3	21347754	21349507	6	-0.5281
70109c42-bf20-49a5-b26d-e989cbcc5a8d	3	21354662	31816344	6449	0.3107
70109c42-bf20-49a5-b26d-e989cbcc5a8d	3	31816422	33824756	1106	0.2322
70109c42-bf20-49a5-b26d-e989cbcc5a8d	3	33825243	38887934	3145	0.2875
70109c42-bf20-49a5-b26d-e989cbcc5a8d	3	38896858	44694896	3288	0.2519
70109c42-bf20-49a5-b26d-e989cbcc5a8d	3	44702501	45531296	488	0.3201
70109c42-bf20-49a5-b26d-e989cbcc5a8d	3	45531974	51740471	2759	0.2359
70109c42-bf20-49a5-b26d-e989cbcc5a8d	3	51747207	63167231	6540	0.2805
70109c42-bf20-49a5-b26d-e989cbcc5a8d	3	63168094	66698549	2779	0.3189
70109c42-bf20-49a5-b26d-e989cbcc5a8d	3	66699360	81224833	8937	0.2801
70109c42-bf20-49a5-b26d-e989cbcc5a8d	3	81232878	81234596	4	-0.6668
70109c42-bf20-49a5-b26d-e989cbcc5a8d	3	81235122	90128297	4327	0.2919
70109c42-bf20-49a5-b26d-e989cbcc5a8d	3	90129324	94161750	114	0.1426
70109c42-bf20-49a5-b26d-e989cbcc5a8d	3	94163841	118477104	13844	0.29
70109c42-bf20-49a5-b26d-e989cbcc5a8d	3	118479560	142910211	13675	0.2642
70109c42-bf20-49a5-b26d-e989cbcc5a8d	3	142910224	169498455	13610	0.2939
70109c42-bf20-49a5-b26d-e989cbcc5a8d	3	169499601	170511064	586	0.224
70109c42-bf20-49a5-b26d-e989cbcc5a8d	3	170511771	180514768	5175	0.2934
70109c42-bf20-49a5-b26d-e989cbcc5a8d	3	180517095	187088273	3247	0.2311
70109c42-bf20-49a5-b26d-e989cbcc5a8d	3	187101712	188631475	1104	0.263
70109c42-bf20-49a5-b26d-e989cbcc5a8d	3	188632370	190907241	1559	0.305
70109c42-bf20-49a5-b26d-e989cbcc5a8d	3	190914223	197812401	3057	0.2542
70109c42-bf20-49a5-b26d-e989cbcc5a8d	4	1059384	14943190	8404	0.1909
70109c42-bf20-49a5-b26d-e989cbcc5a8d	4	14943418	23660553	5686	0.2336
70109c42-bf20-49a5-b26d-e989cbcc5a8d	4	23660759	46892510	13605	0.2615
70109c42-bf20-49a5-b26d-e989cbcc5a8d	4	46894885	150232747	55588	0.2744
70109c42-bf20-49a5-b26d-e989cbcc5a8d	4	150233249	153713658	1843	0.2387
70109c42-bf20-49a5-b26d-e989cbcc5a8d	4	153713963	156170850	1565	0.2832
70109c42-bf20-49a5-b26d-e989cbcc5a8d	4	156171216	157532307	835	0.3291
70109c42-bf20-49a5-b26d-e989cbcc5a8d	4	157532525	168857791	6297	0.2684
70109c42-bf20-49a5-b26d-e989cbcc5a8d	4	168859693	178808649	5322	0.2511
70109c42-bf20-49a5-b26d-e989cbcc5a8d	4	178810899	187842528	4389	0.2302
70109c42-bf20-49a5-b26d-e989cbcc5a8d	5	913983	6370102	3875	-0.4848
70109c42-bf20-49a5-b26d-e989cbcc5a8d	5	6371117	6384170	3	-3.4335
70109c42-bf20-49a5-b26d-e989cbcc5a8d	5	6386688	6462225	60	-0.4416
70109c42-bf20-49a5-b26d-e989cbcc5a8d	5	6468294	6468624	2	-1.8396
70109c42-bf20-49a5-b26d-e989cbcc5a8d	5	6468918	8385182	1424	-0.4491
70109c42-bf20-49a5-b26d-e989cbcc5a8d	5	8398273	68913577	31633	-0.3936
70109c42-bf20-49a5-b26d-e989cbcc5a8d	5	68914352	68915431	2	-2.4136
70109c42-bf20-49a5-b26d-e989cbcc5a8d	5	68916287	81623915	6519	-0.4089
70109c42-bf20-49a5-b26d-e989cbcc5a8d	5	81624048	128591212	25542	-0.3609
70109c42-bf20-49a5-b26d-e989cbcc5a8d	5	128591280	135221872	3755	-0.4133
70109c42-bf20-49a5-b26d-e989cbcc5a8d	5	135222338	135227467	6	-1.7701
70109c42-bf20-49a5-b26d-e989cbcc5a8d	5	135228062	144654761	5495	-0.4068
70109c42-bf20-49a5-b26d-e989cbcc5a8d	5	144659278	144797752	75	-1.6904
70109c42-bf20-49a5-b26d-e989cbcc5a8d	5	144850223	169881428	16520	-0.4043
70109c42-bf20-49a5-b26d-e989cbcc5a8d	5	169883209	180934240	6056	-0.4669
70109c42-bf20-49a5-b26d-e989cbcc5a8d	6	1011760	3941039	2195	0.7496
70109c42-bf20-49a5-b26d-e989cbcc5a8d	6	3941261	24167185	14299	0.7071
70109c42-bf20-49a5-b26d-e989cbcc5a8d	6	24168614	36091907	4475	0.6779
70109c42-bf20-49a5-b26d-e989cbcc5a8d	6	36095214	43752256	5022	0.7004
70109c42-bf20-49a5-b26d-e989cbcc5a8d	6	43762455	49363127	3272	0.7448
70109c42-bf20-49a5-b26d-e989cbcc5a8d	6	49363723	51330498	1078	0.6876
70109c42-bf20-49a5-b26d-e989cbcc5a8d	6	51331988	57347009	3817	0.7556
70109c42-bf20-49a5-b26d-e989cbcc5a8d	6	61527062	63967373	1125	-0.4147
70109c42-bf20-49a5-b26d-e989cbcc5a8d	6	63967573	87352271	13165	-0.3707
70109c42-bf20-49a5-b26d-e989cbcc5a8d	6	87352472	97940245	5554	-0.3982
70109c42-bf20-49a5-b26d-e989cbcc5a8d	6	97940468	97947329	4	-2.0702
70109c42-bf20-49a5-b26d-e989cbcc5a8d	6	97949245	106094552	4732	-0.3765
70109c42-bf20-49a5-b26d-e989cbcc5a8d	6	106096070	107730796	1028	-0.4277
70109c42-bf20-49a5-b26d-e989cbcc5a8d	6	107732160	107732702	2	-1.9518
70109c42-bf20-49a5-b26d-e989cbcc5a8d	6	107733966	111254812	2093	-0.4356
70109c42-bf20-49a5-b26d-e989cbcc5a8d	6	111258795	129204220	10072	-0.3666
70109c42-bf20-49a5-b26d-e989cbcc5a8d	6	129204328	129204459	2	-1.756
70109c42-bf20-49a5-b26d-e989cbcc5a8d	6	129206974	135994786	4650	-0.3733
70109c42-bf20-49a5-b26d-e989cbcc5a8d	6	135995649	135996518	2	-2.523
70109c42-bf20-49a5-b26d-e989cbcc5a8d	6	135997575	150011564	8476	-0.3789
70109c42-bf20-49a5-b26d-e989cbcc5a8d	6	150012353	165523850	10012	-0.4108
70109c42-bf20-49a5-b26d-e989cbcc5a8d	6	165527990	166821108	996	-0.4698
70109c42-bf20-49a5-b26d-e989cbcc5a8d	6	166821502	166824360	2	-2.4118
70109c42-bf20-49a5-b26d-e989cbcc5a8d	6	166824506	170596889	1031	-0.4353
70109c42-bf20-49a5-b26d-e989cbcc5a8d	7	664936	1505238	163	0.2247
70109c42-bf20-49a5-b26d-e989cbcc5a8d	7	1512819	14427990	6590	0.2972
70109c42-bf20-49a5-b26d-e989cbcc5a8d	7	14433219	21346402	3718	0.3423
70109c42-bf20-49a5-b26d-e989cbcc5a8d	7	21355559	40297613	12651	0.3017
70109c42-bf20-49a5-b26d-e989cbcc5a8d	7	40298772	43317944	1678	0.3445
70109c42-bf20-49a5-b26d-e989cbcc5a8d	7	43318162	45861730	1335	0.2865
70109c42-bf20-49a5-b26d-e989cbcc5a8d	7	45867286	47286094	1145	0.3582
70109c42-bf20-49a5-b26d-e989cbcc5a8d	7	47286597	49837844	1724	0.2988
70109c42-bf20-49a5-b26d-e989cbcc5a8d	7	49839672	51711154	1343	0.2408
70109c42-bf20-49a5-b26d-e989cbcc5a8d	7	51712764	53943520	1532	0.2615
70109c42-bf20-49a5-b26d-e989cbcc5a8d	7	53947870	55429801	1153	0.3201
70109c42-bf20-49a5-b26d-e989cbcc5a8d	7	55430724	78007276	6061	0.213
70109c42-bf20-49a5-b26d-e989cbcc5a8d	7	78007637	96100454	9903	0.2766
70109c42-bf20-49a5-b26d-e989cbcc5a8d	7	96114162	97677046	934	0.2297
70109c42-bf20-49a5-b26d-e989cbcc5a8d	7	97678040	102091640	1704	0.1747
70109c42-bf20-49a5-b26d-e989cbcc5a8d	7	102093084	112941472	5599	0.2373
70109c42-bf20-49a5-b26d-e989cbcc5a8d	7	112942118	123158897	5714	0.2671
70109c42-bf20-49a5-b26d-e989cbcc5a8d	7	123158916	123607958	208	0.2461
70109c42-bf20-49a5-b26d-e989cbcc5a8d	7	123608276	123609203	2	-0.6901
70109c42-bf20-49a5-b26d-e989cbcc5a8d	7	123610115	130708951	3600	0.2266
70109c42-bf20-49a5-b26d-e989cbcc5a8d	7	130709484	130712810	3	-0.8454
70109c42-bf20-49a5-b26d-e989cbcc5a8d	7	130714947	138310010	4839	0.255
70109c42-bf20-49a5-b26d-e989cbcc5a8d	7	138312539	158592540	10360	0.1894
70109c42-bf20-49a5-b26d-e989cbcc5a8d	8	667625	11391752	5027	0.2752
70109c42-bf20-49a5-b26d-e989cbcc5a8d	8	11392739	24535890	8859	0.3016
70109c42-bf20-49a5-b26d-e989cbcc5a8d	8	24535944	34225657	6472	0.2707
70109c42-bf20-49a5-b26d-e989cbcc5a8d	8	34226136	36708735	1147	0.3172
70109c42-bf20-49a5-b26d-e989cbcc5a8d	8	36712818	39747685	1475	0.3733
70109c42-bf20-49a5-b26d-e989cbcc5a8d	8	39747789	42758921	1992	0.3084
70109c42-bf20-49a5-b26d-e989cbcc5a8d	8	42759162	47475595	473	0.2377
70109c42-bf20-49a5-b26d-e989cbcc5a8d	8	47476188	48205877	287	0.2864
70109c42-bf20-49a5-b26d-e989cbcc5a8d	8	48222873	49197079	561	0.3584
70109c42-bf20-49a5-b26d-e989cbcc5a8d	8	49198899	56816358	4342	0.2908
70109c42-bf20-49a5-b26d-e989cbcc5a8d	8	56818898	68435637	6890	0.3341
70109c42-bf20-49a5-b26d-e989cbcc5a8d	8	68436506	69212333	488	0.4139
70109c42-bf20-49a5-b26d-e989cbcc5a8d	8	69212638	70968311	992	0.3174
70109c42-bf20-49a5-b26d-e989cbcc5a8d	8	70970760	79843614	5337	0.3764
70109c42-bf20-49a5-b26d-e989cbcc5a8d	8	79843860	95826267	8848	0.3375
70109c42-bf20-49a5-b26d-e989cbcc5a8d	8	95826355	95826559	3	-0.707
70109c42-bf20-49a5-b26d-e989cbcc5a8d	8	95826580	107887388	6822	0.3462
70109c42-bf20-49a5-b26d-e989cbcc5a8d	8	107889780	113818517	3091	0.3099
70109c42-bf20-49a5-b26d-e989cbcc5a8d	8	113819212	124019942	6462	0.3473
70109c42-bf20-49a5-b26d-e989cbcc5a8d	8	124021155	126872403	1990	0.2882
70109c42-bf20-49a5-b26d-e989cbcc5a8d	8	126872406	136127560	6873	0.3321
70109c42-bf20-49a5-b26d-e989cbcc5a8d	8	136130669	143008172	3533	0.2908
70109c42-bf20-49a5-b26d-e989cbcc5a8d	8	143009011	143009265	2	-1.001
70109c42-bf20-49a5-b26d-e989cbcc5a8d	8	143012511	144182542	291	0.293
70109c42-bf20-49a5-b26d-e989cbcc5a8d	9	789794	3098114	1686	-0.1272
70109c42-bf20-49a5-b26d-e989cbcc5a8d	9	3098796	3099009	3	-1.089
70109c42-bf20-49a5-b26d-e989cbcc5a8d	9	3146903	11275208	4661	-0.1142
70109c42-bf20-49a5-b26d-e989cbcc5a8d	9	11275227	23080270	8028	-0.0778
70109c42-bf20-49a5-b26d-e989cbcc5a8d	9	23080676	68423153	9220	-0.1236
70109c42-bf20-49a5-b26d-e989cbcc5a8d	9	68424128	71022360	1966	0.1152
70109c42-bf20-49a5-b26d-e989cbcc5a8d	9	71023539	74735668	2391	-0.1343
70109c42-bf20-49a5-b26d-e989cbcc5a8d	9	74737863	75032382	174	0.0593
70109c42-bf20-49a5-b26d-e989cbcc5a8d	9	75035532	116504416	27778	0.1089
70109c42-bf20-49a5-b26d-e989cbcc5a8d	9	116506541	128217773	7762	0.061
70109c42-bf20-49a5-b26d-e989cbcc5a8d	9	128222476	133202988	2915	-0.0284
70109c42-bf20-49a5-b26d-e989cbcc5a8d	9	133205149	133209813	2	-1.2042
70109c42-bf20-49a5-b26d-e989cbcc5a8d	9	133211156	138044505	1895	-0.0165
70109c42-bf20-49a5-b26d-e989cbcc5a8d	10	366509	5581874	3387	0.762
70109c42-bf20-49a5-b26d-e989cbcc5a8d	10	5582075	5582406	2	1.9099
70109c42-bf20-49a5-b26d-e989cbcc5a8d	10	5586608	6244623	456	0.7493
70109c42-bf20-49a5-b26d-e989cbcc5a8d	10	6244979	11156635	3856	0.6996
70109c42-bf20-49a5-b26d-e989cbcc5a8d	10	11156718	26277527	10669	0.7409
70109c42-bf20-49a5-b26d-e989cbcc5a8d	10	26277860	27447794	659	0.6713
70109c42-bf20-49a5-b26d-e989cbcc5a8d	10	27449914	33033588	3897	0.7524
70109c42-bf20-49a5-b26d-e989cbcc5a8d	10	33036988	34725528	1241	0.8044
70109c42-bf20-49a5-b26d-e989cbcc5a8d	10	34729183	37545448	1558	0.7449
70109c42-bf20-49a5-b26d-e989cbcc5a8d	10	37545806	38394675	487	0.67
70109c42-bf20-49a5-b26d-e989cbcc5a8d	10	38397214	38625862	15	0.1108
70109c42-bf20-49a5-b26d-e989cbcc5a8d	10	38627675	38770921	43	0.5472
70109c42-bf20-49a5-b26d-e989cbcc5a8d	10	42450960	43866783	889	0.2745
70109c42-bf20-49a5-b26d-e989cbcc5a8d	10	43866818	44031978	128	0.3981
70109c42-bf20-49a5-b26d-e989cbcc5a8d	10	44035224	44136814	77	0.3005
70109c42-bf20-49a5-b26d-e989cbcc5a8d	10	44142430	49747603	2326	-0.4351
70109c42-bf20-49a5-b26d-e989cbcc5a8d	10	49748445	67763568	10346	-0.3825
70109c42-bf20-49a5-b26d-e989cbcc5a8d	10	67763604	69384364	890	-0.4131
70109c42-bf20-49a5-b26d-e989cbcc5a8d	10	69385730	72109905	1959	-0.4741
70109c42-bf20-49a5-b26d-e989cbcc5a8d	10	72122059	75366416	1391	-0.4072
70109c42-bf20-49a5-b26d-e989cbcc5a8d	10	75367475	75370460	3	-2.3626
70109c42-bf20-49a5-b26d-e989cbcc5a8d	10	75372420	79117529	2889	-0.4217
70109c42-bf20-49a5-b26d-e989cbcc5a8d	10	79118462	79125160	10	-1.2831
70109c42-bf20-49a5-b26d-e989cbcc5a8d	10	79125424	118492593	24524	-0.4161
70109c42-bf20-49a5-b26d-e989cbcc5a8d	10	118493094	118493343	2	-3.0659
70109c42-bf20-49a5-b26d-e989cbcc5a8d	10	118493438	124375017	4354	-0.427
70109c42-bf20-49a5-b26d-e989cbcc5a8d	10	124376640	124377374	2	-2.1917
70109c42-bf20-49a5-b26d-e989cbcc5a8d	10	124377391	128420870	2899	-0.4429
70109c42-bf20-49a5-b26d-e989cbcc5a8d	10	128421302	133411599	2232	-0.4943
70109c42-bf20-49a5-b26d-e989cbcc5a8d	11	456012	3240428	936	-0.4762
70109c42-bf20-49a5-b26d-e989cbcc5a8d	11	3240744	7977754	2967	-0.4137
70109c42-bf20-49a5-b26d-e989cbcc5a8d	11	7981762	8387142	325	-0.5105
70109c42-bf20-49a5-b26d-e989cbcc5a8d	11	8387445	21716622	9499	-0.4021
70109c42-bf20-49a5-b26d-e989cbcc5a8d	11	21716804	21732506	17	-0.6434
70109c42-bf20-49a5-b26d-e989cbcc5a8d	11	21741865	31851461	6288	-0.3654
70109c42-bf20-49a5-b26d-e989cbcc5a8d	11	31852440	33573918	1048	-0.4095
70109c42-bf20-49a5-b26d-e989cbcc5a8d	11	33576293	33578711	2	-3.7849
70109c42-bf20-49a5-b26d-e989cbcc5a8d	11	33578899	63987039	13666	-0.4013
70109c42-bf20-49a5-b26d-e989cbcc5a8d	11	63987743	71457188	2815	-0.4871
70109c42-bf20-49a5-b26d-e989cbcc5a8d	11	71457648	81077597	5531	-0.4065
70109c42-bf20-49a5-b26d-e989cbcc5a8d	11	81077873	111668151	18700	-0.3553
70109c42-bf20-49a5-b26d-e989cbcc5a8d	11	111668603	134272740	15636	-0.4089
70109c42-bf20-49a5-b26d-e989cbcc5a8d	12	780472	10365501	5256	0.001
70109c42-bf20-49a5-b26d-e989cbcc5a8d	12	10368394	12265689	1108	0.0491
70109c42-bf20-49a5-b26d-e989cbcc5a8d	12	12276548	12881051	394	-0.0249
70109c42-bf20-49a5-b26d-e989cbcc5a8d	12	12881761	14277104	935	0.0311
70109c42-bf20-49a5-b26d-e989cbcc5a8d	12	14280831	14304950	12	-0.4118
70109c42-bf20-49a5-b26d-e989cbcc5a8d	12	14308109	30954197	10640	0.0452
70109c42-bf20-49a5-b26d-e989cbcc5a8d	12	30955021	33368216	1381	-0.0242
70109c42-bf20-49a5-b26d-e989cbcc5a8d	12	38827290	41446461	1595	-0.3797
70109c42-bf20-49a5-b26d-e989cbcc5a8d	12	41455027	42035600	415	0.0244
70109c42-bf20-49a5-b26d-e989cbcc5a8d	12	42042021	43921959	756	-0.3993
70109c42-bf20-49a5-b26d-e989cbcc5a8d	12	43929664	44172272	142	0.0527
70109c42-bf20-49a5-b26d-e989cbcc5a8d	12	44183243	53992208	5298	-0.4142
70109c42-bf20-49a5-b26d-e989cbcc5a8d	12	54001298	57947355	1967	0.0001
70109c42-bf20-49a5-b26d-e989cbcc5a8d	12	57947385	58744854	596	0.0789
70109c42-bf20-49a5-b26d-e989cbcc5a8d	12	58744979	71319737	7998	0.0089
70109c42-bf20-49a5-b26d-e989cbcc5a8d	12	71320960	86157579	8820	-0.0406
70109c42-bf20-49a5-b26d-e989cbcc5a8d	12	86160684	86161376	2	-1.7241
70109c42-bf20-49a5-b26d-e989cbcc5a8d	12	86162344	92846257	3906	-0.0248
70109c42-bf20-49a5-b26d-e989cbcc5a8d	12	92849427	106996367	9360	-0.074
70109c42-bf20-49a5-b26d-e989cbcc5a8d	12	106997056	109480298	1476	-0.1053
70109c42-bf20-49a5-b26d-e989cbcc5a8d	12	109480763	109483736	2	-1.3435
70109c42-bf20-49a5-b26d-e989cbcc5a8d	12	109484166	109697959	147	-0.0929
70109c42-bf20-49a5-b26d-e989cbcc5a8d	12	109700724	109719176	2	-1.2552
70109c42-bf20-49a5-b26d-e989cbcc5a8d	12	109719874	115120932	2840	-0.1133
70109c42-bf20-49a5-b26d-e989cbcc5a8d	12	115121235	115121317	2	-1.7521
70109c42-bf20-49a5-b26d-e989cbcc5a8d	12	115121541	122629590	4601	-0.1151
70109c42-bf20-49a5-b26d-e989cbcc5a8d	12	122630961	127536662	2994	-0.0844
70109c42-bf20-49a5-b26d-e989cbcc5a8d	12	127536936	131016503	1076	-0.4842
70109c42-bf20-49a5-b26d-e989cbcc5a8d	12	131018300	131033023	18	0.2803
70109c42-bf20-49a5-b26d-e989cbcc5a8d	12	131033106	131078388	27	0.6964
70109c42-bf20-49a5-b26d-e989cbcc5a8d	12	131079007	131241500	110	0.3377
70109c42-bf20-49a5-b26d-e989cbcc5a8d	12	131348665	131519549	151	0.7979
70109c42-bf20-49a5-b26d-e989cbcc5a8d	12	131521746	131532230	11	0.2949
70109c42-bf20-49a5-b26d-e989cbcc5a8d	12	131532806	131545874	7	0.8659
70109c42-bf20-49a5-b26d-e989cbcc5a8d	12	131549026	131742535	111	0.3404
70109c42-bf20-49a5-b26d-e989cbcc5a8d	12	131742973	132127961	147	-0.3258
70109c42-bf20-49a5-b26d-e989cbcc5a8d	12	132431226	132605822	32	0.3577
70109c42-bf20-49a5-b26d-e989cbcc5a8d	13	18874255	19052678	120	-0.4787
70109c42-bf20-49a5-b26d-e989cbcc5a8d	13	19052801	19952621	248	0.3126
70109c42-bf20-49a5-b26d-e989cbcc5a8d	13	19953271	20141096	80	-0.395
70109c42-bf20-49a5-b26d-e989cbcc5a8d	13	20141363	20146308	2	-1.9579
70109c42-bf20-49a5-b26d-e989cbcc5a8d	13	20146360	21093141	341	-0.3858
70109c42-bf20-49a5-b26d-e989cbcc5a8d	13	21093249	21528516	281	0.2862
70109c42-bf20-49a5-b26d-e989cbcc5a8d	13	21530239	21855060	215	0.7737
70109c42-bf20-49a5-b26d-e989cbcc5a8d	13	21866390	24526566	1549	-0.4371
70109c42-bf20-49a5-b26d-e989cbcc5a8d	13	24526883	24680006	4	0.2524
70109c42-bf20-49a5-b26d-e989cbcc5a8d	13	24680060	25222768	295	0.759
70109c42-bf20-49a5-b26d-e989cbcc5a8d	13	25228130	25694127	308	0.2958
70109c42-bf20-49a5-b26d-e989cbcc5a8d	13	25695041	25727444	36	-0.3553
70109c42-bf20-49a5-b26d-e989cbcc5a8d	13	25732296	26040433	234	0.2948
70109c42-bf20-49a5-b26d-e989cbcc5a8d	13	26044222	30910471	3556	-0.4373
70109c42-bf20-49a5-b26d-e989cbcc5a8d	13	30911604	94300578	36683	-0.3855
70109c42-bf20-49a5-b26d-e989cbcc5a8d	13	94300972	105128737	7472	-0.4187
70109c42-bf20-49a5-b26d-e989cbcc5a8d	13	105778335	105954704	128	1.0415
70109c42-bf20-49a5-b26d-e989cbcc5a8d	13	105956150	106204382	211	0.7537
70109c42-bf20-49a5-b26d-e989cbcc5a8d	13	106208613	106664424	363	1.0614
70109c42-bf20-49a5-b26d-e989cbcc5a8d	13	106673212	106909959	156	0.7211
70109c42-bf20-49a5-b26d-e989cbcc5a8d	13	106916309	106946755	22	0.2719
70109c42-bf20-49a5-b26d-e989cbcc5a8d	13	106954227	107920484	798	0.7534
70109c42-bf20-49a5-b26d-e989cbcc5a8d	13	107928484	107952491	10	0.3396
70109c42-bf20-49a5-b26d-e989cbcc5a8d	13	107953020	108630533	497	0.7505
70109c42-bf20-49a5-b26d-e989cbcc5a8d	13	108631301	109520880	708	0.2724
70109c42-bf20-49a5-b26d-e989cbcc5a8d	13	109520947	111297912	1301	0.3316
70109c42-bf20-49a5-b26d-e989cbcc5a8d	13	111298416	112553345	760	0.2933
70109c42-bf20-49a5-b26d-e989cbcc5a8d	13	112556986	114226675	551	0.7785
70109c42-bf20-49a5-b26d-e989cbcc5a8d	14	20033191	33069204	6781	0.2529
70109c42-bf20-49a5-b26d-e989cbcc5a8d	14	33069232	34236404	1027	0.2979
70109c42-bf20-49a5-b26d-e989cbcc5a8d	14	34236671	46121707	5574	0.2463
70109c42-bf20-49a5-b26d-e989cbcc5a8d	14	46122855	46122974	2	-1.7986
70109c42-bf20-49a5-b26d-e989cbcc5a8d	14	46123697	50233403	2206	0.2308
70109c42-bf20-49a5-b26d-e989cbcc5a8d	14	50233975	50263663	12	-0.2148
70109c42-bf20-49a5-b26d-e989cbcc5a8d	14	50265410	62769101	8134	0.2473
70109c42-bf20-49a5-b26d-e989cbcc5a8d	14	62769621	79958798	10618	0.2097
70109c42-bf20-49a5-b26d-e989cbcc5a8d	14	79961683	87862166	4960	0.2462
70109c42-bf20-49a5-b26d-e989cbcc5a8d	14	87862636	105533894	10492	0.2054
70109c42-bf20-49a5-b26d-e989cbcc5a8d	15	23437561	31608434	3256	-0.265
70109c42-bf20-49a5-b26d-e989cbcc5a8d	15	31613860	40097593	5175	-0.206
70109c42-bf20-49a5-b26d-e989cbcc5a8d	15	40102658	46827750	3199	-0.2584
70109c42-bf20-49a5-b26d-e989cbcc5a8d	15	46835468	51778253	3023	-0.2117
70109c42-bf20-49a5-b26d-e989cbcc5a8d	15	51778942	59283182	4856	-0.2407
70109c42-bf20-49a5-b26d-e989cbcc5a8d	15	59285106	92110374	19644	-0.2629
70109c42-bf20-49a5-b26d-e989cbcc5a8d	15	92110425	101344124	5612	-0.2322
70109c42-bf20-49a5-b26d-e989cbcc5a8d	16	603333	46474548	14002	-0.4698
70109c42-bf20-49a5-b26d-e989cbcc5a8d	16	46476005	53695910	4605	-0.0239
70109c42-bf20-49a5-b26d-e989cbcc5a8d	16	53696724	55605542	1533	0.023
70109c42-bf20-49a5-b26d-e989cbcc5a8d	16	55605628	58057750	1487	-0.0231
70109c42-bf20-49a5-b26d-e989cbcc5a8d	16	58058040	60362322	1447	0.1685
70109c42-bf20-49a5-b26d-e989cbcc5a8d	16	60367187	60477578	76	0.3564
70109c42-bf20-49a5-b26d-e989cbcc5a8d	16	60477887	61526757	610	0.1635
70109c42-bf20-49a5-b26d-e989cbcc5a8d	16	61528859	63596162	1294	0.2451
70109c42-bf20-49a5-b26d-e989cbcc5a8d	16	63596256	64978493	940	0.3312
70109c42-bf20-49a5-b26d-e989cbcc5a8d	16	64980558	66136682	939	0.2646
70109c42-bf20-49a5-b26d-e989cbcc5a8d	16	66137645	78896496	7181	0.1935
70109c42-bf20-49a5-b26d-e989cbcc5a8d	16	78897123	80941643	1934	0.3197
70109c42-bf20-49a5-b26d-e989cbcc5a8d	16	80941750	87734711	4806	0.2665
70109c42-bf20-49a5-b26d-e989cbcc5a8d	16	87736098	89317317	320	0.2323
70109c42-bf20-49a5-b26d-e989cbcc5a8d	17	1074619	1385459	83	-0.4894
70109c42-bf20-49a5-b26d-e989cbcc5a8d	17	1387273	1542276	46	0.6754
70109c42-bf20-49a5-b26d-e989cbcc5a8d	17	1544310	6518789	2536	0.2534
70109c42-bf20-49a5-b26d-e989cbcc5a8d	17	6522442	7188331	346	-0.4922
70109c42-bf20-49a5-b26d-e989cbcc5a8d	17	7190765	7210757	6	0.4862
70109c42-bf20-49a5-b26d-e989cbcc5a8d	17	7221546	12193820	3085	-0.4734
70109c42-bf20-49a5-b26d-e989cbcc5a8d	17	12195851	12547373	251	0.7429
70109c42-bf20-49a5-b26d-e989cbcc5a8d	17	12552765	15654216	1194	0.3049
70109c42-bf20-49a5-b26d-e989cbcc5a8d	17	15654426	15877684	35	0.5777
70109c42-bf20-49a5-b26d-e989cbcc5a8d	17	15881823	16217989	160	0.7617
70109c42-bf20-49a5-b26d-e989cbcc5a8d	17	16221411	17433630	568	0.3044
70109c42-bf20-49a5-b26d-e989cbcc5a8d	17	17434025	17836145	205	0.7837
70109c42-bf20-49a5-b26d-e989cbcc5a8d	17	17846241	18129759	159	1.0509
70109c42-bf20-49a5-b26d-e989cbcc5a8d	17	18130141	18140956	6	0.5212
70109c42-bf20-49a5-b26d-e989cbcc5a8d	17	18141784	18176959	26	1.0981
70109c42-bf20-49a5-b26d-e989cbcc5a8d	17	18178014	18706323	130	0.7301
70109c42-bf20-49a5-b26d-e989cbcc5a8d	17	18758014	19794102	391	0.2616
70109c42-bf20-49a5-b26d-e989cbcc5a8d	17	19794663	27858801	946	-0.4142
70109c42-bf20-49a5-b26d-e989cbcc5a8d	17	27864760	28287993	217	0.2474
70109c42-bf20-49a5-b26d-e989cbcc5a8d	17	28293068	28338742	15	-0.4869
70109c42-bf20-49a5-b26d-e989cbcc5a8d	17	28343420	28395910	19	0.2422
70109c42-bf20-49a5-b26d-e989cbcc5a8d	17	28406703	30950471	999	-0.4357
70109c42-bf20-49a5-b26d-e989cbcc5a8d	17	30953298	30956706	5	0.3363
70109c42-bf20-49a5-b26d-e989cbcc5a8d	17	30959567	31502604	224	-0.4434
70109c42-bf20-49a5-b26d-e989cbcc5a8d	17	31502656	31516237	14	-1.0012
70109c42-bf20-49a5-b26d-e989cbcc5a8d	17	31518087	32954868	747	-0.4417
70109c42-bf20-49a5-b26d-e989cbcc5a8d	17	32957646	32979750	20	0.2296
70109c42-bf20-49a5-b26d-e989cbcc5a8d	17	32983016	33631275	652	-0.4629
70109c42-bf20-49a5-b26d-e989cbcc5a8d	17	34611015	35058954	277	0.7758
70109c42-bf20-49a5-b26d-e989cbcc5a8d	17	35065066	35272061	142	0.2603
70109c42-bf20-49a5-b26d-e989cbcc5a8d	17	35272908	35833190	248	-0.4314
70109c42-bf20-49a5-b26d-e989cbcc5a8d	17	35835848	39194258	1370	0.7083
70109c42-bf20-49a5-b26d-e989cbcc5a8d	17	39196025	39395621	81	0.1835
70109c42-bf20-49a5-b26d-e989cbcc5a8d	17	39404487	39457761	22	0.6376
70109c42-bf20-49a5-b26d-e989cbcc5a8d	17	39463565	39469370	4	-0.4312
70109c42-bf20-49a5-b26d-e989cbcc5a8d	17	39472646	40440173	429	0.6698
70109c42-bf20-49a5-b26d-e989cbcc5a8d	17	40442920	40794681	194	0.7821
70109c42-bf20-49a5-b26d-e989cbcc5a8d	17	40794928	40817096	14	0.2994
70109c42-bf20-49a5-b26d-e989cbcc5a8d	17	40822818	40926162	62	0.7191
70109c42-bf20-49a5-b26d-e989cbcc5a8d	17	40927282	40937881	7	-0.4653
70109c42-bf20-49a5-b26d-e989cbcc5a8d	17	40938898	40949294	11	0.597
70109c42-bf20-49a5-b26d-e989cbcc5a8d	17	40951857	41019007	59	-0.4089
70109c42-bf20-49a5-b26d-e989cbcc5a8d	17	41021969	41793264	380	0.2436
70109c42-bf20-49a5-b26d-e989cbcc5a8d	17	41795548	41885423	46	-0.4203
70109c42-bf20-49a5-b26d-e989cbcc5a8d	17	41891329	42260218	171	0.6656
70109c42-bf20-49a5-b26d-e989cbcc5a8d	17	42264082	42279662	10	-0.5139
70109c42-bf20-49a5-b26d-e989cbcc5a8d	17	42280291	42505639	116	0.2139
70109c42-bf20-49a5-b26d-e989cbcc5a8d	17	42506348	42545129	17	-0.4801
70109c42-bf20-49a5-b26d-e989cbcc5a8d	17	42563724	43107667	289	0.2128
70109c42-bf20-49a5-b26d-e989cbcc5a8d	17	43109546	43428081	27	-0.4105
70109c42-bf20-49a5-b26d-e989cbcc5a8d	17	43437078	43486918	23	0.2781
70109c42-bf20-49a5-b26d-e989cbcc5a8d	17	43491657	43611484	87	-0.47
70109c42-bf20-49a5-b26d-e989cbcc5a8d	17	43612213	43672276	46	0.2869
70109c42-bf20-49a5-b26d-e989cbcc5a8d	17	43673987	43677088	3	-0.5556
70109c42-bf20-49a5-b26d-e989cbcc5a8d	17	43680683	43712597	22	0.3238
70109c42-bf20-49a5-b26d-e989cbcc5a8d	17	43718252	43799368	51	-0.5182
70109c42-bf20-49a5-b26d-e989cbcc5a8d	17	43799897	43997388	111	0.2391
70109c42-bf20-49a5-b26d-e989cbcc5a8d	17	43998736	44001013	3	1.112
70109c42-bf20-49a5-b26d-e989cbcc5a8d	17	44002880	47251724	877	0.2569
70109c42-bf20-49a5-b26d-e989cbcc5a8d	17	47257708	47294377	36	-0.4407
70109c42-bf20-49a5-b26d-e989cbcc5a8d	17	47297690	73652728	15363	0.2821
70109c42-bf20-49a5-b26d-e989cbcc5a8d	17	73653523	75349386	442	-0.5049
70109c42-bf20-49a5-b26d-e989cbcc5a8d	17	75366284	79417772	1834	0.1781
70109c42-bf20-49a5-b26d-e989cbcc5a8d	17	79418155	79754807	72	-0.5534
70109c42-bf20-49a5-b26d-e989cbcc5a8d	17	79770477	82959812	1230	0.2067
70109c42-bf20-49a5-b26d-e989cbcc5a8d	18	326691	13562984	7858	-0.4271
70109c42-bf20-49a5-b26d-e989cbcc5a8d	18	13564168	13564387	2	-2.9928
70109c42-bf20-49a5-b26d-e989cbcc5a8d	18	13565099	47160932	16054	-0.4139
70109c42-bf20-49a5-b26d-e989cbcc5a8d	18	47163622	56095793	6032	-0.3557
70109c42-bf20-49a5-b26d-e989cbcc5a8d	18	56096220	56409827	216	-0.4291
70109c42-bf20-49a5-b26d-e989cbcc5a8d	18	56414445	61422139	3304	0.308
70109c42-bf20-49a5-b26d-e989cbcc5a8d	18	61427157	61427165	2	-0.6079
70109c42-bf20-49a5-b26d-e989cbcc5a8d	18	61427754	62408119	649	0.3178
70109c42-bf20-49a5-b26d-e989cbcc5a8d	18	62408855	64790472	1523	0.2744
70109c42-bf20-49a5-b26d-e989cbcc5a8d	18	64791034	70315725	2886	0.3218
70109c42-bf20-49a5-b26d-e989cbcc5a8d	18	70324361	70342778	17	-0.5756
70109c42-bf20-49a5-b26d-e989cbcc5a8d	18	70350592	71054720	386	0.286
70109c42-bf20-49a5-b26d-e989cbcc5a8d	18	71062372	71382253	233	-0.4171
70109c42-bf20-49a5-b26d-e989cbcc5a8d	18	73699619	76948390	2235	0.2821
70109c42-bf20-49a5-b26d-e989cbcc5a8d	18	76950184	77150669	108	-0.4931
70109c42-bf20-49a5-b26d-e989cbcc5a8d	18	77151918	77183344	25	0.3667
70109c42-bf20-49a5-b26d-e989cbcc5a8d	18	77184194	77255938	52	-0.4372
70109c42-bf20-49a5-b26d-e989cbcc5a8d	18	77256479	77267749	5	0.2371
70109c42-bf20-49a5-b26d-e989cbcc5a8d	18	77271049	77613086	273	-0.4532
70109c42-bf20-49a5-b26d-e989cbcc5a8d	18	77616453	78253263	431	0.3315
70109c42-bf20-49a5-b26d-e989cbcc5a8d	18	78264077	78651179	205	-0.4801
70109c42-bf20-49a5-b26d-e989cbcc5a8d	18	78651219	78657793	7	-1.3009
70109c42-bf20-49a5-b26d-e989cbcc5a8d	18	78657960	79349796	398	-0.4521
70109c42-bf20-49a5-b26d-e989cbcc5a8d	19	283868	1056636	130	-0.11
70109c42-bf20-49a5-b26d-e989cbcc5a8d	19	1056838	21074007	7610	-0.0667
70109c42-bf20-49a5-b26d-e989cbcc5a8d	19	21074082	21077361	2	-1.2072
70109c42-bf20-49a5-b26d-e989cbcc5a8d	19	21080712	32075990	4546	-0.0444
70109c42-bf20-49a5-b26d-e989cbcc5a8d	19	32080192	37983420	3306	-0.1279
70109c42-bf20-49a5-b26d-e989cbcc5a8d	19	37983487	37984429	2	-1.8082
70109c42-bf20-49a5-b26d-e989cbcc5a8d	19	37984446	58095187	8378	-0.1409
70109c42-bf20-49a5-b26d-e989cbcc5a8d	19	58100356	58335780	155	-0.4617
70109c42-bf20-49a5-b26d-e989cbcc5a8d	19	58338371	58370362	16	-0.2648
70109c42-bf20-49a5-b26d-e989cbcc5a8d	20	472817	1846342	813	-0.5121
70109c42-bf20-49a5-b26d-e989cbcc5a8d	20	1854539	2271364	352	0.1771
70109c42-bf20-49a5-b26d-e989cbcc5a8d	20	2271759	3815869	976	-0.4792
70109c42-bf20-49a5-b26d-e989cbcc5a8d	20	3819006	3819918	5	-1.3729
70109c42-bf20-49a5-b26d-e989cbcc5a8d	20	3821903	5762636	962	-0.4781
70109c42-bf20-49a5-b26d-e989cbcc5a8d	20	5763383	6086956	247	0.1753
70109c42-bf20-49a5-b26d-e989cbcc5a8d	20	6089793	6357987	181	0.697
70109c42-bf20-49a5-b26d-e989cbcc5a8d	20	6358467	6561244	189	1.0233
70109c42-bf20-49a5-b26d-e989cbcc5a8d	20	6561723	6641070	68	0.7298
70109c42-bf20-49a5-b26d-e989cbcc5a8d	20	6648145	6693939	42	0.3501
70109c42-bf20-49a5-b26d-e989cbcc5a8d	20	6694240	7573066	543	0.6911
70109c42-bf20-49a5-b26d-e989cbcc5a8d	20	7576170	7608759	23	0.4124
70109c42-bf20-49a5-b26d-e989cbcc5a8d	20	7608818	9865542	1371	0.2314
70109c42-bf20-49a5-b26d-e989cbcc5a8d	20	9866416	10057061	138	-0.3712
70109c42-bf20-49a5-b26d-e989cbcc5a8d	20	10059469	10156286	88	-0.0627
70109c42-bf20-49a5-b26d-e989cbcc5a8d	20	10166938	12190017	1511	0.4634
70109c42-bf20-49a5-b26d-e989cbcc5a8d	20	12192263	12276131	45	0.8718
70109c42-bf20-49a5-b26d-e989cbcc5a8d	20	12283468	12712316	342	0.4619
70109c42-bf20-49a5-b26d-e989cbcc5a8d	20	12714888	13142270	295	0.8447
70109c42-bf20-49a5-b26d-e989cbcc5a8d	20	13143086	13235231	64	0.5876
70109c42-bf20-49a5-b26d-e989cbcc5a8d	20	13235610	16278879	1836	0.868
70109c42-bf20-49a5-b26d-e989cbcc5a8d	20	16280746	16722606	385	0.434
70109c42-bf20-49a5-b26d-e989cbcc5a8d	20	16725239	17486387	694	0.879
70109c42-bf20-49a5-b26d-e989cbcc5a8d	20	17490246	17502208	23	0.0366
70109c42-bf20-49a5-b26d-e989cbcc5a8d	20	17505931	17542153	23	0.6275
70109c42-bf20-49a5-b26d-e989cbcc5a8d	20	17542275	17696829	93	0.006
70109c42-bf20-49a5-b26d-e989cbcc5a8d	20	17700610	17814408	119	-1.0833
70109c42-bf20-49a5-b26d-e989cbcc5a8d	20	17818606	17982539	127	0.4437
70109c42-bf20-49a5-b26d-e989cbcc5a8d	20	17984134	18035114	26	-0.1499
70109c42-bf20-49a5-b26d-e989cbcc5a8d	20	18037823	18085884	29	-1.0654
70109c42-bf20-49a5-b26d-e989cbcc5a8d	20	18089652	20082478	1669	0.0164
70109c42-bf20-49a5-b26d-e989cbcc5a8d	20	20084697	20085179	3	-0.8611
70109c42-bf20-49a5-b26d-e989cbcc5a8d	20	20086635	22367946	1463	-0.0025
70109c42-bf20-49a5-b26d-e989cbcc5a8d	20	22368509	22525412	114	-0.9119
70109c42-bf20-49a5-b26d-e989cbcc5a8d	20	22526253	26217295	2094	0.0035
70109c42-bf20-49a5-b26d-e989cbcc5a8d	20	31247668	35830897	2189	0.2521
70109c42-bf20-49a5-b26d-e989cbcc5a8d	20	35834820	36553242	316	-0.0171
70109c42-bf20-49a5-b26d-e989cbcc5a8d	20	36556073	44662579	5350	-0.3124
70109c42-bf20-49a5-b26d-e989cbcc5a8d	20	44664615	50582181	3785	-0.0135
70109c42-bf20-49a5-b26d-e989cbcc5a8d	20	50582365	55848001	3743	0.026
70109c42-bf20-49a5-b26d-e989cbcc5a8d	20	55853449	57535158	1221	-0.0219
70109c42-bf20-49a5-b26d-e989cbcc5a8d	20	57537141	59349192	1337	0.0556
70109c42-bf20-49a5-b26d-e989cbcc5a8d	20	59349299	60868052	1246	-0.0172
70109c42-bf20-49a5-b26d-e989cbcc5a8d	20	60868170	60868826	2	-1.1754
70109c42-bf20-49a5-b26d-e989cbcc5a8d	20	60868828	63588502	1392	-0.0263
70109c42-bf20-49a5-b26d-e989cbcc5a8d	21	13974127	15296251	891	0.2544
70109c42-bf20-49a5-b26d-e989cbcc5a8d	21	15296567	16854277	902	0.3179
70109c42-bf20-49a5-b26d-e989cbcc5a8d	21	16854392	26238887	5843	0.2642
70109c42-bf20-49a5-b26d-e989cbcc5a8d	21	26239990	30023865	2736	0.2996
70109c42-bf20-49a5-b26d-e989cbcc5a8d	21	30024104	46262057	10229	0.261
70109c42-bf20-49a5-b26d-e989cbcc5a8d	22	16934932	43950182	13368	0.2214
70109c42-bf20-49a5-b26d-e989cbcc5a8d	22	43954045	43954275	2	-0.9274
70109c42-bf20-49a5-b26d-e989cbcc5a8d	22	43954537	48940621	3721	0.2335
70109c42-bf20-49a5-b26d-e989cbcc5a8d	X	3236359	8202103	806	-0.0044
70109c42-bf20-49a5-b26d-e989cbcc5a8d	X	8202226	47370536	19211	0.0248
70109c42-bf20-49a5-b26d-e989cbcc5a8d	X	47370890	67888523	5761	-0.0097
70109c42-bf20-49a5-b26d-e989cbcc5a8d	X	67893273	70492898	1196	0.0319
70109c42-bf20-49a5-b26d-e989cbcc5a8d	X	70493269	71057269	246	-0.0537
70109c42-bf20-49a5-b26d-e989cbcc5a8d	X	71061235	73143783	720	0.0411
70109c42-bf20-49a5-b26d-e989cbcc5a8d	X	73149292	154554965	36038	-0.0098
70109c42-bf20-49a5-b26d-e989cbcc5a8d	X	155651443	155677414	16	-0.6768
