GDC_Aliquot	Chromosome	Start	End	Num_Probes	Segment_Mean
df99a19a-c11f-4969-a654-74edb515893d	1	3301765	3584494	122	0.3202
df99a19a-c11f-4969-a654-74edb515893d	1	3586411	4527459	691	0.2548
df99a19a-c11f-4969-a654-74edb515893d	1	4527535	10158381	3190	0.2176
df99a19a-c11f-4969-a654-74edb515893d	1	10158468	26024891	8512	0.2597
df99a19a-c11f-4969-a654-74edb515893d	1	26029149	28848434	1063	0.1989
df99a19a-c11f-4969-a654-74edb515893d	1	28848540	38131187	5055	0.2618
df99a19a-c11f-4969-a654-74edb515893d	1	38135808	38136401	2	-1.147
df99a19a-c11f-4969-a654-74edb515893d	1	38140728	47541159	5028	0.2528
df99a19a-c11f-4969-a654-74edb515893d	1	47541226	50982747	1817	0.3234
df99a19a-c11f-4969-a654-74edb515893d	1	50983462	54995757	2169	0.2629
df99a19a-c11f-4969-a654-74edb515893d	1	54996707	78829730	15616	0.3188
df99a19a-c11f-4969-a654-74edb515893d	1	78829867	84153493	3198	0.3552
df99a19a-c11f-4969-a654-74edb515893d	1	84158621	88645768	3009	0.324
df99a19a-c11f-4969-a654-74edb515893d	1	88647503	93615850	2783	0.2896
df99a19a-c11f-4969-a654-74edb515893d	1	93617360	108345982	8620	0.3278
df99a19a-c11f-4969-a654-74edb515893d	1	108346032	115059498	3985	0.2812
df99a19a-c11f-4969-a654-74edb515893d	1	115059877	119984772	3162	0.3276
df99a19a-c11f-4969-a654-74edb515893d	1	146716041	153516020	1750	0.7879
df99a19a-c11f-4969-a654-74edb515893d	1	153516807	153699567	73	0.5524
df99a19a-c11f-4969-a654-74edb515893d	1	153699771	157362692	1712	0.7581
df99a19a-c11f-4969-a654-74edb515893d	1	157363305	159967032	1761	0.8135
df99a19a-c11f-4969-a654-74edb515893d	1	159969839	161970464	1086	0.7616
df99a19a-c11f-4969-a654-74edb515893d	1	161972701	166601788	3647	0.8593
df99a19a-c11f-4969-a654-74edb515893d	1	166601993	169913400	2502	0.8088
df99a19a-c11f-4969-a654-74edb515893d	1	169913566	176433120	3666	0.8457
df99a19a-c11f-4969-a654-74edb515893d	1	176433664	178031925	1103	0.9094
df99a19a-c11f-4969-a654-74edb515893d	1	178033871	182466539	2925	0.8367
df99a19a-c11f-4969-a654-74edb515893d	1	182468835	247650984	41270	-0.3843
df99a19a-c11f-4969-a654-74edb515893d	2	480597	13179680	8148	-0.0046
df99a19a-c11f-4969-a654-74edb515893d	2	13180831	13218232	19	-0.605
df99a19a-c11f-4969-a654-74edb515893d	2	13220013	23236647	6655	-0.3905
df99a19a-c11f-4969-a654-74edb515893d	2	23238565	27175328	1943	-0.4399
df99a19a-c11f-4969-a654-74edb515893d	2	27177965	27203625	14	0.0907
df99a19a-c11f-4969-a654-74edb515893d	2	27204109	32347914	3018	0.2985
df99a19a-c11f-4969-a654-74edb515893d	2	32356670	54888015	12547	0.0043
df99a19a-c11f-4969-a654-74edb515893d	2	54888143	54889750	3	-2.2586
df99a19a-c11f-4969-a654-74edb515893d	2	54889905	58625881	2060	0.0159
df99a19a-c11f-4969-a654-74edb515893d	2	58626069	58759109	87	-0.3993
df99a19a-c11f-4969-a654-74edb515893d	2	58760591	59343185	404	0.36
df99a19a-c11f-4969-a654-74edb515893d	2	59345095	65749110	3501	0.2837
df99a19a-c11f-4969-a654-74edb515893d	2	65749161	68257781	1813	0.3402
df99a19a-c11f-4969-a654-74edb515893d	2	68259450	74925518	3730	0.2807
df99a19a-c11f-4969-a654-74edb515893d	2	74925803	84429096	5126	0.3251
df99a19a-c11f-4969-a654-74edb515893d	2	84429547	99068370	3064	0.2724
df99a19a-c11f-4969-a654-74edb515893d	2	99072678	110661171	6520	0.3185
df99a19a-c11f-4969-a654-74edb515893d	2	110664611	111215173	363	0.5715
df99a19a-c11f-4969-a654-74edb515893d	2	111639145	124265289	6967	0.0186
df99a19a-c11f-4969-a654-74edb515893d	2	125319206	125354575	15	1.1536
df99a19a-c11f-4969-a654-74edb515893d	2	125357227	126730046	693	0.3301
df99a19a-c11f-4969-a654-74edb515893d	2	126734615	127138839	250	0.6121
df99a19a-c11f-4969-a654-74edb515893d	2	127139744	128684978	842	0.5581
df99a19a-c11f-4969-a654-74edb515893d	2	128686449	129995800	942	0.458
df99a19a-c11f-4969-a654-74edb515893d	2	130001889	131585766	260	0.6621
df99a19a-c11f-4969-a654-74edb515893d	2	131588740	132714216	219	0.4456
df99a19a-c11f-4969-a654-74edb515893d	2	132714429	132950684	197	0.2127
df99a19a-c11f-4969-a654-74edb515893d	2	132952030	136827512	2409	0.4343
df99a19a-c11f-4969-a654-74edb515893d	2	136828566	140028459	1486	0.6734
df99a19a-c11f-4969-a654-74edb515893d	2	140029070	140826157	489	0.935
df99a19a-c11f-4969-a654-74edb515893d	2	140832101	140852037	16	0.4607
df99a19a-c11f-4969-a654-74edb515893d	2	140852465	159551708	10915	0.3291
df99a19a-c11f-4969-a654-74edb515893d	2	159558806	160388291	533	-0.005
df99a19a-c11f-4969-a654-74edb515893d	2	160392286	163467479	1657	0.3114
df99a19a-c11f-4969-a654-74edb515893d	2	163467885	164224856	452	0.0377
df99a19a-c11f-4969-a654-74edb515893d	2	164224974	164228559	2	-1.3792
df99a19a-c11f-4969-a654-74edb515893d	2	164229189	167092998	1629	0.0155
df99a19a-c11f-4969-a654-74edb515893d	2	167102577	167596120	263	0.3261
df99a19a-c11f-4969-a654-74edb515893d	2	167596389	168159950	390	0.5744
df99a19a-c11f-4969-a654-74edb515893d	2	168163448	171848769	2355	0.2972
df99a19a-c11f-4969-a654-74edb515893d	2	171851070	175452871	2299	0.0082
df99a19a-c11f-4969-a654-74edb515893d	2	175453943	180576690	3246	-0.385
df99a19a-c11f-4969-a654-74edb515893d	2	180578972	187365744	3235	0.028
df99a19a-c11f-4969-a654-74edb515893d	2	187367266	187373679	5	-1.3117
df99a19a-c11f-4969-a654-74edb515893d	2	187377226	189346337	893	0.0847
df99a19a-c11f-4969-a654-74edb515893d	2	189346470	228907591	23015	0.0208
df99a19a-c11f-4969-a654-74edb515893d	2	228911329	229630854	543	0.0595
df99a19a-c11f-4969-a654-74edb515893d	2	229635212	234469953	2558	-0.0351
df99a19a-c11f-4969-a654-74edb515893d	2	234470021	237659033	2138	0.0227
df99a19a-c11f-4969-a654-74edb515893d	2	237660483	241537572	2119	-0.0228
df99a19a-c11f-4969-a654-74edb515893d	3	2170634	2186057	14	0.7465
df99a19a-c11f-4969-a654-74edb515893d	3	2187482	6618957	2130	0.5897
df99a19a-c11f-4969-a654-74edb515893d	3	6619111	9249713	2054	0.8248
df99a19a-c11f-4969-a654-74edb515893d	3	9249757	10758079	810	0.7601
df99a19a-c11f-4969-a654-74edb515893d	3	10758137	10934697	151	0.9903
df99a19a-c11f-4969-a654-74edb515893d	3	10935591	11015334	86	0.7737
df99a19a-c11f-4969-a654-74edb515893d	3	11018894	20557486	5813	-0.0086
df99a19a-c11f-4969-a654-74edb515893d	3	20559955	27663842	3923	0.0395
df99a19a-c11f-4969-a654-74edb515893d	3	27666410	27720597	33	0.5609
df99a19a-c11f-4969-a654-74edb515893d	3	27732434	28480538	509	0.041
df99a19a-c11f-4969-a654-74edb515893d	3	28487437	28523771	25	0.6193
df99a19a-c11f-4969-a654-74edb515893d	3	28529767	29020077	309	0.0828
df99a19a-c11f-4969-a654-74edb515893d	3	29022857	29022980	2	-1.0026
df99a19a-c11f-4969-a654-74edb515893d	3	29024701	30954539	1395	0.0727
df99a19a-c11f-4969-a654-74edb515893d	3	30957000	31184811	167	0.3859
df99a19a-c11f-4969-a654-74edb515893d	3	31186850	31264749	53	0.768
df99a19a-c11f-4969-a654-74edb515893d	3	31267505	32840515	989	0.3285
df99a19a-c11f-4969-a654-74edb515893d	3	32841697	33139166	159	0.7477
df99a19a-c11f-4969-a654-74edb515893d	3	33142615	33432321	179	0.3219
df99a19a-c11f-4969-a654-74edb515893d	3	33432830	33488067	21	0.689
df99a19a-c11f-4969-a654-74edb515893d	3	33492245	38823446	3229	0.0258
df99a19a-c11f-4969-a654-74edb515893d	3	38824041	53708364	7524	-0.0134
df99a19a-c11f-4969-a654-74edb515893d	3	53708709	62408884	5004	0.034
df99a19a-c11f-4969-a654-74edb515893d	3	62413674	65987925	2954	0.1048
df99a19a-c11f-4969-a654-74edb515893d	3	65990841	73245649	4945	0.0128
df99a19a-c11f-4969-a654-74edb515893d	3	73245859	90240774	8721	0.0431
df99a19a-c11f-4969-a654-74edb515893d	3	90246648	91462299	29	0.5986
df99a19a-c11f-4969-a654-74edb515893d	3	94015345	117882149	13484	-0.3738
df99a19a-c11f-4969-a654-74edb515893d	3	117883599	118379175	318	0.3559
df99a19a-c11f-4969-a654-74edb515893d	3	118380637	121246564	1544	-0.366
df99a19a-c11f-4969-a654-74edb515893d	3	121248036	121761191	151	-0.0032
df99a19a-c11f-4969-a654-74edb515893d	3	121762447	126296691	2785	-0.3871
df99a19a-c11f-4969-a654-74edb515893d	3	126296824	126677557	266	0.3601
df99a19a-c11f-4969-a654-74edb515893d	3	126682585	127661276	526	-0.3905
df99a19a-c11f-4969-a654-74edb515893d	3	127662582	127841478	137	-0.9182
df99a19a-c11f-4969-a654-74edb515893d	3	127845312	148697197	10997	-0.3716
df99a19a-c11f-4969-a654-74edb515893d	3	148697264	148902974	173	0.0537
df99a19a-c11f-4969-a654-74edb515893d	3	148904875	149161084	135	0.292
df99a19a-c11f-4969-a654-74edb515893d	3	149161997	170533766	11170	-0.3698
df99a19a-c11f-4969-a654-74edb515893d	3	170533814	170752154	136	0.0184
df99a19a-c11f-4969-a654-74edb515893d	3	170755701	174569276	1940	-0.3866
df99a19a-c11f-4969-a654-74edb515893d	3	174569624	174927957	241	0.049
df99a19a-c11f-4969-a654-74edb515893d	3	174928813	197812401	11774	-0.3831
df99a19a-c11f-4969-a654-74edb515893d	4	1059384	3098235	782	-0.2098
df99a19a-c11f-4969-a654-74edb515893d	4	3107701	48067890	27528	-0.1318
df99a19a-c11f-4969-a654-74edb515893d	4	51832470	118126327	37579	0.2377
df99a19a-c11f-4969-a654-74edb515893d	4	118132692	118350100	117	-0.0594
df99a19a-c11f-4969-a654-74edb515893d	4	118355674	119363984	498	0.2366
df99a19a-c11f-4969-a654-74edb515893d	4	119364173	119459233	21	-0.1083
df99a19a-c11f-4969-a654-74edb515893d	4	119460368	138966801	10251	0.2402
df99a19a-c11f-4969-a654-74edb515893d	4	138968149	153842828	8326	0.2108
df99a19a-c11f-4969-a654-74edb515893d	4	153843264	181209068	15061	0.2421
df99a19a-c11f-4969-a654-74edb515893d	4	181213056	183363936	1150	-0.5823
df99a19a-c11f-4969-a654-74edb515893d	4	183369000	185750325	760	-0.6768
df99a19a-c11f-4969-a654-74edb515893d	4	185750424	187842528	1274	-0.574
df99a19a-c11f-4969-a654-74edb515893d	5	913983	11625194	7735	-0.3758
df99a19a-c11f-4969-a654-74edb515893d	5	11627958	15353833	2230	0.0418
df99a19a-c11f-4969-a654-74edb515893d	5	15353899	21270524	2682	-0.362
df99a19a-c11f-4969-a654-74edb515893d	5	21270650	22631802	612	0.0224
df99a19a-c11f-4969-a654-74edb515893d	5	22635413	22753029	62	0.357
df99a19a-c11f-4969-a654-74edb515893d	5	22753967	22782990	28	0.0471
df99a19a-c11f-4969-a654-74edb515893d	5	22785155	23603643	483	-0.3782
df99a19a-c11f-4969-a654-74edb515893d	5	23607253	23622848	19	-1.0966
df99a19a-c11f-4969-a654-74edb515893d	5	23623288	23624308	2	-3.4441
df99a19a-c11f-4969-a654-74edb515893d	5	23624427	28920465	2751	-0.9471
df99a19a-c11f-4969-a654-74edb515893d	5	28924470	41805473	7826	-0.3643
df99a19a-c11f-4969-a654-74edb515893d	5	41809829	44189910	1135	0.0021
df99a19a-c11f-4969-a654-74edb515893d	5	44194054	44562253	184	-0.3359
df99a19a-c11f-4969-a654-74edb515893d	5	44564186	50828231	319	-0.9095
df99a19a-c11f-4969-a654-74edb515893d	5	50829022	75675077	13796	0.033
df99a19a-c11f-4969-a654-74edb515893d	5	75675150	81184553	3392	0.0019
df99a19a-c11f-4969-a654-74edb515893d	5	81185998	131116180	27093	0.0363
df99a19a-c11f-4969-a654-74edb515893d	5	131116233	134980815	2244	-0.0089
df99a19a-c11f-4969-a654-74edb515893d	5	134982507	137793939	1978	0.053
df99a19a-c11f-4969-a654-74edb515893d	5	137794172	143630182	3011	0.0043
df99a19a-c11f-4969-a654-74edb515893d	5	143633294	175226263	20810	0.0345
df99a19a-c11f-4969-a654-74edb515893d	5	175226474	180934240	2560	-0.0145
df99a19a-c11f-4969-a654-74edb515893d	6	1011760	2205572	904	0.3125
df99a19a-c11f-4969-a654-74edb515893d	6	2208126	18583967	11515	0.2801
df99a19a-c11f-4969-a654-74edb515893d	6	18585768	24559644	4309	0.316
df99a19a-c11f-4969-a654-74edb515893d	6	24562957	38837945	6037	0.244
df99a19a-c11f-4969-a654-74edb515893d	6	38844660	40913877	1632	0.3058
df99a19a-c11f-4969-a654-74edb515893d	6	40916777	44528965	2014	0.247
df99a19a-c11f-4969-a654-74edb515893d	6	44533142	61530738	7702	0.3169
df99a19a-c11f-4969-a654-74edb515893d	6	61596503	63255960	775	0.9722
df99a19a-c11f-4969-a654-74edb515893d	6	63256844	105914592	23679	0.3109
df99a19a-c11f-4969-a654-74edb515893d	6	105915960	111824018	3577	0.2763
df99a19a-c11f-4969-a654-74edb515893d	6	111825904	134124315	13076	0.3211
df99a19a-c11f-4969-a654-74edb515893d	6	134124455	160687280	16938	0.2899
df99a19a-c11f-4969-a654-74edb515893d	6	160692339	170596889	4886	0.3105
df99a19a-c11f-4969-a654-74edb515893d	7	664936	7115109	2304	0.2967
df99a19a-c11f-4969-a654-74edb515893d	7	7115182	10842200	1710	-0.3364
df99a19a-c11f-4969-a654-74edb515893d	7	10842707	22307732	7160	0.0201
df99a19a-c11f-4969-a654-74edb515893d	7	22313089	22590386	192	0.57
df99a19a-c11f-4969-a654-74edb515893d	7	22591561	26984809	3138	0.0155
df99a19a-c11f-4969-a654-74edb515893d	7	26986416	29588164	1584	0.3217
df99a19a-c11f-4969-a654-74edb515893d	7	29592956	43396296	8729	0.0221
df99a19a-c11f-4969-a654-74edb515893d	7	43397280	45175313	890	-0.0347
df99a19a-c11f-4969-a654-74edb515893d	7	45175777	56411548	7679	0.0388
df99a19a-c11f-4969-a654-74edb515893d	7	56413551	63672748	152	0.3264
df99a19a-c11f-4969-a654-74edb515893d	7	63675854	72246620	3891	0.0213
df99a19a-c11f-4969-a654-74edb515893d	7	72247070	77716527	1465	-0.0319
df99a19a-c11f-4969-a654-74edb515893d	7	77720614	83985521	4104	0.0387
df99a19a-c11f-4969-a654-74edb515893d	7	83986667	84139851	113	-0.369
df99a19a-c11f-4969-a654-74edb515893d	7	84140141	98009076	6904	0.022
df99a19a-c11f-4969-a654-74edb515893d	7	98015093	102106057	1564	-0.0383
df99a19a-c11f-4969-a654-74edb515893d	7	102107626	104849503	1439	0.0221
df99a19a-c11f-4969-a654-74edb515893d	7	104849634	107197159	1413	-0.0297
df99a19a-c11f-4969-a654-74edb515893d	7	107197841	127136408	10534	0.0214
df99a19a-c11f-4969-a654-74edb515893d	7	127136421	131555097	2246	-0.0189
df99a19a-c11f-4969-a654-74edb515893d	7	131559075	138105366	4196	0.0242
df99a19a-c11f-4969-a654-74edb515893d	7	138113501	143350457	2568	-0.0194
df99a19a-c11f-4969-a654-74edb515893d	7	143353961	148714730	2933	0.0237
df99a19a-c11f-4969-a654-74edb515893d	7	148718587	152601246	1754	-0.0378
df99a19a-c11f-4969-a654-74edb515893d	7	152605467	158592540	3184	-0.0034
df99a19a-c11f-4969-a654-74edb515893d	8	667625	3016588	894	-0.412
df99a19a-c11f-4969-a654-74edb515893d	8	3039002	3086973	51	0.0129
df99a19a-c11f-4969-a654-74edb515893d	8	3092292	3116267	33	-0.4106
df99a19a-c11f-4969-a654-74edb515893d	8	3118056	3178470	64	-1.0134
df99a19a-c11f-4969-a654-74edb515893d	8	3184839	3335249	144	-0.4067
df99a19a-c11f-4969-a654-74edb515893d	8	3335718	3487184	164	-0.9224
df99a19a-c11f-4969-a654-74edb515893d	8	3487507	3492855	4	-1.9068
df99a19a-c11f-4969-a654-74edb515893d	8	3493495	3630124	142	-0.9011
df99a19a-c11f-4969-a654-74edb515893d	8	3630404	3630522	2	-5.4274
df99a19a-c11f-4969-a654-74edb515893d	8	3630780	3640294	15	-0.9227
df99a19a-c11f-4969-a654-74edb515893d	8	3640712	56919746	29112	-0.3808
df99a19a-c11f-4969-a654-74edb515893d	8	56921399	56921798	2	-4.4344
df99a19a-c11f-4969-a654-74edb515893d	8	56926528	121006310	36814	-0.381
df99a19a-c11f-4969-a654-74edb515893d	8	121018981	121021426	6	-2.1669
df99a19a-c11f-4969-a654-74edb515893d	8	121021475	125120469	2660	-0.3909
df99a19a-c11f-4969-a654-74edb515893d	8	125120574	126091571	693	0.3145
df99a19a-c11f-4969-a654-74edb515893d	8	126091610	126147598	35	-0.3824
df99a19a-c11f-4969-a654-74edb515893d	8	126148297	132306100	4296	0.3148
df99a19a-c11f-4969-a654-74edb515893d	8	132309126	133262775	792	-0.4018
df99a19a-c11f-4969-a654-74edb515893d	8	133269531	134474097	1024	0.3085
df99a19a-c11f-4969-a654-74edb515893d	8	134474939	134664596	196	0.3859
df99a19a-c11f-4969-a654-74edb515893d	8	134666561	134889048	152	-0.3846
df99a19a-c11f-4969-a654-74edb515893d	8	134892598	136149883	942	0.361
df99a19a-c11f-4969-a654-74edb515893d	8	136152398	138745810	1802	-0.384
df99a19a-c11f-4969-a654-74edb515893d	8	138746508	140336886	1284	0.332
df99a19a-c11f-4969-a654-74edb515893d	8	140337560	144182542	706	0.2583
df99a19a-c11f-4969-a654-74edb515893d	9	789794	789932	2	-0.0489
df99a19a-c11f-4969-a654-74edb515893d	9	790037	8350830	4660	0.5188
df99a19a-c11f-4969-a654-74edb515893d	9	8356540	18761370	6589	0.5563
df99a19a-c11f-4969-a654-74edb515893d	9	18762251	28362328	6377	0.5315
df99a19a-c11f-4969-a654-74edb515893d	9	28376007	32879789	2392	0.3178
df99a19a-c11f-4969-a654-74edb515893d	9	32880570	37875470	2860	0.2711
df99a19a-c11f-4969-a654-74edb515893d	9	37881031	69252497	1418	0.304
df99a19a-c11f-4969-a654-74edb515893d	9	69254557	87679659	12785	0.3266
df99a19a-c11f-4969-a654-74edb515893d	9	87684570	98542066	6805	0.2858
df99a19a-c11f-4969-a654-74edb515893d	9	98547988	98550614	2	1.6706
df99a19a-c11f-4969-a654-74edb515893d	9	98551774	107330349	5388	0.3086
df99a19a-c11f-4969-a654-74edb515893d	9	107336287	109988131	2258	0.3712
df99a19a-c11f-4969-a654-74edb515893d	9	109989202	111420210	1056	0.3215
df99a19a-c11f-4969-a654-74edb515893d	9	111421144	115147064	2378	0.2616
df99a19a-c11f-4969-a654-74edb515893d	9	115147230	120527143	4063	0.3105
df99a19a-c11f-4969-a654-74edb515893d	9	120527273	127313393	4117	0.2453
df99a19a-c11f-4969-a654-74edb515893d	9	127313605	132686383	2989	0.215
df99a19a-c11f-4969-a654-74edb515893d	9	132686714	132687195	2	-1.0485
df99a19a-c11f-4969-a654-74edb515893d	9	132691782	133810892	692	0.1982
df99a19a-c11f-4969-a654-74edb515893d	9	133814335	138044505	1576	0.2605
df99a19a-c11f-4969-a654-74edb515893d	10	366509	832955	169	0.7937
df99a19a-c11f-4969-a654-74edb515893d	10	833591	16341932	11486	0.5397
df99a19a-c11f-4969-a654-74edb515893d	10	16341988	18701386	1712	0.0504
df99a19a-c11f-4969-a654-74edb515893d	10	18706434	18804217	80	0.4078
df99a19a-c11f-4969-a654-74edb515893d	10	18808113	19463783	421	0.5068
df99a19a-c11f-4969-a654-74edb515893d	10	19466776	20457124	801	0.3646
df99a19a-c11f-4969-a654-74edb515893d	10	20457271	25671735	3282	0.2742
df99a19a-c11f-4969-a654-74edb515893d	10	25672502	31078644	3783	0.3504
df99a19a-c11f-4969-a654-74edb515893d	10	31078827	38047019	4270	0.1894
df99a19a-c11f-4969-a654-74edb515893d	10	38047683	38770921	223	0.3805
df99a19a-c11f-4969-a654-74edb515893d	10	42450960	43092812	353	0.5686
df99a19a-c11f-4969-a654-74edb515893d	10	43092904	43093583	9	0.1913
df99a19a-c11f-4969-a654-74edb515893d	10	43093826	43469650	244	0.5282
df99a19a-c11f-4969-a654-74edb515893d	10	43471180	45622525	1386	0.3453
df99a19a-c11f-4969-a654-74edb515893d	10	46013136	46041001	15	-0.062
df99a19a-c11f-4969-a654-74edb515893d	10	47084490	47327025	183	-0.9171
df99a19a-c11f-4969-a654-74edb515893d	10	48188464	48521308	235	0.023
df99a19a-c11f-4969-a654-74edb515893d	10	48525216	48687496	136	-0.3918
df99a19a-c11f-4969-a654-74edb515893d	10	48690191	56449696	4219	-0.9533
df99a19a-c11f-4969-a654-74edb515893d	10	56455517	57022564	345	-0.3577
df99a19a-c11f-4969-a654-74edb515893d	10	57023141	57307078	119	-0.2376
df99a19a-c11f-4969-a654-74edb515893d	10	57310605	57312127	2	-2.4057
df99a19a-c11f-4969-a654-74edb515893d	10	57313027	58911917	1098	-0.2728
df99a19a-c11f-4969-a654-74edb515893d	10	58912954	66850251	4978	-0.37
df99a19a-c11f-4969-a654-74edb515893d	10	66853593	69980064	1818	-0.9755
df99a19a-c11f-4969-a654-74edb515893d	10	69984966	70653677	459	-0.3764
df99a19a-c11f-4969-a654-74edb515893d	10	70804124	72914257	1298	-0.9925
df99a19a-c11f-4969-a654-74edb515893d	10	72916360	96309407	14397	-0.3704
df99a19a-c11f-4969-a654-74edb515893d	10	96311092	104037061	4248	-0.4026
df99a19a-c11f-4969-a654-74edb515893d	10	104037205	113118973	6086	-0.3654
df99a19a-c11f-4969-a654-74edb515893d	10	113120583	113287225	121	-0.0107
df99a19a-c11f-4969-a654-74edb515893d	10	113287634	133411599	13130	-0.3724
df99a19a-c11f-4969-a654-74edb515893d	11	456012	4377329	1387	-0.0333
df99a19a-c11f-4969-a654-74edb515893d	11	4377569	10905452	4362	0.0171
df99a19a-c11f-4969-a654-74edb515893d	11	10905765	23769442	9413	0.0424
df99a19a-c11f-4969-a654-74edb515893d	11	23774928	23847713	36	0.4573
df99a19a-c11f-4969-a654-74edb515893d	11	23848745	29368638	3366	0.0622
df99a19a-c11f-4969-a654-74edb515893d	11	29368769	31364093	1237	-0.8959
df99a19a-c11f-4969-a654-74edb515893d	11	31380616	31467372	41	0.0948
df99a19a-c11f-4969-a654-74edb515893d	11	31470525	33280928	1167	-0.9275
df99a19a-c11f-4969-a654-74edb515893d	11	33463183	33842715	281	0.037
df99a19a-c11f-4969-a654-74edb515893d	11	33844020	33880740	29	-0.9774
df99a19a-c11f-4969-a654-74edb515893d	11	33881066	33968611	69	0.0307
df99a19a-c11f-4969-a654-74edb515893d	11	33971608	34029671	37	-1.0044
df99a19a-c11f-4969-a654-74edb515893d	11	34032326	39171692	3079	0.0537
df99a19a-c11f-4969-a654-74edb515893d	11	39171739	48327878	5621	-0.8951
df99a19a-c11f-4969-a654-74edb515893d	11	48327958	49744657	312	-0.7699
df99a19a-c11f-4969-a654-74edb515893d	11	49744972	49748528	8	-0.1362
df99a19a-c11f-4969-a654-74edb515893d	11	49748543	50092125	129	-0.7769
df99a19a-c11f-4969-a654-74edb515893d	11	50096159	61382892	2906	0.0036
df99a19a-c11f-4969-a654-74edb515893d	11	61383879	61888710	215	0.2492
df99a19a-c11f-4969-a654-74edb515893d	11	61890235	64724646	1320	-0.0458
df99a19a-c11f-4969-a654-74edb515893d	11	64734601	66735528	369	0.2417
df99a19a-c11f-4969-a654-74edb515893d	11	66736182	77980486	5427	-0.0185
df99a19a-c11f-4969-a654-74edb515893d	11	77982655	86326654	5296	0.0394
df99a19a-c11f-4969-a654-74edb515893d	11	86326807	91173092	2862	-0.0988
df99a19a-c11f-4969-a654-74edb515893d	11	91173285	116778201	16417	-0.3555
df99a19a-c11f-4969-a654-74edb515893d	11	116780793	130822825	9780	-0.3818
df99a19a-c11f-4969-a654-74edb515893d	11	130824292	130909589	89	0.0595
df99a19a-c11f-4969-a654-74edb515893d	11	130915310	134272740	2156	-0.3442
df99a19a-c11f-4969-a654-74edb515893d	12	780472	1197489	208	1.1978
df99a19a-c11f-4969-a654-74edb515893d	12	1752621	4662265	1952	0.5872
df99a19a-c11f-4969-a654-74edb515893d	12	4662290	7807020	2034	0.0681
df99a19a-c11f-4969-a654-74edb515893d	12	7810165	8653313	230	0.9219
df99a19a-c11f-4969-a654-74edb515893d	12	8658024	11512880	1288	0.0514
df99a19a-c11f-4969-a654-74edb515893d	12	11514090	12161874	601	0.5416
df99a19a-c11f-4969-a654-74edb515893d	12	12162155	12184940	18	0.1732
df99a19a-c11f-4969-a654-74edb515893d	12	12187609	12879853	420	0.0462
df99a19a-c11f-4969-a654-74edb515893d	12	12881051	13253853	79	0.1626
df99a19a-c11f-4969-a654-74edb515893d	12	13255034	13569379	367	0.9283
df99a19a-c11f-4969-a654-74edb515893d	12	13571372	13572164	2	-0.6714
df99a19a-c11f-4969-a654-74edb515893d	12	13576376	13775386	179	0.966
df99a19a-c11f-4969-a654-74edb515893d	12	13776300	19134918	3202	0.6153
df99a19a-c11f-4969-a654-74edb515893d	12	19140751	19605938	189	0.0752
df99a19a-c11f-4969-a654-74edb515893d	12	19607714	21319131	1079	0.1304
df99a19a-c11f-4969-a654-74edb515893d	12	21319320	23924414	1740	0.0543
df99a19a-c11f-4969-a654-74edb515893d	12	23930465	23970728	28	-0.315
df99a19a-c11f-4969-a654-74edb515893d	12	23971811	25122730	643	0.3475
df99a19a-c11f-4969-a654-74edb515893d	12	25126340	25133024	6	0.9201
df99a19a-c11f-4969-a654-74edb515893d	12	25133808	25210093	50	0.2912
df99a19a-c11f-4969-a654-74edb515893d	12	25213573	68890488	22494	-0.3407
df99a19a-c11f-4969-a654-74edb515893d	12	68890550	91649672	13433	-0.3195
df99a19a-c11f-4969-a654-74edb515893d	12	91650889	119708883	17923	-0.3426
df99a19a-c11f-4969-a654-74edb515893d	12	119709012	122230988	1186	-0.399
df99a19a-c11f-4969-a654-74edb515893d	12	122231521	123284802	408	-0.006
df99a19a-c11f-4969-a654-74edb515893d	12	123290580	125623169	1350	-0.3455
df99a19a-c11f-4969-a654-74edb515893d	12	125626272	125649613	22	-0.9205
df99a19a-c11f-4969-a654-74edb515893d	12	125650649	132605822	3076	-0.3346
df99a19a-c11f-4969-a654-74edb515893d	13	18874255	20536973	508	0.3356
df99a19a-c11f-4969-a654-74edb515893d	13	20538331	20553525	15	-0.4882
df99a19a-c11f-4969-a654-74edb515893d	13	20575580	20575851	3	0.8167
df99a19a-c11f-4969-a654-74edb515893d	13	20577421	20951522	194	-0.3493
df99a19a-c11f-4969-a654-74edb515893d	13	20952078	23445207	1661	0.5422
df99a19a-c11f-4969-a654-74edb515893d	13	23447557	23541791	74	-0.3701
df99a19a-c11f-4969-a654-74edb515893d	13	24003455	27045825	2045	0.5366
df99a19a-c11f-4969-a654-74edb515893d	13	27048026	28333203	885	0.4833
df99a19a-c11f-4969-a654-74edb515893d	13	28333953	32692147	3032	0.5509
df99a19a-c11f-4969-a654-74edb515893d	13	32694376	33498061	573	0.0051
df99a19a-c11f-4969-a654-74edb515893d	13	33504514	36912084	2326	0.7732
df99a19a-c11f-4969-a654-74edb515893d	13	36916086	47013498	6515	0.0013
df99a19a-c11f-4969-a654-74edb515893d	13	47015219	47461845	343	-2.0706
df99a19a-c11f-4969-a654-74edb515893d	13	47463205	48229591	457	-0.3772
df99a19a-c11f-4969-a654-74edb515893d	13	48232374	48737943	448	-1.8606
df99a19a-c11f-4969-a654-74edb515893d	13	48738481	108962849	34816	-0.0129
df99a19a-c11f-4969-a654-74edb515893d	13	108967476	109142586	109	-2.1425
df99a19a-c11f-4969-a654-74edb515893d	13	109143859	114226675	2881	-0.3802
df99a19a-c11f-4969-a654-74edb515893d	14	20033191	24597388	1771	-0.007
df99a19a-c11f-4969-a654-74edb515893d	14	24598367	57355498	18575	0.0325
df99a19a-c11f-4969-a654-74edb515893d	14	57355637	57357655	2	-1.8588
df99a19a-c11f-4969-a654-74edb515893d	14	57357899	63254700	3649	0.0241
df99a19a-c11f-4969-a654-74edb515893d	14	63256540	70216774	4043	0.0025
df99a19a-c11f-4969-a654-74edb515893d	14	70221210	70222240	2	-1.352
df99a19a-c11f-4969-a654-74edb515893d	14	70224160	77843759	4650	-0.0062
df99a19a-c11f-4969-a654-74edb515893d	14	77845396	88309238	6866	0.0505
df99a19a-c11f-4969-a654-74edb515893d	14	88310096	105533894	10152	-0.0079
df99a19a-c11f-4969-a654-74edb515893d	15	23437561	25174845	816	-0.0123
df99a19a-c11f-4969-a654-74edb515893d	15	25188765	34916423	4090	-0.3865
df99a19a-c11f-4969-a654-74edb515893d	15	34922943	40748568	3830	-0.2832
df99a19a-c11f-4969-a654-74edb515893d	15	40751521	42155051	651	-0.3459
df99a19a-c11f-4969-a654-74edb515893d	15	42155745	45559253	1396	0.0245
df99a19a-c11f-4969-a654-74edb515893d	15	45561908	49126314	2375	0.1044
df99a19a-c11f-4969-a654-74edb515893d	15	49138274	62417961	8766	0.0701
df99a19a-c11f-4969-a654-74edb515893d	15	62421917	63229106	670	0.1071
df99a19a-c11f-4969-a654-74edb515893d	15	63232726	73168085	5847	0.0507
df99a19a-c11f-4969-a654-74edb515893d	15	73173626	73626039	218	-0.8512
df99a19a-c11f-4969-a654-74edb515893d	15	73629655	83755494	5485	0.0574
df99a19a-c11f-4969-a654-74edb515893d	15	83762215	85595629	606	0.5335
df99a19a-c11f-4969-a654-74edb515893d	15	85597235	85859596	186	0.3114
df99a19a-c11f-4969-a654-74edb515893d	15	85859802	89604356	2608	0.3638
df99a19a-c11f-4969-a654-74edb515893d	15	89606384	90468030	432	0.2785
df99a19a-c11f-4969-a654-74edb515893d	15	90471437	95034173	2828	0.5605
df99a19a-c11f-4969-a654-74edb515893d	15	95035062	98201076	2251	0.7548
df99a19a-c11f-4969-a654-74edb515893d	15	98201319	101344124	1670	0.5658
df99a19a-c11f-4969-a654-74edb515893d	16	603333	4947322	1603	-0.0348
df99a19a-c11f-4969-a654-74edb515893d	16	4949984	20969840	7833	0.0163
df99a19a-c11f-4969-a654-74edb515893d	16	20969856	31841585	4586	-0.0166
df99a19a-c11f-4969-a654-74edb515893d	16	46470502	50463091	2222	-0.3904
df99a19a-c11f-4969-a654-74edb515893d	16	50464889	51614396	821	0.0093
df99a19a-c11f-4969-a654-74edb515893d	16	51621168	53955066	1753	-0.3916
df99a19a-c11f-4969-a654-74edb515893d	16	53957443	53958347	2	-1.976
df99a19a-c11f-4969-a654-74edb515893d	16	53958792	56726527	2046	-0.3824
df99a19a-c11f-4969-a654-74edb515893d	16	56727061	56727296	2	-1.972
df99a19a-c11f-4969-a654-74edb515893d	16	56733371	62105571	3271	-0.3826
df99a19a-c11f-4969-a654-74edb515893d	16	62110652	66577446	3090	0.0332
df99a19a-c11f-4969-a654-74edb515893d	16	66581930	72175541	2314	-0.0419
df99a19a-c11f-4969-a654-74edb515893d	16	72175620	88459366	11586	0.0009
df99a19a-c11f-4969-a654-74edb515893d	16	88459423	88459876	2	1.6848
df99a19a-c11f-4969-a654-74edb515893d	16	89234014	89317317	36	-0.0631
df99a19a-c11f-4969-a654-74edb515893d	17	1074619	7653699	3190	-0.4381
df99a19a-c11f-4969-a654-74edb515893d	17	7657183	7718146	21	-2.166
df99a19a-c11f-4969-a654-74edb515893d	17	7724147	9703895	1156	-0.0846
df99a19a-c11f-4969-a654-74edb515893d	17	9708011	9713954	3	-0.9516
df99a19a-c11f-4969-a654-74edb515893d	17	9715066	9837768	121	-2.6709
df99a19a-c11f-4969-a654-74edb515893d	17	9837923	10468944	379	-0.0416
df99a19a-c11f-4969-a654-74edb515893d	17	10473827	10638198	92	-1.8416
df99a19a-c11f-4969-a654-74edb515893d	17	10638424	12916153	1647	-0.3152
df99a19a-c11f-4969-a654-74edb515893d	17	12924845	16937892	1382	-0.2527
df99a19a-c11f-4969-a654-74edb515893d	17	16945436	16952296	8	0.1139
df99a19a-c11f-4969-a654-74edb515893d	17	16953103	17307260	203	0.724
df99a19a-c11f-4969-a654-74edb515893d	17	17311595	20554187	1205	0.3295
df99a19a-c11f-4969-a654-74edb515893d	17	20559423	21774057	314	0.7942
df99a19a-c11f-4969-a654-74edb515893d	17	26943491	27789247	401	-0.2619
df99a19a-c11f-4969-a654-74edb515893d	17	27789822	35801520	3600	-0.3844
df99a19a-c11f-4969-a654-74edb515893d	17	35802116	35811850	9	-0.0601
df99a19a-c11f-4969-a654-74edb515893d	17	35812214	35930065	60	-0.3217
df99a19a-c11f-4969-a654-74edb515893d	17	35930233	36032936	75	-0.0993
df99a19a-c11f-4969-a654-74edb515893d	17	36033139	36037728	4	0.3535
df99a19a-c11f-4969-a654-74edb515893d	17	36038072	36567250	26	-0.0572
df99a19a-c11f-4969-a654-74edb515893d	17	36575991	36816800	199	0.4489
df99a19a-c11f-4969-a654-74edb515893d	17	36817647	36886113	50	-0.4211
df99a19a-c11f-4969-a654-74edb515893d	17	36888895	36926341	34	0.3825
df99a19a-c11f-4969-a654-74edb515893d	17	36926839	51586637	6130	0.2513
df99a19a-c11f-4969-a654-74edb515893d	17	51587600	55328566	2312	0.3376
df99a19a-c11f-4969-a654-74edb515893d	17	55329485	56667138	1051	-0.3668
df99a19a-c11f-4969-a654-74edb515893d	17	56667978	68739926	6378	-0.4187
df99a19a-c11f-4969-a654-74edb515893d	17	68740098	71152486	1712	-0.37
df99a19a-c11f-4969-a654-74edb515893d	17	71153386	71703914	427	0.3462
df99a19a-c11f-4969-a654-74edb515893d	17	71706756	74970359	1732	0.5466
df99a19a-c11f-4969-a654-74edb515893d	17	74974925	79085068	1816	0.4736
df99a19a-c11f-4969-a654-74edb515893d	17	79088192	82959812	1483	-0.0631
df99a19a-c11f-4969-a654-74edb515893d	18	326691	367725	45	0.5304
df99a19a-c11f-4969-a654-74edb515893d	18	891647	11999166	6925	0.0469
df99a19a-c11f-4969-a654-74edb515893d	18	11999327	11999334	2	-1.6259
df99a19a-c11f-4969-a654-74edb515893d	18	12001708	12058282	48	0.0227
df99a19a-c11f-4969-a654-74edb515893d	18	12060728	12069674	3	-0.7392
df99a19a-c11f-4969-a654-74edb515893d	18	12070387	13386036	677	0.0038
df99a19a-c11f-4969-a654-74edb515893d	18	13387627	13387738	2	-1.0492
df99a19a-c11f-4969-a654-74edb515893d	18	13389228	14503955	511	0.0266
df99a19a-c11f-4969-a654-74edb515893d	18	14528915	24449415	1829	0.5463
df99a19a-c11f-4969-a654-74edb515893d	18	24449611	79349796	32810	-0.3733
df99a19a-c11f-4969-a654-74edb515893d	19	283868	1107161	157	0.5426
df99a19a-c11f-4969-a654-74edb515893d	19	1118034	1170990	13	-0.241
df99a19a-c11f-4969-a654-74edb515893d	19	1171151	1228278	12	0.149
df99a19a-c11f-4969-a654-74edb515893d	19	1271275	1728268	106	-0.2795
df99a19a-c11f-4969-a654-74edb515893d	19	1728502	2166995	84	0.2146
df99a19a-c11f-4969-a654-74edb515893d	19	2167360	3794207	481	-0.2677
df99a19a-c11f-4969-a654-74edb515893d	19	3795705	4232029	105	0.2563
df99a19a-c11f-4969-a654-74edb515893d	19	4241203	4783686	81	-0.2045
df99a19a-c11f-4969-a654-74edb515893d	19	4805732	5606709	353	0.2593
df99a19a-c11f-4969-a654-74edb515893d	19	5607677	7300044	676	0.4526
df99a19a-c11f-4969-a654-74edb515893d	19	7332094	9132110	825	0.2047
df99a19a-c11f-4969-a654-74edb515893d	19	9134492	10451476	620	0.2975
df99a19a-c11f-4969-a654-74edb515893d	19	10461930	11112584	280	0.1854
df99a19a-c11f-4969-a654-74edb515893d	19	11115152	12627450	662	0.0846
df99a19a-c11f-4969-a654-74edb515893d	19	12627853	12853365	83	0.3272
df99a19a-c11f-4969-a654-74edb515893d	19	12854882	14403481	608	0.9911
df99a19a-c11f-4969-a654-74edb515893d	19	14408494	15321340	583	0.1549
df99a19a-c11f-4969-a654-74edb515893d	19	15321441	19578652	1904	0.2658
df99a19a-c11f-4969-a654-74edb515893d	19	19578665	21615719	386	0.4038
df99a19a-c11f-4969-a654-74edb515893d	19	21615751	22043639	205	0.3009
df99a19a-c11f-4969-a654-74edb515893d	19	22046519	23872082	828	0.0702
df99a19a-c11f-4969-a654-74edb515893d	19	27749470	29938581	1710	0.5808
df99a19a-c11f-4969-a654-74edb515893d	19	29942076	29945513	2	-0.9497
df99a19a-c11f-4969-a654-74edb515893d	19	29951307	30793899	573	0.5518
df99a19a-c11f-4969-a654-74edb515893d	19	30797211	30797633	2	1.575
df99a19a-c11f-4969-a654-74edb515893d	19	30799692	30869808	66	0.493
df99a19a-c11f-4969-a654-74edb515893d	19	30871689	31679492	608	0.028
df99a19a-c11f-4969-a654-74edb515893d	19	31679667	32226440	378	0.2742
df99a19a-c11f-4969-a654-74edb515893d	19	32228742	33686864	871	0.1858
df99a19a-c11f-4969-a654-74edb515893d	19	33687576	33836904	110	0.2789
df99a19a-c11f-4969-a654-74edb515893d	19	33839678	33884937	41	0.1007
df99a19a-c11f-4969-a654-74edb515893d	19	33887081	37995552	2184	-0.1574
df99a19a-c11f-4969-a654-74edb515893d	19	37997001	39115242	531	-0.0788
df99a19a-c11f-4969-a654-74edb515893d	19	39117513	39852327	365	-0.0025
df99a19a-c11f-4969-a654-74edb515893d	19	39853772	56528956	6619	-0.1099
df99a19a-c11f-4969-a654-74edb515893d	19	56529295	57184988	404	0.1399
df99a19a-c11f-4969-a654-74edb515893d	19	57185017	58370362	608	0.0165
df99a19a-c11f-4969-a654-74edb515893d	20	472817	5780959	3119	-0.3008
df99a19a-c11f-4969-a654-74edb515893d	20	5781088	18734442	8924	-0.2468
df99a19a-c11f-4969-a654-74edb515893d	20	18734563	20352422	1411	-0.0952
df99a19a-c11f-4969-a654-74edb515893d	20	20352774	21455343	687	-0.2477
df99a19a-c11f-4969-a654-74edb515893d	20	21456154	22262170	462	-0.1011
df99a19a-c11f-4969-a654-74edb515893d	20	22262283	22263375	2	-1.4298
df99a19a-c11f-4969-a654-74edb515893d	20	22268229	25881642	2218	-0.1216
df99a19a-c11f-4969-a654-74edb515893d	20	25881914	26217295	105	0.1707
df99a19a-c11f-4969-a654-74edb515893d	20	31247668	31259815	9	-0.1527
df99a19a-c11f-4969-a654-74edb515893d	20	31262783	37093952	2806	-0.3009
df99a19a-c11f-4969-a654-74edb515893d	20	37094427	41008023	2613	-0.3836
df99a19a-c11f-4969-a654-74edb515893d	20	41008478	41162364	68	-0.3378
df99a19a-c11f-4969-a654-74edb515893d	20	41168825	41331702	51	-0.0231
df99a19a-c11f-4969-a654-74edb515893d	20	41331931	43329494	1457	0.0341
df99a19a-c11f-4969-a654-74edb515893d	20	43332844	43771197	254	0.6648
df99a19a-c11f-4969-a654-74edb515893d	20	43774461	43952279	119	0.8131
df99a19a-c11f-4969-a654-74edb515893d	20	43952800	48040082	2696	-0.0162
df99a19a-c11f-4969-a654-74edb515893d	20	48040900	48041172	2	-1.7811
df99a19a-c11f-4969-a654-74edb515893d	20	48042672	49129250	794	-0.006
df99a19a-c11f-4969-a654-74edb515893d	20	49131079	52209807	1856	0.5258
df99a19a-c11f-4969-a654-74edb515893d	20	52209891	55680484	2512	0.325
df99a19a-c11f-4969-a654-74edb515893d	20	55680786	55729234	39	0.6168
df99a19a-c11f-4969-a654-74edb515893d	20	55731107	59640217	2907	0.3128
df99a19a-c11f-4969-a654-74edb515893d	20	59640701	62442999	2017	0.0139
df99a19a-c11f-4969-a654-74edb515893d	20	62443209	62683650	84	-0.0501
df99a19a-c11f-4969-a654-74edb515893d	20	62683769	62686291	4	-0.6652
df99a19a-c11f-4969-a654-74edb515893d	20	62690502	63427378	249	-0.0537
df99a19a-c11f-4969-a654-74edb515893d	20	63435421	63588502	45	-0.439
df99a19a-c11f-4969-a654-74edb515893d	21	13974127	22358323	5434	0.0764
df99a19a-c11f-4969-a654-74edb515893d	21	22358849	32472696	6443	0.3691
df99a19a-c11f-4969-a654-74edb515893d	21	32473821	37217089	3002	0.3315
df99a19a-c11f-4969-a654-74edb515893d	21	37217431	37596384	228	0.526
df99a19a-c11f-4969-a654-74edb515893d	21	37597731	40073407	1993	0.0622
df99a19a-c11f-4969-a654-74edb515893d	21	40074084	42099575	1700	0.3596
df99a19a-c11f-4969-a654-74edb515893d	21	42102088	44301189	984	-0.3722
df99a19a-c11f-4969-a654-74edb515893d	21	44301477	46262057	784	-0.8942
df99a19a-c11f-4969-a654-74edb515893d	22	16934932	35940951	9260	0.0173
df99a19a-c11f-4969-a654-74edb515893d	22	35941917	47291643	6440	-0.0179
df99a19a-c11f-4969-a654-74edb515893d	22	47296458	48940621	1369	0.0092
df99a19a-c11f-4969-a654-74edb515893d	X	3236359	4572491	258	-0.6968
df99a19a-c11f-4969-a654-74edb515893d	X	4574312	15112822	4502	-0.0207
df99a19a-c11f-4969-a654-74edb515893d	X	15612897	20071702	1958	0.4517
df99a19a-c11f-4969-a654-74edb515893d	X	20073495	155677414	56612	-0.0107
