GDC_Aliquot	Chromosome	Start	End	Num_Probes	Segment_Mean
ec841cbe-4820-4d18-87e7-e64416d0d3fb	1	3301765	7848841	2940	0.2724
ec841cbe-4820-4d18-87e7-e64416d0d3fb	1	7854594	13931329	2757	0.2327
ec841cbe-4820-4d18-87e7-e64416d0d3fb	1	13933725	15407805	1184	0.2814
ec841cbe-4820-4d18-87e7-e64416d0d3fb	1	15407891	15547820	62	-0.2863
ec841cbe-4820-4d18-87e7-e64416d0d3fb	1	15551554	20466522	2776	0.2596
ec841cbe-4820-4d18-87e7-e64416d0d3fb	1	20468624	40363956	10115	0.2347
ec841cbe-4820-4d18-87e7-e64416d0d3fb	1	40371809	40408332	5	1.077
ec841cbe-4820-4d18-87e7-e64416d0d3fb	1	40410612	41364321	498	0.2316
ec841cbe-4820-4d18-87e7-e64416d0d3fb	1	41365165	42047679	514	0.3057
ec841cbe-4820-4d18-87e7-e64416d0d3fb	1	42050234	47517611	2784	0.2207
ec841cbe-4820-4d18-87e7-e64416d0d3fb	1	47517741	48851986	952	0.2784
ec841cbe-4820-4d18-87e7-e64416d0d3fb	1	48853495	53064030	1831	0.2179
ec841cbe-4820-4d18-87e7-e64416d0d3fb	1	53064102	61670450	6237	0.2675
ec841cbe-4820-4d18-87e7-e64416d0d3fb	1	61673182	62655165	625	0.2034
ec841cbe-4820-4d18-87e7-e64416d0d3fb	1	62655391	112379879	30071	0.2709
ec841cbe-4820-4d18-87e7-e64416d0d3fb	1	112380325	115000422	1461	0.2284
ec841cbe-4820-4d18-87e7-e64416d0d3fb	1	115002265	119391420	2797	0.2687
ec841cbe-4820-4d18-87e7-e64416d0d3fb	1	119392438	119981279	393	0.6146
ec841cbe-4820-4d18-87e7-e64416d0d3fb	1	119981332	156003573	2846	0.2193
ec841cbe-4820-4d18-87e7-e64416d0d3fb	1	156009242	156302028	126	-0.2776
ec841cbe-4820-4d18-87e7-e64416d0d3fb	1	156303270	156379982	38	0.2468
ec841cbe-4820-4d18-87e7-e64416d0d3fb	1	156381275	164691467	5442	-0.2738
ec841cbe-4820-4d18-87e7-e64416d0d3fb	1	164691584	164695550	2	-2.7475
ec841cbe-4820-4d18-87e7-e64416d0d3fb	1	164696037	169567500	3745	-0.2556
ec841cbe-4820-4d18-87e7-e64416d0d3fb	1	169569604	179101199	5653	0.5642
ec841cbe-4820-4d18-87e7-e64416d0d3fb	1	179104265	179426300	319	0.4634
ec841cbe-4820-4d18-87e7-e64416d0d3fb	1	179428118	190218764	6776	0.5571
ec841cbe-4820-4d18-87e7-e64416d0d3fb	1	190221009	190274588	30	1.1479
ec841cbe-4820-4d18-87e7-e64416d0d3fb	1	190283296	190580103	172	0.5764
ec841cbe-4820-4d18-87e7-e64416d0d3fb	1	190580370	192473069	1039	1.0901
ec841cbe-4820-4d18-87e7-e64416d0d3fb	1	192476343	192589376	90	-0.4104
ec841cbe-4820-4d18-87e7-e64416d0d3fb	1	192592049	193305899	543	0.4746
ec841cbe-4820-4d18-87e7-e64416d0d3fb	1	193306363	199870870	3709	0.519
ec841cbe-4820-4d18-87e7-e64416d0d3fb	1	199871032	203993770	2626	0.486
ec841cbe-4820-4d18-87e7-e64416d0d3fb	1	203995526	204174474	125	-0.3664
ec841cbe-4820-4d18-87e7-e64416d0d3fb	1	204174999	211720313	5196	0.5
ec841cbe-4820-4d18-87e7-e64416d0d3fb	1	211726925	247650984	22997	-0.409
ec841cbe-4820-4d18-87e7-e64416d0d3fb	2	480597	11331620	6813	0.0645
ec841cbe-4820-4d18-87e7-e64416d0d3fb	2	11332411	84588560	42329	0.2327
ec841cbe-4820-4d18-87e7-e64416d0d3fb	2	84588624	85125496	293	0.4094
ec841cbe-4820-4d18-87e7-e64416d0d3fb	2	85129583	85224126	60	0.5727
ec841cbe-4820-4d18-87e7-e64416d0d3fb	2	85229488	85237688	3	-0.0909
ec841cbe-4820-4d18-87e7-e64416d0d3fb	2	85240879	85308909	63	0.5361
ec841cbe-4820-4d18-87e7-e64416d0d3fb	2	85310473	85654111	161	0.4361
ec841cbe-4820-4d18-87e7-e64416d0d3fb	2	85654341	85916364	181	0.5775
ec841cbe-4820-4d18-87e7-e64416d0d3fb	2	85918664	86443441	204	0.442
ec841cbe-4820-4d18-87e7-e64416d0d3fb	2	86444085	88331751	353	0.2261
ec841cbe-4820-4d18-87e7-e64416d0d3fb	2	88334644	88762542	189	0.0211
ec841cbe-4820-4d18-87e7-e64416d0d3fb	2	88762979	111741134	8418	-0.2606
ec841cbe-4820-4d18-87e7-e64416d0d3fb	2	111742015	111835641	12	0.25
ec841cbe-4820-4d18-87e7-e64416d0d3fb	2	111840846	139888589	14113	-0.2646
ec841cbe-4820-4d18-87e7-e64416d0d3fb	2	139889394	139926142	33	0.6936
ec841cbe-4820-4d18-87e7-e64416d0d3fb	2	139936396	139942582	7	-0.2008
ec841cbe-4820-4d18-87e7-e64416d0d3fb	2	139943682	139951573	11	0.5494
ec841cbe-4820-4d18-87e7-e64416d0d3fb	2	140024987	140173720	91	-0.2538
ec841cbe-4820-4d18-87e7-e64416d0d3fb	2	140173783	141215800	646	0.6323
ec841cbe-4820-4d18-87e7-e64416d0d3fb	2	141217853	141233966	11	-0.3679
ec841cbe-4820-4d18-87e7-e64416d0d3fb	2	141236896	141297564	40	0.6159
ec841cbe-4820-4d18-87e7-e64416d0d3fb	2	141303228	141314118	9	0.0478
ec841cbe-4820-4d18-87e7-e64416d0d3fb	2	141317165	141745377	336	-0.2596
ec841cbe-4820-4d18-87e7-e64416d0d3fb	2	141746933	141799561	52	0.6188
ec841cbe-4820-4d18-87e7-e64416d0d3fb	2	141800284	141803650	5	-0.23
ec841cbe-4820-4d18-87e7-e64416d0d3fb	2	141804795	142795762	614	0.6433
ec841cbe-4820-4d18-87e7-e64416d0d3fb	2	142797856	142798286	4	-0.2036
ec841cbe-4820-4d18-87e7-e64416d0d3fb	2	142803164	142820503	17	0.6163
ec841cbe-4820-4d18-87e7-e64416d0d3fb	2	142822747	143197958	224	-0.2825
ec841cbe-4820-4d18-87e7-e64416d0d3fb	2	143205575	143208662	4	0.7117
ec841cbe-4820-4d18-87e7-e64416d0d3fb	2	143208880	143219110	12	-0.2728
ec841cbe-4820-4d18-87e7-e64416d0d3fb	2	143219471	144660508	802	0.6483
ec841cbe-4820-4d18-87e7-e64416d0d3fb	2	144664829	144671745	3	-0.1995
ec841cbe-4820-4d18-87e7-e64416d0d3fb	2	144678817	144701956	15	0.6104
ec841cbe-4820-4d18-87e7-e64416d0d3fb	2	144705424	144959333	119	-0.2725
ec841cbe-4820-4d18-87e7-e64416d0d3fb	2	144960650	146777966	962	0.6462
ec841cbe-4820-4d18-87e7-e64416d0d3fb	2	146783459	146825038	16	-0.1611
ec841cbe-4820-4d18-87e7-e64416d0d3fb	2	146828960	146868026	23	0.7122
ec841cbe-4820-4d18-87e7-e64416d0d3fb	2	146876658	147254629	182	-0.2351
ec841cbe-4820-4d18-87e7-e64416d0d3fb	2	147261245	147309435	19	0.5691
ec841cbe-4820-4d18-87e7-e64416d0d3fb	2	147330158	147353776	19	-0.2186
ec841cbe-4820-4d18-87e7-e64416d0d3fb	2	147355304	148184514	447	0.6202
ec841cbe-4820-4d18-87e7-e64416d0d3fb	2	148197222	148205374	8	0.3294
ec841cbe-4820-4d18-87e7-e64416d0d3fb	2	148206257	148985462	364	-0.2555
ec841cbe-4820-4d18-87e7-e64416d0d3fb	2	148988394	148999086	10	0.6498
ec841cbe-4820-4d18-87e7-e64416d0d3fb	2	149003226	149014863	6	-0.1885
ec841cbe-4820-4d18-87e7-e64416d0d3fb	2	149018438	149145710	99	0.6672
ec841cbe-4820-4d18-87e7-e64416d0d3fb	2	149146928	149159872	19	-0.1346
ec841cbe-4820-4d18-87e7-e64416d0d3fb	2	149161685	149179068	12	0.5934
ec841cbe-4820-4d18-87e7-e64416d0d3fb	2	149182373	149514430	193	-0.2579
ec841cbe-4820-4d18-87e7-e64416d0d3fb	2	149515541	149537525	14	0.4094
ec841cbe-4820-4d18-87e7-e64416d0d3fb	2	149540704	149556956	13	-0.3114
ec841cbe-4820-4d18-87e7-e64416d0d3fb	2	149564274	149753407	124	0.6258
ec841cbe-4820-4d18-87e7-e64416d0d3fb	2	149755179	149785916	23	-0.2881
ec841cbe-4820-4d18-87e7-e64416d0d3fb	2	149795364	149877421	89	0.5578
ec841cbe-4820-4d18-87e7-e64416d0d3fb	2	149877896	149886370	9	-0.2535
ec841cbe-4820-4d18-87e7-e64416d0d3fb	2	149889369	150057421	113	0.698
ec841cbe-4820-4d18-87e7-e64416d0d3fb	2	150063480	150499012	267	-0.278
ec841cbe-4820-4d18-87e7-e64416d0d3fb	2	150503569	150564010	42	0.5478
ec841cbe-4820-4d18-87e7-e64416d0d3fb	2	150570419	150573455	5	-0.2412
ec841cbe-4820-4d18-87e7-e64416d0d3fb	2	150583229	151215874	496	0.6469
ec841cbe-4820-4d18-87e7-e64416d0d3fb	2	151218314	154490732	2021	-0.2717
ec841cbe-4820-4d18-87e7-e64416d0d3fb	2	154491464	154552037	38	0.5971
ec841cbe-4820-4d18-87e7-e64416d0d3fb	2	154552894	154564122	8	-0.428
ec841cbe-4820-4d18-87e7-e64416d0d3fb	2	154568072	154599521	12	0.4334
ec841cbe-4820-4d18-87e7-e64416d0d3fb	2	154600456	155973023	730	-0.2677
ec841cbe-4820-4d18-87e7-e64416d0d3fb	2	155976565	155993857	8	0.1303
ec841cbe-4820-4d18-87e7-e64416d0d3fb	2	155999745	156058173	39	0.6561
ec841cbe-4820-4d18-87e7-e64416d0d3fb	2	156060013	165910843	5541	-0.2555
ec841cbe-4820-4d18-87e7-e64416d0d3fb	2	165920565	165925059	5	-3.8364
ec841cbe-4820-4d18-87e7-e64416d0d3fb	2	165932110	177899184	7583	-0.2508
ec841cbe-4820-4d18-87e7-e64416d0d3fb	2	177903230	177903956	3	1.2549
ec841cbe-4820-4d18-87e7-e64416d0d3fb	2	177905574	186190715	4307	-0.2553
ec841cbe-4820-4d18-87e7-e64416d0d3fb	2	186193553	186675378	266	0.6456
ec841cbe-4820-4d18-87e7-e64416d0d3fb	2	186675505	187316069	286	-0.2451
ec841cbe-4820-4d18-87e7-e64416d0d3fb	2	187318072	187331742	11	0.558
ec841cbe-4820-4d18-87e7-e64416d0d3fb	2	187335144	187338784	5	-0.1794
ec841cbe-4820-4d18-87e7-e64416d0d3fb	2	187346318	187541918	108	0.6353
ec841cbe-4820-4d18-87e7-e64416d0d3fb	2	187546465	187555511	6	-0.0268
ec841cbe-4820-4d18-87e7-e64416d0d3fb	2	187567108	187708123	95	0.6605
ec841cbe-4820-4d18-87e7-e64416d0d3fb	2	187710496	188854282	442	-0.2407
ec841cbe-4820-4d18-87e7-e64416d0d3fb	2	188859096	188997909	88	-0.0278
ec841cbe-4820-4d18-87e7-e64416d0d3fb	2	189000931	191437063	1440	-0.2558
ec841cbe-4820-4d18-87e7-e64416d0d3fb	2	191439656	192089594	384	0.6463
ec841cbe-4820-4d18-87e7-e64416d0d3fb	2	192090779	192107803	12	0.0839
ec841cbe-4820-4d18-87e7-e64416d0d3fb	2	192109124	192750024	299	-1.06
ec841cbe-4820-4d18-87e7-e64416d0d3fb	2	192753618	192780644	21	-0.3296
ec841cbe-4820-4d18-87e7-e64416d0d3fb	2	192781791	194837122	728	-1.0558
ec841cbe-4820-4d18-87e7-e64416d0d3fb	2	194837153	195847614	269	-0.2305
ec841cbe-4820-4d18-87e7-e64416d0d3fb	2	195848617	196360836	336	-1.0897
ec841cbe-4820-4d18-87e7-e64416d0d3fb	2	196362829	199860003	1954	0.2407
ec841cbe-4820-4d18-87e7-e64416d0d3fb	2	199866894	199867048	2	-1.214
ec841cbe-4820-4d18-87e7-e64416d0d3fb	2	199881503	199947160	35	0.2581
ec841cbe-4820-4d18-87e7-e64416d0d3fb	2	199947479	200525889	399	-1.0983
ec841cbe-4820-4d18-87e7-e64416d0d3fb	2	200528408	200536602	5	-0.1337
ec841cbe-4820-4d18-87e7-e64416d0d3fb	2	200536708	200561425	8	-0.992
ec841cbe-4820-4d18-87e7-e64416d0d3fb	2	200561880	200607766	39	0.2597
ec841cbe-4820-4d18-87e7-e64416d0d3fb	2	200609649	200613073	4	-1.3853
ec841cbe-4820-4d18-87e7-e64416d0d3fb	2	200618365	200687859	61	0.2959
ec841cbe-4820-4d18-87e7-e64416d0d3fb	2	200690529	200710112	17	-1.0294
ec841cbe-4820-4d18-87e7-e64416d0d3fb	2	200711412	200771721	63	0.2622
ec841cbe-4820-4d18-87e7-e64416d0d3fb	2	200774964	200789930	15	-1.0819
ec841cbe-4820-4d18-87e7-e64416d0d3fb	2	200791734	200944981	62	0.22
ec841cbe-4820-4d18-87e7-e64416d0d3fb	2	200946864	200959944	8	-0.7651
ec841cbe-4820-4d18-87e7-e64416d0d3fb	2	200973550	201013829	15	0.1728
ec841cbe-4820-4d18-87e7-e64416d0d3fb	2	201015790	201275526	113	-0.9714
ec841cbe-4820-4d18-87e7-e64416d0d3fb	2	201289123	201305866	9	0.3261
ec841cbe-4820-4d18-87e7-e64416d0d3fb	2	201307163	201314035	4	-1.387
ec841cbe-4820-4d18-87e7-e64416d0d3fb	2	201320439	201427572	46	0.2465
ec841cbe-4820-4d18-87e7-e64416d0d3fb	2	201432189	201436388	6	-0.9667
ec841cbe-4820-4d18-87e7-e64416d0d3fb	2	201439317	201441663	4	0.4503
ec841cbe-4820-4d18-87e7-e64416d0d3fb	2	201456362	202178596	415	-1.0894
ec841cbe-4820-4d18-87e7-e64416d0d3fb	2	202180310	202220492	22	0.2361
ec841cbe-4820-4d18-87e7-e64416d0d3fb	2	202225583	202628978	151	-1.0462
ec841cbe-4820-4d18-87e7-e64416d0d3fb	2	202632184	202646848	9	0.1458
ec841cbe-4820-4d18-87e7-e64416d0d3fb	2	202647307	202852207	27	-0.9311
ec841cbe-4820-4d18-87e7-e64416d0d3fb	2	202858276	202951374	26	0.1273
ec841cbe-4820-4d18-87e7-e64416d0d3fb	2	202958401	203857365	436	-1.07
ec841cbe-4820-4d18-87e7-e64416d0d3fb	2	203862899	204197277	226	0.2796
ec841cbe-4820-4d18-87e7-e64416d0d3fb	2	204197910	204292124	81	-1.1549
ec841cbe-4820-4d18-87e7-e64416d0d3fb	2	204293396	204332234	37	0.2884
ec841cbe-4820-4d18-87e7-e64416d0d3fb	2	204335286	204356201	18	-1.181
ec841cbe-4820-4d18-87e7-e64416d0d3fb	2	204359831	204679354	203	0.2597
ec841cbe-4820-4d18-87e7-e64416d0d3fb	2	204682955	222226060	10824	-1.1054
ec841cbe-4820-4d18-87e7-e64416d0d3fb	2	222229770	229391870	4574	-0.2414
ec841cbe-4820-4d18-87e7-e64416d0d3fb	2	229392682	229393090	2	-2.5153
ec841cbe-4820-4d18-87e7-e64416d0d3fb	2	229395573	230393900	463	-0.2296
ec841cbe-4820-4d18-87e7-e64416d0d3fb	2	230400636	230401563	2	1.0405
ec841cbe-4820-4d18-87e7-e64416d0d3fb	2	230402928	230664194	145	-0.2985
ec841cbe-4820-4d18-87e7-e64416d0d3fb	2	230667690	231012604	193	-1.1823
ec841cbe-4820-4d18-87e7-e64416d0d3fb	2	231013237	231014025	3	-5.085
ec841cbe-4820-4d18-87e7-e64416d0d3fb	2	231015397	232854965	751	-1.1188
ec841cbe-4820-4d18-87e7-e64416d0d3fb	2	232856745	232856974	3	-3.7245
ec841cbe-4820-4d18-87e7-e64416d0d3fb	2	232857383	236836302	2632	-1.1269
ec841cbe-4820-4d18-87e7-e64416d0d3fb	2	236841533	236847307	3	-5.6075
ec841cbe-4820-4d18-87e7-e64416d0d3fb	2	236849207	241537572	2684	-1.1698
ec841cbe-4820-4d18-87e7-e64416d0d3fb	3	2170634	10125805	4588	0.2005
ec841cbe-4820-4d18-87e7-e64416d0d3fb	3	10126963	10145330	22	-0.354
ec841cbe-4820-4d18-87e7-e64416d0d3fb	3	10145384	11042563	658	0.2126
ec841cbe-4820-4d18-87e7-e64416d0d3fb	3	11044681	12844107	1178	0.1586
ec841cbe-4820-4d18-87e7-e64416d0d3fb	3	12848708	14021246	738	0.212
ec841cbe-4820-4d18-87e7-e64416d0d3fb	3	14024178	17340499	2207	-0.3792
ec841cbe-4820-4d18-87e7-e64416d0d3fb	3	17340858	17372817	16	0.1574
ec841cbe-4820-4d18-87e7-e64416d0d3fb	3	17374095	17467407	40	0.4922
ec841cbe-4820-4d18-87e7-e64416d0d3fb	3	17467989	21342272	1942	0.1564
ec841cbe-4820-4d18-87e7-e64416d0d3fb	3	21342319	32493536	6902	0.1935
ec841cbe-4820-4d18-87e7-e64416d0d3fb	3	32495232	33401539	483	0.1582
ec841cbe-4820-4d18-87e7-e64416d0d3fb	3	33403321	36022168	1481	1.1051
ec841cbe-4820-4d18-87e7-e64416d0d3fb	3	36023515	36954496	622	0.2037
ec841cbe-4820-4d18-87e7-e64416d0d3fb	3	36957220	49338118	6747	-0.2726
ec841cbe-4820-4d18-87e7-e64416d0d3fb	3	49349950	49520424	48	0.3815
ec841cbe-4820-4d18-87e7-e64416d0d3fb	3	49523997	49736431	86	0.516
ec841cbe-4820-4d18-87e7-e64416d0d3fb	3	49745398	52333916	1044	-0.2791
ec841cbe-4820-4d18-87e7-e64416d0d3fb	3	52334009	52988392	322	0.5983
ec841cbe-4820-4d18-87e7-e64416d0d3fb	3	53011784	53352591	187	-0.2989
ec841cbe-4820-4d18-87e7-e64416d0d3fb	3	53362094	57421488	2908	0.6193
ec841cbe-4820-4d18-87e7-e64416d0d3fb	3	57421657	58095630	298	0.5195
ec841cbe-4820-4d18-87e7-e64416d0d3fb	3	58096982	61789064	1563	0.6186
ec841cbe-4820-4d18-87e7-e64416d0d3fb	3	61791455	62204709	381	0.4756
ec841cbe-4820-4d18-87e7-e64416d0d3fb	3	62208168	77398129	10284	0.6248
ec841cbe-4820-4d18-87e7-e64416d0d3fb	3	77399045	77416012	13	0.1631
ec841cbe-4820-4d18-87e7-e64416d0d3fb	3	77422311	91462299	6463	0.6185
ec841cbe-4820-4d18-87e7-e64416d0d3fb	3	94015345	94550041	242	0.8967
ec841cbe-4820-4d18-87e7-e64416d0d3fb	3	94555131	94558703	6	0.6164
ec841cbe-4820-4d18-87e7-e64416d0d3fb	3	94567181	95034571	212	1.3408
ec841cbe-4820-4d18-87e7-e64416d0d3fb	3	95039996	105932800	5915	0.2393
ec841cbe-4820-4d18-87e7-e64416d0d3fb	3	105933562	135979780	17582	0.2637
ec841cbe-4820-4d18-87e7-e64416d0d3fb	3	135980725	139043104	1370	0.2188
ec841cbe-4820-4d18-87e7-e64416d0d3fb	3	139046320	145835388	3757	0.2658
ec841cbe-4820-4d18-87e7-e64416d0d3fb	3	145839243	162114435	8613	-1.0601
ec841cbe-4820-4d18-87e7-e64416d0d3fb	3	162117641	162122116	3	-5.0324
ec841cbe-4820-4d18-87e7-e64416d0d3fb	3	162122797	167721419	2256	-1.0129
ec841cbe-4820-4d18-87e7-e64416d0d3fb	3	167723197	168526792	448	-0.2219
ec841cbe-4820-4d18-87e7-e64416d0d3fb	3	168528374	168678553	94	-1.0454
ec841cbe-4820-4d18-87e7-e64416d0d3fb	3	168683538	168820350	74	-0.2049
ec841cbe-4820-4d18-87e7-e64416d0d3fb	3	168824501	169178034	213	-1.011
ec841cbe-4820-4d18-87e7-e64416d0d3fb	3	169186728	169250495	45	-0.2184
ec841cbe-4820-4d18-87e7-e64416d0d3fb	3	169252673	169255056	5	-1.0961
ec841cbe-4820-4d18-87e7-e64416d0d3fb	3	169257403	169383111	97	-0.2174
ec841cbe-4820-4d18-87e7-e64416d0d3fb	3	169385210	173444687	2315	-1.0506
ec841cbe-4820-4d18-87e7-e64416d0d3fb	3	173445369	174118994	144	-0.233
ec841cbe-4820-4d18-87e7-e64416d0d3fb	3	174119543	174546336	269	-1.0632
ec841cbe-4820-4d18-87e7-e64416d0d3fb	3	174551373	174901575	234	-0.2544
ec841cbe-4820-4d18-87e7-e64416d0d3fb	3	174904149	174999166	65	-1.01
ec841cbe-4820-4d18-87e7-e64416d0d3fb	3	175001615	175360729	298	-0.2229
ec841cbe-4820-4d18-87e7-e64416d0d3fb	3	176041258	176097579	31	-1.1092
ec841cbe-4820-4d18-87e7-e64416d0d3fb	3	176097927	176456469	190	-0.2042
ec841cbe-4820-4d18-87e7-e64416d0d3fb	3	176459976	176578696	70	-1
ec841cbe-4820-4d18-87e7-e64416d0d3fb	3	176581377	176605710	17	-0.2416
ec841cbe-4820-4d18-87e7-e64416d0d3fb	3	176609229	176697426	52	-1.0777
ec841cbe-4820-4d18-87e7-e64416d0d3fb	3	176712611	177858868	568	-0.2196
ec841cbe-4820-4d18-87e7-e64416d0d3fb	3	177859374	178248128	197	-1.0466
ec841cbe-4820-4d18-87e7-e64416d0d3fb	3	178250838	178893025	333	-0.1961
ec841cbe-4820-4d18-87e7-e64416d0d3fb	3	178896944	178901181	6	-1.0744
ec841cbe-4820-4d18-87e7-e64416d0d3fb	3	178903476	179234432	279	-0.2053
ec841cbe-4820-4d18-87e7-e64416d0d3fb	3	179234447	179255237	11	-1.0106
ec841cbe-4820-4d18-87e7-e64416d0d3fb	3	179262147	180486221	722	-0.2198
ec841cbe-4820-4d18-87e7-e64416d0d3fb	3	180504164	182084593	769	-1.0308
ec841cbe-4820-4d18-87e7-e64416d0d3fb	3	182085362	182497652	180	-0.1934
ec841cbe-4820-4d18-87e7-e64416d0d3fb	3	182499151	183268758	469	-1.0631
ec841cbe-4820-4d18-87e7-e64416d0d3fb	3	183269727	184568477	227	-0.2298
ec841cbe-4820-4d18-87e7-e64416d0d3fb	3	184571412	185336641	396	-1.0302
ec841cbe-4820-4d18-87e7-e64416d0d3fb	3	185342078	185678745	152	-0.2531
ec841cbe-4820-4d18-87e7-e64416d0d3fb	3	185683103	185717035	17	-0.9749
ec841cbe-4820-4d18-87e7-e64416d0d3fb	3	185720987	185906747	102	-0.2171
ec841cbe-4820-4d18-87e7-e64416d0d3fb	3	185910993	185915242	5	-0.9933
ec841cbe-4820-4d18-87e7-e64416d0d3fb	3	185915348	186070113	110	-0.1985
ec841cbe-4820-4d18-87e7-e64416d0d3fb	3	186075324	186441341	348	-1.0505
ec841cbe-4820-4d18-87e7-e64416d0d3fb	3	186442313	187999996	1097	-0.2195
ec841cbe-4820-4d18-87e7-e64416d0d3fb	3	188006113	188351252	261	-1.0772
ec841cbe-4820-4d18-87e7-e64416d0d3fb	3	188351542	188550785	144	-1.8519
ec841cbe-4820-4d18-87e7-e64416d0d3fb	3	188550824	192868018	2742	-1.0502
ec841cbe-4820-4d18-87e7-e64416d0d3fb	3	192868128	194998540	1228	-0.3197
ec841cbe-4820-4d18-87e7-e64416d0d3fb	3	194998713	195101462	58	-0.2642
ec841cbe-4820-4d18-87e7-e64416d0d3fb	3	195106000	196151383	220	0.2046
ec841cbe-4820-4d18-87e7-e64416d0d3fb	3	196164225	196587340	186	-0.2864
ec841cbe-4820-4d18-87e7-e64416d0d3fb	3	196587463	196617609	20	-1.1098
ec841cbe-4820-4d18-87e7-e64416d0d3fb	3	196617907	196641630	16	-0.4132
ec841cbe-4820-4d18-87e7-e64416d0d3fb	3	196770477	197812401	153	0.2355
ec841cbe-4820-4d18-87e7-e64416d0d3fb	4	1059384	16204285	9282	0.5207
ec841cbe-4820-4d18-87e7-e64416d0d3fb	4	16205840	22524978	4166	0.1543
ec841cbe-4820-4d18-87e7-e64416d0d3fb	4	22528473	23299886	366	1.1037
ec841cbe-4820-4d18-87e7-e64416d0d3fb	4	23304465	24747774	1038	0.1578
ec841cbe-4820-4d18-87e7-e64416d0d3fb	4	24758340	25404376	466	1.0798
ec841cbe-4820-4d18-87e7-e64416d0d3fb	4	25405734	26052956	430	0.1296
ec841cbe-4820-4d18-87e7-e64416d0d3fb	4	26055991	26078927	18	1.0191
ec841cbe-4820-4d18-87e7-e64416d0d3fb	4	26086863	31916745	3620	0.1457
ec841cbe-4820-4d18-87e7-e64416d0d3fb	4	31922809	34750887	1499	0.5382
ec841cbe-4820-4d18-87e7-e64416d0d3fb	4	34751333	44495233	5597	0.1518
ec841cbe-4820-4d18-87e7-e64416d0d3fb	4	44504877	44506093	6	0.8174
ec841cbe-4820-4d18-87e7-e64416d0d3fb	4	44506147	47017362	1229	0.567
ec841cbe-4820-4d18-87e7-e64416d0d3fb	4	47018841	54241451	2046	0.6181
ec841cbe-4820-4d18-87e7-e64416d0d3fb	4	54249536	54249593	6	-0.1717
ec841cbe-4820-4d18-87e7-e64416d0d3fb	4	54254390	58946411	3040	0.6188
ec841cbe-4820-4d18-87e7-e64416d0d3fb	4	58946993	70532240	5807	0.2568
ec841cbe-4820-4d18-87e7-e64416d0d3fb	4	70534633	76191939	3197	0.2135
ec841cbe-4820-4d18-87e7-e64416d0d3fb	4	76196421	84123338	4844	0.2401
ec841cbe-4820-4d18-87e7-e64416d0d3fb	4	84133328	84443154	217	0.6499
ec841cbe-4820-4d18-87e7-e64416d0d3fb	4	84447899	87793496	1968	0.2228
ec841cbe-4820-4d18-87e7-e64416d0d3fb	4	87793566	87992159	188	0.6411
ec841cbe-4820-4d18-87e7-e64416d0d3fb	4	87994782	88676098	357	0.2085
ec841cbe-4820-4d18-87e7-e64416d0d3fb	4	88681437	89195827	337	0.6226
ec841cbe-4820-4d18-87e7-e64416d0d3fb	4	89203407	98591017	5041	0.2293
ec841cbe-4820-4d18-87e7-e64416d0d3fb	4	98602930	99251159	356	0.6133
ec841cbe-4820-4d18-87e7-e64416d0d3fb	4	99251323	101173002	1174	0.2254
ec841cbe-4820-4d18-87e7-e64416d0d3fb	4	101176909	101393752	133	0.6058
ec841cbe-4820-4d18-87e7-e64416d0d3fb	4	101394124	129293725	15465	0.2298
ec841cbe-4820-4d18-87e7-e64416d0d3fb	4	129295108	129475484	136	0.6301
ec841cbe-4820-4d18-87e7-e64416d0d3fb	4	129478105	130816029	775	0.2428
ec841cbe-4820-4d18-87e7-e64416d0d3fb	4	130816850	131018350	121	0.6518
ec841cbe-4820-4d18-87e7-e64416d0d3fb	4	131019052	133915343	1129	0.2404
ec841cbe-4820-4d18-87e7-e64416d0d3fb	4	133915828	134788599	312	0.5857
ec841cbe-4820-4d18-87e7-e64416d0d3fb	4	134791022	134918027	63	0.905
ec841cbe-4820-4d18-87e7-e64416d0d3fb	4	134923383	137780239	1549	0.6141
ec841cbe-4820-4d18-87e7-e64416d0d3fb	4	137783333	139058530	858	0.9333
ec841cbe-4820-4d18-87e7-e64416d0d3fb	4	139058727	139070622	16	0.5433
ec841cbe-4820-4d18-87e7-e64416d0d3fb	4	139070638	139343894	187	0.7772
ec841cbe-4820-4d18-87e7-e64416d0d3fb	4	139358501	142492564	2015	0.6086
ec841cbe-4820-4d18-87e7-e64416d0d3fb	4	142494771	142891822	237	0.9312
ec841cbe-4820-4d18-87e7-e64416d0d3fb	4	142899190	143789347	506	0.5991
ec841cbe-4820-4d18-87e7-e64416d0d3fb	4	143789364	143819606	32	0.3318
ec841cbe-4820-4d18-87e7-e64416d0d3fb	4	143819726	144250348	69	0.5753
ec841cbe-4820-4d18-87e7-e64416d0d3fb	4	144250975	144550316	163	0.9272
ec841cbe-4820-4d18-87e7-e64416d0d3fb	4	144551752	144564835	14	0.5841
ec841cbe-4820-4d18-87e7-e64416d0d3fb	4	144584852	144900862	161	0.8943
ec841cbe-4820-4d18-87e7-e64416d0d3fb	4	144903125	145414175	230	0.6088
ec841cbe-4820-4d18-87e7-e64416d0d3fb	4	145418141	145623436	109	0.9302
ec841cbe-4820-4d18-87e7-e64416d0d3fb	4	145627071	145814414	94	0.6239
ec841cbe-4820-4d18-87e7-e64416d0d3fb	4	145819372	145865188	38	0.8848
ec841cbe-4820-4d18-87e7-e64416d0d3fb	4	145865510	145920434	35	1.1413
ec841cbe-4820-4d18-87e7-e64416d0d3fb	4	145922582	146632651	416	0.8801
ec841cbe-4820-4d18-87e7-e64416d0d3fb	4	146649628	146986569	163	0.5931
ec841cbe-4820-4d18-87e7-e64416d0d3fb	4	146986593	148027255	661	0.8866
ec841cbe-4820-4d18-87e7-e64416d0d3fb	4	148029261	149440535	755	0.6009
ec841cbe-4820-4d18-87e7-e64416d0d3fb	4	149445986	150614612	638	0.8798
ec841cbe-4820-4d18-87e7-e64416d0d3fb	4	150615399	150994944	160	0.5789
ec841cbe-4820-4d18-87e7-e64416d0d3fb	4	150997179	151829804	350	0.8819
ec841cbe-4820-4d18-87e7-e64416d0d3fb	4	151834974	151847009	14	0.6155
ec841cbe-4820-4d18-87e7-e64416d0d3fb	4	151847273	151864767	10	0.2917
ec841cbe-4820-4d18-87e7-e64416d0d3fb	4	151864787	152192136	252	0.6481
ec841cbe-4820-4d18-87e7-e64416d0d3fb	4	152192574	153870137	989	0.9002
ec841cbe-4820-4d18-87e7-e64416d0d3fb	4	153871229	154513135	376	0.6458
ec841cbe-4820-4d18-87e7-e64416d0d3fb	4	154516367	154871453	202	1.114
ec841cbe-4820-4d18-87e7-e64416d0d3fb	4	154871559	155276449	276	0.9125
ec841cbe-4820-4d18-87e7-e64416d0d3fb	4	155277403	155438305	92	0.5992
ec841cbe-4820-4d18-87e7-e64416d0d3fb	4	155447454	155561735	71	0.9244
ec841cbe-4820-4d18-87e7-e64416d0d3fb	4	155564321	155594915	27	0.6123
ec841cbe-4820-4d18-87e7-e64416d0d3fb	4	155595351	156388393	528	0.8932
ec841cbe-4820-4d18-87e7-e64416d0d3fb	4	156389606	157041561	400	0.6117
ec841cbe-4820-4d18-87e7-e64416d0d3fb	4	157050920	157099787	36	-0.3498
ec841cbe-4820-4d18-87e7-e64416d0d3fb	4	157105826	157722274	370	0.6419
ec841cbe-4820-4d18-87e7-e64416d0d3fb	4	157725464	161284500	1992	0.9008
ec841cbe-4820-4d18-87e7-e64416d0d3fb	4	161298971	163661570	1443	0.6054
ec841cbe-4820-4d18-87e7-e64416d0d3fb	4	163663890	164115866	243	0.8995
ec841cbe-4820-4d18-87e7-e64416d0d3fb	4	164117540	168072733	1886	0.6128
ec841cbe-4820-4d18-87e7-e64416d0d3fb	4	168072942	170555352	1507	0.8987
ec841cbe-4820-4d18-87e7-e64416d0d3fb	4	170562334	170680724	68	0.2751
ec841cbe-4820-4d18-87e7-e64416d0d3fb	4	170684337	171535210	499	0.867
ec841cbe-4820-4d18-87e7-e64416d0d3fb	4	171542492	171572725	25	1.146
ec841cbe-4820-4d18-87e7-e64416d0d3fb	4	171573082	171733803	93	0.9277
ec841cbe-4820-4d18-87e7-e64416d0d3fb	4	171734851	171827187	58	1.1529
ec841cbe-4820-4d18-87e7-e64416d0d3fb	4	171828831	172179816	187	0.8825
ec841cbe-4820-4d18-87e7-e64416d0d3fb	4	172186137	176072721	2027	1.1289
ec841cbe-4820-4d18-87e7-e64416d0d3fb	4	176074978	176094221	14	0.6028
ec841cbe-4820-4d18-87e7-e64416d0d3fb	4	176101661	180276270	2282	1.125
ec841cbe-4820-4d18-87e7-e64416d0d3fb	4	180281999	180336882	49	0.6261
ec841cbe-4820-4d18-87e7-e64416d0d3fb	4	180338660	181961337	886	1.1102
ec841cbe-4820-4d18-87e7-e64416d0d3fb	4	181961976	182039064	59	1.412
ec841cbe-4820-4d18-87e7-e64416d0d3fb	4	182041264	182597560	444	1.106
ec841cbe-4820-4d18-87e7-e64416d0d3fb	4	182597967	183286625	7	0.9076
ec841cbe-4820-4d18-87e7-e64416d0d3fb	4	183288582	183629556	195	0.5614
ec841cbe-4820-4d18-87e7-e64416d0d3fb	4	184172093	184189158	13	0.1546
ec841cbe-4820-4d18-87e7-e64416d0d3fb	4	184192632	187047862	1379	0.9053
ec841cbe-4820-4d18-87e7-e64416d0d3fb	4	187056945	187842528	495	0.2503
ec841cbe-4820-4d18-87e7-e64416d0d3fb	5	913983	6415731	3909	-0.2595
ec841cbe-4820-4d18-87e7-e64416d0d3fb	5	6418576	6440142	13	-1.3534
ec841cbe-4820-4d18-87e7-e64416d0d3fb	5	6441206	8109132	1241	-0.2677
ec841cbe-4820-4d18-87e7-e64416d0d3fb	5	8109306	11781019	2676	0.2689
ec841cbe-4820-4d18-87e7-e64416d0d3fb	5	11781135	12305742	302	-0.2824
ec841cbe-4820-4d18-87e7-e64416d0d3fb	5	12309314	12322554	11	0.2449
ec841cbe-4820-4d18-87e7-e64416d0d3fb	5	12326232	12468135	68	-0.2087
ec841cbe-4820-4d18-87e7-e64416d0d3fb	5	12478690	16226789	1849	0.261
ec841cbe-4820-4d18-87e7-e64416d0d3fb	5	16227069	16307790	75	-0.2341
ec841cbe-4820-4d18-87e7-e64416d0d3fb	5	16309150	16468030	106	0.2608
ec841cbe-4820-4d18-87e7-e64416d0d3fb	5	16468697	16605232	118	-0.2346
ec841cbe-4820-4d18-87e7-e64416d0d3fb	5	16606686	20386560	1957	0.889
ec841cbe-4820-4d18-87e7-e64416d0d3fb	5	20566972	20839682	93	0.2367
ec841cbe-4820-4d18-87e7-e64416d0d3fb	5	20841542	22567147	806	0.8909
ec841cbe-4820-4d18-87e7-e64416d0d3fb	5	22567236	22753029	98	1.1287
ec841cbe-4820-4d18-87e7-e64416d0d3fb	5	22753967	37695641	8339	0.6071
ec841cbe-4820-4d18-87e7-e64416d0d3fb	5	37696076	38724941	805	0.6713
ec841cbe-4820-4d18-87e7-e64416d0d3fb	5	38725392	42135724	2125	0.6148
ec841cbe-4820-4d18-87e7-e64416d0d3fb	5	42135919	42141209	8	0.851
ec841cbe-4820-4d18-87e7-e64416d0d3fb	5	42148368	44830313	1281	0.2556
ec841cbe-4820-4d18-87e7-e64416d0d3fb	5	44831620	45383300	207	0.5128
ec841cbe-4820-4d18-87e7-e64416d0d3fb	5	50828231	149064694	54956	-0.3481
ec841cbe-4820-4d18-87e7-e64416d0d3fb	5	149071352	149072480	2	-2.6529
ec841cbe-4820-4d18-87e7-e64416d0d3fb	5	149072520	152199363	2115	-0.3406
ec841cbe-4820-4d18-87e7-e64416d0d3fb	5	152203251	152203267	2	-3.9125
ec841cbe-4820-4d18-87e7-e64416d0d3fb	5	152203849	180934240	17710	-0.3677
ec841cbe-4820-4d18-87e7-e64416d0d3fb	6	1011760	62015766	34254	-0.2788
ec841cbe-4820-4d18-87e7-e64416d0d3fb	6	62021054	63052624	475	0.2148
ec841cbe-4820-4d18-87e7-e64416d0d3fb	6	63059570	63074629	21	1.0791
ec841cbe-4820-4d18-87e7-e64416d0d3fb	6	63080202	63830876	364	0.1946
ec841cbe-4820-4d18-87e7-e64416d0d3fb	6	63834339	63893441	34	-0.2888
ec841cbe-4820-4d18-87e7-e64416d0d3fb	6	63897198	63920556	20	0.3813
ec841cbe-4820-4d18-87e7-e64416d0d3fb	6	63923671	65411803	727	-0.2824
ec841cbe-4820-4d18-87e7-e64416d0d3fb	6	65412156	65412175	2	-1.6933
ec841cbe-4820-4d18-87e7-e64416d0d3fb	6	65412219	65563702	103	-0.2819
ec841cbe-4820-4d18-87e7-e64416d0d3fb	6	65566563	65773932	132	0.912
ec841cbe-4820-4d18-87e7-e64416d0d3fb	6	65777907	66283625	310	0.6541
ec841cbe-4820-4d18-87e7-e64416d0d3fb	6	66403730	67068373	530	0.9975
ec841cbe-4820-4d18-87e7-e64416d0d3fb	6	67068490	67075771	3	-0.0298
ec841cbe-4820-4d18-87e7-e64416d0d3fb	6	67075844	67728568	391	0.9434
ec841cbe-4820-4d18-87e7-e64416d0d3fb	6	67728961	68368095	319	-0.327
ec841cbe-4820-4d18-87e7-e64416d0d3fb	6	68371251	71319988	1589	-1.1506
ec841cbe-4820-4d18-87e7-e64416d0d3fb	6	71324343	71419790	66	-0.4699
ec841cbe-4820-4d18-87e7-e64416d0d3fb	6	71424632	71531631	86	0.8625
ec841cbe-4820-4d18-87e7-e64416d0d3fb	6	71534571	80174716	4873	-0.4025
ec841cbe-4820-4d18-87e7-e64416d0d3fb	6	80178962	80545087	165	-1.0877
ec841cbe-4820-4d18-87e7-e64416d0d3fb	6	80546089	80552577	4	-0.2318
ec841cbe-4820-4d18-87e7-e64416d0d3fb	6	80554458	80800062	180	0.2393
ec841cbe-4820-4d18-87e7-e64416d0d3fb	6	80857920	81023192	110	-1.1974
ec841cbe-4820-4d18-87e7-e64416d0d3fb	6	81025990	121402860	22527	0.1783
ec841cbe-4820-4d18-87e7-e64416d0d3fb	6	121406544	121519320	56	-1.2475
ec841cbe-4820-4d18-87e7-e64416d0d3fb	6	121519545	121563808	21	0.1707
ec841cbe-4820-4d18-87e7-e64416d0d3fb	6	121565493	121678012	37	-1.0727
ec841cbe-4820-4d18-87e7-e64416d0d3fb	6	121686998	144058031	13699	0.174
ec841cbe-4820-4d18-87e7-e64416d0d3fb	6	144059668	156856178	8643	0.2856
ec841cbe-4820-4d18-87e7-e64416d0d3fb	6	156856183	156856916	2	-1.3673
ec841cbe-4820-4d18-87e7-e64416d0d3fb	6	156857295	158017382	555	0.3078
ec841cbe-4820-4d18-87e7-e64416d0d3fb	6	158025218	166855960	5575	-1.1612
ec841cbe-4820-4d18-87e7-e64416d0d3fb	6	166856491	166857920	5	-4.2996
ec841cbe-4820-4d18-87e7-e64416d0d3fb	6	166857972	170596889	985	-1.1684
ec841cbe-4820-4d18-87e7-e64416d0d3fb	7	664936	7501161	2651	0.4681
ec841cbe-4820-4d18-87e7-e64416d0d3fb	7	7502201	9474526	883	0.1242
ec841cbe-4820-4d18-87e7-e64416d0d3fb	7	9476097	12602107	1816	0.1858
ec841cbe-4820-4d18-87e7-e64416d0d3fb	7	12604408	12604709	3	-0.8639
ec841cbe-4820-4d18-87e7-e64416d0d3fb	7	12608292	14193999	1212	0.1708
ec841cbe-4820-4d18-87e7-e64416d0d3fb	7	14196086	31840538	10968	0.3418
ec841cbe-4820-4d18-87e7-e64416d0d3fb	7	31843314	31849034	9	-1.0997
ec841cbe-4820-4d18-87e7-e64416d0d3fb	7	31855774	39525235	5145	0.3323
ec841cbe-4820-4d18-87e7-e64416d0d3fb	7	39526962	40318801	411	0.2473
ec841cbe-4820-4d18-87e7-e64416d0d3fb	7	40320851	53352769	8450	0.3301
ec841cbe-4820-4d18-87e7-e64416d0d3fb	7	53352788	53352795	2	-1.1122
ec841cbe-4820-4d18-87e7-e64416d0d3fb	7	53360257	55656837	1578	0.3406
ec841cbe-4820-4d18-87e7-e64416d0d3fb	7	55662548	63861658	418	0.2372
ec841cbe-4820-4d18-87e7-e64416d0d3fb	7	63863488	77935082	5455	0.0994
ec841cbe-4820-4d18-87e7-e64416d0d3fb	7	77937413	96823484	10356	0.157
ec841cbe-4820-4d18-87e7-e64416d0d3fb	7	96823773	103364713	2597	0.102
ec841cbe-4820-4d18-87e7-e64416d0d3fb	7	103369965	108606553	3188	0.1504
ec841cbe-4820-4d18-87e7-e64416d0d3fb	7	108609090	108618227	8	-0.5266
ec841cbe-4820-4d18-87e7-e64416d0d3fb	7	108618349	114305440	2710	0.1444
ec841cbe-4820-4d18-87e7-e64416d0d3fb	7	114307424	114309338	2	-1.7367
ec841cbe-4820-4d18-87e7-e64416d0d3fb	7	114309584	124223646	5569	0.1447
ec841cbe-4820-4d18-87e7-e64416d0d3fb	7	124229858	124866046	377	-0.3917
ec841cbe-4820-4d18-87e7-e64416d0d3fb	7	124881163	127980044	1687	0.1513
ec841cbe-4820-4d18-87e7-e64416d0d3fb	7	127982290	134003529	3247	0.5147
ec841cbe-4820-4d18-87e7-e64416d0d3fb	7	134003632	134041339	27	0.0897
ec841cbe-4820-4d18-87e7-e64416d0d3fb	7	134042199	152193610	9737	0.528
ec841cbe-4820-4d18-87e7-e64416d0d3fb	7	152195403	152365691	62	0.4278
ec841cbe-4820-4d18-87e7-e64416d0d3fb	7	152372456	152476496	32	0.238
ec841cbe-4820-4d18-87e7-e64416d0d3fb	7	152476853	152891737	167	0.4595
ec841cbe-4820-4d18-87e7-e64416d0d3fb	7	152892027	155411140	1310	0.5297
ec841cbe-4820-4d18-87e7-e64416d0d3fb	7	155412404	155418991	2	1.9106
ec841cbe-4820-4d18-87e7-e64416d0d3fb	7	155419697	157923642	1525	0.5339
ec841cbe-4820-4d18-87e7-e64416d0d3fb	7	157923814	158592540	238	-0.3699
ec841cbe-4820-4d18-87e7-e64416d0d3fb	8	667625	2166022	777	-4.5286
ec841cbe-4820-4d18-87e7-e64416d0d3fb	8	2849664	11222089	4074	-0.363
ec841cbe-4820-4d18-87e7-e64416d0d3fb	8	11224674	11225911	2	-2.0484
ec841cbe-4820-4d18-87e7-e64416d0d3fb	8	11226971	14419768	1670	-0.3679
ec841cbe-4820-4d18-87e7-e64416d0d3fb	8	14419875	14426755	3	-2.1478
ec841cbe-4820-4d18-87e7-e64416d0d3fb	8	14427181	36211336	14728	-0.3737
ec841cbe-4820-4d18-87e7-e64416d0d3fb	8	36220823	43080575	3753	0.2013
ec841cbe-4820-4d18-87e7-e64416d0d3fb	8	46547532	48222873	634	0.5387
ec841cbe-4820-4d18-87e7-e64416d0d3fb	8	48223611	53778713	3138	0.5959
ec841cbe-4820-4d18-87e7-e64416d0d3fb	8	53778815	54164820	168	0.482
ec841cbe-4820-4d18-87e7-e64416d0d3fb	8	54165657	59750183	3503	0.5395
ec841cbe-4820-4d18-87e7-e64416d0d3fb	8	59754272	64983972	3097	0.4941
ec841cbe-4820-4d18-87e7-e64416d0d3fb	8	64987056	66902843	999	0.0886
ec841cbe-4820-4d18-87e7-e64416d0d3fb	8	66903242	68790204	1078	0.4917
ec841cbe-4820-4d18-87e7-e64416d0d3fb	8	68790463	69810627	703	0.5623
ec841cbe-4820-4d18-87e7-e64416d0d3fb	8	69813339	70041692	131	0.4644
ec841cbe-4820-4d18-87e7-e64416d0d3fb	8	70042037	70042599	6	-0.2339
ec841cbe-4820-4d18-87e7-e64416d0d3fb	8	70048926	72892055	1751	0.4899
ec841cbe-4820-4d18-87e7-e64416d0d3fb	8	72894639	84951389	6745	0.4665
ec841cbe-4820-4d18-87e7-e64416d0d3fb	8	84957246	86525419	621	0.4026
ec841cbe-4820-4d18-87e7-e64416d0d3fb	8	86525480	126517056	23544	0.4666
ec841cbe-4820-4d18-87e7-e64416d0d3fb	8	126518530	140607289	10376	0.4834
ec841cbe-4820-4d18-87e7-e64416d0d3fb	8	140610614	144182542	578	0.543
ec841cbe-4820-4d18-87e7-e64416d0d3fb	9	789794	2030300	634	-0.2774
ec841cbe-4820-4d18-87e7-e64416d0d3fb	9	2032845	2033929	3	0.9665
ec841cbe-4820-4d18-87e7-e64416d0d3fb	9	2037362	3924565	1528	0.5981
ec841cbe-4820-4d18-87e7-e64416d0d3fb	9	3930251	7972907	2264	1.2035
ec841cbe-4820-4d18-87e7-e64416d0d3fb	9	7975308	11275227	1912	1.0515
ec841cbe-4820-4d18-87e7-e64416d0d3fb	9	12527414	12719631	100	-3.4782
ec841cbe-4820-4d18-87e7-e64416d0d3fb	9	12721692	12972383	154	-4.7203
ec841cbe-4820-4d18-87e7-e64416d0d3fb	9	12975636	13050208	46	-3.5563
ec841cbe-4820-4d18-87e7-e64416d0d3fb	9	13050958	13089589	33	0.948
ec841cbe-4820-4d18-87e7-e64416d0d3fb	9	13092789	13101687	15	-4.4998
ec841cbe-4820-4d18-87e7-e64416d0d3fb	9	13107602	15299793	1788	0.4844
ec841cbe-4820-4d18-87e7-e64416d0d3fb	9	15300970	15317822	16	1.0392
ec841cbe-4820-4d18-87e7-e64416d0d3fb	9	15319414	15340688	21	0.4464
ec841cbe-4820-4d18-87e7-e64416d0d3fb	9	15342175	15711764	215	0.9102
ec841cbe-4820-4d18-87e7-e64416d0d3fb	9	15714352	15784633	44	-4.0639
ec841cbe-4820-4d18-87e7-e64416d0d3fb	9	15789086	15872344	42	1.0662
ec841cbe-4820-4d18-87e7-e64416d0d3fb	9	15874534	15892063	21	-3.7894
ec841cbe-4820-4d18-87e7-e64416d0d3fb	9	15894497	18795306	2449	1.0222
ec841cbe-4820-4d18-87e7-e64416d0d3fb	9	18795869	19581733	634	0.9397
ec841cbe-4820-4d18-87e7-e64416d0d3fb	9	19582632	19589483	6	-4.5869
ec841cbe-4820-4d18-87e7-e64416d0d3fb	9	19592418	19631480	31	0.9354
ec841cbe-4820-4d18-87e7-e64416d0d3fb	9	19631862	20454184	640	-4.1191
ec841cbe-4820-4d18-87e7-e64416d0d3fb	9	20457568	21130729	529	1.0085
ec841cbe-4820-4d18-87e7-e64416d0d3fb	9	21130821	21626574	351	-3.6572
ec841cbe-4820-4d18-87e7-e64416d0d3fb	9	21626847	21741616	27	-1.0332
ec841cbe-4820-4d18-87e7-e64416d0d3fb	9	21743538	23769756	1346	-4.038
ec841cbe-4820-4d18-87e7-e64416d0d3fb	9	23771109	23778058	37	-2.0321
ec841cbe-4820-4d18-87e7-e64416d0d3fb	9	23779239	26110014	1340	-3.856
ec841cbe-4820-4d18-87e7-e64416d0d3fb	9	26113425	26211084	74	0.9497
ec841cbe-4820-4d18-87e7-e64416d0d3fb	9	26226394	26226981	3	-3.3569
ec841cbe-4820-4d18-87e7-e64416d0d3fb	9	26227747	26433574	20	0.9481
ec841cbe-4820-4d18-87e7-e64416d0d3fb	9	26433919	27116198	402	-3.939
ec841cbe-4820-4d18-87e7-e64416d0d3fb	9	27116825	28039910	830	-4.5236
ec841cbe-4820-4d18-87e7-e64416d0d3fb	9	28039947	30713119	962	-3.6744
ec841cbe-4820-4d18-87e7-e64416d0d3fb	9	30715915	31478018	524	-0.3093
ec841cbe-4820-4d18-87e7-e64416d0d3fb	9	31481300	31501042	6	-4.8076
ec841cbe-4820-4d18-87e7-e64416d0d3fb	9	31506249	38752071	4497	-0.2865
ec841cbe-4820-4d18-87e7-e64416d0d3fb	9	68423153	68719504	255	0.7367
ec841cbe-4820-4d18-87e7-e64416d0d3fb	9	68719605	69467438	620	0.4923
ec841cbe-4820-4d18-87e7-e64416d0d3fb	9	69470540	83675748	9800	0.5223
ec841cbe-4820-4d18-87e7-e64416d0d3fb	9	83676983	113754898	19646	0.4947
ec841cbe-4820-4d18-87e7-e64416d0d3fb	9	113755022	115356606	1235	0.5543
ec841cbe-4820-4d18-87e7-e64416d0d3fb	9	115356843	128415084	8534	0.4912
ec841cbe-4820-4d18-87e7-e64416d0d3fb	9	128423682	128635200	101	0.0859
ec841cbe-4820-4d18-87e7-e64416d0d3fb	9	128637748	128708621	23	0.0334
ec841cbe-4820-4d18-87e7-e64416d0d3fb	9	128708871	130154898	668	-0.4439
ec841cbe-4820-4d18-87e7-e64416d0d3fb	9	130154956	130158297	2	-2.4754
ec841cbe-4820-4d18-87e7-e64416d0d3fb	9	130159058	138044505	3948	-0.438
ec841cbe-4820-4d18-87e7-e64416d0d3fb	10	366509	819274	162	-4.638
ec841cbe-4820-4d18-87e7-e64416d0d3fb	10	819671	985755	66	-2.8885
ec841cbe-4820-4d18-87e7-e64416d0d3fb	10	985900	1482991	171	-1.2083
ec841cbe-4820-4d18-87e7-e64416d0d3fb	10	1484485	2532611	801	-0.3017
ec841cbe-4820-4d18-87e7-e64416d0d3fb	10	2533982	19707548	12856	0.2159
ec841cbe-4820-4d18-87e7-e64416d0d3fb	10	19708645	32963335	8769	0.185
ec841cbe-4820-4d18-87e7-e64416d0d3fb	10	32967706	37764864	3013	0.2225
ec841cbe-4820-4d18-87e7-e64416d0d3fb	10	37771983	43093256	735	0.1798
ec841cbe-4820-4d18-87e7-e64416d0d3fb	10	43093462	43093473	2	-0.7972
ec841cbe-4820-4d18-87e7-e64416d0d3fb	10	43093484	43503918	273	0.1516
ec841cbe-4820-4d18-87e7-e64416d0d3fb	10	43505012	55629580	5890	0.2235
ec841cbe-4820-4d18-87e7-e64416d0d3fb	10	55633600	57542925	917	-0.3145
ec841cbe-4820-4d18-87e7-e64416d0d3fb	10	57543435	67254543	6053	0.0737
ec841cbe-4820-4d18-87e7-e64416d0d3fb	10	67254561	69279459	1073	0.0234
ec841cbe-4820-4d18-87e7-e64416d0d3fb	10	69279577	72105984	2037	0.0786
ec841cbe-4820-4d18-87e7-e64416d0d3fb	10	72106147	75352542	1387	0.0127
ec841cbe-4820-4d18-87e7-e64416d0d3fb	10	75354805	78423453	2322	0.0757
ec841cbe-4820-4d18-87e7-e64416d0d3fb	10	78424682	78427948	2	-1.4662
ec841cbe-4820-4d18-87e7-e64416d0d3fb	10	78432961	98856581	12723	0.067
ec841cbe-4820-4d18-87e7-e64416d0d3fb	10	98860752	103590354	2282	0.0319
ec841cbe-4820-4d18-87e7-e64416d0d3fb	10	103594499	129434524	18201	0.0703
ec841cbe-4820-4d18-87e7-e64416d0d3fb	10	129434685	131914143	923	0.3787
ec841cbe-4820-4d18-87e7-e64416d0d3fb	10	131914230	133411599	497	-0.3234
ec841cbe-4820-4d18-87e7-e64416d0d3fb	11	456012	5419435	2208	-0.2912
ec841cbe-4820-4d18-87e7-e64416d0d3fb	11	5420290	6213458	483	0.4934
ec841cbe-4820-4d18-87e7-e64416d0d3fb	11	6216335	8571081	1643	-0.3029
ec841cbe-4820-4d18-87e7-e64416d0d3fb	11	8572933	8952810	245	0.4996
ec841cbe-4820-4d18-87e7-e64416d0d3fb	11	8953109	8958516	6	-0.225
ec841cbe-4820-4d18-87e7-e64416d0d3fb	11	8959010	9034423	40	0.4042
ec841cbe-4820-4d18-87e7-e64416d0d3fb	11	9041990	15802681	4819	-0.2933
ec841cbe-4820-4d18-87e7-e64416d0d3fb	11	15804940	15807497	7	0.5808
ec841cbe-4820-4d18-87e7-e64416d0d3fb	11	15807992	16994204	753	-0.2881
ec841cbe-4820-4d18-87e7-e64416d0d3fb	11	16996237	16997297	2	-3.1153
ec841cbe-4820-4d18-87e7-e64416d0d3fb	11	16997330	21692916	3505	-0.2978
ec841cbe-4820-4d18-87e7-e64416d0d3fb	11	21712549	21935123	171	0.4868
ec841cbe-4820-4d18-87e7-e64416d0d3fb	11	21946729	22557096	386	-0.3085
ec841cbe-4820-4d18-87e7-e64416d0d3fb	11	22560344	23351481	576	0.481
ec841cbe-4820-4d18-87e7-e64416d0d3fb	11	23359716	27481503	2653	-0.3052
ec841cbe-4820-4d18-87e7-e64416d0d3fb	11	27484130	28733159	658	0.4879
ec841cbe-4820-4d18-87e7-e64416d0d3fb	11	28737705	28740977	7	-0.3912
ec841cbe-4820-4d18-87e7-e64416d0d3fb	11	28754364	28996017	141	0.5629
ec841cbe-4820-4d18-87e7-e64416d0d3fb	11	28998589	35310321	4116	-0.3145
ec841cbe-4820-4d18-87e7-e64416d0d3fb	11	35310903	35319113	12	0.6177
ec841cbe-4820-4d18-87e7-e64416d0d3fb	11	35321353	35650159	323	-0.309
ec841cbe-4820-4d18-87e7-e64416d0d3fb	11	35652772	36134319	336	0.4841
ec841cbe-4820-4d18-87e7-e64416d0d3fb	11	36136317	36142477	10	-0.4358
ec841cbe-4820-4d18-87e7-e64416d0d3fb	11	36151702	36235629	80	0.5276
ec841cbe-4820-4d18-87e7-e64416d0d3fb	11	36299004	36318123	20	-0.2397
ec841cbe-4820-4d18-87e7-e64416d0d3fb	11	36320085	36375409	33	0.61
ec841cbe-4820-4d18-87e7-e64416d0d3fb	11	36377781	39590104	1464	-0.3113
ec841cbe-4820-4d18-87e7-e64416d0d3fb	11	39592370	39797421	158	-1.1487
ec841cbe-4820-4d18-87e7-e64416d0d3fb	11	39807769	56244856	5715	-0.3192
ec841cbe-4820-4d18-87e7-e64416d0d3fb	11	56246322	68764920	5428	0.2091
ec841cbe-4820-4d18-87e7-e64416d0d3fb	11	68769366	68769371	2	-1.1722
ec841cbe-4820-4d18-87e7-e64416d0d3fb	11	68769544	69845714	659	0.2234
ec841cbe-4820-4d18-87e7-e64416d0d3fb	11	69846566	71303065	741	-0.3463
ec841cbe-4820-4d18-87e7-e64416d0d3fb	11	71303384	121623748	31295	-0.2935
ec841cbe-4820-4d18-87e7-e64416d0d3fb	11	121624846	126606810	3474	-0.3288
ec841cbe-4820-4d18-87e7-e64416d0d3fb	11	126607546	126609796	3	-1.5116
ec841cbe-4820-4d18-87e7-e64416d0d3fb	11	126609901	133873927	5095	-0.2977
ec841cbe-4820-4d18-87e7-e64416d0d3fb	11	133886189	134272740	115	-1.1191
ec841cbe-4820-4d18-87e7-e64416d0d3fb	12	780472	15206177	8242	0.2191
ec841cbe-4820-4d18-87e7-e64416d0d3fb	12	15206307	18229736	1760	0.9136
ec841cbe-4820-4d18-87e7-e64416d0d3fb	12	18229773	18235793	15	0.4509
ec841cbe-4820-4d18-87e7-e64416d0d3fb	12	18235993	19190804	592	0.9054
ec841cbe-4820-4d18-87e7-e64416d0d3fb	12	19191178	28512455	5961	0.5994
ec841cbe-4820-4d18-87e7-e64416d0d3fb	12	28512775	31259292	1839	0.2271
ec841cbe-4820-4d18-87e7-e64416d0d3fb	12	31259735	32491383	763	0.1501
ec841cbe-4820-4d18-87e7-e64416d0d3fb	12	32492125	32680414	128	0.2043
ec841cbe-4820-4d18-87e7-e64416d0d3fb	12	32681210	33368216	385	0.8393
ec841cbe-4820-4d18-87e7-e64416d0d3fb	12	38827290	39072483	119	0.5829
ec841cbe-4820-4d18-87e7-e64416d0d3fb	12	39072483	48465600	5265	0.228
ec841cbe-4820-4d18-87e7-e64416d0d3fb	12	48465713	51357803	1344	0.1727
ec841cbe-4820-4d18-87e7-e64416d0d3fb	12	51359113	96500887	27169	0.2269
ec841cbe-4820-4d18-87e7-e64416d0d3fb	12	96506979	101701823	3325	-0.2914
ec841cbe-4820-4d18-87e7-e64416d0d3fb	12	101715263	101782375	40	-1.2606
ec841cbe-4820-4d18-87e7-e64416d0d3fb	12	101784062	117095431	9442	-0.3118
ec841cbe-4820-4d18-87e7-e64416d0d3fb	12	117096902	117097305	2	-1.6556
ec841cbe-4820-4d18-87e7-e64416d0d3fb	12	117101681	121203706	2586	-0.321
ec841cbe-4820-4d18-87e7-e64416d0d3fb	12	121203822	121206053	2	-1.7468
ec841cbe-4820-4d18-87e7-e64416d0d3fb	12	121206766	129318981	4358	-0.3029
ec841cbe-4820-4d18-87e7-e64416d0d3fb	12	130590621	131573997	631	0.2321
ec841cbe-4820-4d18-87e7-e64416d0d3fb	12	131584452	131889804	130	-1.2334
ec841cbe-4820-4d18-87e7-e64416d0d3fb	12	131891797	131892538	4	0.1874
ec841cbe-4820-4d18-87e7-e64416d0d3fb	12	131897456	132605822	118	-1.1495
ec841cbe-4820-4d18-87e7-e64416d0d3fb	13	18874255	37030881	11316	-0.6592
ec841cbe-4820-4d18-87e7-e64416d0d3fb	13	37032512	37321192	174	-0.0762
ec841cbe-4820-4d18-87e7-e64416d0d3fb	13	37323669	37551050	161	0.0546
ec841cbe-4820-4d18-87e7-e64416d0d3fb	13	37551077	37566177	15	-0.1511
ec841cbe-4820-4d18-87e7-e64416d0d3fb	13	37566616	78846118	22974	-0.7071
ec841cbe-4820-4d18-87e7-e64416d0d3fb	13	78862485	110192713	19936	-0.6743
ec841cbe-4820-4d18-87e7-e64416d0d3fb	13	110192730	114226675	2097	-0.7353
ec841cbe-4820-4d18-87e7-e64416d0d3fb	14	20033191	31387865	5652	-0.3046
ec841cbe-4820-4d18-87e7-e64416d0d3fb	14	31388819	51397166	10601	-0.2387
ec841cbe-4820-4d18-87e7-e64416d0d3fb	14	51398622	51585496	178	-4.5024
ec841cbe-4820-4d18-87e7-e64416d0d3fb	14	51587872	67929514	10145	-0.3113
ec841cbe-4820-4d18-87e7-e64416d0d3fb	14	67933159	68346039	174	-0.5756
ec841cbe-4820-4d18-87e7-e64416d0d3fb	14	68346398	77899645	5946	-0.3248
ec841cbe-4820-4d18-87e7-e64416d0d3fb	14	77900624	78238221	319	-4.3442
ec841cbe-4820-4d18-87e7-e64416d0d3fb	14	78240570	86618960	5434	-0.3103
ec841cbe-4820-4d18-87e7-e64416d0d3fb	14	86618964	86624521	2	-2.4616
ec841cbe-4820-4d18-87e7-e64416d0d3fb	14	86626191	99182754	8290	-0.3111
ec841cbe-4820-4d18-87e7-e64416d0d3fb	14	99183226	99183260	2	1.2305
ec841cbe-4820-4d18-87e7-e64416d0d3fb	14	99183417	105533894	2896	-0.3275
ec841cbe-4820-4d18-87e7-e64416d0d3fb	15	23437561	27855797	2714	0.2955
ec841cbe-4820-4d18-87e7-e64416d0d3fb	15	28213684	31663787	572	0.1208
ec841cbe-4820-4d18-87e7-e64416d0d3fb	15	31664417	35670880	2035	0.2914
ec841cbe-4820-4d18-87e7-e64416d0d3fb	15	35674978	46950375	6362	-0.927
ec841cbe-4820-4d18-87e7-e64416d0d3fb	15	46953102	49497216	1609	0.1439
ec841cbe-4820-4d18-87e7-e64416d0d3fb	15	49497767	49502651	2	0.9932
ec841cbe-4820-4d18-87e7-e64416d0d3fb	15	49504867	50063429	342	0.1576
ec841cbe-4820-4d18-87e7-e64416d0d3fb	15	50064149	51113053	546	0.0856
ec841cbe-4820-4d18-87e7-e64416d0d3fb	15	51113314	54862877	2627	0.1406
ec841cbe-4820-4d18-87e7-e64416d0d3fb	15	54863638	57341120	1330	0.0932
ec841cbe-4820-4d18-87e7-e64416d0d3fb	15	57342213	58571252	930	0.1742
ec841cbe-4820-4d18-87e7-e64416d0d3fb	15	58571265	85689778	15722	0.1188
ec841cbe-4820-4d18-87e7-e64416d0d3fb	15	85690120	91393866	3735	0.1486
ec841cbe-4820-4d18-87e7-e64416d0d3fb	15	91398399	92583935	1071	-0.5524
ec841cbe-4820-4d18-87e7-e64416d0d3fb	15	92586340	97680724	3037	-0.3094
ec841cbe-4820-4d18-87e7-e64416d0d3fb	15	97680965	101344124	2058	-0.2409
ec841cbe-4820-4d18-87e7-e64416d0d3fb	16	603333	2544037	523	-0.167
ec841cbe-4820-4d18-87e7-e64416d0d3fb	16	2697856	2833162	54	-0.8396
ec841cbe-4820-4d18-87e7-e64416d0d3fb	16	2837326	3015067	70	-0.1974
ec841cbe-4820-4d18-87e7-e64416d0d3fb	16	3015192	5019981	990	-0.9222
ec841cbe-4820-4d18-87e7-e64416d0d3fb	16	5020501	5057989	24	-5.4513
ec841cbe-4820-4d18-87e7-e64416d0d3fb	16	5060799	5066160	4	-0.5945
ec841cbe-4820-4d18-87e7-e64416d0d3fb	16	5066533	11810314	4464	-0.302
ec841cbe-4820-4d18-87e7-e64416d0d3fb	16	11814939	12223690	237	0.2049
ec841cbe-4820-4d18-87e7-e64416d0d3fb	16	12224199	12229452	3	-0.6743
ec841cbe-4820-4d18-87e7-e64416d0d3fb	16	12233489	13304855	873	0.2138
ec841cbe-4820-4d18-87e7-e64416d0d3fb	16	13316976	13321028	3	-0.276
ec841cbe-4820-4d18-87e7-e64416d0d3fb	16	13321361	14657199	951	-1.133
ec841cbe-4820-4d18-87e7-e64416d0d3fb	16	18797068	23754034	1969	0.1287
ec841cbe-4820-4d18-87e7-e64416d0d3fb	16	23757389	24112718	259	-0.3906
ec841cbe-4820-4d18-87e7-e64416d0d3fb	16	24116606	30308694	2980	0.1453
ec841cbe-4820-4d18-87e7-e64416d0d3fb	16	30308986	31841585	576	-0.3721
ec841cbe-4820-4d18-87e7-e64416d0d3fb	16	46470502	47450928	384	0.5117
ec841cbe-4820-4d18-87e7-e64416d0d3fb	16	47458152	47469992	6	0.149
ec841cbe-4820-4d18-87e7-e64416d0d3fb	16	47475024	47644787	54	-0.3568
ec841cbe-4820-4d18-87e7-e64416d0d3fb	16	47652313	53259845	3793	0.1564
ec841cbe-4820-4d18-87e7-e64416d0d3fb	16	53264277	53339018	48	-0.3426
ec841cbe-4820-4d18-87e7-e64416d0d3fb	16	53339036	53679309	312	0.1112
ec841cbe-4820-4d18-87e7-e64416d0d3fb	16	53681715	53872187	144	-0.4098
ec841cbe-4820-4d18-87e7-e64416d0d3fb	16	53874676	53892878	15	0.1168
ec841cbe-4820-4d18-87e7-e64416d0d3fb	16	53894695	53955066	43	-0.4226
ec841cbe-4820-4d18-87e7-e64416d0d3fb	16	53957443	53958347	2	-1.9323
ec841cbe-4820-4d18-87e7-e64416d0d3fb	16	53958792	56814017	2090	-0.3863
ec841cbe-4820-4d18-87e7-e64416d0d3fb	16	56820617	65204042	5285	0.1502
ec841cbe-4820-4d18-87e7-e64416d0d3fb	16	65204159	89317317	14926	-0.3931
ec841cbe-4820-4d18-87e7-e64416d0d3fb	17	1074619	5349516	1868	0.4917
ec841cbe-4820-4d18-87e7-e64416d0d3fb	17	5360808	5523382	78	-0.4144
ec841cbe-4820-4d18-87e7-e64416d0d3fb	17	5524275	7511142	1185	0.5016
ec841cbe-4820-4d18-87e7-e64416d0d3fb	17	7516945	7718146	81	-0.3581
ec841cbe-4820-4d18-87e7-e64416d0d3fb	17	7724147	7736431	8	0.2247
ec841cbe-4820-4d18-87e7-e64416d0d3fb	17	7741014	8093553	148	-0.3645
ec841cbe-4820-4d18-87e7-e64416d0d3fb	17	8094181	19486783	5693	0.5464
ec841cbe-4820-4d18-87e7-e64416d0d3fb	17	19494142	19495910	4	-0.373
ec841cbe-4820-4d18-87e7-e64416d0d3fb	17	19498115	19971349	257	0.5148
ec841cbe-4820-4d18-87e7-e64416d0d3fb	17	19971624	26943491	408	0.7827
ec841cbe-4820-4d18-87e7-e64416d0d3fb	17	26943774	28168562	605	0.183
ec841cbe-4820-4d18-87e7-e64416d0d3fb	17	28173585	68932547	19873	-0.3353
ec841cbe-4820-4d18-87e7-e64416d0d3fb	17	68936862	77855384	5012	0.5668
ec841cbe-4820-4d18-87e7-e64416d0d3fb	17	77857196	77872544	2	-0.7177
ec841cbe-4820-4d18-87e7-e64416d0d3fb	17	77873894	79241401	560	0.5776
ec841cbe-4820-4d18-87e7-e64416d0d3fb	17	79245328	79266984	23	0.2419
ec841cbe-4820-4d18-87e7-e64416d0d3fb	17	79267051	80917720	776	0.5928
ec841cbe-4820-4d18-87e7-e64416d0d3fb	17	80920222	81139641	64	-0.3076
ec841cbe-4820-4d18-87e7-e64416d0d3fb	17	81168461	82727657	448	0.5243
ec841cbe-4820-4d18-87e7-e64416d0d3fb	17	82734190	82955029	118	1.0915
ec841cbe-4820-4d18-87e7-e64416d0d3fb	17	82955792	82959812	3	0.4543
ec841cbe-4820-4d18-87e7-e64416d0d3fb	18	326691	367725	45	0.3161
ec841cbe-4820-4d18-87e7-e64416d0d3fb	18	891647	8913879	4765	-0.2588
ec841cbe-4820-4d18-87e7-e64416d0d3fb	18	8915839	8941878	13	-1.0974
ec841cbe-4820-4d18-87e7-e64416d0d3fb	18	8943845	8978367	31	-0.4157
ec841cbe-4820-4d18-87e7-e64416d0d3fb	18	8978445	9164783	119	-1.0621
ec841cbe-4820-4d18-87e7-e64416d0d3fb	18	9165448	9327028	73	-0.3107
ec841cbe-4820-4d18-87e7-e64416d0d3fb	18	9329269	9522518	113	-1.018
ec841cbe-4820-4d18-87e7-e64416d0d3fb	18	9522608	9598427	45	-0.2582
ec841cbe-4820-4d18-87e7-e64416d0d3fb	18	9604233	9609299	2	-1.4584
ec841cbe-4820-4d18-87e7-e64416d0d3fb	18	9609337	13083401	2316	-0.2635
ec841cbe-4820-4d18-87e7-e64416d0d3fb	18	13089503	13497072	254	-1.0258
ec841cbe-4820-4d18-87e7-e64416d0d3fb	18	13499639	13500286	3	-4.5961
ec841cbe-4820-4d18-87e7-e64416d0d3fb	18	13503958	13541606	43	-1.2693
ec841cbe-4820-4d18-87e7-e64416d0d3fb	18	13543748	13558434	22	-0.2605
ec841cbe-4820-4d18-87e7-e64416d0d3fb	18	13559837	13626102	49	-0.9354
ec841cbe-4820-4d18-87e7-e64416d0d3fb	18	13628419	14661644	343	-0.2387
ec841cbe-4820-4d18-87e7-e64416d0d3fb	18	21109102	21247515	50	0.1639
ec841cbe-4820-4d18-87e7-e64416d0d3fb	18	21248400	24455167	1746	0.2526
ec841cbe-4820-4d18-87e7-e64416d0d3fb	18	24455450	25931632	1060	0.3135
ec841cbe-4820-4d18-87e7-e64416d0d3fb	18	25932177	27671718	1093	0.2454
ec841cbe-4820-4d18-87e7-e64416d0d3fb	18	27672051	30117173	1402	0.1078
ec841cbe-4820-4d18-87e7-e64416d0d3fb	18	30118621	33149485	1938	-0.2374
ec841cbe-4820-4d18-87e7-e64416d0d3fb	18	33149863	33778819	399	0.2352
ec841cbe-4820-4d18-87e7-e64416d0d3fb	18	33779747	35619607	1032	-0.2823
ec841cbe-4820-4d18-87e7-e64416d0d3fb	18	35622735	36374095	373	-0.162
ec841cbe-4820-4d18-87e7-e64416d0d3fb	18	36374513	70328330	21166	-0.298
ec841cbe-4820-4d18-87e7-e64416d0d3fb	18	70331039	74252354	968	0.0169
ec841cbe-4820-4d18-87e7-e64416d0d3fb	18	74252501	74939403	446	0.4717
ec841cbe-4820-4d18-87e7-e64416d0d3fb	18	74983743	77735871	2026	0.1061
ec841cbe-4820-4d18-87e7-e64416d0d3fb	18	77736382	78812354	627	0.4959
ec841cbe-4820-4d18-87e7-e64416d0d3fb	18	78827084	79349796	293	0.9965
ec841cbe-4820-4d18-87e7-e64416d0d3fb	19	283868	1130949	167	-0.0748
ec841cbe-4820-4d18-87e7-e64416d0d3fb	19	1135486	7166127	1816	0.2928
ec841cbe-4820-4d18-87e7-e64416d0d3fb	19	7168922	7261430	67	-0.1167
ec841cbe-4820-4d18-87e7-e64416d0d3fb	19	7263685	7401251	50	0.2968
ec841cbe-4820-4d18-87e7-e64416d0d3fb	19	7415478	7438859	16	-0.0748
ec841cbe-4820-4d18-87e7-e64416d0d3fb	19	7439612	9007827	734	0.3168
ec841cbe-4820-4d18-87e7-e64416d0d3fb	19	9021939	14603305	2361	-0.1021
ec841cbe-4820-4d18-87e7-e64416d0d3fb	19	14606729	18034672	1797	-0.0277
ec841cbe-4820-4d18-87e7-e64416d0d3fb	19	18036257	27749586	2044	0.3649
ec841cbe-4820-4d18-87e7-e64416d0d3fb	19	27749601	29712004	1531	0.7094
ec841cbe-4820-4d18-87e7-e64416d0d3fb	19	29717017	30129175	297	0.4015
ec841cbe-4820-4d18-87e7-e64416d0d3fb	19	30132207	31990392	1322	0.0173
ec841cbe-4820-4d18-87e7-e64416d0d3fb	19	31991167	58370362	11923	-0.064
ec841cbe-4820-4d18-87e7-e64416d0d3fb	20	472817	2875532	1645	0.1655
ec841cbe-4820-4d18-87e7-e64416d0d3fb	20	2877045	3127107	125	0.0899
ec841cbe-4820-4d18-87e7-e64416d0d3fb	20	3129404	19580966	10994	-0.3794
ec841cbe-4820-4d18-87e7-e64416d0d3fb	20	19583043	21602001	1447	0.8254
ec841cbe-4820-4d18-87e7-e64416d0d3fb	20	21603921	23418101	1374	0.5488
ec841cbe-4820-4d18-87e7-e64416d0d3fb	20	23418250	25552858	1103	0.858
ec841cbe-4820-4d18-87e7-e64416d0d3fb	20	25553798	26215627	228	0.7364
ec841cbe-4820-4d18-87e7-e64416d0d3fb	20	26217263	32491451	576	0.5108
ec841cbe-4820-4d18-87e7-e64416d0d3fb	20	32491454	35379389	1427	0.7926
ec841cbe-4820-4d18-87e7-e64416d0d3fb	20	35383230	37003824	672	0.4975
ec841cbe-4820-4d18-87e7-e64416d0d3fb	20	37009466	37148663	166	0.3522
ec841cbe-4820-4d18-87e7-e64416d0d3fb	20	37149272	37504748	185	0.5199
ec841cbe-4820-4d18-87e7-e64416d0d3fb	20	37505535	39227044	1081	0.8111
ec841cbe-4820-4d18-87e7-e64416d0d3fb	20	39227430	40092373	686	0.5815
ec841cbe-4820-4d18-87e7-e64416d0d3fb	20	40096868	40097918	2	-0.3948
ec841cbe-4820-4d18-87e7-e64416d0d3fb	20	40107414	40897395	572	0.558
ec841cbe-4820-4d18-87e7-e64416d0d3fb	20	40897857	46163333	3360	0.5223
ec841cbe-4820-4d18-87e7-e64416d0d3fb	20	46163994	47131890	790	0.556
ec841cbe-4820-4d18-87e7-e64416d0d3fb	20	47133061	47615095	258	0.4227
ec841cbe-4820-4d18-87e7-e64416d0d3fb	20	47616516	48489519	735	0.5289
ec841cbe-4820-4d18-87e7-e64416d0d3fb	20	48489530	48519878	5	-0.1865
ec841cbe-4820-4d18-87e7-e64416d0d3fb	20	48533224	58938052	7166	0.5245
ec841cbe-4820-4d18-87e7-e64416d0d3fb	20	58938353	63588502	2915	0.8105
ec841cbe-4820-4d18-87e7-e64416d0d3fb	21	13974127	14780425	523	-0.3003
ec841cbe-4820-4d18-87e7-e64416d0d3fb	21	14787280	19488842	2958	-1.1539
ec841cbe-4820-4d18-87e7-e64416d0d3fb	21	19489934	19520174	29	-0.2581
ec841cbe-4820-4d18-87e7-e64416d0d3fb	21	19524467	19614229	55	-1.2289
ec841cbe-4820-4d18-87e7-e64416d0d3fb	21	19618029	19719273	74	-3.4821
ec841cbe-4820-4d18-87e7-e64416d0d3fb	21	19727627	21633488	1252	-1.2042
ec841cbe-4820-4d18-87e7-e64416d0d3fb	21	21636573	24046980	1166	-0.3203
ec841cbe-4820-4d18-87e7-e64416d0d3fb	21	24052314	26199606	1492	0.185
ec841cbe-4820-4d18-87e7-e64416d0d3fb	21	26200369	46262057	12955	-0.3199
ec841cbe-4820-4d18-87e7-e64416d0d3fb	22	16934932	17682327	436	0.476
ec841cbe-4820-4d18-87e7-e64416d0d3fb	22	17688483	18131162	334	-0.3367
ec841cbe-4820-4d18-87e7-e64416d0d3fb	22	21741482	43440249	12238	0.5383
ec841cbe-4820-4d18-87e7-e64416d0d3fb	22	43441296	43452506	12	1.0016
ec841cbe-4820-4d18-87e7-e64416d0d3fb	22	43455585	43489501	20	0.5488
ec841cbe-4820-4d18-87e7-e64416d0d3fb	22	43505854	44132860	497	0.9925
ec841cbe-4820-4d18-87e7-e64416d0d3fb	22	44133165	48940621	3541	0.5475
ec841cbe-4820-4d18-87e7-e64416d0d3fb	X	3236359	13553184	3772	0.5563
ec841cbe-4820-4d18-87e7-e64416d0d3fb	X	13555252	21413245	3550	0.4772
ec841cbe-4820-4d18-87e7-e64416d0d3fb	X	21416549	23563934	1137	0.5488
ec841cbe-4820-4d18-87e7-e64416d0d3fb	X	23575351	23655367	97	1.4235
ec841cbe-4820-4d18-87e7-e64416d0d3fb	X	23656651	23658350	4	0.2975
ec841cbe-4820-4d18-87e7-e64416d0d3fb	X	23658775	27506508	2064	1.4358
ec841cbe-4820-4d18-87e7-e64416d0d3fb	X	27507550	31210102	1930	1.0375
ec841cbe-4820-4d18-87e7-e64416d0d3fb	X	31211582	32353673	814	0.5142
ec841cbe-4820-4d18-87e7-e64416d0d3fb	X	32360275	32951163	399	-0.3876
ec841cbe-4820-4d18-87e7-e64416d0d3fb	X	34015333	37309593	1307	0.4687
ec841cbe-4820-4d18-87e7-e64416d0d3fb	X	37310030	40485859	1625	0.5199
ec841cbe-4820-4d18-87e7-e64416d0d3fb	X	40485986	58291715	7095	0.4679
ec841cbe-4820-4d18-87e7-e64416d0d3fb	X	62952913	78856664	5510	-0.393
ec841cbe-4820-4d18-87e7-e64416d0d3fb	X	78858210	93024074	5849	-0.3224
ec841cbe-4820-4d18-87e7-e64416d0d3fb	X	93035716	154080269	27872	-0.3825
ec841cbe-4820-4d18-87e7-e64416d0d3fb	X	154082136	154082978	2	-3.8268
ec841cbe-4820-4d18-87e7-e64416d0d3fb	X	154083133	155677414	112	-0.3829
