GDC_Aliquot	Chromosome	Start	End	Num_Probes	Segment_Mean
6af033f7-10e9-4692-b0bf-4c54e6e23e88	1	3301765	46542172	23148	0.0235
6af033f7-10e9-4692-b0bf-4c54e6e23e88	1	46542315	93624151	29189	0.0655
6af033f7-10e9-4692-b0bf-4c54e6e23e88	1	93624174	93629703	2	-2.066
6af033f7-10e9-4692-b0bf-4c54e6e23e88	1	93630766	152372861	16794	0.0583
6af033f7-10e9-4692-b0bf-4c54e6e23e88	1	152375887	152382758	8	1.2465
6af033f7-10e9-4692-b0bf-4c54e6e23e88	1	152393104	153133819	470	0.0423
6af033f7-10e9-4692-b0bf-4c54e6e23e88	1	153143621	153181232	42	1.2119
6af033f7-10e9-4692-b0bf-4c54e6e23e88	1	153187352	153504815	210	0.0439
6af033f7-10e9-4692-b0bf-4c54e6e23e88	1	153508655	153564432	23	1.815
6af033f7-10e9-4692-b0bf-4c54e6e23e88	1	153566296	153603920	14	2.8339
6af033f7-10e9-4692-b0bf-4c54e6e23e88	1	153605427	154116932	182	0.0078
6af033f7-10e9-4692-b0bf-4c54e6e23e88	1	154119580	154225245	50	1.2498
6af033f7-10e9-4692-b0bf-4c54e6e23e88	1	154237475	154362941	59	0.0431
6af033f7-10e9-4692-b0bf-4c54e6e23e88	1	154369831	154413573	23	1.1913
6af033f7-10e9-4692-b0bf-4c54e6e23e88	1	154414308	154512673	48	0.0414
6af033f7-10e9-4692-b0bf-4c54e6e23e88	1	154517276	154595865	50	1.1534
6af033f7-10e9-4692-b0bf-4c54e6e23e88	1	154596207	154613715	11	0.103
6af033f7-10e9-4692-b0bf-4c54e6e23e88	1	154616708	154637181	13	1.8616
6af033f7-10e9-4692-b0bf-4c54e6e23e88	1	154637796	155034478	235	0.0042
6af033f7-10e9-4692-b0bf-4c54e6e23e88	1	155036134	155348517	132	-0.4055
6af033f7-10e9-4692-b0bf-4c54e6e23e88	1	155349209	156669208	579	0.0007
6af033f7-10e9-4692-b0bf-4c54e6e23e88	1	156669479	157024075	173	-0.3855
6af033f7-10e9-4692-b0bf-4c54e6e23e88	1	157027096	157068435	19	1.3107
6af033f7-10e9-4692-b0bf-4c54e6e23e88	1	157069608	159248028	1463	-0.3374
6af033f7-10e9-4692-b0bf-4c54e6e23e88	1	159251489	159467867	109	0.136
6af033f7-10e9-4692-b0bf-4c54e6e23e88	1	159468196	160018330	394	-0.3445
6af033f7-10e9-4692-b0bf-4c54e6e23e88	1	160018895	160094628	37	0.5166
6af033f7-10e9-4692-b0bf-4c54e6e23e88	1	160102029	160144618	31	0.9448
6af033f7-10e9-4692-b0bf-4c54e6e23e88	1	160149919	160462638	211	0.5539
6af033f7-10e9-4692-b0bf-4c54e6e23e88	1	160466907	161439440	564	-0.3787
6af033f7-10e9-4692-b0bf-4c54e6e23e88	1	161476338	161733735	64	0.3671
6af033f7-10e9-4692-b0bf-4c54e6e23e88	1	161733754	161763537	20	1.3864
6af033f7-10e9-4692-b0bf-4c54e6e23e88	1	161770103	161808904	24	0.3668
6af033f7-10e9-4692-b0bf-4c54e6e23e88	1	161811189	161910856	57	1.2644
6af033f7-10e9-4692-b0bf-4c54e6e23e88	1	161911266	162152029	217	0.3932
6af033f7-10e9-4692-b0bf-4c54e6e23e88	1	162152837	162166427	21	1.7871
6af033f7-10e9-4692-b0bf-4c54e6e23e88	1	162169822	162429268	247	0.4258
6af033f7-10e9-4692-b0bf-4c54e6e23e88	1	162440991	162615114	90	1.1938
6af033f7-10e9-4692-b0bf-4c54e6e23e88	1	162615733	162636938	16	0.2423
6af033f7-10e9-4692-b0bf-4c54e6e23e88	1	162637840	162641725	4	1.5764
6af033f7-10e9-4692-b0bf-4c54e6e23e88	1	162644529	162686399	44	0.3432
6af033f7-10e9-4692-b0bf-4c54e6e23e88	1	162687780	171143351	6324	-0.3429
6af033f7-10e9-4692-b0bf-4c54e6e23e88	1	171146991	171203641	58	0.9777
6af033f7-10e9-4692-b0bf-4c54e6e23e88	1	171203982	171561090	211	-0.3379
6af033f7-10e9-4692-b0bf-4c54e6e23e88	1	171562020	171578529	11	2.52
6af033f7-10e9-4692-b0bf-4c54e6e23e88	1	171579478	173179579	1073	-0.3697
6af033f7-10e9-4692-b0bf-4c54e6e23e88	1	173181825	173193328	13	0.3279
6af033f7-10e9-4692-b0bf-4c54e6e23e88	1	173193862	173214962	14	1.5318
6af033f7-10e9-4692-b0bf-4c54e6e23e88	1	173218636	173282363	23	-0.1917
6af033f7-10e9-4692-b0bf-4c54e6e23e88	1	173282894	173365346	65	0.4663
6af033f7-10e9-4692-b0bf-4c54e6e23e88	1	173366287	173386954	15	0.1731
6af033f7-10e9-4692-b0bf-4c54e6e23e88	1	173389022	173731493	189	-0.3107
6af033f7-10e9-4692-b0bf-4c54e6e23e88	1	173732443	173844310	66	1.981
6af033f7-10e9-4692-b0bf-4c54e6e23e88	1	173848463	180808669	4002	-0.3407
6af033f7-10e9-4692-b0bf-4c54e6e23e88	1	180815368	180856755	19	1.8536
6af033f7-10e9-4692-b0bf-4c54e6e23e88	1	180857228	180907178	24	-0.3838
6af033f7-10e9-4692-b0bf-4c54e6e23e88	1	180910028	181428088	369	-0.1183
6af033f7-10e9-4692-b0bf-4c54e6e23e88	1	181428319	183189875	1233	-0.356
6af033f7-10e9-4692-b0bf-4c54e6e23e88	1	183190944	183239951	49	1.3437
6af033f7-10e9-4692-b0bf-4c54e6e23e88	1	183242306	183478195	180	-0.3445
6af033f7-10e9-4692-b0bf-4c54e6e23e88	1	183485040	183525079	20	0.6277
6af033f7-10e9-4692-b0bf-4c54e6e23e88	1	183525318	247650984	40637	-0.3504
6af033f7-10e9-4692-b0bf-4c54e6e23e88	2	480597	241537572	132193	0.0333
6af033f7-10e9-4692-b0bf-4c54e6e23e88	3	2170634	45623207	25952	0.0609
6af033f7-10e9-4692-b0bf-4c54e6e23e88	3	45625895	50562227	2154	0.0106
6af033f7-10e9-4692-b0bf-4c54e6e23e88	3	50563014	91462299	23161	0.0691
6af033f7-10e9-4692-b0bf-4c54e6e23e88	3	94015345	113834963	10861	-0.1139
6af033f7-10e9-4692-b0bf-4c54e6e23e88	3	113841173	116107806	1290	0.1394
6af033f7-10e9-4692-b0bf-4c54e6e23e88	3	116107926	129399740	7854	-0.1333
6af033f7-10e9-4692-b0bf-4c54e6e23e88	3	129402238	129407029	5	-1.6073
6af033f7-10e9-4692-b0bf-4c54e6e23e88	3	129410310	190298834	32383	-0.1169
6af033f7-10e9-4692-b0bf-4c54e6e23e88	3	190299847	190301771	3	-2.2108
6af033f7-10e9-4692-b0bf-4c54e6e23e88	3	190304359	197812401	3472	-0.1273
6af033f7-10e9-4692-b0bf-4c54e6e23e88	4	1059384	187842528	103483	0.0467
6af033f7-10e9-4692-b0bf-4c54e6e23e88	5	913983	1020239	51	0.4982
6af033f7-10e9-4692-b0bf-4c54e6e23e88	5	1021104	1300469	11	2.0937
6af033f7-10e9-4692-b0bf-4c54e6e23e88	5	1308437	1397892	46	1.2903
6af033f7-10e9-4692-b0bf-4c54e6e23e88	5	1402103	2244373	261	1.7467
6af033f7-10e9-4692-b0bf-4c54e6e23e88	5	2250995	2381097	155	1.3996
6af033f7-10e9-4692-b0bf-4c54e6e23e88	5	2382078	2608755	210	0.8498
6af033f7-10e9-4692-b0bf-4c54e6e23e88	5	2609236	2632598	21	1.5112
6af033f7-10e9-4692-b0bf-4c54e6e23e88	5	2635286	2822089	185	0.6255
6af033f7-10e9-4692-b0bf-4c54e6e23e88	5	2824179	3004103	143	0.3606
6af033f7-10e9-4692-b0bf-4c54e6e23e88	5	3004470	3130687	75	0.5679
6af033f7-10e9-4692-b0bf-4c54e6e23e88	5	3131619	3351772	245	0.2815
6af033f7-10e9-4692-b0bf-4c54e6e23e88	5	3353099	4138994	661	-0.3841
6af033f7-10e9-4692-b0bf-4c54e6e23e88	5	4141149	4855557	502	0.0415
6af033f7-10e9-4692-b0bf-4c54e6e23e88	5	4857899	5521164	619	0.2647
6af033f7-10e9-4692-b0bf-4c54e6e23e88	5	5521479	5923477	336	-0.1135
6af033f7-10e9-4692-b0bf-4c54e6e23e88	5	5926075	5927683	3	0.9428
6af033f7-10e9-4692-b0bf-4c54e6e23e88	5	5928867	6048880	118	-0.1335
6af033f7-10e9-4692-b0bf-4c54e6e23e88	5	6052420	6219552	131	1.5266
6af033f7-10e9-4692-b0bf-4c54e6e23e88	5	6223920	6364926	112	-0.1315
6af033f7-10e9-4692-b0bf-4c54e6e23e88	5	6366864	6471231	77	0.2915
6af033f7-10e9-4692-b0bf-4c54e6e23e88	5	6473591	6487513	12	0.9488
6af033f7-10e9-4692-b0bf-4c54e6e23e88	5	6487924	6858964	338	0.2652
6af033f7-10e9-4692-b0bf-4c54e6e23e88	5	6862090	7168841	262	-0.3155
6af033f7-10e9-4692-b0bf-4c54e6e23e88	5	7204503	7302780	42	0.261
6af033f7-10e9-4692-b0bf-4c54e6e23e88	5	7303763	7771486	296	-0.3647
6af033f7-10e9-4692-b0bf-4c54e6e23e88	5	7777630	7946149	141	1.0742
6af033f7-10e9-4692-b0bf-4c54e6e23e88	5	7947535	7984119	37	-0.3322
6af033f7-10e9-4692-b0bf-4c54e6e23e88	5	7988586	8006543	19	0.7286
6af033f7-10e9-4692-b0bf-4c54e6e23e88	5	8006918	8029152	11	1.1344
6af033f7-10e9-4692-b0bf-4c54e6e23e88	5	8030992	8055206	28	0.5587
6af033f7-10e9-4692-b0bf-4c54e6e23e88	5	8055577	8062559	12	0.9291
6af033f7-10e9-4692-b0bf-4c54e6e23e88	5	8062635	8072958	8	0.5263
6af033f7-10e9-4692-b0bf-4c54e6e23e88	5	8073001	8130249	33	0.9516
6af033f7-10e9-4692-b0bf-4c54e6e23e88	5	8130321	8312995	142	0.6408
6af033f7-10e9-4692-b0bf-4c54e6e23e88	5	8317094	8321393	6	-0.2039
6af033f7-10e9-4692-b0bf-4c54e6e23e88	5	8321882	8334101	14	0.8276
6af033f7-10e9-4692-b0bf-4c54e6e23e88	5	8334269	8649688	246	-0.3199
6af033f7-10e9-4692-b0bf-4c54e6e23e88	5	8649891	8844066	123	0.182
6af033f7-10e9-4692-b0bf-4c54e6e23e88	5	8850602	8869644	15	1.1712
6af033f7-10e9-4692-b0bf-4c54e6e23e88	5	8873031	8887002	10	0.1137
6af033f7-10e9-4692-b0bf-4c54e6e23e88	5	8887655	8903428	28	0.5652
6af033f7-10e9-4692-b0bf-4c54e6e23e88	5	8903673	8905021	4	1.2498
6af033f7-10e9-4692-b0bf-4c54e6e23e88	5	8908421	8931406	15	-0.3017
6af033f7-10e9-4692-b0bf-4c54e6e23e88	5	8933018	8947857	16	0.5021
6af033f7-10e9-4692-b0bf-4c54e6e23e88	5	8948423	9001249	48	-0.2306
6af033f7-10e9-4692-b0bf-4c54e6e23e88	5	9009563	9050708	32	0.3598
6af033f7-10e9-4692-b0bf-4c54e6e23e88	5	9053716	9201556	155	1.3529
6af033f7-10e9-4692-b0bf-4c54e6e23e88	5	9201743	9603186	289	1.1325
6af033f7-10e9-4692-b0bf-4c54e6e23e88	5	9603253	9667686	60	1.3085
6af033f7-10e9-4692-b0bf-4c54e6e23e88	5	9668754	9672327	3	2.4836
6af033f7-10e9-4692-b0bf-4c54e6e23e88	5	9673019	9702177	27	1.1822
6af033f7-10e9-4692-b0bf-4c54e6e23e88	5	9704921	9819862	87	1.5728
6af033f7-10e9-4692-b0bf-4c54e6e23e88	5	9820934	10044285	198	1.1979
6af033f7-10e9-4692-b0bf-4c54e6e23e88	5	10054235	10183952	121	1.3938
6af033f7-10e9-4692-b0bf-4c54e6e23e88	5	10186115	10695268	349	1.626
6af033f7-10e9-4692-b0bf-4c54e6e23e88	5	10695414	11095203	109	1.3597
6af033f7-10e9-4692-b0bf-4c54e6e23e88	5	11097911	11297778	186	0.1309
6af033f7-10e9-4692-b0bf-4c54e6e23e88	5	11298111	14194506	1687	-0.3269
6af033f7-10e9-4692-b0bf-4c54e6e23e88	5	14194643	14194660	2	-2.0256
6af033f7-10e9-4692-b0bf-4c54e6e23e88	5	14197535	15194969	724	-0.3516
6af033f7-10e9-4692-b0bf-4c54e6e23e88	5	15201948	15329784	63	0.671
6af033f7-10e9-4692-b0bf-4c54e6e23e88	5	15329983	15332597	12	0.2715
6af033f7-10e9-4692-b0bf-4c54e6e23e88	5	15332903	15361869	19	0.7089
6af033f7-10e9-4692-b0bf-4c54e6e23e88	5	16048599	16114319	39	-0.3329
6af033f7-10e9-4692-b0bf-4c54e6e23e88	5	16122479	16203144	52	1.5063
6af033f7-10e9-4692-b0bf-4c54e6e23e88	5	16204152	16684000	378	-0.3605
6af033f7-10e9-4692-b0bf-4c54e6e23e88	5	16687154	16835713	87	0.1198
6af033f7-10e9-4692-b0bf-4c54e6e23e88	5	16835896	17080556	115	0.3817
6af033f7-10e9-4692-b0bf-4c54e6e23e88	5	17083047	17873529	329	-0.3662
6af033f7-10e9-4692-b0bf-4c54e6e23e88	5	17874497	17960987	65	1.1756
6af033f7-10e9-4692-b0bf-4c54e6e23e88	5	17993315	18330842	218	-0.348
6af033f7-10e9-4692-b0bf-4c54e6e23e88	5	18333736	18341204	13	1.1969
6af033f7-10e9-4692-b0bf-4c54e6e23e88	5	18345764	18354441	7	-0.3616
6af033f7-10e9-4692-b0bf-4c54e6e23e88	5	18361015	18848300	294	1.0715
6af033f7-10e9-4692-b0bf-4c54e6e23e88	5	18976881	19276865	163	0.0014
6af033f7-10e9-4692-b0bf-4c54e6e23e88	5	19279462	19358575	32	1.0638
6af033f7-10e9-4692-b0bf-4c54e6e23e88	5	19358669	19453974	69	1.6182
6af033f7-10e9-4692-b0bf-4c54e6e23e88	5	19462863	19500040	35	1.1787
6af033f7-10e9-4692-b0bf-4c54e6e23e88	5	19502032	19503268	6	-0.0587
6af033f7-10e9-4692-b0bf-4c54e6e23e88	5	19508081	19531432	12	1.0178
6af033f7-10e9-4692-b0bf-4c54e6e23e88	5	19533010	19539763	11	0.0199
6af033f7-10e9-4692-b0bf-4c54e6e23e88	5	19545212	19643520	58	1.3325
6af033f7-10e9-4692-b0bf-4c54e6e23e88	5	19654489	19977131	181	0.0183
6af033f7-10e9-4692-b0bf-4c54e6e23e88	5	19984187	20013012	17	1.0349
6af033f7-10e9-4692-b0bf-4c54e6e23e88	5	20015718	20088019	31	0.0624
6af033f7-10e9-4692-b0bf-4c54e6e23e88	5	20088219	20386560	152	0.6219
6af033f7-10e9-4692-b0bf-4c54e6e23e88	5	20566972	20927117	115	0.0013
6af033f7-10e9-4692-b0bf-4c54e6e23e88	5	20937226	40809065	11366	-0.3486
6af033f7-10e9-4692-b0bf-4c54e6e23e88	5	40810103	40894890	59	0.1842
6af033f7-10e9-4692-b0bf-4c54e6e23e88	5	40898072	40900214	2	-0.8539
6af033f7-10e9-4692-b0bf-4c54e6e23e88	5	40903855	41505601	414	0.1439
6af033f7-10e9-4692-b0bf-4c54e6e23e88	5	41505629	41683490	114	0.0007
6af033f7-10e9-4692-b0bf-4c54e6e23e88	5	41689021	45190751	1635	-0.1287
6af033f7-10e9-4692-b0bf-4c54e6e23e88	5	45203665	98462259	26372	0.0606
6af033f7-10e9-4692-b0bf-4c54e6e23e88	5	98464028	98472684	2	-2.0109
6af033f7-10e9-4692-b0bf-4c54e6e23e88	5	98472976	175815472	46544	0.0669
6af033f7-10e9-4692-b0bf-4c54e6e23e88	5	175817031	180934240	2118	0.0214
6af033f7-10e9-4692-b0bf-4c54e6e23e88	6	1011760	26016234	17553	0.0507
6af033f7-10e9-4692-b0bf-4c54e6e23e88	6	26016943	37900696	4585	0.0184
6af033f7-10e9-4692-b0bf-4c54e6e23e88	6	37901810	45489508	4767	0.0415
6af033f7-10e9-4692-b0bf-4c54e6e23e88	6	45492184	166192751	68723	0.0653
6af033f7-10e9-4692-b0bf-4c54e6e23e88	6	166193091	170596889	1524	0.0388
6af033f7-10e9-4692-b0bf-4c54e6e23e88	7	665647	72493762	37634	0.0511
6af033f7-10e9-4692-b0bf-4c54e6e23e88	7	72494333	77222006	994	-0.0261
6af033f7-10e9-4692-b0bf-4c54e6e23e88	7	77222675	158592540	43295	0.0406
6af033f7-10e9-4692-b0bf-4c54e6e23e88	8	667625	43074167	25087	-0.1395
6af033f7-10e9-4692-b0bf-4c54e6e23e88	8	43077335	51606163	2497	0.063
6af033f7-10e9-4692-b0bf-4c54e6e23e88	8	51607252	66479198	8883	-0.1312
6af033f7-10e9-4692-b0bf-4c54e6e23e88	8	66480680	66989095	201	1.4548
6af033f7-10e9-4692-b0bf-4c54e6e23e88	8	66989248	67027302	14	2.0707
6af033f7-10e9-4692-b0bf-4c54e6e23e88	8	67029383	67068576	17	1.4987
6af033f7-10e9-4692-b0bf-4c54e6e23e88	8	67069139	67084269	4	0.6866
6af033f7-10e9-4692-b0bf-4c54e6e23e88	8	67085640	67307775	39	1.5671
6af033f7-10e9-4692-b0bf-4c54e6e23e88	8	67318795	67679947	213	1.0023
6af033f7-10e9-4692-b0bf-4c54e6e23e88	8	67680186	67768310	83	1.7599
6af033f7-10e9-4692-b0bf-4c54e6e23e88	8	67769535	67892007	100	1.9454
6af033f7-10e9-4692-b0bf-4c54e6e23e88	8	67906150	68102780	161	1.697
6af033f7-10e9-4692-b0bf-4c54e6e23e88	8	68103007	68317265	152	2.1156
6af033f7-10e9-4692-b0bf-4c54e6e23e88	8	68319455	68586762	140	1.8921
6af033f7-10e9-4692-b0bf-4c54e6e23e88	8	68591660	68770786	111	1.6262
6af033f7-10e9-4692-b0bf-4c54e6e23e88	8	68771264	68799185	22	1.9012
6af033f7-10e9-4692-b0bf-4c54e6e23e88	8	68802033	68971732	109	2.2875
6af033f7-10e9-4692-b0bf-4c54e6e23e88	8	68981578	94851132	14634	-0.1252
6af033f7-10e9-4692-b0bf-4c54e6e23e88	8	94854621	94961376	69	1.9124
6af033f7-10e9-4692-b0bf-4c54e6e23e88	8	94964389	94969050	6	0.6386
6af033f7-10e9-4692-b0bf-4c54e6e23e88	8	94969333	95131555	90	1.7573
6af033f7-10e9-4692-b0bf-4c54e6e23e88	8	95135067	95983048	651	-0.132
6af033f7-10e9-4692-b0bf-4c54e6e23e88	8	95987032	96097798	75	2.0983
6af033f7-10e9-4692-b0bf-4c54e6e23e88	8	96097970	96757944	426	2.8627
6af033f7-10e9-4692-b0bf-4c54e6e23e88	8	96758764	140558523	27824	-0.1303
6af033f7-10e9-4692-b0bf-4c54e6e23e88	8	140561960	144182542	602	-0.2089
6af033f7-10e9-4692-b0bf-4c54e6e23e88	9	789794	872798	88	-0.0219
6af033f7-10e9-4692-b0bf-4c54e6e23e88	9	872962	20771426	12772	0.0651
6af033f7-10e9-4692-b0bf-4c54e6e23e88	9	20773286	20773788	2	-2.0175
6af033f7-10e9-4692-b0bf-4c54e6e23e88	9	20773853	123108043	47805	0.0579
6af033f7-10e9-4692-b0bf-4c54e6e23e88	9	123108187	128050917	2895	0.0169
6af033f7-10e9-4692-b0bf-4c54e6e23e88	9	128052948	128053746	3	-1.4564
6af033f7-10e9-4692-b0bf-4c54e6e23e88	9	128056358	138044505	4905	0.0146
6af033f7-10e9-4692-b0bf-4c54e6e23e88	10	366509	72391816	43004	0.0399
6af033f7-10e9-4692-b0bf-4c54e6e23e88	10	72392778	72399412	4	-1.2725
6af033f7-10e9-4692-b0bf-4c54e6e23e88	10	72399913	75412303	1305	-0.0086
6af033f7-10e9-4692-b0bf-4c54e6e23e88	10	75415176	131221986	36387	0.0368
6af033f7-10e9-4692-b0bf-4c54e6e23e88	10	131222872	133411599	586	-0.0299
6af033f7-10e9-4692-b0bf-4c54e6e23e88	11	456012	4516804	1541	-0.1452
6af033f7-10e9-4692-b0bf-4c54e6e23e88	11	4516834	40007858	23533	-0.0943
6af033f7-10e9-4692-b0bf-4c54e6e23e88	11	40008075	56381856	5667	-0.0552
6af033f7-10e9-4692-b0bf-4c54e6e23e88	11	56382341	57288518	565	-0.0942
6af033f7-10e9-4692-b0bf-4c54e6e23e88	11	57288576	63593124	3396	-0.1325
6af033f7-10e9-4692-b0bf-4c54e6e23e88	11	63593970	78453938	6472	-0.1771
6af033f7-10e9-4692-b0bf-4c54e6e23e88	11	78454124	134272740	36372	-0.131
6af033f7-10e9-4692-b0bf-4c54e6e23e88	12	780472	33031656	19552	0.0208
6af033f7-10e9-4692-b0bf-4c54e6e23e88	12	33032357	33033054	2	-1.734
6af033f7-10e9-4692-b0bf-4c54e6e23e88	12	33042871	39083525	288	-0.0234
6af033f7-10e9-4692-b0bf-4c54e6e23e88	12	39094246	39158507	38	1.6478
6af033f7-10e9-4692-b0bf-4c54e6e23e88	12	39163091	39520376	190	0.0271
6af033f7-10e9-4692-b0bf-4c54e6e23e88	12	39527279	39563603	17	2.2834
6af033f7-10e9-4692-b0bf-4c54e6e23e88	12	39571984	39713194	47	0.0723
6af033f7-10e9-4692-b0bf-4c54e6e23e88	12	39715266	39766254	22	2.854
6af033f7-10e9-4692-b0bf-4c54e6e23e88	12	39770603	39808993	29	1.5747
6af033f7-10e9-4692-b0bf-4c54e6e23e88	12	39816349	40327266	332	-0.0113
6af033f7-10e9-4692-b0bf-4c54e6e23e88	12	40329369	40332126	4	1.2847
6af033f7-10e9-4692-b0bf-4c54e6e23e88	12	40343313	44563580	2326	-0.0146
6af033f7-10e9-4692-b0bf-4c54e6e23e88	12	44563835	44577813	12	2.6471
6af033f7-10e9-4692-b0bf-4c54e6e23e88	12	44588207	45624901	611	-0.0014
6af033f7-10e9-4692-b0bf-4c54e6e23e88	12	45625648	45627208	3	2.6247
6af033f7-10e9-4692-b0bf-4c54e6e23e88	12	45629293	46066633	225	-0.0187
6af033f7-10e9-4692-b0bf-4c54e6e23e88	12	46077689	46089571	11	2.1073
6af033f7-10e9-4692-b0bf-4c54e6e23e88	12	46091307	46355305	171	-0.0167
6af033f7-10e9-4692-b0bf-4c54e6e23e88	12	46357530	46367541	8	2.9138
6af033f7-10e9-4692-b0bf-4c54e6e23e88	12	46369763	46404009	21	-0.0211
6af033f7-10e9-4692-b0bf-4c54e6e23e88	12	46404442	46432698	18	1.8915
6af033f7-10e9-4692-b0bf-4c54e6e23e88	12	46435772	46883095	242	-0.008
6af033f7-10e9-4692-b0bf-4c54e6e23e88	12	46888748	46938170	38	1.0381
6af033f7-10e9-4692-b0bf-4c54e6e23e88	12	46941746	47713222	426	-0.0493
6af033f7-10e9-4692-b0bf-4c54e6e23e88	12	47720595	47753250	31	0.7689
6af033f7-10e9-4692-b0bf-4c54e6e23e88	12	47757011	47809158	33	1.4835
6af033f7-10e9-4692-b0bf-4c54e6e23e88	12	47814361	48181196	246	-0.0643
6af033f7-10e9-4692-b0bf-4c54e6e23e88	12	48183204	48208545	27	1.8251
6af033f7-10e9-4692-b0bf-4c54e6e23e88	12	48211184	48309739	55	2.3848
6af033f7-10e9-4692-b0bf-4c54e6e23e88	12	48310709	48330855	9	3.4193
6af033f7-10e9-4692-b0bf-4c54e6e23e88	12	48330893	48418413	51	1.8507
6af033f7-10e9-4692-b0bf-4c54e6e23e88	12	48419202	48507089	48	2.4224
6af033f7-10e9-4692-b0bf-4c54e6e23e88	12	48509521	48725608	136	-0.0448
6af033f7-10e9-4692-b0bf-4c54e6e23e88	12	48730173	48767329	17	2.4941
6af033f7-10e9-4692-b0bf-4c54e6e23e88	12	48769502	49862523	423	-0.0645
6af033f7-10e9-4692-b0bf-4c54e6e23e88	12	49865746	49941303	56	2.4979
6af033f7-10e9-4692-b0bf-4c54e6e23e88	12	49946952	50363549	191	-0.0798
6af033f7-10e9-4692-b0bf-4c54e6e23e88	12	50366393	50396923	21	0.2107
6af033f7-10e9-4692-b0bf-4c54e6e23e88	12	50397253	50442644	18	1.4386
6af033f7-10e9-4692-b0bf-4c54e6e23e88	12	50446988	50537424	37	-0.0088
6af033f7-10e9-4692-b0bf-4c54e6e23e88	12	50541526	50565643	13	1.4483
6af033f7-10e9-4692-b0bf-4c54e6e23e88	12	50569546	50581768	9	3.4985
6af033f7-10e9-4692-b0bf-4c54e6e23e88	12	50586149	52951046	1389	-0.0458
6af033f7-10e9-4692-b0bf-4c54e6e23e88	12	52953064	52967441	11	1.164
6af033f7-10e9-4692-b0bf-4c54e6e23e88	12	52969231	54199278	569	-0.0698
6af033f7-10e9-4692-b0bf-4c54e6e23e88	12	54203922	54214012	8	1.2443
6af033f7-10e9-4692-b0bf-4c54e6e23e88	12	54218990	54883340	339	-0.0572
6af033f7-10e9-4692-b0bf-4c54e6e23e88	12	54893849	54899682	5	2.5651
6af033f7-10e9-4692-b0bf-4c54e6e23e88	12	54900003	55173565	183	-0.0751
6af033f7-10e9-4692-b0bf-4c54e6e23e88	12	55178644	55268360	61	3.5411
6af033f7-10e9-4692-b0bf-4c54e6e23e88	12	55273742	55387430	67	-0.0442
6af033f7-10e9-4692-b0bf-4c54e6e23e88	12	55395259	55395534	4	2.9027
6af033f7-10e9-4692-b0bf-4c54e6e23e88	12	55395762	55830948	248	-0.0186
6af033f7-10e9-4692-b0bf-4c54e6e23e88	12	55838018	55851361	5	1.8575
6af033f7-10e9-4692-b0bf-4c54e6e23e88	12	55862108	56764753	411	-0.0653
6af033f7-10e9-4692-b0bf-4c54e6e23e88	12	56766392	56787478	13	2.2942
6af033f7-10e9-4692-b0bf-4c54e6e23e88	12	56799657	57211195	206	-0.0438
6af033f7-10e9-4692-b0bf-4c54e6e23e88	12	57218740	57279130	19	1.6136
6af033f7-10e9-4692-b0bf-4c54e6e23e88	12	57284193	57642525	168	-0.086
6af033f7-10e9-4692-b0bf-4c54e6e23e88	12	57645077	57779683	63	2.3526
6af033f7-10e9-4692-b0bf-4c54e6e23e88	12	57783509	58044536	134	3.0888
6af033f7-10e9-4692-b0bf-4c54e6e23e88	12	58046931	60197782	1484	-0.0043
6af033f7-10e9-4692-b0bf-4c54e6e23e88	12	60201426	60281633	47	1.4212
6af033f7-10e9-4692-b0bf-4c54e6e23e88	12	60284632	62042325	1013	-0.0028
6af033f7-10e9-4692-b0bf-4c54e6e23e88	12	62043813	62209359	113	2.5787
6af033f7-10e9-4692-b0bf-4c54e6e23e88	12	62214382	62382785	66	1.1248
6af033f7-10e9-4692-b0bf-4c54e6e23e88	12	62383166	62448680	40	0.8032
6af033f7-10e9-4692-b0bf-4c54e6e23e88	12	62451472	62493291	26	-0.0267
6af033f7-10e9-4692-b0bf-4c54e6e23e88	12	62495290	62520698	10	1.819
6af033f7-10e9-4692-b0bf-4c54e6e23e88	12	62524155	63526209	748	0.0204
6af033f7-10e9-4692-b0bf-4c54e6e23e88	12	63751525	63790883	25	1.9948
6af033f7-10e9-4692-b0bf-4c54e6e23e88	12	63794848	63833786	9	0.4776
6af033f7-10e9-4692-b0bf-4c54e6e23e88	12	63838302	63848151	7	2.2048
6af033f7-10e9-4692-b0bf-4c54e6e23e88	12	63848822	64886565	577	-0.0562
6af033f7-10e9-4692-b0bf-4c54e6e23e88	12	64894977	64901258	8	1.4671
6af033f7-10e9-4692-b0bf-4c54e6e23e88	12	64903057	64945558	41	0.6072
6af033f7-10e9-4692-b0bf-4c54e6e23e88	12	64945574	65719156	424	-0.0198
6af033f7-10e9-4692-b0bf-4c54e6e23e88	12	65720658	65851788	90	2.7756
6af033f7-10e9-4692-b0bf-4c54e6e23e88	12	65854922	66043085	100	-0.0423
6af033f7-10e9-4692-b0bf-4c54e6e23e88	12	66049242	66101541	34	2.5999
6af033f7-10e9-4692-b0bf-4c54e6e23e88	12	66104283	66346482	169	-0.0673
6af033f7-10e9-4692-b0bf-4c54e6e23e88	12	66349753	66553907	135	1.3568
6af033f7-10e9-4692-b0bf-4c54e6e23e88	12	66555000	66606939	29	1.7758
6af033f7-10e9-4692-b0bf-4c54e6e23e88	12	66612732	66836082	170	1.3352
6af033f7-10e9-4692-b0bf-4c54e6e23e88	12	66836161	66880005	44	2.0094
6af033f7-10e9-4692-b0bf-4c54e6e23e88	12	66880047	66899055	22	1.4866
6af033f7-10e9-4692-b0bf-4c54e6e23e88	12	66901180	66903144	7	0.6991
6af033f7-10e9-4692-b0bf-4c54e6e23e88	12	66905284	66917364	7	1.5199
6af033f7-10e9-4692-b0bf-4c54e6e23e88	12	66921166	67024527	93	-0.0465
6af033f7-10e9-4692-b0bf-4c54e6e23e88	12	67029275	67065951	31	1.0066
6af033f7-10e9-4692-b0bf-4c54e6e23e88	12	67073155	67428952	259	-0.0332
6af033f7-10e9-4692-b0bf-4c54e6e23e88	12	67433157	67440284	12	1.8166
6af033f7-10e9-4692-b0bf-4c54e6e23e88	12	67441753	67449924	12	1.0002
6af033f7-10e9-4692-b0bf-4c54e6e23e88	12	67452484	67596376	109	0.0089
6af033f7-10e9-4692-b0bf-4c54e6e23e88	12	67597285	67626760	33	1.5647
6af033f7-10e9-4692-b0bf-4c54e6e23e88	12	67628980	67674812	32	-0.1153
6af033f7-10e9-4692-b0bf-4c54e6e23e88	12	67679046	67774550	42	1.6629
6af033f7-10e9-4692-b0bf-4c54e6e23e88	12	67778082	67782093	4	0.0703
6af033f7-10e9-4692-b0bf-4c54e6e23e88	12	67783117	67814715	33	2.4272
6af033f7-10e9-4692-b0bf-4c54e6e23e88	12	67821109	68196168	309	-0.0129
6af033f7-10e9-4692-b0bf-4c54e6e23e88	12	68196844	68202881	8	1.3497
6af033f7-10e9-4692-b0bf-4c54e6e23e88	12	68207951	68259073	53	-0.0277
6af033f7-10e9-4692-b0bf-4c54e6e23e88	12	68259212	68268681	13	1.9472
6af033f7-10e9-4692-b0bf-4c54e6e23e88	12	68268831	68286069	24	1.3318
6af033f7-10e9-4692-b0bf-4c54e6e23e88	12	68286911	68350131	48	1.7458
6af033f7-10e9-4692-b0bf-4c54e6e23e88	12	68350378	68432609	80	2.2687
6af033f7-10e9-4692-b0bf-4c54e6e23e88	12	68435452	68443343	4	1.6172
6af033f7-10e9-4692-b0bf-4c54e6e23e88	12	68447496	68581069	76	0.022
6af033f7-10e9-4692-b0bf-4c54e6e23e88	12	68585698	68604578	15	3.1408
6af033f7-10e9-4692-b0bf-4c54e6e23e88	12	68606768	68690346	41	-0.027
6af033f7-10e9-4692-b0bf-4c54e6e23e88	12	68704177	68770866	40	2.473
6af033f7-10e9-4692-b0bf-4c54e6e23e88	12	68771706	68958944	155	3.3972
6af033f7-10e9-4692-b0bf-4c54e6e23e88	12	68962247	69541507	368	2.8227
6af033f7-10e9-4692-b0bf-4c54e6e23e88	12	69546700	69575477	23	1.9035
6af033f7-10e9-4692-b0bf-4c54e6e23e88	12	69575761	69582420	3	2.4933
6af033f7-10e9-4692-b0bf-4c54e6e23e88	12	69584843	69825628	174	0.9446
6af033f7-10e9-4692-b0bf-4c54e6e23e88	12	69834537	69835307	4	1.4574
6af033f7-10e9-4692-b0bf-4c54e6e23e88	12	69836156	69868604	25	1.9831
6af033f7-10e9-4692-b0bf-4c54e6e23e88	12	69871889	69884358	17	1.5231
6af033f7-10e9-4692-b0bf-4c54e6e23e88	12	69886935	71593180	1050	-0.0057
6af033f7-10e9-4692-b0bf-4c54e6e23e88	12	71594381	71654762	36	2.4138
6af033f7-10e9-4692-b0bf-4c54e6e23e88	12	71660361	72806577	640	0.0007
6af033f7-10e9-4692-b0bf-4c54e6e23e88	12	72828496	72981186	12	0.5321
6af033f7-10e9-4692-b0bf-4c54e6e23e88	12	72981218	73009401	34	0.7586
6af033f7-10e9-4692-b0bf-4c54e6e23e88	12	73014717	73072309	49	1.661
6af033f7-10e9-4692-b0bf-4c54e6e23e88	12	73075717	73092716	9	0.0077
6af033f7-10e9-4692-b0bf-4c54e6e23e88	12	73095773	73227679	79	2.9179
6af033f7-10e9-4692-b0bf-4c54e6e23e88	12	73236070	75296605	1146	-0.0264
6af033f7-10e9-4692-b0bf-4c54e6e23e88	12	75298005	75374167	41	2.4755
6af033f7-10e9-4692-b0bf-4c54e6e23e88	12	75379252	75604823	146	0.0012
6af033f7-10e9-4692-b0bf-4c54e6e23e88	12	75618584	75623695	3	2.2966
6af033f7-10e9-4692-b0bf-4c54e6e23e88	12	75625081	75677216	50	-0.0042
6af033f7-10e9-4692-b0bf-4c54e6e23e88	12	75683866	75698967	23	0.8773
6af033f7-10e9-4692-b0bf-4c54e6e23e88	12	75701726	75993981	229	-0.0256
6af033f7-10e9-4692-b0bf-4c54e6e23e88	12	75994527	76079992	65	1.4306
6af033f7-10e9-4692-b0bf-4c54e6e23e88	12	76126180	79905745	2410	-0.012
6af033f7-10e9-4692-b0bf-4c54e6e23e88	12	79910892	80001001	49	1.7331
6af033f7-10e9-4692-b0bf-4c54e6e23e88	12	80003907	80629553	407	-0.028
6af033f7-10e9-4692-b0bf-4c54e6e23e88	12	80632633	80650391	18	2.8665
6af033f7-10e9-4692-b0bf-4c54e6e23e88	12	80654120	80738476	58	-0.0058
6af033f7-10e9-4692-b0bf-4c54e6e23e88	12	80739586	80758544	27	2.736
6af033f7-10e9-4692-b0bf-4c54e6e23e88	12	80761551	80834505	40	-0.0814
6af033f7-10e9-4692-b0bf-4c54e6e23e88	12	80836771	80918709	63	3.5337
6af033f7-10e9-4692-b0bf-4c54e6e23e88	12	80921787	81914037	613	-0.019
6af033f7-10e9-4692-b0bf-4c54e6e23e88	12	81919902	82012727	60	1.0912
6af033f7-10e9-4692-b0bf-4c54e6e23e88	12	82015701	82027782	8	-0.0837
6af033f7-10e9-4692-b0bf-4c54e6e23e88	12	82030688	82052193	7	2.5714
6af033f7-10e9-4692-b0bf-4c54e6e23e88	12	82052322	82060047	13	1.2583
6af033f7-10e9-4692-b0bf-4c54e6e23e88	12	82063135	82331587	176	-0.0157
6af033f7-10e9-4692-b0bf-4c54e6e23e88	12	82333080	82350843	12	1.2926
6af033f7-10e9-4692-b0bf-4c54e6e23e88	12	82351202	82708042	188	-0.0049
6af033f7-10e9-4692-b0bf-4c54e6e23e88	12	82708257	82759600	24	3.3997
6af033f7-10e9-4692-b0bf-4c54e6e23e88	12	82760525	82828345	15	1.6295
6af033f7-10e9-4692-b0bf-4c54e6e23e88	12	82838460	83033198	154	-0.007
6af033f7-10e9-4692-b0bf-4c54e6e23e88	12	83038398	83045674	7	2.2739
6af033f7-10e9-4692-b0bf-4c54e6e23e88	12	83046236	83543978	295	-0.0081
6af033f7-10e9-4692-b0bf-4c54e6e23e88	12	83547914	83584237	14	2.9697
6af033f7-10e9-4692-b0bf-4c54e6e23e88	12	83597880	83743458	81	-0.0485
6af033f7-10e9-4692-b0bf-4c54e6e23e88	12	83745130	83787230	48	0.8964
6af033f7-10e9-4692-b0bf-4c54e6e23e88	12	83793140	83823660	22	1.6377
6af033f7-10e9-4692-b0bf-4c54e6e23e88	12	83826558	84441385	365	-0.0143
6af033f7-10e9-4692-b0bf-4c54e6e23e88	12	84444477	84451369	7	1.1894
6af033f7-10e9-4692-b0bf-4c54e6e23e88	12	84455142	84569721	72	-0.0126
6af033f7-10e9-4692-b0bf-4c54e6e23e88	12	84575367	84629555	57	0.9552
6af033f7-10e9-4692-b0bf-4c54e6e23e88	12	84630120	84767910	82	0.0239
6af033f7-10e9-4692-b0bf-4c54e6e23e88	12	84771113	84782526	8	2.131
6af033f7-10e9-4692-b0bf-4c54e6e23e88	12	84783640	86300033	832	-0.0057
6af033f7-10e9-4692-b0bf-4c54e6e23e88	12	86321591	86329657	7	2.5368
6af033f7-10e9-4692-b0bf-4c54e6e23e88	12	86331207	87215650	346	-0.0263
6af033f7-10e9-4692-b0bf-4c54e6e23e88	12	87218070	87261373	22	1.1228
6af033f7-10e9-4692-b0bf-4c54e6e23e88	12	87266489	87553585	199	-0.037
6af033f7-10e9-4692-b0bf-4c54e6e23e88	12	87557430	87620749	39	0.3325
6af033f7-10e9-4692-b0bf-4c54e6e23e88	12	87621409	87702396	31	1.2002
6af033f7-10e9-4692-b0bf-4c54e6e23e88	12	87702659	88020245	170	0.0146
6af033f7-10e9-4692-b0bf-4c54e6e23e88	12	88022068	88159588	73	3.041
6af033f7-10e9-4692-b0bf-4c54e6e23e88	12	88162939	88503279	180	-0.0257
6af033f7-10e9-4692-b0bf-4c54e6e23e88	12	88504960	88510786	4	3.1733
6af033f7-10e9-4692-b0bf-4c54e6e23e88	12	88516099	88894123	227	-0.0117
6af033f7-10e9-4692-b0bf-4c54e6e23e88	12	88898953	89118869	150	3.5341
6af033f7-10e9-4692-b0bf-4c54e6e23e88	12	89121361	89602991	264	-0.0016
6af033f7-10e9-4692-b0bf-4c54e6e23e88	12	89612978	89754295	74	3.2403
6af033f7-10e9-4692-b0bf-4c54e6e23e88	12	89754761	91226169	901	-0.009
6af033f7-10e9-4692-b0bf-4c54e6e23e88	12	91228781	91241581	8	1.0378
6af033f7-10e9-4692-b0bf-4c54e6e23e88	12	91244942	91316649	55	2.6124
6af033f7-10e9-4692-b0bf-4c54e6e23e88	12	91320285	91988530	473	0.0088
6af033f7-10e9-4692-b0bf-4c54e6e23e88	12	91990882	92061765	55	2.8962
6af033f7-10e9-4692-b0bf-4c54e6e23e88	12	92067122	92597369	413	-0.0573
6af033f7-10e9-4692-b0bf-4c54e6e23e88	12	92603396	92604020	3	1.4054
6af033f7-10e9-4692-b0bf-4c54e6e23e88	12	92604341	92820278	134	0.0068
6af033f7-10e9-4692-b0bf-4c54e6e23e88	12	92829853	92858941	17	2.1666
6af033f7-10e9-4692-b0bf-4c54e6e23e88	12	92861128	92864439	3	3.6868
6af033f7-10e9-4692-b0bf-4c54e6e23e88	12	92864677	92896361	14	1.9159
6af033f7-10e9-4692-b0bf-4c54e6e23e88	12	92900209	93921062	555	-0.0347
6af033f7-10e9-4692-b0bf-4c54e6e23e88	12	93922544	93997884	65	1.4674
6af033f7-10e9-4692-b0bf-4c54e6e23e88	12	93999599	94103453	84	0.9074
6af033f7-10e9-4692-b0bf-4c54e6e23e88	12	94104890	94182214	105	2.0938
6af033f7-10e9-4692-b0bf-4c54e6e23e88	12	94182859	94222270	42	1.6324
6af033f7-10e9-4692-b0bf-4c54e6e23e88	12	94222819	94268054	38	0.0104
6af033f7-10e9-4692-b0bf-4c54e6e23e88	12	94269152	94343411	43	2.871
6af033f7-10e9-4692-b0bf-4c54e6e23e88	12	94351531	94371959	11	1.552
6af033f7-10e9-4692-b0bf-4c54e6e23e88	12	94375982	95864761	1055	-0.0141
6af033f7-10e9-4692-b0bf-4c54e6e23e88	12	95866635	95875759	15	1.3586
6af033f7-10e9-4692-b0bf-4c54e6e23e88	12	95878864	95993398	82	-0.0032
6af033f7-10e9-4692-b0bf-4c54e6e23e88	12	95996218	96006682	10	1.241
6af033f7-10e9-4692-b0bf-4c54e6e23e88	12	96008407	96181936	102	-0.0262
6af033f7-10e9-4692-b0bf-4c54e6e23e88	12	96183575	96271227	66	2.9773
6af033f7-10e9-4692-b0bf-4c54e6e23e88	12	96274299	98555734	1649	-0.0115
6af033f7-10e9-4692-b0bf-4c54e6e23e88	12	98570351	98592314	13	2.2811
6af033f7-10e9-4692-b0bf-4c54e6e23e88	12	98595455	99529126	554	-0.0109
6af033f7-10e9-4692-b0bf-4c54e6e23e88	12	99536040	99577783	26	1.2938
6af033f7-10e9-4692-b0bf-4c54e6e23e88	12	99579767	100259552	285	-0.0537
6af033f7-10e9-4692-b0bf-4c54e6e23e88	12	100264734	100433122	76	2.3322
6af033f7-10e9-4692-b0bf-4c54e6e23e88	12	100438440	101279100	570	0.0013
6af033f7-10e9-4692-b0bf-4c54e6e23e88	12	101281390	101302916	19	2.3835
6af033f7-10e9-4692-b0bf-4c54e6e23e88	12	101304892	101367783	39	-0.0827
6af033f7-10e9-4692-b0bf-4c54e6e23e88	12	101371956	101386186	9	2.2938
6af033f7-10e9-4692-b0bf-4c54e6e23e88	12	101391929	101995637	389	-0.0275
6af033f7-10e9-4692-b0bf-4c54e6e23e88	12	101997371	102050990	33	2.4986
6af033f7-10e9-4692-b0bf-4c54e6e23e88	12	102054572	102393929	147	-0.0252
6af033f7-10e9-4692-b0bf-4c54e6e23e88	12	102402664	102463441	39	2.869
6af033f7-10e9-4692-b0bf-4c54e6e23e88	12	102465038	103311980	528	0.009
6af033f7-10e9-4692-b0bf-4c54e6e23e88	12	103312556	103344089	22	2.3879
6af033f7-10e9-4692-b0bf-4c54e6e23e88	12	103344905	104292348	702	-0.0316
6af033f7-10e9-4692-b0bf-4c54e6e23e88	12	104296342	104332463	10	2.5211
6af033f7-10e9-4692-b0bf-4c54e6e23e88	12	104345252	104381332	38	-0.0257
6af033f7-10e9-4692-b0bf-4c54e6e23e88	12	104381867	104388038	7	1.4379
6af033f7-10e9-4692-b0bf-4c54e6e23e88	12	104395946	104511399	98	-0.0028
6af033f7-10e9-4692-b0bf-4c54e6e23e88	12	104517066	104545227	28	1.3491
6af033f7-10e9-4692-b0bf-4c54e6e23e88	12	104547304	104617148	60	-0.0193
6af033f7-10e9-4692-b0bf-4c54e6e23e88	12	104620173	104628361	9	0.3447
6af033f7-10e9-4692-b0bf-4c54e6e23e88	12	104630049	104645797	12	0.0416
6af033f7-10e9-4692-b0bf-4c54e6e23e88	12	104646155	104651945	8	0.2434
6af033f7-10e9-4692-b0bf-4c54e6e23e88	12	104655136	104667417	17	0.4567
6af033f7-10e9-4692-b0bf-4c54e6e23e88	12	104667669	104709618	43	0.1819
6af033f7-10e9-4692-b0bf-4c54e6e23e88	12	104709903	104904419	119	-0.0195
6af033f7-10e9-4692-b0bf-4c54e6e23e88	12	104910774	104924384	8	1.8962
6af033f7-10e9-4692-b0bf-4c54e6e23e88	12	104936556	104938569	3	-0.0424
6af033f7-10e9-4692-b0bf-4c54e6e23e88	12	104940313	104975720	20	3.0494
6af033f7-10e9-4692-b0bf-4c54e6e23e88	12	104987089	106046112	853	-0.0114
6af033f7-10e9-4692-b0bf-4c54e6e23e88	12	106049554	106072049	15	2.2884
6af033f7-10e9-4692-b0bf-4c54e6e23e88	12	106073878	106105049	41	1.7288
6af033f7-10e9-4692-b0bf-4c54e6e23e88	12	106106630	106285175	153	-0.0149
6af033f7-10e9-4692-b0bf-4c54e6e23e88	12	106286034	106306931	22	1.8406
6af033f7-10e9-4692-b0bf-4c54e6e23e88	12	106307312	106438815	79	2.5584
6af033f7-10e9-4692-b0bf-4c54e6e23e88	12	106441057	106460247	5	1.5677
6af033f7-10e9-4692-b0bf-4c54e6e23e88	12	106465556	107978563	936	-0.0223
6af033f7-10e9-4692-b0bf-4c54e6e23e88	12	107979973	107986374	11	2.0408
6af033f7-10e9-4692-b0bf-4c54e6e23e88	12	107988381	108192050	81	-0.0001
6af033f7-10e9-4692-b0bf-4c54e6e23e88	12	108196892	108200292	4	2.7585
6af033f7-10e9-4692-b0bf-4c54e6e23e88	12	108202303	108381062	160	-0.0015
6af033f7-10e9-4692-b0bf-4c54e6e23e88	12	108383245	108386055	7	1.5155
6af033f7-10e9-4692-b0bf-4c54e6e23e88	12	108391773	108406769	21	0.0555
6af033f7-10e9-4692-b0bf-4c54e6e23e88	12	108407082	108429407	42	3.0832
6af033f7-10e9-4692-b0bf-4c54e6e23e88	12	108429970	108653957	162	-0.0175
6af033f7-10e9-4692-b0bf-4c54e6e23e88	12	108654645	108769623	53	1.2518
6af033f7-10e9-4692-b0bf-4c54e6e23e88	12	108774739	109283862	188	-0.0524
6af033f7-10e9-4692-b0bf-4c54e6e23e88	12	109284664	109326308	26	0.9855
6af033f7-10e9-4692-b0bf-4c54e6e23e88	12	109330531	109343610	9	1.6578
6af033f7-10e9-4692-b0bf-4c54e6e23e88	12	109345885	109591945	160	-0.0431
6af033f7-10e9-4692-b0bf-4c54e6e23e88	12	109594731	109621694	14	1.3462
6af033f7-10e9-4692-b0bf-4c54e6e23e88	12	109621814	109629564	7	2.0794
6af033f7-10e9-4692-b0bf-4c54e6e23e88	12	109637055	109645974	15	0.0001
6af033f7-10e9-4692-b0bf-4c54e6e23e88	12	109647008	109678705	30	1.303
6af033f7-10e9-4692-b0bf-4c54e6e23e88	12	109683306	110493699	350	-0.0527
6af033f7-10e9-4692-b0bf-4c54e6e23e88	12	110499233	110560552	22	2.0522
6af033f7-10e9-4692-b0bf-4c54e6e23e88	12	110564506	110590196	12	-0.1339
6af033f7-10e9-4692-b0bf-4c54e6e23e88	12	110595653	110734162	62	2.2717
6af033f7-10e9-4692-b0bf-4c54e6e23e88	12	110738408	110780622	17	1.2222
6af033f7-10e9-4692-b0bf-4c54e6e23e88	12	110783603	111119189	191	-0.0266
6af033f7-10e9-4692-b0bf-4c54e6e23e88	12	111122061	111161473	24	1.3662
6af033f7-10e9-4692-b0bf-4c54e6e23e88	12	111170785	111196167	13	0.0575
6af033f7-10e9-4692-b0bf-4c54e6e23e88	12	111196477	111248551	32	1.0874
6af033f7-10e9-4692-b0bf-4c54e6e23e88	12	111251371	111715482	193	-0.0442
6af033f7-10e9-4692-b0bf-4c54e6e23e88	12	111725842	111735404	10	3.1356
6af033f7-10e9-4692-b0bf-4c54e6e23e88	12	111883947	113381324	940	-0.0266
6af033f7-10e9-4692-b0bf-4c54e6e23e88	12	113383720	113430906	18	3.0559
6af033f7-10e9-4692-b0bf-4c54e6e23e88	12	113431409	113618019	121	-0.0502
6af033f7-10e9-4692-b0bf-4c54e6e23e88	12	113624893	113625691	3	1.5387
6af033f7-10e9-4692-b0bf-4c54e6e23e88	12	113626546	113640250	11	1.0756
6af033f7-10e9-4692-b0bf-4c54e6e23e88	12	113642010	113725498	76	-0.0778
6af033f7-10e9-4692-b0bf-4c54e6e23e88	12	113726781	113819629	75	2.6288
6af033f7-10e9-4692-b0bf-4c54e6e23e88	12	114121479	114760587	494	0.0121
6af033f7-10e9-4692-b0bf-4c54e6e23e88	12	114764830	114766182	4	2.5869
6af033f7-10e9-4692-b0bf-4c54e6e23e88	12	114768560	115669914	735	-0.0042
6af033f7-10e9-4692-b0bf-4c54e6e23e88	12	115671227	115693582	21	0.6962
6af033f7-10e9-4692-b0bf-4c54e6e23e88	12	115694010	115775970	91	-0.0418
6af033f7-10e9-4692-b0bf-4c54e6e23e88	12	115775996	115850944	73	0.6365
6af033f7-10e9-4692-b0bf-4c54e6e23e88	12	115851105	115913269	64	-0.0252
6af033f7-10e9-4692-b0bf-4c54e6e23e88	12	115918670	115949579	28	2.7834
6af033f7-10e9-4692-b0bf-4c54e6e23e88	12	115949825	116055361	42	3.2989
6af033f7-10e9-4692-b0bf-4c54e6e23e88	12	116061474	116114323	39	2.5156
6af033f7-10e9-4692-b0bf-4c54e6e23e88	12	116119417	117005965	499	-0.0146
6af033f7-10e9-4692-b0bf-4c54e6e23e88	12	117014789	117021158	4	1.2257
6af033f7-10e9-4692-b0bf-4c54e6e23e88	12	117022134	117194172	94	-0.0454
6af033f7-10e9-4692-b0bf-4c54e6e23e88	12	117210428	117219716	10	1.7346
6af033f7-10e9-4692-b0bf-4c54e6e23e88	12	117219805	117254968	23	1.0856
6af033f7-10e9-4692-b0bf-4c54e6e23e88	12	117255232	117728609	453	-0.022
6af033f7-10e9-4692-b0bf-4c54e6e23e88	12	117732104	117737881	6	2.4792
6af033f7-10e9-4692-b0bf-4c54e6e23e88	12	117740895	117759205	24	1.4011
6af033f7-10e9-4692-b0bf-4c54e6e23e88	12	117759375	117767843	5	2.618
6af033f7-10e9-4692-b0bf-4c54e6e23e88	12	117768885	117795584	24	0.8745
6af033f7-10e9-4692-b0bf-4c54e6e23e88	12	117796275	117855105	50	-0.0101
6af033f7-10e9-4692-b0bf-4c54e6e23e88	12	117858045	117971558	65	2.6958
6af033f7-10e9-4692-b0bf-4c54e6e23e88	12	117972667	119795049	1155	-0.0121
6af033f7-10e9-4692-b0bf-4c54e6e23e88	12	119798950	119894128	49	1.5702
6af033f7-10e9-4692-b0bf-4c54e6e23e88	12	119942498	120388351	190	-0.0125
6af033f7-10e9-4692-b0bf-4c54e6e23e88	12	120398000	120402719	6	0.9253
6af033f7-10e9-4692-b0bf-4c54e6e23e88	12	120406601	120427832	13	1.1689
6af033f7-10e9-4692-b0bf-4c54e6e23e88	12	120430380	120705189	129	-0.0539
6af033f7-10e9-4692-b0bf-4c54e6e23e88	12	120708004	120730442	13	2.2019
6af033f7-10e9-4692-b0bf-4c54e6e23e88	12	120734463	120908992	120	-0.0235
6af033f7-10e9-4692-b0bf-4c54e6e23e88	12	120910184	120921687	6	3.3104
6af033f7-10e9-4692-b0bf-4c54e6e23e88	12	120922328	120961826	22	1.1172
6af033f7-10e9-4692-b0bf-4c54e6e23e88	12	120962402	120966253	8	-0.0199
6af033f7-10e9-4692-b0bf-4c54e6e23e88	12	120967323	120983074	8	1.5063
6af033f7-10e9-4692-b0bf-4c54e6e23e88	12	120983910	121312425	213	-0.0316
6af033f7-10e9-4692-b0bf-4c54e6e23e88	12	121319726	121347992	14	3.0133
6af033f7-10e9-4692-b0bf-4c54e6e23e88	12	121351814	123456739	796	-0.0691
6af033f7-10e9-4692-b0bf-4c54e6e23e88	12	123458038	123472202	7	0.4285
6af033f7-10e9-4692-b0bf-4c54e6e23e88	12	123474712	123482426	2	1.9246
6af033f7-10e9-4692-b0bf-4c54e6e23e88	12	123484171	123748002	81	-0.0121
6af033f7-10e9-4692-b0bf-4c54e6e23e88	12	123748581	123775540	14	0.5152
6af033f7-10e9-4692-b0bf-4c54e6e23e88	12	123783091	123804655	9	1.5957
6af033f7-10e9-4692-b0bf-4c54e6e23e88	12	123810400	123838206	15	2.8573
6af033f7-10e9-4692-b0bf-4c54e6e23e88	12	123840871	124200330	241	-0.0636
6af033f7-10e9-4692-b0bf-4c54e6e23e88	12	124200584	124209957	8	0.6167
6af033f7-10e9-4692-b0bf-4c54e6e23e88	12	124215777	124434987	138	-0.0757
6af033f7-10e9-4692-b0bf-4c54e6e23e88	12	124441597	124443424	3	1.7448
6af033f7-10e9-4692-b0bf-4c54e6e23e88	12	124446186	124674216	141	-0.0504
6af033f7-10e9-4692-b0bf-4c54e6e23e88	12	124675107	124719679	37	2.8395
6af033f7-10e9-4692-b0bf-4c54e6e23e88	12	124723570	124735442	7	0.3593
6af033f7-10e9-4692-b0bf-4c54e6e23e88	12	124737188	124767492	29	2.5683
6af033f7-10e9-4692-b0bf-4c54e6e23e88	12	124769896	125257966	293	-0.0445
6af033f7-10e9-4692-b0bf-4c54e6e23e88	12	125258643	125263299	3	-1.0653
6af033f7-10e9-4692-b0bf-4c54e6e23e88	12	125263711	125294130	35	-0.0275
6af033f7-10e9-4692-b0bf-4c54e6e23e88	12	125294819	125317950	16	2.5306
6af033f7-10e9-4692-b0bf-4c54e6e23e88	12	125326412	125330314	10	-0.0202
6af033f7-10e9-4692-b0bf-4c54e6e23e88	12	125331601	125408289	64	2.1017
6af033f7-10e9-4692-b0bf-4c54e6e23e88	12	125408599	125817869	332	0.0172
6af033f7-10e9-4692-b0bf-4c54e6e23e88	12	125821169	125861766	21	1.1367
6af033f7-10e9-4692-b0bf-4c54e6e23e88	12	125862810	125889126	24	0.2267
6af033f7-10e9-4692-b0bf-4c54e6e23e88	12	125893163	125903661	9	0.9494
6af033f7-10e9-4692-b0bf-4c54e6e23e88	12	125906795	127055807	770	-0.015
6af033f7-10e9-4692-b0bf-4c54e6e23e88	12	127061457	127147836	95	1.6605
6af033f7-10e9-4692-b0bf-4c54e6e23e88	12	127155377	128955166	785	-0.0127
6af033f7-10e9-4692-b0bf-4c54e6e23e88	12	128956510	128989622	25	2.2686
6af033f7-10e9-4692-b0bf-4c54e6e23e88	12	128990009	129059149	31	2.7333
6af033f7-10e9-4692-b0bf-4c54e6e23e88	12	129062580	129080555	19	2.0923
6af033f7-10e9-4692-b0bf-4c54e6e23e88	12	129080750	129146948	64	2.4717
6af033f7-10e9-4692-b0bf-4c54e6e23e88	12	129147634	129155607	6	1.6971
6af033f7-10e9-4692-b0bf-4c54e6e23e88	12	129157531	131365981	626	-0.0162
6af033f7-10e9-4692-b0bf-4c54e6e23e88	12	131369899	131396733	20	2.0743
6af033f7-10e9-4692-b0bf-4c54e6e23e88	12	131401526	131492669	81	-0.0705
6af033f7-10e9-4692-b0bf-4c54e6e23e88	12	131495212	131519549	26	2.743
6af033f7-10e9-4692-b0bf-4c54e6e23e88	12	131521746	131833638	176	-0.0516
6af033f7-10e9-4692-b0bf-4c54e6e23e88	12	131842636	131911798	18	2.2411
6af033f7-10e9-4692-b0bf-4c54e6e23e88	12	131922114	132546158	110	-0.0819
6af033f7-10e9-4692-b0bf-4c54e6e23e88	12	132577956	132605822	4	1.2749
6af033f7-10e9-4692-b0bf-4c54e6e23e88	13	18874255	114226675	56997	0.0403
6af033f7-10e9-4692-b0bf-4c54e6e23e88	14	20033191	105533894	49783	0.0498
6af033f7-10e9-4692-b0bf-4c54e6e23e88	15	23437561	23571038	103	-0.0069
6af033f7-10e9-4692-b0bf-4c54e6e23e88	15	23571307	24059571	347	0.4615
6af033f7-10e9-4692-b0bf-4c54e6e23e88	15	24059826	24691411	98	0.1599
6af033f7-10e9-4692-b0bf-4c54e6e23e88	15	24691429	25451032	399	0.0092
6af033f7-10e9-4692-b0bf-4c54e6e23e88	15	25451383	25569304	122	0.202
6af033f7-10e9-4692-b0bf-4c54e6e23e88	15	25571805	25744310	163	-0.034
6af033f7-10e9-4692-b0bf-4c54e6e23e88	15	25744629	25982678	188	-0.0999
6af033f7-10e9-4692-b0bf-4c54e6e23e88	15	25991646	26017242	23	-0.4693
6af033f7-10e9-4692-b0bf-4c54e6e23e88	15	26020448	26391203	262	-0.1335
6af033f7-10e9-4692-b0bf-4c54e6e23e88	15	26391223	26727939	221	0.0162
6af033f7-10e9-4692-b0bf-4c54e6e23e88	15	26729418	26775504	31	-0.242
6af033f7-10e9-4692-b0bf-4c54e6e23e88	15	26777184	26794935	9	0.4705
6af033f7-10e9-4692-b0bf-4c54e6e23e88	15	26801258	27241521	305	-0.1699
6af033f7-10e9-4692-b0bf-4c54e6e23e88	15	27241684	37236196	4218	-0.0308
6af033f7-10e9-4692-b0bf-4c54e6e23e88	15	37241857	37243360	2	1.6552
6af033f7-10e9-4692-b0bf-4c54e6e23e88	15	37244481	44713183	3986	-0.0538
6af033f7-10e9-4692-b0bf-4c54e6e23e88	15	44713462	101344124	34312	0.2644
6af033f7-10e9-4692-b0bf-4c54e6e23e88	16	603333	5024951	1660	-0.0163
6af033f7-10e9-4692-b0bf-4c54e6e23e88	16	5025632	20435333	7544	0.0487
6af033f7-10e9-4692-b0bf-4c54e6e23e88	16	20435600	20438340	4	-1.2158
6af033f7-10e9-4692-b0bf-4c54e6e23e88	16	20441628	28158015	4020	0.0354
6af033f7-10e9-4692-b0bf-4c54e6e23e88	16	28158393	46482583	806	-0.0152
6af033f7-10e9-4692-b0bf-4c54e6e23e88	16	46489505	83940279	24606	-0.3594
6af033f7-10e9-4692-b0bf-4c54e6e23e88	16	83940293	89317317	2539	-0.4169
6af033f7-10e9-4692-b0bf-4c54e6e23e88	17	1074619	8760018	3752	-0.0083
6af033f7-10e9-4692-b0bf-4c54e6e23e88	17	8761265	17200880	4409	0.0387
6af033f7-10e9-4692-b0bf-4c54e6e23e88	17	17200989	28350472	2260	-0.012
6af033f7-10e9-4692-b0bf-4c54e6e23e88	17	28351472	50996454	9772	-0.1768
6af033f7-10e9-4692-b0bf-4c54e6e23e88	17	51002897	57431435	4114	-0.1349
6af033f7-10e9-4692-b0bf-4c54e6e23e88	17	57432320	59950268	1273	-0.2025
6af033f7-10e9-4692-b0bf-4c54e6e23e88	17	59950306	73778509	8232	-0.115
6af033f7-10e9-4692-b0bf-4c54e6e23e88	17	73779855	82959812	3460	-0.1629
6af033f7-10e9-4692-b0bf-4c54e6e23e88	18	326691	30070671	13595	-0.1286
6af033f7-10e9-4692-b0bf-4c54e6e23e88	18	30070998	30072186	2	-2.2766
6af033f7-10e9-4692-b0bf-4c54e6e23e88	18	30072347	32325636	1414	-0.14
6af033f7-10e9-4692-b0bf-4c54e6e23e88	18	32325704	79349796	27929	-0.3379
6af033f7-10e9-4692-b0bf-4c54e6e23e88	19	283868	7550979	2154	-0.0195
6af033f7-10e9-4692-b0bf-4c54e6e23e88	19	7554353	21098170	5604	0.1513
6af033f7-10e9-4692-b0bf-4c54e6e23e88	19	21100240	23872082	1298	0.217
6af033f7-10e9-4692-b0bf-4c54e6e23e88	19	27749470	28279097	411	0.0918
6af033f7-10e9-4692-b0bf-4c54e6e23e88	19	28281157	39618799	6884	0.0101
6af033f7-10e9-4692-b0bf-4c54e6e23e88	19	39623776	39978698	213	1.0089
6af033f7-10e9-4692-b0bf-4c54e6e23e88	19	39981765	41134488	484	-0.0112
6af033f7-10e9-4692-b0bf-4c54e6e23e88	19	41136063	41494760	179	0.9996
6af033f7-10e9-4692-b0bf-4c54e6e23e88	19	41495302	41600012	54	1.8916
6af033f7-10e9-4692-b0bf-4c54e6e23e88	19	41600522	41649532	32	0.0541
6af033f7-10e9-4692-b0bf-4c54e6e23e88	19	41663593	41742643	49	1.6882
6af033f7-10e9-4692-b0bf-4c54e6e23e88	19	41745502	41891899	56	1.2143
6af033f7-10e9-4692-b0bf-4c54e6e23e88	19	41899392	41901753	3	2.2489
6af033f7-10e9-4692-b0bf-4c54e6e23e88	19	41904287	41987048	25	0.9622
6af033f7-10e9-4692-b0bf-4c54e6e23e88	19	41987384	43794284	487	-0.0001
6af033f7-10e9-4692-b0bf-4c54e6e23e88	19	43794471	43794938	2	-1.7321
6af033f7-10e9-4692-b0bf-4c54e6e23e88	19	43795146	58370362	6211	-0.0112
6af033f7-10e9-4692-b0bf-4c54e6e23e88	20	472817	20180634	13343	-0.3641
6af033f7-10e9-4692-b0bf-4c54e6e23e88	20	20183470	20213590	26	1.0098
6af033f7-10e9-4692-b0bf-4c54e6e23e88	20	20215895	21900429	1032	-0.3707
6af033f7-10e9-4692-b0bf-4c54e6e23e88	20	21903322	22061780	94	0.1245
6af033f7-10e9-4692-b0bf-4c54e6e23e88	20	22064379	22285475	129	0.4892
6af033f7-10e9-4692-b0bf-4c54e6e23e88	20	22286420	22300611	17	0.0149
6af033f7-10e9-4692-b0bf-4c54e6e23e88	20	22301504	22342400	53	0.299
6af033f7-10e9-4692-b0bf-4c54e6e23e88	20	22346300	22419459	78	0.0358
6af033f7-10e9-4692-b0bf-4c54e6e23e88	20	22420269	22503632	56	0.4027
6af033f7-10e9-4692-b0bf-4c54e6e23e88	20	22503726	22599275	82	0.1707
6af033f7-10e9-4692-b0bf-4c54e6e23e88	20	22600263	22660056	44	0.5361
6af033f7-10e9-4692-b0bf-4c54e6e23e88	20	22661119	22682100	20	0.9162
6af033f7-10e9-4692-b0bf-4c54e6e23e88	20	22682389	22740444	53	0.5667
6af033f7-10e9-4692-b0bf-4c54e6e23e88	20	22743861	23117410	326	0.8705
6af033f7-10e9-4692-b0bf-4c54e6e23e88	20	23118559	23152439	37	0.0097
6af033f7-10e9-4692-b0bf-4c54e6e23e88	20	23156314	24033580	473	0.3862
6af033f7-10e9-4692-b0bf-4c54e6e23e88	20	24076934	24160414	80	0.8164
6af033f7-10e9-4692-b0bf-4c54e6e23e88	20	24165066	63588502	21590	0.0346
6af033f7-10e9-4692-b0bf-4c54e6e23e88	21	13974127	14695955	460	0.1876
6af033f7-10e9-4692-b0bf-4c54e6e23e88	21	14696137	15571745	647	0.0323
6af033f7-10e9-4692-b0bf-4c54e6e23e88	21	15573242	16975863	757	-0.0864
6af033f7-10e9-4692-b0bf-4c54e6e23e88	21	16982099	16983242	2	-1.8485
6af033f7-10e9-4692-b0bf-4c54e6e23e88	21	16983668	17768106	435	-0.0891
6af033f7-10e9-4692-b0bf-4c54e6e23e88	21	17770110	18379713	418	0.0229
6af033f7-10e9-4692-b0bf-4c54e6e23e88	21	18380579	18580912	155	0.3632
6af033f7-10e9-4692-b0bf-4c54e6e23e88	21	18584484	19497245	639	0.0013
6af033f7-10e9-4692-b0bf-4c54e6e23e88	21	19498270	19845180	241	-0.3341
6af033f7-10e9-4692-b0bf-4c54e6e23e88	21	19857307	19933022	63	0.0243
6af033f7-10e9-4692-b0bf-4c54e6e23e88	21	19933207	20218136	139	-0.3522
6af033f7-10e9-4692-b0bf-4c54e6e23e88	21	20218843	20480287	162	0.4026
6af033f7-10e9-4692-b0bf-4c54e6e23e88	21	20481670	20562806	77	-0.1422
6af033f7-10e9-4692-b0bf-4c54e6e23e88	21	20562893	20582684	14	0.3208
6af033f7-10e9-4692-b0bf-4c54e6e23e88	21	20583595	20819391	159	0.6064
6af033f7-10e9-4692-b0bf-4c54e6e23e88	21	20821140	20881324	55	0.2061
6af033f7-10e9-4692-b0bf-4c54e6e23e88	21	20885527	21297632	290	0.3626
6af033f7-10e9-4692-b0bf-4c54e6e23e88	21	21301111	21500701	141	0.1149
6af033f7-10e9-4692-b0bf-4c54e6e23e88	21	21502835	22084539	458	-0.3086
6af033f7-10e9-4692-b0bf-4c54e6e23e88	21	22085835	22121367	24	0.0987
6af033f7-10e9-4692-b0bf-4c54e6e23e88	21	22123782	22158061	31	0.9347
6af033f7-10e9-4692-b0bf-4c54e6e23e88	21	22158434	22223325	28	-0.3513
6af033f7-10e9-4692-b0bf-4c54e6e23e88	21	22301584	22318365	20	0.7271
6af033f7-10e9-4692-b0bf-4c54e6e23e88	21	22319269	24737347	1227	-0.3344
6af033f7-10e9-4692-b0bf-4c54e6e23e88	21	24737438	24737689	2	-2.3017
6af033f7-10e9-4692-b0bf-4c54e6e23e88	21	24738092	25131557	267	-0.3853
6af033f7-10e9-4692-b0bf-4c54e6e23e88	21	25133773	25165380	26	0.0315
6af033f7-10e9-4692-b0bf-4c54e6e23e88	21	25166363	25465103	199	-0.3355
6af033f7-10e9-4692-b0bf-4c54e6e23e88	21	25465171	25637730	98	0.0221
6af033f7-10e9-4692-b0bf-4c54e6e23e88	21	25643764	25703159	46	0.5367
6af033f7-10e9-4692-b0bf-4c54e6e23e88	21	25705283	25910901	96	-0.3029
6af033f7-10e9-4692-b0bf-4c54e6e23e88	21	25915612	25970975	53	0.2172
6af033f7-10e9-4692-b0bf-4c54e6e23e88	21	25971834	26000167	28	-0.3104
6af033f7-10e9-4692-b0bf-4c54e6e23e88	21	26002748	26085401	54	0.1912
6af033f7-10e9-4692-b0bf-4c54e6e23e88	21	26085693	26109533	20	0.3738
6af033f7-10e9-4692-b0bf-4c54e6e23e88	21	26111768	26225571	97	0.8091
6af033f7-10e9-4692-b0bf-4c54e6e23e88	21	26229181	26426197	166	-0.3128
6af033f7-10e9-4692-b0bf-4c54e6e23e88	21	26427082	26460897	29	0.2806
6af033f7-10e9-4692-b0bf-4c54e6e23e88	21	26460965	26484008	25	0.4463
6af033f7-10e9-4692-b0bf-4c54e6e23e88	21	26485067	26488554	5	1.0381
6af033f7-10e9-4692-b0bf-4c54e6e23e88	21	26489380	26635724	84	0.4149
6af033f7-10e9-4692-b0bf-4c54e6e23e88	21	26635859	26746746	104	1.0464
6af033f7-10e9-4692-b0bf-4c54e6e23e88	21	26751354	26961235	201	0.387
6af033f7-10e9-4692-b0bf-4c54e6e23e88	21	26963503	27518627	467	0.9745
6af033f7-10e9-4692-b0bf-4c54e6e23e88	21	27519039	28029028	294	0.66
6af033f7-10e9-4692-b0bf-4c54e6e23e88	21	28032613	28085833	50	0.048
6af033f7-10e9-4692-b0bf-4c54e6e23e88	21	28096016	28241463	112	0.4038
6af033f7-10e9-4692-b0bf-4c54e6e23e88	21	28242836	28455643	90	0.8549
6af033f7-10e9-4692-b0bf-4c54e6e23e88	21	28456145	28726587	173	1.0803
6af033f7-10e9-4692-b0bf-4c54e6e23e88	21	28727083	28996919	227	0.7845
6af033f7-10e9-4692-b0bf-4c54e6e23e88	21	29003824	29495981	318	-0.1595
6af033f7-10e9-4692-b0bf-4c54e6e23e88	21	29495986	29689545	151	-0.3636
6af033f7-10e9-4692-b0bf-4c54e6e23e88	21	29689750	30039221	267	-0.0782
6af033f7-10e9-4692-b0bf-4c54e6e23e88	21	30049061	30136163	70	0.4864
6af033f7-10e9-4692-b0bf-4c54e6e23e88	21	30138122	30227750	64	0.849
6af033f7-10e9-4692-b0bf-4c54e6e23e88	21	30235794	30439631	123	0.5377
6af033f7-10e9-4692-b0bf-4c54e6e23e88	21	30443772	30620545	102	0.3285
6af033f7-10e9-4692-b0bf-4c54e6e23e88	21	30624847	30652085	17	0.0526
6af033f7-10e9-4692-b0bf-4c54e6e23e88	21	30655725	30954079	98	-0.3475
6af033f7-10e9-4692-b0bf-4c54e6e23e88	21	30956893	31099880	95	1.2209
6af033f7-10e9-4692-b0bf-4c54e6e23e88	21	31103342	31250342	101	1.5291
6af033f7-10e9-4692-b0bf-4c54e6e23e88	21	31250493	31939335	462	1.253
6af033f7-10e9-4692-b0bf-4c54e6e23e88	21	31942346	32038318	90	0.5595
6af033f7-10e9-4692-b0bf-4c54e6e23e88	21	32039601	32169067	68	0.1486
6af033f7-10e9-4692-b0bf-4c54e6e23e88	21	32169304	32298033	83	0.791
6af033f7-10e9-4692-b0bf-4c54e6e23e88	21	32298296	32450410	119	0.5861
6af033f7-10e9-4692-b0bf-4c54e6e23e88	21	32453377	32578508	89	0.9196
6af033f7-10e9-4692-b0bf-4c54e6e23e88	21	32582753	32583726	11	0.4883
6af033f7-10e9-4692-b0bf-4c54e6e23e88	21	32595009	32772697	75	1.4607
6af033f7-10e9-4692-b0bf-4c54e6e23e88	21	32774412	32800472	18	0.8246
6af033f7-10e9-4692-b0bf-4c54e6e23e88	21	32801979	33594460	529	0.6104
6af033f7-10e9-4692-b0bf-4c54e6e23e88	21	33599151	33647807	17	-0.3538
6af033f7-10e9-4692-b0bf-4c54e6e23e88	21	33693310	33693687	2	0.602
6af033f7-10e9-4692-b0bf-4c54e6e23e88	21	33700385	34140258	349	0.9017
6af033f7-10e9-4692-b0bf-4c54e6e23e88	21	34141484	34231430	48	1.2869
6af033f7-10e9-4692-b0bf-4c54e6e23e88	21	34233331	34340013	86	-0.3749
6af033f7-10e9-4692-b0bf-4c54e6e23e88	21	34343418	34344508	3	1.1107
6af033f7-10e9-4692-b0bf-4c54e6e23e88	21	34534792	36303150	1262	-0.3791
6af033f7-10e9-4692-b0bf-4c54e6e23e88	21	36303584	36357264	24	-0.0285
6af033f7-10e9-4692-b0bf-4c54e6e23e88	21	36361926	36373737	4	0.5915
6af033f7-10e9-4692-b0bf-4c54e6e23e88	21	36374078	37901327	1018	-0.3724
6af033f7-10e9-4692-b0bf-4c54e6e23e88	21	37905124	37912532	11	1.0311
6af033f7-10e9-4692-b0bf-4c54e6e23e88	21	37913330	38053958	109	-0.1216
6af033f7-10e9-4692-b0bf-4c54e6e23e88	21	38056701	38500772	444	0.0716
6af033f7-10e9-4692-b0bf-4c54e6e23e88	21	38501749	38524267	22	1.672
6af033f7-10e9-4692-b0bf-4c54e6e23e88	21	38524375	38810253	155	1.0229
6af033f7-10e9-4692-b0bf-4c54e6e23e88	21	38815826	38815837	4	-0.1048
6af033f7-10e9-4692-b0bf-4c54e6e23e88	21	38818597	38824464	35	1.0503
6af033f7-10e9-4692-b0bf-4c54e6e23e88	21	38824485	38908216	60	1.2556
6af033f7-10e9-4692-b0bf-4c54e6e23e88	21	38908598	39180544	259	0.9766
6af033f7-10e9-4692-b0bf-4c54e6e23e88	21	39180908	39203747	6	1.6236
6af033f7-10e9-4692-b0bf-4c54e6e23e88	21	39206620	39641274	203	0.9204
6af033f7-10e9-4692-b0bf-4c54e6e23e88	21	39646015	39867022	198	0.5742
6af033f7-10e9-4692-b0bf-4c54e6e23e88	21	39869854	40094974	211	0.3994
6af033f7-10e9-4692-b0bf-4c54e6e23e88	21	40098784	40135768	36	1.0452
6af033f7-10e9-4692-b0bf-4c54e6e23e88	21	40136116	40548411	393	0.0588
6af033f7-10e9-4692-b0bf-4c54e6e23e88	21	40549541	40931799	294	0.3579
6af033f7-10e9-4692-b0bf-4c54e6e23e88	21	40934138	42002416	876	-0.3993
6af033f7-10e9-4692-b0bf-4c54e6e23e88	21	42007383	42128972	125	0.893
6af033f7-10e9-4692-b0bf-4c54e6e23e88	21	42129183	42187167	41	0.6361
6af033f7-10e9-4692-b0bf-4c54e6e23e88	21	42187775	42348088	128	1.5051
6af033f7-10e9-4692-b0bf-4c54e6e23e88	21	42355428	42379515	21	-0.7851
6af033f7-10e9-4692-b0bf-4c54e6e23e88	21	42383216	42487718	97	0.4447
6af033f7-10e9-4692-b0bf-4c54e6e23e88	21	42492837	42762590	197	0.2168
6af033f7-10e9-4692-b0bf-4c54e6e23e88	21	42767634	42802992	26	1.8659
6af033f7-10e9-4692-b0bf-4c54e6e23e88	21	42803629	42813261	8	0.9381
6af033f7-10e9-4692-b0bf-4c54e6e23e88	21	42816587	43572694	128	0.1292
6af033f7-10e9-4692-b0bf-4c54e6e23e88	21	43575190	43771258	103	1.4474
6af033f7-10e9-4692-b0bf-4c54e6e23e88	21	43773592	44071071	167	1.7731
6af033f7-10e9-4692-b0bf-4c54e6e23e88	21	44072167	44088591	15	1.0668
6af033f7-10e9-4692-b0bf-4c54e6e23e88	21	44088680	44271456	14	1.6603
6af033f7-10e9-4692-b0bf-4c54e6e23e88	21	44275497	44901257	283	2.0585
6af033f7-10e9-4692-b0bf-4c54e6e23e88	21	44903030	45053245	75	2.5093
6af033f7-10e9-4692-b0bf-4c54e6e23e88	21	45055873	46232886	415	1.9591
6af033f7-10e9-4692-b0bf-4c54e6e23e88	21	46235627	46262057	20	1.1352
6af033f7-10e9-4692-b0bf-4c54e6e23e88	22	16934932	16955956	13	0.348
6af033f7-10e9-4692-b0bf-4c54e6e23e88	22	16959803	16984538	16	1.0633
6af033f7-10e9-4692-b0bf-4c54e6e23e88	22	16986521	17437856	267	0.3774
6af033f7-10e9-4692-b0bf-4c54e6e23e88	22	17441370	18125120	468	-0.1107
6af033f7-10e9-4692-b0bf-4c54e6e23e88	22	18126298	23891275	283	-0.3444
6af033f7-10e9-4692-b0bf-4c54e6e23e88	22	23891405	24235823	146	0.0146
6af033f7-10e9-4692-b0bf-4c54e6e23e88	22	24240275	24505691	55	-0.343
6af033f7-10e9-4692-b0bf-4c54e6e23e88	22	24506638	24554187	32	-0.1183
6af033f7-10e9-4692-b0bf-4c54e6e23e88	22	24556319	24750249	59	0.4406
6af033f7-10e9-4692-b0bf-4c54e6e23e88	22	24758809	24796465	26	-0.0324
6af033f7-10e9-4692-b0bf-4c54e6e23e88	22	24797587	24869823	65	0.4069
6af033f7-10e9-4692-b0bf-4c54e6e23e88	22	24869915	25685569	325	0.0679
6af033f7-10e9-4692-b0bf-4c54e6e23e88	22	25687263	26197940	523	0.2383
6af033f7-10e9-4692-b0bf-4c54e6e23e88	22	26198371	26425220	228	1.0021
6af033f7-10e9-4692-b0bf-4c54e6e23e88	22	26425452	27400165	1001	0.1791
6af033f7-10e9-4692-b0bf-4c54e6e23e88	22	27400420	27962661	431	0.0335
6af033f7-10e9-4692-b0bf-4c54e6e23e88	22	27968160	28585526	340	-0.1972
6af033f7-10e9-4692-b0bf-4c54e6e23e88	22	28600815	28618994	6	0.5835
6af033f7-10e9-4692-b0bf-4c54e6e23e88	22	28619260	28875575	125	0.1686
6af033f7-10e9-4692-b0bf-4c54e6e23e88	22	28876310	29825248	569	0.475
6af033f7-10e9-4692-b0bf-4c54e6e23e88	22	29830955	30006333	71	0.1538
6af033f7-10e9-4692-b0bf-4c54e6e23e88	22	30009994	30027471	13	0.6407
6af033f7-10e9-4692-b0bf-4c54e6e23e88	22	30035253	30534188	295	0.1398
6af033f7-10e9-4692-b0bf-4c54e6e23e88	22	30547039	30562717	12	0.5655
6af033f7-10e9-4692-b0bf-4c54e6e23e88	22	30563257	30619481	36	0.2231
6af033f7-10e9-4692-b0bf-4c54e6e23e88	22	30627906	30988730	217	0.5638
6af033f7-10e9-4692-b0bf-4c54e6e23e88	22	30990226	31401357	186	0.1781
6af033f7-10e9-4692-b0bf-4c54e6e23e88	22	31405122	31451926	27	0.5808
6af033f7-10e9-4692-b0bf-4c54e6e23e88	22	31458860	32695606	779	0.0105
6af033f7-10e9-4692-b0bf-4c54e6e23e88	22	32695919	33042389	313	0.471
6af033f7-10e9-4692-b0bf-4c54e6e23e88	22	33042982	33422612	321	-0.0131
6af033f7-10e9-4692-b0bf-4c54e6e23e88	22	33424270	33706206	273	0.3094
6af033f7-10e9-4692-b0bf-4c54e6e23e88	22	33706817	34027431	330	0.6234
6af033f7-10e9-4692-b0bf-4c54e6e23e88	22	34028311	34345526	245	0.2609
6af033f7-10e9-4692-b0bf-4c54e6e23e88	22	34349171	34686913	342	-0.3413
6af033f7-10e9-4692-b0bf-4c54e6e23e88	22	34688064	34693999	4	-1.5028
6af033f7-10e9-4692-b0bf-4c54e6e23e88	22	34694384	35459811	632	-0.3837
6af033f7-10e9-4692-b0bf-4c54e6e23e88	22	35462143	35515968	27	0.1674
6af033f7-10e9-4692-b0bf-4c54e6e23e88	22	35517559	35560057	46	-0.4272
6af033f7-10e9-4692-b0bf-4c54e6e23e88	22	35560965	36541929	358	-0.0299
6af033f7-10e9-4692-b0bf-4c54e6e23e88	22	36542460	36694372	126	-0.2188
6af033f7-10e9-4692-b0bf-4c54e6e23e88	22	36700882	36720413	13	0.2669
6af033f7-10e9-4692-b0bf-4c54e6e23e88	22	36721010	37217129	343	-0.2246
6af033f7-10e9-4692-b0bf-4c54e6e23e88	22	37217269	38092836	397	0.2497
6af033f7-10e9-4692-b0bf-4c54e6e23e88	22	38093277	38567307	224	0.5462
6af033f7-10e9-4692-b0bf-4c54e6e23e88	22	38568078	38811084	136	-0.0636
6af033f7-10e9-4692-b0bf-4c54e6e23e88	22	38814824	38827567	8	1.0816
6af033f7-10e9-4692-b0bf-4c54e6e23e88	22	38830101	38859586	14	0.0394
6af033f7-10e9-4692-b0bf-4c54e6e23e88	22	38875985	38891332	14	0.4668
6af033f7-10e9-4692-b0bf-4c54e6e23e88	22	38909916	39011942	20	0.6789
6af033f7-10e9-4692-b0bf-4c54e6e23e88	22	39016663	39233091	75	1.0893
6af033f7-10e9-4692-b0bf-4c54e6e23e88	22	39255961	39264043	7	0.6139
6af033f7-10e9-4692-b0bf-4c54e6e23e88	22	39265027	39283195	12	0.2938
6af033f7-10e9-4692-b0bf-4c54e6e23e88	22	39284509	39434908	77	-0.0437
6af033f7-10e9-4692-b0bf-4c54e6e23e88	22	39435332	40160631	307	0.2864
6af033f7-10e9-4692-b0bf-4c54e6e23e88	22	40163097	40797400	299	0.0892
6af033f7-10e9-4692-b0bf-4c54e6e23e88	22	40805149	41031787	107	0.5456
6af033f7-10e9-4692-b0bf-4c54e6e23e88	22	41034703	41322581	275	0.9743
6af033f7-10e9-4692-b0bf-4c54e6e23e88	22	41325413	42090719	374	0.7611
6af033f7-10e9-4692-b0bf-4c54e6e23e88	22	42091896	44354330	1412	-0.1324
6af033f7-10e9-4692-b0bf-4c54e6e23e88	22	44357070	44387899	39	0.0689
6af033f7-10e9-4692-b0bf-4c54e6e23e88	22	44393179	44437121	28	0.4204
6af033f7-10e9-4692-b0bf-4c54e6e23e88	22	44449749	44552340	93	0.0151
6af033f7-10e9-4692-b0bf-4c54e6e23e88	22	44552958	44605069	42	0.4678
6af033f7-10e9-4692-b0bf-4c54e6e23e88	22	44605402	44617353	11	0.1887
6af033f7-10e9-4692-b0bf-4c54e6e23e88	22	44621827	44939456	212	-0.0522
6af033f7-10e9-4692-b0bf-4c54e6e23e88	22	44942012	44980645	20	0.4295
6af033f7-10e9-4692-b0bf-4c54e6e23e88	22	44983420	45022089	31	-0.1019
6af033f7-10e9-4692-b0bf-4c54e6e23e88	22	45023896	45375254	260	0.1148
6af033f7-10e9-4692-b0bf-4c54e6e23e88	22	45376094	45721281	246	0.2918
6af033f7-10e9-4692-b0bf-4c54e6e23e88	22	45729475	46310463	307	-0.0935
6af033f7-10e9-4692-b0bf-4c54e6e23e88	22	46315536	46464166	83	0.1915
6af033f7-10e9-4692-b0bf-4c54e6e23e88	22	46467277	46500958	25	0.2659
6af033f7-10e9-4692-b0bf-4c54e6e23e88	22	46510201	46669939	91	0.8164
6af033f7-10e9-4692-b0bf-4c54e6e23e88	22	46675963	46904182	172	0.5225
6af033f7-10e9-4692-b0bf-4c54e6e23e88	22	46905893	46962493	71	0.1904
6af033f7-10e9-4692-b0bf-4c54e6e23e88	22	46962850	47011763	22	0.4038
6af033f7-10e9-4692-b0bf-4c54e6e23e88	22	47016365	47115822	65	1.0724
6af033f7-10e9-4692-b0bf-4c54e6e23e88	22	47115936	47116170	3	0.1413
6af033f7-10e9-4692-b0bf-4c54e6e23e88	22	47120508	47130101	9	0.8863
6af033f7-10e9-4692-b0bf-4c54e6e23e88	22	47130588	47783584	497	0.3229
6af033f7-10e9-4692-b0bf-4c54e6e23e88	22	47811569	47928595	129	0.9403
6af033f7-10e9-4692-b0bf-4c54e6e23e88	22	47928916	48940621	881	0.0415
6af033f7-10e9-4692-b0bf-4c54e6e23e88	X	3236359	5965451	340	0.1653
6af033f7-10e9-4692-b0bf-4c54e6e23e88	X	5965488	6199640	200	-0.2012
6af033f7-10e9-4692-b0bf-4c54e6e23e88	X	6199951	54843719	22012	0.1334
6af033f7-10e9-4692-b0bf-4c54e6e23e88	X	54846822	62969104	1343	-0.1409
6af033f7-10e9-4692-b0bf-4c54e6e23e88	X	62969579	63548312	103	-0.4754
6af033f7-10e9-4692-b0bf-4c54e6e23e88	X	63548615	63693763	54	0.0942
6af033f7-10e9-4692-b0bf-4c54e6e23e88	X	63698067	65481419	698	-0.5106
6af033f7-10e9-4692-b0bf-4c54e6e23e88	X	65481731	65492507	9	-0.2622
6af033f7-10e9-4692-b0bf-4c54e6e23e88	X	65497956	66096751	197	0.0944
6af033f7-10e9-4692-b0bf-4c54e6e23e88	X	66101915	70754504	1993	-0.1941
6af033f7-10e9-4692-b0bf-4c54e6e23e88	X	70757089	77425865	2065	-0.5327
6af033f7-10e9-4692-b0bf-4c54e6e23e88	X	77452734	77593470	17	0.2837
6af033f7-10e9-4692-b0bf-4c54e6e23e88	X	77609233	78365815	176	-0.4837
6af033f7-10e9-4692-b0bf-4c54e6e23e88	X	78365843	78548817	82	-0.1058
6af033f7-10e9-4692-b0bf-4c54e6e23e88	X	78556525	91548251	5539	-0.5577
6af033f7-10e9-4692-b0bf-4c54e6e23e88	X	91555350	91896214	101	-0.339
6af033f7-10e9-4692-b0bf-4c54e6e23e88	X	91899530	94252729	896	-0.1151
6af033f7-10e9-4692-b0bf-4c54e6e23e88	X	94259438	94400681	104	0.1882
6af033f7-10e9-4692-b0bf-4c54e6e23e88	X	94401614	94445163	30	-0.0983
6af033f7-10e9-4692-b0bf-4c54e6e23e88	X	94445249	98839716	1659	-0.2333
6af033f7-10e9-4692-b0bf-4c54e6e23e88	X	98841833	104882034	2777	-0.5799
6af033f7-10e9-4692-b0bf-4c54e6e23e88	X	104888052	105161402	153	-0.1493
6af033f7-10e9-4692-b0bf-4c54e6e23e88	X	105161418	111409087	2912	0.2541
6af033f7-10e9-4692-b0bf-4c54e6e23e88	X	111412216	155677414	20143	0.1938
