GDC_Aliquot	Chromosome	Start	End	Num_Probes	Segment_Mean
dced15f4-6936-4bd2-8c04-9919768b40ca	1	3301765	7874441	2970	0.0218
dced15f4-6936-4bd2-8c04-9919768b40ca	1	7875855	11474485	1728	-0.049
dced15f4-6936-4bd2-8c04-9919768b40ca	1	11483287	24340419	7049	0.0018
dced15f4-6936-4bd2-8c04-9919768b40ca	1	24340444	29198050	1983	-0.0646
dced15f4-6936-4bd2-8c04-9919768b40ca	1	29200258	55246685	14061	-0.0118
dced15f4-6936-4bd2-8c04-9919768b40ca	1	55248274	57032421	1462	0.0465
dced15f4-6936-4bd2-8c04-9919768b40ca	1	57032610	61044947	2923	-0.0094
dced15f4-6936-4bd2-8c04-9919768b40ca	1	61052767	98254714	22937	-0.0375
dced15f4-6936-4bd2-8c04-9919768b40ca	1	98254964	98255814	2	-1.6254
dced15f4-6936-4bd2-8c04-9919768b40ca	1	98257126	102018655	2489	-0.0521
dced15f4-6936-4bd2-8c04-9919768b40ca	1	102022894	106447918	2016	-0.0927
dced15f4-6936-4bd2-8c04-9919768b40ca	1	106448638	115095423	5240	-0.0306
dced15f4-6936-4bd2-8c04-9919768b40ca	1	115095793	119979978	3106	-0.0011
dced15f4-6936-4bd2-8c04-9919768b40ca	1	119981279	150147495	105	0.4736
dced15f4-6936-4bd2-8c04-9919768b40ca	1	150148513	150914966	255	0.2836
dced15f4-6936-4bd2-8c04-9919768b40ca	1	150925926	150941402	6	1.1591
dced15f4-6936-4bd2-8c04-9919768b40ca	1	150943117	151008076	35	0.6439
dced15f4-6936-4bd2-8c04-9919768b40ca	1	151009144	151070735	24	1.4113
dced15f4-6936-4bd2-8c04-9919768b40ca	1	151073507	151487113	139	0.7609
dced15f4-6936-4bd2-8c04-9919768b40ca	1	151498967	152413531	480	1.0564
dced15f4-6936-4bd2-8c04-9919768b40ca	1	152413713	152867032	259	0.662
dced15f4-6936-4bd2-8c04-9919768b40ca	1	152871451	153143621	197	0.8426
dced15f4-6936-4bd2-8c04-9919768b40ca	1	153143757	153305292	144	0.9408
dced15f4-6936-4bd2-8c04-9919768b40ca	1	153307680	153531301	124	1.1541
dced15f4-6936-4bd2-8c04-9919768b40ca	1	153558806	153820482	80	0.8068
dced15f4-6936-4bd2-8c04-9919768b40ca	1	153823260	154772376	459	1.0739
dced15f4-6936-4bd2-8c04-9919768b40ca	1	154772555	155184594	212	-0.7743
dced15f4-6936-4bd2-8c04-9919768b40ca	1	155205866	155210675	3	1.2225
dced15f4-6936-4bd2-8c04-9919768b40ca	1	155241876	155262283	11	-0.7333
dced15f4-6936-4bd2-8c04-9919768b40ca	1	155264807	155307639	40	1.0477
dced15f4-6936-4bd2-8c04-9919768b40ca	1	155311455	155317731	5	-0.6445
dced15f4-6936-4bd2-8c04-9919768b40ca	1	155330989	156552422	523	0.3044
dced15f4-6936-4bd2-8c04-9919768b40ca	1	156552747	158532077	1260	0.3935
dced15f4-6936-4bd2-8c04-9919768b40ca	1	158532341	158866716	230	0.3188
dced15f4-6936-4bd2-8c04-9919768b40ca	1	158871470	159387894	296	-0.0694
dced15f4-6936-4bd2-8c04-9919768b40ca	1	159391920	160264901	576	0.3891
dced15f4-6936-4bd2-8c04-9919768b40ca	1	160265750	160373154	56	-0.0878
dced15f4-6936-4bd2-8c04-9919768b40ca	1	160379411	160909123	390	0.3301
dced15f4-6936-4bd2-8c04-9919768b40ca	1	160909526	160979506	40	-0.2287
dced15f4-6936-4bd2-8c04-9919768b40ca	1	160986955	161009270	10	1.0262
dced15f4-6936-4bd2-8c04-9919768b40ca	1	161020103	169721608	6344	-0.7916
dced15f4-6936-4bd2-8c04-9919768b40ca	1	169722951	169722991	2	-0.2999
dced15f4-6936-4bd2-8c04-9919768b40ca	1	169725478	170418190	529	0.9093
dced15f4-6936-4bd2-8c04-9919768b40ca	1	170420374	170830780	226	1.6068
dced15f4-6936-4bd2-8c04-9919768b40ca	1	170832344	171179582	215	1.0474
dced15f4-6936-4bd2-8c04-9919768b40ca	1	171179766	171356936	123	1.4042
dced15f4-6936-4bd2-8c04-9919768b40ca	1	171358127	171419131	26	-0.9081
dced15f4-6936-4bd2-8c04-9919768b40ca	1	171423464	171591203	107	1.2988
dced15f4-6936-4bd2-8c04-9919768b40ca	1	171594722	171639418	38	0.7479
dced15f4-6936-4bd2-8c04-9919768b40ca	1	171640119	171744328	61	1.066
dced15f4-6936-4bd2-8c04-9919768b40ca	1	171744668	172055388	226	0.7514
dced15f4-6936-4bd2-8c04-9919768b40ca	1	172066357	172114663	23	1.3257
dced15f4-6936-4bd2-8c04-9919768b40ca	1	172114741	172412243	210	2.3439
dced15f4-6936-4bd2-8c04-9919768b40ca	1	172412640	172430743	19	1.2036
dced15f4-6936-4bd2-8c04-9919768b40ca	1	172439412	173379295	601	-0.7676
dced15f4-6936-4bd2-8c04-9919768b40ca	1	173383259	173680297	170	1.035
dced15f4-6936-4bd2-8c04-9919768b40ca	1	173680855	175460237	961	0.8631
dced15f4-6936-4bd2-8c04-9919768b40ca	1	175460288	178389942	1546	0.6823
dced15f4-6936-4bd2-8c04-9919768b40ca	1	178396524	178501730	61	1.0107
dced15f4-6936-4bd2-8c04-9919768b40ca	1	178502617	181140961	1731	0.6627
dced15f4-6936-4bd2-8c04-9919768b40ca	1	181144305	181312172	116	0.9319
dced15f4-6936-4bd2-8c04-9919768b40ca	1	181312566	181810334	399	0.6906
dced15f4-6936-4bd2-8c04-9919768b40ca	1	181810968	182357922	376	0.8665
dced15f4-6936-4bd2-8c04-9919768b40ca	1	182358684	182541766	133	0.6197
dced15f4-6936-4bd2-8c04-9919768b40ca	1	182544681	182683528	127	0.3746
dced15f4-6936-4bd2-8c04-9919768b40ca	1	182683714	182748181	29	0.6379
dced15f4-6936-4bd2-8c04-9919768b40ca	1	182748222	183308836	350	0.3479
dced15f4-6936-4bd2-8c04-9919768b40ca	1	183313440	183433625	82	2.0439
dced15f4-6936-4bd2-8c04-9919768b40ca	1	183433657	184078556	475	2.6517
dced15f4-6936-4bd2-8c04-9919768b40ca	1	184078977	184403069	226	2.3614
dced15f4-6936-4bd2-8c04-9919768b40ca	1	184403527	185024606	346	2.669
dced15f4-6936-4bd2-8c04-9919768b40ca	1	185032426	185032896	2	0.4146
dced15f4-6936-4bd2-8c04-9919768b40ca	1	185038831	185165763	42	2.6272
dced15f4-6936-4bd2-8c04-9919768b40ca	1	185166613	186477683	805	2.2391
dced15f4-6936-4bd2-8c04-9919768b40ca	1	186482719	187716563	817	2.0901
dced15f4-6936-4bd2-8c04-9919768b40ca	1	187716964	188253955	360	2.2278
dced15f4-6936-4bd2-8c04-9919768b40ca	1	188259845	190322436	1090	0.3174
dced15f4-6936-4bd2-8c04-9919768b40ca	1	190326509	191902086	884	0.6128
dced15f4-6936-4bd2-8c04-9919768b40ca	1	191907051	200991758	5333	-0.0938
dced15f4-6936-4bd2-8c04-9919768b40ca	1	200994038	202622249	1077	-0.0106
dced15f4-6936-4bd2-8c04-9919768b40ca	1	202624450	202644977	13	-0.2343
dced15f4-6936-4bd2-8c04-9919768b40ca	1	202645925	202672212	27	1.5684
dced15f4-6936-4bd2-8c04-9919768b40ca	1	202673550	225580331	15102	-0.0461
dced15f4-6936-4bd2-8c04-9919768b40ca	1	225580526	227406959	1032	-0.1243
dced15f4-6936-4bd2-8c04-9919768b40ca	1	227408534	234333133	4624	-0.0841
dced15f4-6936-4bd2-8c04-9919768b40ca	1	234335550	247650984	8377	-0.123
dced15f4-6936-4bd2-8c04-9919768b40ca	2	480597	3123598	1095	-0.1617
dced15f4-6936-4bd2-8c04-9919768b40ca	2	3123657	17950980	10210	-0.033
dced15f4-6936-4bd2-8c04-9919768b40ca	2	17951487	23710486	3876	0.0056
dced15f4-6936-4bd2-8c04-9919768b40ca	2	23710579	45069826	11573	-0.0354
dced15f4-6936-4bd2-8c04-9919768b40ca	2	45070437	45347971	178	0.1238
dced15f4-6936-4bd2-8c04-9919768b40ca	2	45348542	65188362	11078	-0.0421
dced15f4-6936-4bd2-8c04-9919768b40ca	2	65191075	65807876	407	-0.7721
dced15f4-6936-4bd2-8c04-9919768b40ca	2	65808981	65809431	3	0.4055
dced15f4-6936-4bd2-8c04-9919768b40ca	2	65812157	117775095	23537	-0.0391
dced15f4-6936-4bd2-8c04-9919768b40ca	2	117775879	123005637	3263	0.0027
dced15f4-6936-4bd2-8c04-9919768b40ca	2	123005650	123484614	261	-0.0651
dced15f4-6936-4bd2-8c04-9919768b40ca	2	123484634	123602963	2	1.9882
dced15f4-6936-4bd2-8c04-9919768b40ca	2	123602994	134781233	5090	-0.0237
dced15f4-6936-4bd2-8c04-9919768b40ca	2	134782397	147409918	6901	-0.0678
dced15f4-6936-4bd2-8c04-9919768b40ca	2	147415236	151354289	2390	-0.029
dced15f4-6936-4bd2-8c04-9919768b40ca	2	151360664	154071965	1685	0.0255
dced15f4-6936-4bd2-8c04-9919768b40ca	2	154072949	160339999	3598	-0.0536
dced15f4-6936-4bd2-8c04-9919768b40ca	2	160340357	160360210	2	1.5318
dced15f4-6936-4bd2-8c04-9919768b40ca	2	160361024	186032339	14880	-0.0518
dced15f4-6936-4bd2-8c04-9919768b40ca	2	186032596	207399266	11222	0.021
dced15f4-6936-4bd2-8c04-9919768b40ca	2	207400014	212657429	3084	-0.018
dced15f4-6936-4bd2-8c04-9919768b40ca	2	212657770	216786402	2584	0.023
dced15f4-6936-4bd2-8c04-9919768b40ca	2	216790146	218194696	958	0.1031
dced15f4-6936-4bd2-8c04-9919768b40ca	2	218195098	235508427	10532	0.0274
dced15f4-6936-4bd2-8c04-9919768b40ca	2	235513170	236080188	360	-0.7932
dced15f4-6936-4bd2-8c04-9919768b40ca	2	236082302	240451608	2669	0.0352
dced15f4-6936-4bd2-8c04-9919768b40ca	2	240470237	241537572	512	-0.1893
dced15f4-6936-4bd2-8c04-9919768b40ca	3	2170634	3494230	773	-0.6851
dced15f4-6936-4bd2-8c04-9919768b40ca	3	3495042	15359781	7295	-0.6375
dced15f4-6936-4bd2-8c04-9919768b40ca	3	15362696	28305168	7336	-0.7112
dced15f4-6936-4bd2-8c04-9919768b40ca	3	28309145	30006541	1104	0.6703
dced15f4-6936-4bd2-8c04-9919768b40ca	3	30008476	30954539	700	0.4208
dced15f4-6936-4bd2-8c04-9919768b40ca	3	30957000	53190213	11947	-0.715
dced15f4-6936-4bd2-8c04-9919768b40ca	3	53200041	53231941	14	0.2028
dced15f4-6936-4bd2-8c04-9919768b40ca	3	53232373	54466511	840	-0.7025
dced15f4-6936-4bd2-8c04-9919768b40ca	3	54467059	54712459	205	0.6877
dced15f4-6936-4bd2-8c04-9919768b40ca	3	54716221	55279396	501	0.2173
dced15f4-6936-4bd2-8c04-9919768b40ca	3	55280188	55408362	98	-0.2835
dced15f4-6936-4bd2-8c04-9919768b40ca	3	55411015	66833685	7098	-0.7215
dced15f4-6936-4bd2-8c04-9919768b40ca	3	66834676	68085321	758	0.3562
dced15f4-6936-4bd2-8c04-9919768b40ca	3	68085922	68930441	622	-0.0541
dced15f4-6936-4bd2-8c04-9919768b40ca	3	68934077	69117205	122	0.1859
dced15f4-6936-4bd2-8c04-9919768b40ca	3	69117744	70714346	1169	-0.0427
dced15f4-6936-4bd2-8c04-9919768b40ca	3	70714699	73700165	2139	-0.3497
dced15f4-6936-4bd2-8c04-9919768b40ca	3	73701061	75315279	1018	-0.0706
dced15f4-6936-4bd2-8c04-9919768b40ca	3	75793727	78310093	1354	-0.3661
dced15f4-6936-4bd2-8c04-9919768b40ca	3	78314773	79981182	920	-0.0747
dced15f4-6936-4bd2-8c04-9919768b40ca	3	79983501	79983631	2	-1.4582
dced15f4-6936-4bd2-8c04-9919768b40ca	3	79985176	80129811	86	-0.1991
dced15f4-6936-4bd2-8c04-9919768b40ca	3	80135121	80160424	12	0.4773
dced15f4-6936-4bd2-8c04-9919768b40ca	3	80160465	80280599	66	-0.0611
dced15f4-6936-4bd2-8c04-9919768b40ca	3	80281737	81349379	599	0.1599
dced15f4-6936-4bd2-8c04-9919768b40ca	3	81356044	82181049	441	0.7834
dced15f4-6936-4bd2-8c04-9919768b40ca	3	82181755	84265246	961	0.635
dced15f4-6936-4bd2-8c04-9919768b40ca	3	84267664	84968876	366	0.7663
dced15f4-6936-4bd2-8c04-9919768b40ca	3	84971301	88316546	1547	-0.1047
dced15f4-6936-4bd2-8c04-9919768b40ca	3	88316789	122976441	17190	-0.0429
dced15f4-6936-4bd2-8c04-9919768b40ca	3	122979245	141286732	10633	-0.0065
dced15f4-6936-4bd2-8c04-9919768b40ca	3	141287252	161954091	10821	-0.0439
dced15f4-6936-4bd2-8c04-9919768b40ca	3	161954929	167171482	2101	-0.0929
dced15f4-6936-4bd2-8c04-9919768b40ca	3	167172932	197812401	16027	-0.0391
dced15f4-6936-4bd2-8c04-9919768b40ca	4	1059384	10432084	4916	-0.0875
dced15f4-6936-4bd2-8c04-9919768b40ca	4	10432835	36836518	17186	-0.128
dced15f4-6936-4bd2-8c04-9919768b40ca	4	36837307	38294296	1103	-0.0931
dced15f4-6936-4bd2-8c04-9919768b40ca	4	38304015	39150116	580	1.4013
dced15f4-6936-4bd2-8c04-9919768b40ca	4	39165167	39199413	24	2.1856
dced15f4-6936-4bd2-8c04-9919768b40ca	4	39203745	39451134	103	1.3039
dced15f4-6936-4bd2-8c04-9919768b40ca	4	39451234	40193257	271	1.0835
dced15f4-6936-4bd2-8c04-9919768b40ca	4	40195326	40221181	21	1.7527
dced15f4-6936-4bd2-8c04-9919768b40ca	4	40224292	40247677	18	0.9599
dced15f4-6936-4bd2-8c04-9919768b40ca	4	40252594	40847595	312	1.8415
dced15f4-6936-4bd2-8c04-9919768b40ca	4	40851627	41876046	721	1.1754
dced15f4-6936-4bd2-8c04-9919768b40ca	4	41880898	47334829	2607	-0.1343
dced15f4-6936-4bd2-8c04-9919768b40ca	4	47335632	58478050	4689	-0.0378
dced15f4-6936-4bd2-8c04-9919768b40ca	4	58482181	69820209	5634	-0.0801
dced15f4-6936-4bd2-8c04-9919768b40ca	4	69828123	82828948	7680	-0.0483
dced15f4-6936-4bd2-8c04-9919768b40ca	4	82830157	82953635	56	-0.831
dced15f4-6936-4bd2-8c04-9919768b40ca	4	82955026	187842528	57332	-0.0593
dced15f4-6936-4bd2-8c04-9919768b40ca	5	914118	4658262	2405	-0.0339
dced15f4-6936-4bd2-8c04-9919768b40ca	5	4658549	6256777	1387	0.0441
dced15f4-6936-4bd2-8c04-9919768b40ca	5	6257603	19136582	7833	-0.0297
dced15f4-6936-4bd2-8c04-9919768b40ca	5	19136597	30888632	6132	-0.081
dced15f4-6936-4bd2-8c04-9919768b40ca	5	30888667	44798305	8080	-0.035
dced15f4-6936-4bd2-8c04-9919768b40ca	5	44800563	52474265	1087	-0.0939
dced15f4-6936-4bd2-8c04-9919768b40ca	5	52480483	83093997	17399	-0.0323
dced15f4-6936-4bd2-8c04-9919768b40ca	5	83095522	90983597	4071	-0.0889
dced15f4-6936-4bd2-8c04-9919768b40ca	5	90983625	134834336	24084	-0.0478
dced15f4-6936-4bd2-8c04-9919768b40ca	5	134843857	138067485	2164	0.1133
dced15f4-6936-4bd2-8c04-9919768b40ca	5	138071561	157966535	12247	0.0733
dced15f4-6936-4bd2-8c04-9919768b40ca	5	157972042	161076935	2105	0.0997
dced15f4-6936-4bd2-8c04-9919768b40ca	5	161078933	168640116	4823	0.0357
dced15f4-6936-4bd2-8c04-9919768b40ca	5	168641087	180934240	7064	0.1013
dced15f4-6936-4bd2-8c04-9919768b40ca	6	1011760	4182525	2405	-0.1441
dced15f4-6936-4bd2-8c04-9919768b40ca	6	4183020	15106413	7782	-0.0257
dced15f4-6936-4bd2-8c04-9919768b40ca	6	15109472	15562748	124	-0.0978
dced15f4-6936-4bd2-8c04-9919768b40ca	6	15563851	20679478	3622	0.0993
dced15f4-6936-4bd2-8c04-9919768b40ca	6	20680731	38916203	8865	-0.0391
dced15f4-6936-4bd2-8c04-9919768b40ca	6	38916474	41644846	2021	0.0204
dced15f4-6936-4bd2-8c04-9919768b40ca	6	41645350	61831144	9312	-0.0316
dced15f4-6936-4bd2-8c04-9919768b40ca	6	61831160	80352383	10218	-0.0623
dced15f4-6936-4bd2-8c04-9919768b40ca	6	80352876	132292659	29487	-0.0334
dced15f4-6936-4bd2-8c04-9919768b40ca	6	132293130	132748520	356	1.6379
dced15f4-6936-4bd2-8c04-9919768b40ca	6	132748574	132819199	56	1.318
dced15f4-6936-4bd2-8c04-9919768b40ca	6	132819300	135389556	1779	1.6334
dced15f4-6936-4bd2-8c04-9919768b40ca	6	135390361	137334754	1223	1.707
dced15f4-6936-4bd2-8c04-9919768b40ca	6	137336845	139295111	1289	1.5874
dced15f4-6936-4bd2-8c04-9919768b40ca	6	139301408	139809724	312	1.4254
dced15f4-6936-4bd2-8c04-9919768b40ca	6	139813872	139885275	70	1.5864
dced15f4-6936-4bd2-8c04-9919768b40ca	6	139887342	142301022	956	1.8276
dced15f4-6936-4bd2-8c04-9919768b40ca	6	142303443	143230153	561	1.9957
dced15f4-6936-4bd2-8c04-9919768b40ca	6	143231556	144530854	907	1.8101
dced15f4-6936-4bd2-8c04-9919768b40ca	6	144531431	144952736	297	1.5547
dced15f4-6936-4bd2-8c04-9919768b40ca	6	144952790	144978114	26	1.8032
dced15f4-6936-4bd2-8c04-9919768b40ca	6	144979417	145272080	155	2.1663
dced15f4-6936-4bd2-8c04-9919768b40ca	6	145272316	147003802	1014	1.7115
dced15f4-6936-4bd2-8c04-9919768b40ca	6	147004128	147349601	208	1.8994
dced15f4-6936-4bd2-8c04-9919768b40ca	6	147350593	147806478	306	1.7299
dced15f4-6936-4bd2-8c04-9919768b40ca	6	147811367	148508078	559	1.8937
dced15f4-6936-4bd2-8c04-9919768b40ca	6	148508169	149604554	766	2.029
dced15f4-6936-4bd2-8c04-9919768b40ca	6	149607245	150154950	288	1.2213
dced15f4-6936-4bd2-8c04-9919768b40ca	6	150155183	151303773	854	1.4445
dced15f4-6936-4bd2-8c04-9919768b40ca	6	151304887	152426542	822	1.2502
dced15f4-6936-4bd2-8c04-9919768b40ca	6	152428943	162062922	6425	-0.0324
dced15f4-6936-4bd2-8c04-9919768b40ca	6	162173909	163399899	541	-0.3878
dced15f4-6936-4bd2-8c04-9919768b40ca	6	163399936	170596889	3305	0.0078
dced15f4-6936-4bd2-8c04-9919768b40ca	7	664936	25216626	13264	-0.0666
dced15f4-6936-4bd2-8c04-9919768b40ca	7	25219413	35622258	6663	-0.0157
dced15f4-6936-4bd2-8c04-9919768b40ca	7	35625738	41626182	3991	-0.0513
dced15f4-6936-4bd2-8c04-9919768b40ca	7	41630146	48894380	4342	-0.0119
dced15f4-6936-4bd2-8c04-9919768b40ca	7	48894395	86346517	15844	-0.0527
dced15f4-6936-4bd2-8c04-9919768b40ca	7	86346846	97032110	5361	-0.0233
dced15f4-6936-4bd2-8c04-9919768b40ca	7	97032133	119074360	11067	-0.0559
dced15f4-6936-4bd2-8c04-9919768b40ca	7	119074735	119074736	2	1.6854
dced15f4-6936-4bd2-8c04-9919768b40ca	7	119077901	130253183	5875	-0.0585
dced15f4-6936-4bd2-8c04-9919768b40ca	7	130258819	134920148	2874	-0.0118
dced15f4-6936-4bd2-8c04-9919768b40ca	7	134924546	137424273	1607	-0.0546
dced15f4-6936-4bd2-8c04-9919768b40ca	7	137434687	137579549	100	-0.8132
dced15f4-6936-4bd2-8c04-9919768b40ca	7	137583890	141383119	2156	-0.0555
dced15f4-6936-4bd2-8c04-9919768b40ca	7	141385714	158592540	8583	-0.8177
dced15f4-6936-4bd2-8c04-9919768b40ca	8	667625	980451	165	0.2506
dced15f4-6936-4bd2-8c04-9919768b40ca	8	980559	14053830	6061	-0.041
dced15f4-6936-4bd2-8c04-9919768b40ca	8	14054180	15732944	1326	-0.0883
dced15f4-6936-4bd2-8c04-9919768b40ca	8	15733017	54577858	21724	-0.0332
dced15f4-6936-4bd2-8c04-9919768b40ca	8	54579077	56133754	930	-0.3509
dced15f4-6936-4bd2-8c04-9919768b40ca	8	56186628	71175087	8864	0.1842
dced15f4-6936-4bd2-8c04-9919768b40ca	8	71175569	74902466	2467	0.2241
dced15f4-6936-4bd2-8c04-9919768b40ca	8	74902837	81199536	3423	0.1798
dced15f4-6936-4bd2-8c04-9919768b40ca	8	81201416	83576154	1242	0.5157
dced15f4-6936-4bd2-8c04-9919768b40ca	8	83580982	86336352	1326	0.149
dced15f4-6936-4bd2-8c04-9919768b40ca	8	86340161	86555077	77	0.3604
dced15f4-6936-4bd2-8c04-9919768b40ca	8	86555156	89321476	1632	0.5419
dced15f4-6936-4bd2-8c04-9919768b40ca	8	89321506	89321628	2	-0.9162
dced15f4-6936-4bd2-8c04-9919768b40ca	8	89321705	90089111	403	0.538
dced15f4-6936-4bd2-8c04-9919768b40ca	8	90089301	98868329	5234	0.3004
dced15f4-6936-4bd2-8c04-9919768b40ca	8	98868435	101595083	1511	0.202
dced15f4-6936-4bd2-8c04-9919768b40ca	8	101595318	101926433	235	0.2621
dced15f4-6936-4bd2-8c04-9919768b40ca	8	101930392	102382374	245	0.8058
dced15f4-6936-4bd2-8c04-9919768b40ca	8	102387905	102625325	137	0.3853
dced15f4-6936-4bd2-8c04-9919768b40ca	8	102627407	105064819	1419	0.1813
dced15f4-6936-4bd2-8c04-9919768b40ca	8	105065140	106869430	760	0.3806
dced15f4-6936-4bd2-8c04-9919768b40ca	8	106873763	107502642	435	0.7167
dced15f4-6936-4bd2-8c04-9919768b40ca	8	107504352	108130727	389	0.4248
dced15f4-6936-4bd2-8c04-9919768b40ca	8	108132299	109020117	423	0.2119
dced15f4-6936-4bd2-8c04-9919768b40ca	8	109029746	110241038	666	0.7544
dced15f4-6936-4bd2-8c04-9919768b40ca	8	110244483	111490926	618	0.8464
dced15f4-6936-4bd2-8c04-9919768b40ca	8	111496572	112287889	420	0.655
dced15f4-6936-4bd2-8c04-9919768b40ca	8	112289958	113193414	470	0.7728
dced15f4-6936-4bd2-8c04-9919768b40ca	8	113195541	114681489	727	0.6382
dced15f4-6936-4bd2-8c04-9919768b40ca	8	114682060	115391312	350	0.7843
dced15f4-6936-4bd2-8c04-9919768b40ca	8	115391630	116359890	571	1.0787
dced15f4-6936-4bd2-8c04-9919768b40ca	8	116360474	116593835	138	0.8876
dced15f4-6936-4bd2-8c04-9919768b40ca	8	116594278	116633245	32	1.06
dced15f4-6936-4bd2-8c04-9919768b40ca	8	116633320	118011777	919	1.1996
dced15f4-6936-4bd2-8c04-9919768b40ca	8	118012399	118118450	104	0.9605
dced15f4-6936-4bd2-8c04-9919768b40ca	8	118120143	119031329	724	0.86
dced15f4-6936-4bd2-8c04-9919768b40ca	8	119031453	119762978	513	0.497
dced15f4-6936-4bd2-8c04-9919768b40ca	8	119766500	123431482	2292	-0.3813
dced15f4-6936-4bd2-8c04-9919768b40ca	8	123432256	124029152	431	0.2076
dced15f4-6936-4bd2-8c04-9919768b40ca	8	124030312	124135277	60	0.7148
dced15f4-6936-4bd2-8c04-9919768b40ca	8	124137337	124873106	499	0.5968
dced15f4-6936-4bd2-8c04-9919768b40ca	8	124874411	125205269	210	0.7113
dced15f4-6936-4bd2-8c04-9919768b40ca	8	125208847	126005004	588	-0.092
dced15f4-6936-4bd2-8c04-9919768b40ca	8	126005039	126495040	323	0.3427
dced15f4-6936-4bd2-8c04-9919768b40ca	8	126497373	126795545	217	0.7146
dced15f4-6936-4bd2-8c04-9919768b40ca	8	126807278	126910819	106	0.5365
dced15f4-6936-4bd2-8c04-9919768b40ca	8	126911127	126979458	61	0.4635
dced15f4-6936-4bd2-8c04-9919768b40ca	8	126988661	126990083	4	-0.1318
dced15f4-6936-4bd2-8c04-9919768b40ca	8	126990627	130320595	2239	-0.3816
dced15f4-6936-4bd2-8c04-9919768b40ca	8	130320686	130392077	45	-0.8537
dced15f4-6936-4bd2-8c04-9919768b40ca	8	130394176	134903407	3563	-0.3784
dced15f4-6936-4bd2-8c04-9919768b40ca	8	134906536	135932914	714	0.5156
dced15f4-6936-4bd2-8c04-9919768b40ca	8	135933429	138886817	2149	0.1458
dced15f4-6936-4bd2-8c04-9919768b40ca	8	138888475	141323933	1364	-0.0497
dced15f4-6936-4bd2-8c04-9919768b40ca	8	142423108	144017679	456	0.6634
dced15f4-6936-4bd2-8c04-9919768b40ca	8	144044224	144182542	42	-0.672
dced15f4-6936-4bd2-8c04-9919768b40ca	9	789794	4954324	3019	0.2266
dced15f4-6936-4bd2-8c04-9919768b40ca	9	4956411	4957902	2	1.6588
dced15f4-6936-4bd2-8c04-9919768b40ca	9	4958341	8871342	2086	0.2278
dced15f4-6936-4bd2-8c04-9919768b40ca	9	8873659	13199197	1628	-0.0829
dced15f4-6936-4bd2-8c04-9919768b40ca	9	13199306	16804084	2963	-0.0051
dced15f4-6936-4bd2-8c04-9919768b40ca	9	16804130	38752071	13841	-0.0579
dced15f4-6936-4bd2-8c04-9919768b40ca	9	68423153	69118752	621	2.5453
dced15f4-6936-4bd2-8c04-9919768b40ca	9	69125255	69127809	3	-0.6543
dced15f4-6936-4bd2-8c04-9919768b40ca	9	69131137	70892305	1251	2.5374
dced15f4-6936-4bd2-8c04-9919768b40ca	9	70894761	71203585	226	2.0996
dced15f4-6936-4bd2-8c04-9919768b40ca	9	71204939	71340333	93	1.2664
dced15f4-6936-4bd2-8c04-9919768b40ca	9	71340928	71494808	116	2.2281
dced15f4-6936-4bd2-8c04-9919768b40ca	9	71501821	71597771	87	1.3265
dced15f4-6936-4bd2-8c04-9919768b40ca	9	71602488	71682329	70	1.9962
dced15f4-6936-4bd2-8c04-9919768b40ca	9	71683804	71773210	72	1.3886
dced15f4-6936-4bd2-8c04-9919768b40ca	9	71774090	72669643	548	1.939
dced15f4-6936-4bd2-8c04-9919768b40ca	9	72670072	73450588	455	2.1677
dced15f4-6936-4bd2-8c04-9919768b40ca	9	73498167	74431957	592	1.3179
dced15f4-6936-4bd2-8c04-9919768b40ca	9	74432565	75495608	692	1.6387
dced15f4-6936-4bd2-8c04-9919768b40ca	9	75496230	75959113	377	1.4554
dced15f4-6936-4bd2-8c04-9919768b40ca	9	75965317	76140184	162	-0.0639
dced15f4-6936-4bd2-8c04-9919768b40ca	9	76142251	76280351	115	1.4226
dced15f4-6936-4bd2-8c04-9919768b40ca	9	76281200	76725200	364	1.6795
dced15f4-6936-4bd2-8c04-9919768b40ca	9	76725290	76889152	138	2.0101
dced15f4-6936-4bd2-8c04-9919768b40ca	9	76889202	77453422	404	2.309
dced15f4-6936-4bd2-8c04-9919768b40ca	9	77456917	77496033	21	1.5881
dced15f4-6936-4bd2-8c04-9919768b40ca	9	77496488	77591138	82	2.2171
dced15f4-6936-4bd2-8c04-9919768b40ca	9	77591674	77611767	24	1.5685
dced15f4-6936-4bd2-8c04-9919768b40ca	9	77614103	82333385	3168	-0.0466
dced15f4-6936-4bd2-8c04-9919768b40ca	9	82339677	82711513	255	1.2638
dced15f4-6936-4bd2-8c04-9919768b40ca	9	82713751	82715009	4	2.3924
dced15f4-6936-4bd2-8c04-9919768b40ca	9	82719198	83916609	870	1.2395
dced15f4-6936-4bd2-8c04-9919768b40ca	9	83916964	83917183	2	-0.3655
dced15f4-6936-4bd2-8c04-9919768b40ca	9	83917441	84146708	132	1.1873
dced15f4-6936-4bd2-8c04-9919768b40ca	9	84149209	84939316	594	1.438
dced15f4-6936-4bd2-8c04-9919768b40ca	9	84939389	84941141	3	0.0115
dced15f4-6936-4bd2-8c04-9919768b40ca	9	84941505	85097670	154	1.4856
dced15f4-6936-4bd2-8c04-9919768b40ca	9	85098023	101995103	10849	-0.0321
dced15f4-6936-4bd2-8c04-9919768b40ca	9	102227112	102880738	397	1.5118
dced15f4-6936-4bd2-8c04-9919768b40ca	9	103107547	111342735	5987	-0.0274
dced15f4-6936-4bd2-8c04-9919768b40ca	9	111343324	112843203	814	-0.1009
dced15f4-6936-4bd2-8c04-9919768b40ca	9	112843502	138044505	15050	-0.0371
dced15f4-6936-4bd2-8c04-9919768b40ca	10	366509	710947	105	-0.3636
dced15f4-6936-4bd2-8c04-9919768b40ca	10	715085	38675612	26089	-0.0645
dced15f4-6936-4bd2-8c04-9919768b40ca	10	38675680	50771059	3503	-0.0067
dced15f4-6936-4bd2-8c04-9919768b40ca	10	50772271	57361649	3844	-0.0868
dced15f4-6936-4bd2-8c04-9919768b40ca	10	57361978	62917547	3866	-0.0491
dced15f4-6936-4bd2-8c04-9919768b40ca	10	62918156	69622134	3618	-0.0917
dced15f4-6936-4bd2-8c04-9919768b40ca	10	69622285	72105973	1802	-0.0294
dced15f4-6936-4bd2-8c04-9919768b40ca	10	72105984	75363007	1391	-0.1043
dced15f4-6936-4bd2-8c04-9919768b40ca	10	75363893	79274348	3038	-0.0031
dced15f4-6936-4bd2-8c04-9919768b40ca	10	79275156	102549094	13801	-0.0695
dced15f4-6936-4bd2-8c04-9919768b40ca	10	102555910	102696968	63	0.1945
dced15f4-6936-4bd2-8c04-9919768b40ca	10	102702605	121587330	12941	-0.0757
dced15f4-6936-4bd2-8c04-9919768b40ca	10	121587629	133411599	7051	-0.0207
dced15f4-6936-4bd2-8c04-9919768b40ca	11	456012	23474488	14883	-0.7763
dced15f4-6936-4bd2-8c04-9919768b40ca	11	23476762	23520627	66	-0.0818
dced15f4-6936-4bd2-8c04-9919768b40ca	11	23521606	23699572	102	0.3587
dced15f4-6936-4bd2-8c04-9919768b40ca	11	23702670	23704903	9	-0.0085
dced15f4-6936-4bd2-8c04-9919768b40ca	11	23705633	39083172	9315	-0.7805
dced15f4-6936-4bd2-8c04-9919768b40ca	11	39097990	39220558	68	-0.1346
dced15f4-6936-4bd2-8c04-9919768b40ca	11	39221088	43495572	2869	-0.075
dced15f4-6936-4bd2-8c04-9919768b40ca	11	43499453	45495751	1460	0.0101
dced15f4-6936-4bd2-8c04-9919768b40ca	11	45495836	77902070	11929	-0.0516
dced15f4-6936-4bd2-8c04-9919768b40ca	11	77902154	78597804	385	0.0756
dced15f4-6936-4bd2-8c04-9919768b40ca	11	78603929	79034151	353	0.2006
dced15f4-6936-4bd2-8c04-9919768b40ca	11	79034457	79855878	673	-0.0091
dced15f4-6936-4bd2-8c04-9919768b40ca	11	79859738	80331797	366	-0.1674
dced15f4-6936-4bd2-8c04-9919768b40ca	11	80333897	80618308	216	0.0945
dced15f4-6936-4bd2-8c04-9919768b40ca	11	80618467	85036678	2588	-0.2124
dced15f4-6936-4bd2-8c04-9919768b40ca	11	85037956	98861914	8340	0.089
dced15f4-6936-4bd2-8c04-9919768b40ca	11	98862954	99073577	185	-0.0252
dced15f4-6936-4bd2-8c04-9919768b40ca	11	99074770	103812188	3150	0.3082
dced15f4-6936-4bd2-8c04-9919768b40ca	11	103812306	104299978	349	-0.2301
dced15f4-6936-4bd2-8c04-9919768b40ca	11	104301855	111030036	3928	0.3058
dced15f4-6936-4bd2-8c04-9919768b40ca	11	111030791	111152225	105	-0.2044
dced15f4-6936-4bd2-8c04-9919768b40ca	11	111155878	111661623	345	0.3274
dced15f4-6936-4bd2-8c04-9919768b40ca	11	111667319	112220722	282	-0.2012
dced15f4-6936-4bd2-8c04-9919768b40ca	11	112224896	112247218	11	-0.8053
dced15f4-6936-4bd2-8c04-9919768b40ca	11	112250394	114797354	1834	-0.1515
dced15f4-6936-4bd2-8c04-9919768b40ca	11	114797928	114811797	6	-0.8967
dced15f4-6936-4bd2-8c04-9919768b40ca	11	114814091	116400377	1166	-0.1482
dced15f4-6936-4bd2-8c04-9919768b40ca	11	116401304	116661348	231	0.0663
dced15f4-6936-4bd2-8c04-9919768b40ca	11	116661349	122460221	3955	-0.1725
dced15f4-6936-4bd2-8c04-9919768b40ca	11	122462479	122886412	307	0.1141
dced15f4-6936-4bd2-8c04-9919768b40ca	11	122887714	123951784	810	0.5114
dced15f4-6936-4bd2-8c04-9919768b40ca	11	123955061	124003605	34	0.0553
dced15f4-6936-4bd2-8c04-9919768b40ca	11	124004723	124172898	134	0.3269
dced15f4-6936-4bd2-8c04-9919768b40ca	11	124172939	125784947	1071	0.1091
dced15f4-6936-4bd2-8c04-9919768b40ca	11	125785119	126832506	783	-0.5627
dced15f4-6936-4bd2-8c04-9919768b40ca	11	126835351	127706948	690	-0.3675
dced15f4-6936-4bd2-8c04-9919768b40ca	11	127707531	128520961	705	-0.2365
dced15f4-6936-4bd2-8c04-9919768b40ca	11	128521016	128813345	227	-0.447
dced15f4-6936-4bd2-8c04-9919768b40ca	11	128814019	129930415	696	-0.5923
dced15f4-6936-4bd2-8c04-9919768b40ca	11	129930789	130039112	57	-0.4552
dced15f4-6936-4bd2-8c04-9919768b40ca	11	130046149	131865392	1292	-0.3583
dced15f4-6936-4bd2-8c04-9919768b40ca	11	131866674	134272740	1326	-0.5457
dced15f4-6936-4bd2-8c04-9919768b40ca	12	780472	1940283	300	-0.3553
dced15f4-6936-4bd2-8c04-9919768b40ca	12	1945528	1953321	12	1.0216
dced15f4-6936-4bd2-8c04-9919768b40ca	12	1959566	4893862	2027	-0.299
dced15f4-6936-4bd2-8c04-9919768b40ca	12	4895166	4950486	48	-1.4183
dced15f4-6936-4bd2-8c04-9919768b40ca	12	4953586	5416122	469	0.978
dced15f4-6936-4bd2-8c04-9919768b40ca	12	5416404	5639881	210	1.2614
dced15f4-6936-4bd2-8c04-9919768b40ca	12	5639909	5751334	98	1.0814
dced15f4-6936-4bd2-8c04-9919768b40ca	12	5752670	7248775	784	-0.3332
dced15f4-6936-4bd2-8c04-9919768b40ca	12	7259755	7303001	22	1.1982
dced15f4-6936-4bd2-8c04-9919768b40ca	12	7304621	16476900	5009	-0.3468
dced15f4-6936-4bd2-8c04-9919768b40ca	12	16477175	17241129	441	-0.0808
dced15f4-6936-4bd2-8c04-9919768b40ca	12	17242343	17622469	231	0.5342
dced15f4-6936-4bd2-8c04-9919768b40ca	12	17623759	18803483	686	0.3394
dced15f4-6936-4bd2-8c04-9919768b40ca	12	18805700	18806409	2	-0.7739
dced15f4-6936-4bd2-8c04-9919768b40ca	12	18806749	19276556	310	0.3597
dced15f4-6936-4bd2-8c04-9919768b40ca	12	19278791	19735611	240	-0.0065
dced15f4-6936-4bd2-8c04-9919768b40ca	12	19735702	20505699	524	0.163
dced15f4-6936-4bd2-8c04-9919768b40ca	12	20508567	20601402	53	0.035
dced15f4-6936-4bd2-8c04-9919768b40ca	12	20601996	20700728	54	-0.1125
dced15f4-6936-4bd2-8c04-9919768b40ca	12	20704609	21406378	387	-0.3535
dced15f4-6936-4bd2-8c04-9919768b40ca	12	21409592	23250780	1247	-0.0886
dced15f4-6936-4bd2-8c04-9919768b40ca	12	23251229	23897385	398	0.1847
dced15f4-6936-4bd2-8c04-9919768b40ca	12	23897683	23954517	44	-0.1235
dced15f4-6936-4bd2-8c04-9919768b40ca	12	23956606	24019101	38	0.1202
dced15f4-6936-4bd2-8c04-9919768b40ca	12	24019612	24156729	98	0.4525
dced15f4-6936-4bd2-8c04-9919768b40ca	12	24160516	25809516	1068	0.1474
dced15f4-6936-4bd2-8c04-9919768b40ca	12	25810655	25811415	2	-1.1543
dced15f4-6936-4bd2-8c04-9919768b40ca	12	25814535	27556982	1129	0.1725
dced15f4-6936-4bd2-8c04-9919768b40ca	12	27558982	28070484	371	-0.0305
dced15f4-6936-4bd2-8c04-9919768b40ca	12	28071099	28516647	266	0.167
dced15f4-6936-4bd2-8c04-9919768b40ca	12	28538044	29538964	652	0.3736
dced15f4-6936-4bd2-8c04-9919768b40ca	12	29539433	30028157	331	1.473
dced15f4-6936-4bd2-8c04-9919768b40ca	12	30028454	30446483	386	1.212
dced15f4-6936-4bd2-8c04-9919768b40ca	12	30451907	55404021	10710	-0.0693
dced15f4-6936-4bd2-8c04-9919768b40ca	12	55409338	55409884	2	-1.6296
dced15f4-6936-4bd2-8c04-9919768b40ca	12	55416184	57606349	1045	-0.0634
dced15f4-6936-4bd2-8c04-9919768b40ca	12	57612562	57875881	117	2.3322
dced15f4-6936-4bd2-8c04-9919768b40ca	12	57881393	57971991	51	3.0783
dced15f4-6936-4bd2-8c04-9919768b40ca	12	57976150	58077753	51	2.3257
dced15f4-6936-4bd2-8c04-9919768b40ca	12	58077768	58369119	234	3.0024
dced15f4-6936-4bd2-8c04-9919768b40ca	12	58369472	58376940	9	2.2244
dced15f4-6936-4bd2-8c04-9919768b40ca	12	58377701	58397304	22	0.1096
dced15f4-6936-4bd2-8c04-9919768b40ca	12	58397706	58417032	23	1.5664
dced15f4-6936-4bd2-8c04-9919768b40ca	12	58420147	59711126	872	-0.056
dced15f4-6936-4bd2-8c04-9919768b40ca	12	59712570	59715357	5	1.3476
dced15f4-6936-4bd2-8c04-9919768b40ca	12	59718538	59742603	35	0.008
dced15f4-6936-4bd2-8c04-9919768b40ca	12	59743182	59764964	11	1.8454
dced15f4-6936-4bd2-8c04-9919768b40ca	12	59768140	61900030	1218	-0.0945
dced15f4-6936-4bd2-8c04-9919768b40ca	12	61900634	61901088	2	-1.6219
dced15f4-6936-4bd2-8c04-9919768b40ca	12	61907216	63252040	930	-0.0535
dced15f4-6936-4bd2-8c04-9919768b40ca	12	63255621	63269006	7	2.3479
dced15f4-6936-4bd2-8c04-9919768b40ca	12	63271730	66106345	1474	-0.0623
dced15f4-6936-4bd2-8c04-9919768b40ca	12	66110137	66113007	4	1.7464
dced15f4-6936-4bd2-8c04-9919768b40ca	12	66113065	66119331	6	-0.1273
dced15f4-6936-4bd2-8c04-9919768b40ca	12	66122019	66132580	7	3.5255
dced15f4-6936-4bd2-8c04-9919768b40ca	12	66139595	66156601	8	1.196
dced15f4-6936-4bd2-8c04-9919768b40ca	12	66161753	67187867	773	-0.0705
dced15f4-6936-4bd2-8c04-9919768b40ca	12	67189856	67190881	3	1.5066
dced15f4-6936-4bd2-8c04-9919768b40ca	12	67192395	67515996	233	-0.1431
dced15f4-6936-4bd2-8c04-9919768b40ca	12	67523717	67559058	27	2.2302
dced15f4-6936-4bd2-8c04-9919768b40ca	12	67559564	67632814	70	1.8462
dced15f4-6936-4bd2-8c04-9919768b40ca	12	67634897	67862152	136	-0.126
dced15f4-6936-4bd2-8c04-9919768b40ca	12	67863259	68304306	389	2.3072
dced15f4-6936-4bd2-8c04-9919768b40ca	12	68311569	68742645	280	-0.0634
dced15f4-6936-4bd2-8c04-9919768b40ca	12	68745010	68755968	6	0.9626
dced15f4-6936-4bd2-8c04-9919768b40ca	12	68760225	68839126	69	2.9416
dced15f4-6936-4bd2-8c04-9919768b40ca	12	68839220	68855441	19	3.7658
dced15f4-6936-4bd2-8c04-9919768b40ca	12	68856701	69630746	506	2.7756
dced15f4-6936-4bd2-8c04-9919768b40ca	12	69634273	69685736	69	1.9065
dced15f4-6936-4bd2-8c04-9919768b40ca	12	69686002	69956922	172	1.3319
dced15f4-6936-4bd2-8c04-9919768b40ca	12	69960909	70023513	53	1.863
dced15f4-6936-4bd2-8c04-9919768b40ca	12	70026704	70073832	45	1.4053
dced15f4-6936-4bd2-8c04-9919768b40ca	12	70074994	70207508	70	1.9435
dced15f4-6936-4bd2-8c04-9919768b40ca	12	70207540	70298039	49	2.3862
dced15f4-6936-4bd2-8c04-9919768b40ca	12	70299358	70591918	188	1.7443
dced15f4-6936-4bd2-8c04-9919768b40ca	12	70594166	70653307	54	2.2277
dced15f4-6936-4bd2-8c04-9919768b40ca	12	70670568	70755844	57	1.743
dced15f4-6936-4bd2-8c04-9919768b40ca	12	70758769	70838145	65	-0.0602
dced15f4-6936-4bd2-8c04-9919768b40ca	12	70847373	70917990	55	2.102
dced15f4-6936-4bd2-8c04-9919768b40ca	12	70918707	70984863	52	1.1847
dced15f4-6936-4bd2-8c04-9919768b40ca	12	70985540	71047199	47	2.0274
dced15f4-6936-4bd2-8c04-9919768b40ca	12	71052096	74271155	1586	-0.0987
dced15f4-6936-4bd2-8c04-9919768b40ca	12	74280965	74593045	212	2.2773
dced15f4-6936-4bd2-8c04-9919768b40ca	12	74595456	77225551	1679	-0.077
dced15f4-6936-4bd2-8c04-9919768b40ca	12	77233665	77318540	71	1.8731
dced15f4-6936-4bd2-8c04-9919768b40ca	12	77322729	77363357	22	2.9189
dced15f4-6936-4bd2-8c04-9919768b40ca	12	77370255	77388653	25	-0.0146
dced15f4-6936-4bd2-8c04-9919768b40ca	12	77388906	77537392	142	1.5856
dced15f4-6936-4bd2-8c04-9919768b40ca	12	77538723	77701372	161	2.7397
dced15f4-6936-4bd2-8c04-9919768b40ca	12	77703459	77875371	112	2.3447
dced15f4-6936-4bd2-8c04-9919768b40ca	12	77875517	78322457	324	2.7728
dced15f4-6936-4bd2-8c04-9919768b40ca	12	78322468	78463995	125	2.4073
dced15f4-6936-4bd2-8c04-9919768b40ca	12	78467821	78744848	121	2.6689
dced15f4-6936-4bd2-8c04-9919768b40ca	12	78748237	78901821	76	1.8944
dced15f4-6936-4bd2-8c04-9919768b40ca	12	78904518	80446276	911	-0.0899
dced15f4-6936-4bd2-8c04-9919768b40ca	12	80456533	80469492	14	2.006
dced15f4-6936-4bd2-8c04-9919768b40ca	12	80472186	80509459	24	2.9832
dced15f4-6936-4bd2-8c04-9919768b40ca	12	80512799	80692185	108	-0.081
dced15f4-6936-4bd2-8c04-9919768b40ca	12	80693309	80818469	87	2.6932
dced15f4-6936-4bd2-8c04-9919768b40ca	12	80821529	81945270	703	-0.0711
dced15f4-6936-4bd2-8c04-9919768b40ca	12	81945860	82146788	130	2.0707
dced15f4-6936-4bd2-8c04-9919768b40ca	12	82150618	82156309	9	0.0373
dced15f4-6936-4bd2-8c04-9919768b40ca	12	82158095	82248285	55	1.9342
dced15f4-6936-4bd2-8c04-9919768b40ca	12	82249093	82394911	79	3.0745
dced15f4-6936-4bd2-8c04-9919768b40ca	12	82401864	82562588	81	2.2544
dced15f4-6936-4bd2-8c04-9919768b40ca	12	82562852	82898724	190	1.5964
dced15f4-6936-4bd2-8c04-9919768b40ca	12	82913792	82925579	6	-0.1601
dced15f4-6936-4bd2-8c04-9919768b40ca	12	82929563	83029561	83	2.6695
dced15f4-6936-4bd2-8c04-9919768b40ca	12	83031164	83330472	179	-0.0711
dced15f4-6936-4bd2-8c04-9919768b40ca	12	83335050	83657125	174	2.3074
dced15f4-6936-4bd2-8c04-9919768b40ca	12	83657336	83944635	191	1.9855
dced15f4-6936-4bd2-8c04-9919768b40ca	12	83950132	84136277	94	2.3834
dced15f4-6936-4bd2-8c04-9919768b40ca	12	84137655	84336421	138	1.3494
dced15f4-6936-4bd2-8c04-9919768b40ca	12	84338410	84821395	316	-0.0685
dced15f4-6936-4bd2-8c04-9919768b40ca	12	84822945	84827124	6	2.6642
dced15f4-6936-4bd2-8c04-9919768b40ca	12	84828360	85356015	260	-0.0764
dced15f4-6936-4bd2-8c04-9919768b40ca	12	85360862	85368210	6	2.7074
dced15f4-6936-4bd2-8c04-9919768b40ca	12	85370996	86201268	474	-0.1264
dced15f4-6936-4bd2-8c04-9919768b40ca	12	86205220	86215422	10	2.563
dced15f4-6936-4bd2-8c04-9919768b40ca	12	86219782	87117104	369	-0.121
dced15f4-6936-4bd2-8c04-9919768b40ca	12	87121344	87266489	48	1.9985
dced15f4-6936-4bd2-8c04-9919768b40ca	12	87266910	88603125	763	-0.0963
dced15f4-6936-4bd2-8c04-9919768b40ca	12	88609888	88624342	14	3.0962
dced15f4-6936-4bd2-8c04-9919768b40ca	12	88628797	88658977	28	-0.1076
dced15f4-6936-4bd2-8c04-9919768b40ca	12	88666790	88681401	5	1.7522
dced15f4-6936-4bd2-8c04-9919768b40ca	12	88684629	88732185	24	-0.1705
dced15f4-6936-4bd2-8c04-9919768b40ca	12	88739424	89066044	184	1.5512
dced15f4-6936-4bd2-8c04-9919768b40ca	12	89068558	89510249	248	-0.0852
dced15f4-6936-4bd2-8c04-9919768b40ca	12	89512475	89575007	51	1.4614
dced15f4-6936-4bd2-8c04-9919768b40ca	12	89575870	89612978	16	2.8823
dced15f4-6936-4bd2-8c04-9919768b40ca	12	89613654	91934388	1454	-0.0727
dced15f4-6936-4bd2-8c04-9919768b40ca	12	91937548	92243152	216	-0.2093
dced15f4-6936-4bd2-8c04-9919768b40ca	12	92243541	92492125	208	1.2316
dced15f4-6936-4bd2-8c04-9919768b40ca	12	92492543	92723160	178	1.6401
dced15f4-6936-4bd2-8c04-9919768b40ca	12	92726154	92795281	48	1.0423
dced15f4-6936-4bd2-8c04-9919768b40ca	12	92810173	93083493	142	-0.5679
dced15f4-6936-4bd2-8c04-9919768b40ca	12	93088348	93165855	40	1.0223
dced15f4-6936-4bd2-8c04-9919768b40ca	12	93168847	93726563	263	-0.5424
dced15f4-6936-4bd2-8c04-9919768b40ca	12	93727851	93728001	2	1.3372
dced15f4-6936-4bd2-8c04-9919768b40ca	12	93728275	94407545	551	-0.5194
dced15f4-6936-4bd2-8c04-9919768b40ca	12	94408306	95234600	611	0.0747
dced15f4-6936-4bd2-8c04-9919768b40ca	12	95243802	95252453	6	0.9417
dced15f4-6936-4bd2-8c04-9919768b40ca	12	95254248	97153189	1248	0.1214
dced15f4-6936-4bd2-8c04-9919768b40ca	12	97156407	97156666	3	3.3112
dced15f4-6936-4bd2-8c04-9919768b40ca	12	97158194	97957495	705	1.7935
dced15f4-6936-4bd2-8c04-9919768b40ca	12	97957730	97991796	23	1.2887
dced15f4-6936-4bd2-8c04-9919768b40ca	12	97993821	100040174	1143	1.0812
dced15f4-6936-4bd2-8c04-9919768b40ca	12	100058771	101085687	587	0.4041
dced15f4-6936-4bd2-8c04-9919768b40ca	12	101095065	101106874	8	1.8655
dced15f4-6936-4bd2-8c04-9919768b40ca	12	101111760	101404199	220	0.3584
dced15f4-6936-4bd2-8c04-9919768b40ca	12	101405216	101662607	188	0.6216
dced15f4-6936-4bd2-8c04-9919768b40ca	12	101669201	101669603	3	2.001
dced15f4-6936-4bd2-8c04-9919768b40ca	12	101670740	103080139	807	0.7028
dced15f4-6936-4bd2-8c04-9919768b40ca	12	103082434	103094882	6	2.0858
dced15f4-6936-4bd2-8c04-9919768b40ca	12	103095063	103992894	682	0.7235
dced15f4-6936-4bd2-8c04-9919768b40ca	12	103996086	104059290	40	0.4262
dced15f4-6936-4bd2-8c04-9919768b40ca	12	104060264	104109010	20	0.7223
dced15f4-6936-4bd2-8c04-9919768b40ca	12	104110028	105071479	643	2.9592
dced15f4-6936-4bd2-8c04-9919768b40ca	12	105074560	106106630	843	0.7672
dced15f4-6936-4bd2-8c04-9919768b40ca	12	106107896	106267656	136	1.2142
dced15f4-6936-4bd2-8c04-9919768b40ca	12	106267931	106590566	191	3.0413
dced15f4-6936-4bd2-8c04-9919768b40ca	12	106594839	107060423	270	1.2155
dced15f4-6936-4bd2-8c04-9919768b40ca	12	107064058	108146809	649	1.0544
dced15f4-6936-4bd2-8c04-9919768b40ca	12	108147150	108338724	157	1.1899
dced15f4-6936-4bd2-8c04-9919768b40ca	12	108340912	108355913	17	2.9468
dced15f4-6936-4bd2-8c04-9919768b40ca	12	108356344	109493565	630	1.0423
dced15f4-6936-4bd2-8c04-9919768b40ca	12	109493720	111702364	1030	0.6801
dced15f4-6936-4bd2-8c04-9919768b40ca	12	111707494	111735404	17	1.8482
dced15f4-6936-4bd2-8c04-9919768b40ca	12	111883947	112369266	204	0.7377
dced15f4-6936-4bd2-8c04-9919768b40ca	12	112372047	112476969	120	0.5502
dced15f4-6936-4bd2-8c04-9919768b40ca	12	112477626	119840731	4939	0.7436
dced15f4-6936-4bd2-8c04-9919768b40ca	12	119841614	123998764	1793	0.668
dced15f4-6936-4bd2-8c04-9919768b40ca	12	123999067	126887121	1911	0.7443
dced15f4-6936-4bd2-8c04-9919768b40ca	12	126889117	126889193	2	-1.1848
dced15f4-6936-4bd2-8c04-9919768b40ca	12	126890667	132605822	2234	0.7138
dced15f4-6936-4bd2-8c04-9919768b40ca	13	18874255	40620438	13928	-0.047
dced15f4-6936-4bd2-8c04-9919768b40ca	13	40624748	40633926	11	-0.7067
dced15f4-6936-4bd2-8c04-9919768b40ca	13	40638727	48142888	4635	-0.0555
dced15f4-6936-4bd2-8c04-9919768b40ca	13	48143927	48144253	2	-1.6215
dced15f4-6936-4bd2-8c04-9919768b40ca	13	48144610	53482057	2325	-0.0608
dced15f4-6936-4bd2-8c04-9919768b40ca	13	53484981	60159175	3244	-0.0927
dced15f4-6936-4bd2-8c04-9919768b40ca	13	60160919	90728892	17344	0.0347
dced15f4-6936-4bd2-8c04-9919768b40ca	13	90729651	93326757	1712	0.286
dced15f4-6936-4bd2-8c04-9919768b40ca	13	93329759	93510580	147	-0.8174
dced15f4-6936-4bd2-8c04-9919768b40ca	13	93514882	110057957	11319	0.2828
dced15f4-6936-4bd2-8c04-9919768b40ca	13	110059471	112631118	1706	0.3528
dced15f4-6936-4bd2-8c04-9919768b40ca	13	112631233	114226675	490	0.2962
dced15f4-6936-4bd2-8c04-9919768b40ca	14	20033191	25203474	2250	-0.0467
dced15f4-6936-4bd2-8c04-9919768b40ca	14	25215740	26168632	635	-0.1445
dced15f4-6936-4bd2-8c04-9919768b40ca	14	26168668	28496994	1192	-0.0085
dced15f4-6936-4bd2-8c04-9919768b40ca	14	28501364	29219150	415	-0.1786
dced15f4-6936-4bd2-8c04-9919768b40ca	14	29222355	29791152	326	-0.0991
dced15f4-6936-4bd2-8c04-9919768b40ca	14	29791445	32543678	1545	0.0621
dced15f4-6936-4bd2-8c04-9919768b40ca	14	32544390	33361383	660	0.1916
dced15f4-6936-4bd2-8c04-9919768b40ca	14	33362219	33880426	509	-0.1365
dced15f4-6936-4bd2-8c04-9919768b40ca	14	33884277	34445630	404	0.1825
dced15f4-6936-4bd2-8c04-9919768b40ca	14	34447462	36729070	1189	-0.0556
dced15f4-6936-4bd2-8c04-9919768b40ca	14	36730091	37150965	355	-0.3822
dced15f4-6936-4bd2-8c04-9919768b40ca	14	37151549	39371514	1156	-0.0558
dced15f4-6936-4bd2-8c04-9919768b40ca	14	39375409	39570336	110	-0.3416
dced15f4-6936-4bd2-8c04-9919768b40ca	14	39570726	44465304	2080	-0.483
dced15f4-6936-4bd2-8c04-9919768b40ca	14	44465399	47165564	1065	-0.194
dced15f4-6936-4bd2-8c04-9919768b40ca	14	47165640	48444296	683	-0.3411
dced15f4-6936-4bd2-8c04-9919768b40ca	14	48447780	51516945	1796	-0.7895
dced15f4-6936-4bd2-8c04-9919768b40ca	14	51521935	52066381	458	-0.336
dced15f4-6936-4bd2-8c04-9919768b40ca	14	52066515	58696905	4275	-0.7851
dced15f4-6936-4bd2-8c04-9919768b40ca	14	58698491	58833192	126	-0.2959
dced15f4-6936-4bd2-8c04-9919768b40ca	14	58839339	73984482	9008	-0.7736
dced15f4-6936-4bd2-8c04-9919768b40ca	14	73984612	75755447	1019	-0.3223
dced15f4-6936-4bd2-8c04-9919768b40ca	14	75755900	78868976	2170	-0.7721
dced15f4-6936-4bd2-8c04-9919768b40ca	14	78869237	81090839	1445	-0.3662
dced15f4-6936-4bd2-8c04-9919768b40ca	14	81092621	88222995	4519	-0.0383
dced15f4-6936-4bd2-8c04-9919768b40ca	14	88224969	93626138	3082	0.2004
dced15f4-6936-4bd2-8c04-9919768b40ca	14	93626166	93642519	15	0.3063
dced15f4-6936-4bd2-8c04-9919768b40ca	14	93643378	93661108	2	1.37
dced15f4-6936-4bd2-8c04-9919768b40ca	14	93666748	96307593	2152	0.2659
dced15f4-6936-4bd2-8c04-9919768b40ca	14	96309318	96784915	268	-0.0462
dced15f4-6936-4bd2-8c04-9919768b40ca	14	96785888	99469984	1988	0.2213
dced15f4-6936-4bd2-8c04-9919768b40ca	14	99470044	101595521	1253	0.2856
dced15f4-6936-4bd2-8c04-9919768b40ca	14	101597878	105533894	1468	0.2175
dced15f4-6936-4bd2-8c04-9919768b40ca	15	23437561	101344124	44693	-0.0429
dced15f4-6936-4bd2-8c04-9919768b40ca	16	603333	11203705	5780	0.0063
dced15f4-6936-4bd2-8c04-9919768b40ca	16	11204993	11205391	2	1.5605
dced15f4-6936-4bd2-8c04-9919768b40ca	16	11206576	14263813	2283	0.0074
dced15f4-6936-4bd2-8c04-9919768b40ca	16	14265348	54661261	11303	-0.0415
dced15f4-6936-4bd2-8c04-9919768b40ca	16	54662703	54668847	2	-1.7211
dced15f4-6936-4bd2-8c04-9919768b40ca	16	54669330	57834939	2117	0.0008
dced15f4-6936-4bd2-8c04-9919768b40ca	16	57835086	59825362	1279	-0.0555
dced15f4-6936-4bd2-8c04-9919768b40ca	16	59825607	59826468	2	-1.5181
dced15f4-6936-4bd2-8c04-9919768b40ca	16	59826897	64779955	3043	-0.0646
dced15f4-6936-4bd2-8c04-9919768b40ca	16	64780195	76916855	6530	-0.0274
dced15f4-6936-4bd2-8c04-9919768b40ca	16	76918942	89317317	8774	0.0018
dced15f4-6936-4bd2-8c04-9919768b40ca	17	1074619	3665125	1132	0.1332
dced15f4-6936-4bd2-8c04-9919768b40ca	17	3672253	6249532	1328	-0.0707
dced15f4-6936-4bd2-8c04-9919768b40ca	17	6251153	6255565	4	1.8338
dced15f4-6936-4bd2-8c04-9919768b40ca	17	6256334	9850624	2035	-0.0637
dced15f4-6936-4bd2-8c04-9919768b40ca	17	9851294	9976662	128	0.0703
dced15f4-6936-4bd2-8c04-9919768b40ca	17	9976838	10196065	92	0.352
dced15f4-6936-4bd2-8c04-9919768b40ca	17	10200788	10623090	239	0.001
dced15f4-6936-4bd2-8c04-9919768b40ca	17	10627933	10915444	180	0.5485
dced15f4-6936-4bd2-8c04-9919768b40ca	17	10923103	11814862	746	-0.2773
dced15f4-6936-4bd2-8c04-9919768b40ca	17	11818027	12577617	478	0.3909
dced15f4-6936-4bd2-8c04-9919768b40ca	17	12583072	13353269	533	0.1998
dced15f4-6936-4bd2-8c04-9919768b40ca	17	13353866	14229461	640	0.3522
dced15f4-6936-4bd2-8c04-9919768b40ca	17	14231324	15993666	101	-0.0474
dced15f4-6936-4bd2-8c04-9919768b40ca	17	16000288	16309855	136	0.1889
dced15f4-6936-4bd2-8c04-9919768b40ca	17	16311174	28665120	2747	-0.0432
dced15f4-6936-4bd2-8c04-9919768b40ca	17	28665349	30604756	850	-0.2077
dced15f4-6936-4bd2-8c04-9919768b40ca	17	30604853	38268986	3307	-0.3217
dced15f4-6936-4bd2-8c04-9919768b40ca	17	38269360	43184131	2366	-0.1907
dced15f4-6936-4bd2-8c04-9919768b40ca	17	43186470	49845301	2503	-0.051
dced15f4-6936-4bd2-8c04-9919768b40ca	17	49856979	52296800	1360	0.3047
dced15f4-6936-4bd2-8c04-9919768b40ca	17	52296845	52860662	359	0.104
dced15f4-6936-4bd2-8c04-9919768b40ca	17	52861230	55050995	1133	-0.0446
dced15f4-6936-4bd2-8c04-9919768b40ca	17	55051549	58551010	2559	0.1019
dced15f4-6936-4bd2-8c04-9919768b40ca	17	58551240	60737536	928	-0.0676
dced15f4-6936-4bd2-8c04-9919768b40ca	17	60737645	69294699	4550	0.0993
dced15f4-6936-4bd2-8c04-9919768b40ca	17	69294922	72613727	2453	-0.0167
dced15f4-6936-4bd2-8c04-9919768b40ca	17	72616827	81069190	3745	0.1067
dced15f4-6936-4bd2-8c04-9919768b40ca	17	81070030	82121559	233	-0.0521
dced15f4-6936-4bd2-8c04-9919768b40ca	17	82121899	82343372	33	0.2712
dced15f4-6936-4bd2-8c04-9919768b40ca	17	82343577	82959812	318	-0.0684
dced15f4-6936-4bd2-8c04-9919768b40ca	18	326691	8995264	4889	-0.0034
dced15f4-6936-4bd2-8c04-9919768b40ca	18	8998803	8999354	4	-1.1659
dced15f4-6936-4bd2-8c04-9919768b40ca	18	9000880	10905952	1380	-0.0119
dced15f4-6936-4bd2-8c04-9919768b40ca	18	10906985	12058282	750	-0.0366
dced15f4-6936-4bd2-8c04-9919768b40ca	18	12060728	12069663	2	-1.6365
dced15f4-6936-4bd2-8c04-9919768b40ca	18	12069674	39157552	12245	-0.0461
dced15f4-6936-4bd2-8c04-9919768b40ca	18	39158225	43390728	2440	0.0071
dced15f4-6936-4bd2-8c04-9919768b40ca	18	43391378	45405384	1173	-0.0814
dced15f4-6936-4bd2-8c04-9919768b40ca	18	45408123	45769621	341	0.0102
dced15f4-6936-4bd2-8c04-9919768b40ca	18	45774131	47149450	691	-0.0846
dced15f4-6936-4bd2-8c04-9919768b40ca	18	47154040	47154745	2	-1.2848
dced15f4-6936-4bd2-8c04-9919768b40ca	18	47159451	48729680	1235	-0.0708
dced15f4-6936-4bd2-8c04-9919768b40ca	18	48729924	49975968	767	0.0093
dced15f4-6936-4bd2-8c04-9919768b40ca	18	49977209	50798658	624	-0.065
dced15f4-6936-4bd2-8c04-9919768b40ca	18	50798766	51148857	291	-0.1763
dced15f4-6936-4bd2-8c04-9919768b40ca	18	51150015	53711136	1681	-0.0519
dced15f4-6936-4bd2-8c04-9919768b40ca	18	53714595	53759129	43	-0.3496
dced15f4-6936-4bd2-8c04-9919768b40ca	18	53759660	56935623	1884	-0.049
dced15f4-6936-4bd2-8c04-9919768b40ca	18	56938093	59042477	1400	0.0249
dced15f4-6936-4bd2-8c04-9919768b40ca	18	59043329	61327062	1530	-0.1221
dced15f4-6936-4bd2-8c04-9919768b40ca	18	61327176	62209761	614	-0.0472
dced15f4-6936-4bd2-8c04-9919768b40ca	18	62210323	66251469	2229	0.1661
dced15f4-6936-4bd2-8c04-9919768b40ca	18	66254989	67936532	1012	-0.1224
dced15f4-6936-4bd2-8c04-9919768b40ca	18	67938472	70626157	1426	0.3702
dced15f4-6936-4bd2-8c04-9919768b40ca	18	70630042	74197947	757	0.1378
dced15f4-6936-4bd2-8c04-9919768b40ca	18	74201350	74690081	358	0.5575
dced15f4-6936-4bd2-8c04-9919768b40ca	18	74692961	75654839	669	0.1934
dced15f4-6936-4bd2-8c04-9919768b40ca	18	75658001	75662896	7	-0.771
dced15f4-6936-4bd2-8c04-9919768b40ca	18	75663717	75762781	77	0.1891
dced15f4-6936-4bd2-8c04-9919768b40ca	18	75763325	75834967	86	0.5682
dced15f4-6936-4bd2-8c04-9919768b40ca	18	75842559	78044546	1544	0.3968
dced15f4-6936-4bd2-8c04-9919768b40ca	18	78045672	78365807	184	0.5659
dced15f4-6936-4bd2-8c04-9919768b40ca	18	78366925	79243733	479	0.2109
dced15f4-6936-4bd2-8c04-9919768b40ca	18	79247456	79349796	54	0.655
dced15f4-6936-4bd2-8c04-9919768b40ca	19	283868	2389786	420	0.3178
dced15f4-6936-4bd2-8c04-9919768b40ca	19	2403566	2902148	176	0.4558
dced15f4-6936-4bd2-8c04-9919768b40ca	19	2902421	3109760	71	0.2114
dced15f4-6936-4bd2-8c04-9919768b40ca	19	3112006	4406163	335	0.4683
dced15f4-6936-4bd2-8c04-9919768b40ca	19	4673369	4913191	79	0.1525
dced15f4-6936-4bd2-8c04-9919768b40ca	19	4915876	5519315	271	0.4661
dced15f4-6936-4bd2-8c04-9919768b40ca	19	5519433	5873740	128	0.2917
dced15f4-6936-4bd2-8c04-9919768b40ca	19	5874092	6711738	380	-0.067
dced15f4-6936-4bd2-8c04-9919768b40ca	19	6720290	6854435	77	0.8469
dced15f4-6936-4bd2-8c04-9919768b40ca	19	6869670	6885312	9	0.0047
dced15f4-6936-4bd2-8c04-9919768b40ca	19	7112112	7998012	399	1.3713
dced15f4-6936-4bd2-8c04-9919768b40ca	19	7999069	8710514	295	1.1657
dced15f4-6936-4bd2-8c04-9919768b40ca	19	8714337	8871595	93	1.4355
dced15f4-6936-4bd2-8c04-9919768b40ca	19	8872342	9424305	329	1.143
dced15f4-6936-4bd2-8c04-9919768b40ca	19	9427808	9443514	11	0.4712
dced15f4-6936-4bd2-8c04-9919768b40ca	19	9452604	9489988	28	1.4598
dced15f4-6936-4bd2-8c04-9919768b40ca	19	9490479	9529826	29	0.4702
dced15f4-6936-4bd2-8c04-9919768b40ca	19	9531090	9742969	87	1.2761
dced15f4-6936-4bd2-8c04-9919768b40ca	19	9746309	9859767	50	0.5954
dced15f4-6936-4bd2-8c04-9919768b40ca	19	9860960	10985945	468	0.9232
dced15f4-6936-4bd2-8c04-9919768b40ca	19	10988825	11011121	16	1.5482
dced15f4-6936-4bd2-8c04-9919768b40ca	19	11011810	11033029	13	0.873
dced15f4-6936-4bd2-8c04-9919768b40ca	19	11034291	13764211	1200	1.499
dced15f4-6936-4bd2-8c04-9919768b40ca	19	13765935	15182944	663	1.2207
dced15f4-6936-4bd2-8c04-9919768b40ca	19	15182988	15183190	8	0.4176
dced15f4-6936-4bd2-8c04-9919768b40ca	19	15185496	15199028	24	1.3497
dced15f4-6936-4bd2-8c04-9919768b40ca	19	15199125	15199434	6	0.526
dced15f4-6936-4bd2-8c04-9919768b40ca	19	15201762	15214936	4	1.1924
dced15f4-6936-4bd2-8c04-9919768b40ca	19	15217362	15222499	3	-0.0425
dced15f4-6936-4bd2-8c04-9919768b40ca	19	15222688	15257167	16	0.3188
dced15f4-6936-4bd2-8c04-9919768b40ca	19	15265878	15375248	70	-0.0533
dced15f4-6936-4bd2-8c04-9919768b40ca	19	15393955	15663422	138	1.1809
dced15f4-6936-4bd2-8c04-9919768b40ca	19	15666091	15667121	4	-0.0527
dced15f4-6936-4bd2-8c04-9919768b40ca	19	15725041	18962440	1438	0.3157
dced15f4-6936-4bd2-8c04-9919768b40ca	19	18963103	21341600	543	-0.0593
dced15f4-6936-4bd2-8c04-9919768b40ca	19	21344731	22741121	538	1.2198
dced15f4-6936-4bd2-8c04-9919768b40ca	19	22742789	22787533	15	0.0119
dced15f4-6936-4bd2-8c04-9919768b40ca	19	22790334	23048937	127	0.9199
dced15f4-6936-4bd2-8c04-9919768b40ca	19	23049670	23655560	336	1.1815
dced15f4-6936-4bd2-8c04-9919768b40ca	19	23658428	23688736	12	0.0733
dced15f4-6936-4bd2-8c04-9919768b40ca	19	23689557	23693955	4	1.455
dced15f4-6936-4bd2-8c04-9919768b40ca	19	23702728	29563160	1571	-0.021
dced15f4-6936-4bd2-8c04-9919768b40ca	19	29569682	30145741	406	1.6359
dced15f4-6936-4bd2-8c04-9919768b40ca	19	30150517	32780433	1815	0.0012
dced15f4-6936-4bd2-8c04-9919768b40ca	19	32786522	37374921	2579	-0.0733
dced15f4-6936-4bd2-8c04-9919768b40ca	19	37377522	37422501	19	1.2684
dced15f4-6936-4bd2-8c04-9919768b40ca	19	37425092	57095919	8176	-0.0803
dced15f4-6936-4bd2-8c04-9919768b40ca	19	57102230	58370362	637	-0.7967
dced15f4-6936-4bd2-8c04-9919768b40ca	20	472817	1635421	652	0.1066
dced15f4-6936-4bd2-8c04-9919768b40ca	20	1635472	25295207	15944	-0.0018
dced15f4-6936-4bd2-8c04-9919768b40ca	20	25298218	33146311	1280	-0.0507
dced15f4-6936-4bd2-8c04-9919768b40ca	20	33148463	33149661	2	-1.7736
dced15f4-6936-4bd2-8c04-9919768b40ca	20	33152998	46570589	8027	-0.0312
dced15f4-6936-4bd2-8c04-9919768b40ca	20	46571406	57778074	7777	0.0075
dced15f4-6936-4bd2-8c04-9919768b40ca	20	57778910	58204195	338	0.0933
dced15f4-6936-4bd2-8c04-9919768b40ca	20	58208988	58224405	16	0.3237
dced15f4-6936-4bd2-8c04-9919768b40ca	20	58224456	58296032	53	0.1359
dced15f4-6936-4bd2-8c04-9919768b40ca	20	58297873	58728144	340	0.4242
dced15f4-6936-4bd2-8c04-9919768b40ca	20	58728707	59019375	164	0.0734
dced15f4-6936-4bd2-8c04-9919768b40ca	20	59022590	60119362	821	0.3786
dced15f4-6936-4bd2-8c04-9919768b40ca	20	60120213	61730253	1308	0.0441
dced15f4-6936-4bd2-8c04-9919768b40ca	20	61732268	61901897	103	0.4006
dced15f4-6936-4bd2-8c04-9919768b40ca	20	61912753	61953896	32	1.0286
dced15f4-6936-4bd2-8c04-9919768b40ca	20	61957341	62345851	197	0.4655
dced15f4-6936-4bd2-8c04-9919768b40ca	20	62345988	62546280	55	0.7423
dced15f4-6936-4bd2-8c04-9919768b40ca	20	62547734	62803058	131	0.9834
dced15f4-6936-4bd2-8c04-9919768b40ca	20	62807249	63588502	228	0.837
dced15f4-6936-4bd2-8c04-9919768b40ca	21	13974127	19099566	3210	-0.0384
dced15f4-6936-4bd2-8c04-9919768b40ca	21	19100098	24975255	3598	-0.0838
dced15f4-6936-4bd2-8c04-9919768b40ca	21	24976099	45128750	13358	-0.0341
dced15f4-6936-4bd2-8c04-9919768b40ca	21	45130059	46262057	382	-0.3351
dced15f4-6936-4bd2-8c04-9919768b40ca	22	16934932	26766291	2776	-0.0222
dced15f4-6936-4bd2-8c04-9919768b40ca	22	26766944	27939258	1144	0.0401
dced15f4-6936-4bd2-8c04-9919768b40ca	22	27941630	31891802	2136	-0.0506
dced15f4-6936-4bd2-8c04-9919768b40ca	22	31891913	35567386	3087	0.0092
dced15f4-6936-4bd2-8c04-9919768b40ca	22	35568111	35712343	2	1.6658
dced15f4-6936-4bd2-8c04-9919768b40ca	22	35717380	37439541	960	-0.0343
dced15f4-6936-4bd2-8c04-9919768b40ca	22	37446780	43215754	2739	-0.0707
dced15f4-6936-4bd2-8c04-9919768b40ca	22	43217448	48940621	4218	-0.006
dced15f4-6936-4bd2-8c04-9919768b40ca	X	3236359	21783454	7482	0.0173
dced15f4-6936-4bd2-8c04-9919768b40ca	X	21784136	21786373	3	-2.9257
dced15f4-6936-4bd2-8c04-9919768b40ca	X	21787566	77576848	21405	0.0017
dced15f4-6936-4bd2-8c04-9919768b40ca	X	77587587	77619913	5	-3.9262
dced15f4-6936-4bd2-8c04-9919768b40ca	X	77622409	142276985	28247	0.0025
dced15f4-6936-4bd2-8c04-9919768b40ca	X	142277492	142277960	3	-3.1949
dced15f4-6936-4bd2-8c04-9919768b40ca	X	142278038	145611376	1888	0.0008
dced15f4-6936-4bd2-8c04-9919768b40ca	X	145611405	145611785	2	2.3931
dced15f4-6936-4bd2-8c04-9919768b40ca	X	145614085	147581529	1255	-0.0176
dced15f4-6936-4bd2-8c04-9919768b40ca	X	147583243	155677414	3021	0.068
