GDC_Aliquot	Chromosome	Start	End	Num_Probes	Segment_Mean
50c5baaa-298c-4340-82d9-714a27b2c093	1	3301765	27022452	12877	-0.2651
50c5baaa-298c-4340-82d9-714a27b2c093	1	27072223	27229966	59	-0.9973
50c5baaa-298c-4340-82d9-714a27b2c093	1	27243796	30595405	1765	-0.2478
50c5baaa-298c-4340-82d9-714a27b2c093	1	30596919	30598104	5	-1.044
50c5baaa-298c-4340-82d9-714a27b2c093	1	30598362	31598951	476	-0.2714
50c5baaa-298c-4340-82d9-714a27b2c093	1	31601624	31679422	51	0.1532
50c5baaa-298c-4340-82d9-714a27b2c093	1	31681163	37322132	3019	-0.247
50c5baaa-298c-4340-82d9-714a27b2c093	1	37323098	37323810	2	-1.6144
50c5baaa-298c-4340-82d9-714a27b2c093	1	37329289	48128517	5813	-0.2388
50c5baaa-298c-4340-82d9-714a27b2c093	1	48128610	53655200	2743	-0.1996
50c5baaa-298c-4340-82d9-714a27b2c093	1	53658177	55087553	853	-0.2693
50c5baaa-298c-4340-82d9-714a27b2c093	1	55088323	57779280	2157	-0.1698
50c5baaa-298c-4340-82d9-714a27b2c093	1	57779969	57922135	116	0.0669
50c5baaa-298c-4340-82d9-714a27b2c093	1	57925994	57929080	6	0.7049
50c5baaa-298c-4340-82d9-714a27b2c093	1	57929127	57944083	16	0.395
50c5baaa-298c-4340-82d9-714a27b2c093	1	57945027	58096078	149	0.1105
50c5baaa-298c-4340-82d9-714a27b2c093	1	58096950	58995607	660	1.7067
50c5baaa-298c-4340-82d9-714a27b2c093	1	58999025	59752371	481	1.5151
50c5baaa-298c-4340-82d9-714a27b2c093	1	59753339	61291227	1026	0.3339
50c5baaa-298c-4340-82d9-714a27b2c093	1	61291352	62529491	874	0.0527
50c5baaa-298c-4340-82d9-714a27b2c093	1	62531167	64118301	1078	0.1268
50c5baaa-298c-4340-82d9-714a27b2c093	1	64123218	64151009	25	0.2348
50c5baaa-298c-4340-82d9-714a27b2c093	1	64155954	64833632	486	-0.1286
50c5baaa-298c-4340-82d9-714a27b2c093	1	64833665	65347566	477	-0.1956
50c5baaa-298c-4340-82d9-714a27b2c093	1	65347794	81089527	9227	-0.1078
50c5baaa-298c-4340-82d9-714a27b2c093	1	81093230	81427880	167	0.6759
50c5baaa-298c-4340-82d9-714a27b2c093	1	81427945	81428427	6	1.2077
50c5baaa-298c-4340-82d9-714a27b2c093	1	81430195	81523735	94	0.6786
50c5baaa-298c-4340-82d9-714a27b2c093	1	81524578	81716881	153	0.3429
50c5baaa-298c-4340-82d9-714a27b2c093	1	81717088	86381207	3010	0.15
50c5baaa-298c-4340-82d9-714a27b2c093	1	86383800	88123755	1152	-0.1358
50c5baaa-298c-4340-82d9-714a27b2c093	1	88125423	88794408	429	0.1227
50c5baaa-298c-4340-82d9-714a27b2c093	1	88842283	95840630	4236	-0.1439
50c5baaa-298c-4340-82d9-714a27b2c093	1	95847313	99665863	2266	-0.0818
50c5baaa-298c-4340-82d9-714a27b2c093	1	99666476	105058551	2826	-0.1202
50c5baaa-298c-4340-82d9-714a27b2c093	1	105061228	107530905	1500	0.1851
50c5baaa-298c-4340-82d9-714a27b2c093	1	107532009	110534540	1594	0.0754
50c5baaa-298c-4340-82d9-714a27b2c093	1	110534850	150022446	6039	-0.1636
50c5baaa-298c-4340-82d9-714a27b2c093	1	150023996	158087630	4000	-0.226
50c5baaa-298c-4340-82d9-714a27b2c093	1	158087901	167916174	6927	-0.1784
50c5baaa-298c-4340-82d9-714a27b2c093	1	167916800	171092965	2229	-0.1284
50c5baaa-298c-4340-82d9-714a27b2c093	1	171102701	171863954	521	-0.2227
50c5baaa-298c-4340-82d9-714a27b2c093	1	171864066	174882798	1728	-0.1258
50c5baaa-298c-4340-82d9-714a27b2c093	1	174884305	185344080	6523	-0.1739
50c5baaa-298c-4340-82d9-714a27b2c093	1	185344104	199818694	8451	-0.0845
50c5baaa-298c-4340-82d9-714a27b2c093	1	199819734	200626145	564	-0.1839
50c5baaa-298c-4340-82d9-714a27b2c093	1	200627135	200627849	3	-1.1439
50c5baaa-298c-4340-82d9-714a27b2c093	1	200628197	200678560	30	-0.1698
50c5baaa-298c-4340-82d9-714a27b2c093	1	200682081	200682101	2	0.7358
50c5baaa-298c-4340-82d9-714a27b2c093	1	200683472	201331983	433	-0.2089
50c5baaa-298c-4340-82d9-714a27b2c093	1	201332568	205825027	2959	-0.2484
50c5baaa-298c-4340-82d9-714a27b2c093	1	205825047	208355284	1514	-0.1895
50c5baaa-298c-4340-82d9-714a27b2c093	1	208355686	208355700	2	-1.7003
50c5baaa-298c-4340-82d9-714a27b2c093	1	208356284	213040756	3259	-0.1872
50c5baaa-298c-4340-82d9-714a27b2c093	1	213041688	213618324	349	0.0685
50c5baaa-298c-4340-82d9-714a27b2c093	1	213619897	214610919	767	-0.1475
50c5baaa-298c-4340-82d9-714a27b2c093	1	214620470	216840220	1497	-0.0788
50c5baaa-298c-4340-82d9-714a27b2c093	1	216840723	218951783	1447	-0.126
50c5baaa-298c-4340-82d9-714a27b2c093	1	218951981	219269554	197	0.0018
50c5baaa-298c-4340-82d9-714a27b2c093	1	219281520	220316375	727	-0.1018
50c5baaa-298c-4340-82d9-714a27b2c093	1	220316704	220928254	370	-0.1862
50c5baaa-298c-4340-82d9-714a27b2c093	1	220928350	222406165	1044	-0.0969
50c5baaa-298c-4340-82d9-714a27b2c093	1	222415705	227835653	3038	-0.188
50c5baaa-298c-4340-82d9-714a27b2c093	1	227835665	231872657	2357	-0.2346
50c5baaa-298c-4340-82d9-714a27b2c093	1	231872801	237292793	3975	-0.1927
50c5baaa-298c-4340-82d9-714a27b2c093	1	237293880	239581146	1739	-0.1322
50c5baaa-298c-4340-82d9-714a27b2c093	1	239585449	240779644	953	-0.2013
50c5baaa-298c-4340-82d9-714a27b2c093	1	240779800	243768521	1925	-0.1249
50c5baaa-298c-4340-82d9-714a27b2c093	1	243768638	247649129	1786	-0.1853
50c5baaa-298c-4340-82d9-714a27b2c093	1	247650404	247650984	2	0.4172
50c5baaa-298c-4340-82d9-714a27b2c093	2	480597	3143365	1107	-0.2537
50c5baaa-298c-4340-82d9-714a27b2c093	2	3293235	9958301	4771	0.6223
50c5baaa-298c-4340-82d9-714a27b2c093	2	9961540	11144289	859	0.5264
50c5baaa-298c-4340-82d9-714a27b2c093	2	11149802	14999852	2515	0.651
50c5baaa-298c-4340-82d9-714a27b2c093	2	15004981	15199185	170	-0.2133
50c5baaa-298c-4340-82d9-714a27b2c093	2	15199362	16408207	786	0.1654
50c5baaa-298c-4340-82d9-714a27b2c093	2	16408343	23011926	4447	0.2482
50c5baaa-298c-4340-82d9-714a27b2c093	2	23015132	24744046	978	0.1912
50c5baaa-298c-4340-82d9-714a27b2c093	2	24744855	27876530	1396	0.1371
50c5baaa-298c-4340-82d9-714a27b2c093	2	27876940	30245482	1525	0.2055
50c5baaa-298c-4340-82d9-714a27b2c093	2	30248304	40028678	4970	0.5913
50c5baaa-298c-4340-82d9-714a27b2c093	2	40030820	41139483	773	0.6849
50c5baaa-298c-4340-82d9-714a27b2c093	2	41139834	41822226	379	0.5929
50c5baaa-298c-4340-82d9-714a27b2c093	2	41822362	49853388	5144	0.5613
50c5baaa-298c-4340-82d9-714a27b2c093	2	49854067	59891827	5449	0.6194
50c5baaa-298c-4340-82d9-714a27b2c093	2	59893486	66708341	3792	-0.197
50c5baaa-298c-4340-82d9-714a27b2c093	2	66708468	67164475	322	-0.0753
50c5baaa-298c-4340-82d9-714a27b2c093	2	67166369	69990009	1811	-0.1852
50c5baaa-298c-4340-82d9-714a27b2c093	2	69994612	75121268	2777	-0.2286
50c5baaa-298c-4340-82d9-714a27b2c093	2	75122052	77195044	1259	-0.1336
50c5baaa-298c-4340-82d9-714a27b2c093	2	77197704	84674731	3908	0.2625
50c5baaa-298c-4340-82d9-714a27b2c093	2	84675084	88648253	1394	0.1769
50c5baaa-298c-4340-82d9-714a27b2c093	2	88648585	88672108	11	0.235
50c5baaa-298c-4340-82d9-714a27b2c093	2	88673994	88831240	89	0.543
50c5baaa-298c-4340-82d9-714a27b2c093	2	88831554	100628641	2348	0.2356
50c5baaa-298c-4340-82d9-714a27b2c093	2	100630357	105912871	3402	0.2902
50c5baaa-298c-4340-82d9-714a27b2c093	2	105913116	105947290	25	-0.3091
50c5baaa-298c-4340-82d9-714a27b2c093	2	105951893	106475408	326	0.2339
50c5baaa-298c-4340-82d9-714a27b2c093	2	106476090	106529199	19	-0.1937
50c5baaa-298c-4340-82d9-714a27b2c093	2	106535197	106783923	135	0.2118
50c5baaa-298c-4340-82d9-714a27b2c093	2	106784180	108478849	1001	0.319
50c5baaa-298c-4340-82d9-714a27b2c093	2	108479180	110790058	732	0.2393
50c5baaa-298c-4340-82d9-714a27b2c093	2	110790410	110791578	2	-2.1248
50c5baaa-298c-4340-82d9-714a27b2c093	2	110795938	118825155	3990	0.3001
50c5baaa-298c-4340-82d9-714a27b2c093	2	118827294	119782648	649	0.2425
50c5baaa-298c-4340-82d9-714a27b2c093	2	119786846	119990995	69	0.4027
50c5baaa-298c-4340-82d9-714a27b2c093	2	119993263	122119488	1202	0.239
50c5baaa-298c-4340-82d9-714a27b2c093	2	122126593	126479141	1884	0.3131
50c5baaa-298c-4340-82d9-714a27b2c093	2	126482974	131701116	2530	0.2329
50c5baaa-298c-4340-82d9-714a27b2c093	2	131701363	134479622	1402	0.3125
50c5baaa-298c-4340-82d9-714a27b2c093	2	134482753	136404694	1012	-0.2108
50c5baaa-298c-4340-82d9-714a27b2c093	2	136406848	138955080	1257	-0.1745
50c5baaa-298c-4340-82d9-714a27b2c093	2	138955392	147935207	5117	-0.1173
50c5baaa-298c-4340-82d9-714a27b2c093	2	147940887	149193276	630	-0.2075
50c5baaa-298c-4340-82d9-714a27b2c093	2	149193560	158598397	5591	-0.1252
50c5baaa-298c-4340-82d9-714a27b2c093	2	158599723	159366671	522	-0.2158
50c5baaa-298c-4340-82d9-714a27b2c093	2	159369413	167898163	4826	-0.1157
50c5baaa-298c-4340-82d9-714a27b2c093	2	167898235	178318006	6660	-0.161
50c5baaa-298c-4340-82d9-714a27b2c093	2	178320149	183730671	3228	-0.1152
50c5baaa-298c-4340-82d9-714a27b2c093	2	183731012	183731040	2	-1.4023
50c5baaa-298c-4340-82d9-714a27b2c093	2	183731243	188276498	1802	-0.0958
50c5baaa-298c-4340-82d9-714a27b2c093	2	188281548	188930279	291	0.0088
50c5baaa-298c-4340-82d9-714a27b2c093	2	188931094	196498783	3658	-0.103
50c5baaa-298c-4340-82d9-714a27b2c093	2	196499703	198029788	713	-0.1775
50c5baaa-298c-4340-82d9-714a27b2c093	2	198030369	200638175	1636	-0.1096
50c5baaa-298c-4340-82d9-714a27b2c093	2	200638453	204555103	1975	-0.1886
50c5baaa-298c-4340-82d9-714a27b2c093	2	204556097	205621763	762	-0.1163
50c5baaa-298c-4340-82d9-714a27b2c093	2	205624359	206519413	537	-0.2165
50c5baaa-298c-4340-82d9-714a27b2c093	2	206520003	216205653	5826	-0.1264
50c5baaa-298c-4340-82d9-714a27b2c093	2	216205845	216792855	419	-0.2308
50c5baaa-298c-4340-82d9-714a27b2c093	2	216795048	217807996	737	-0.1611
50c5baaa-298c-4340-82d9-714a27b2c093	2	217811929	220202432	1288	-0.2446
50c5baaa-298c-4340-82d9-714a27b2c093	2	220202891	224792684	3090	-0.1629
50c5baaa-298c-4340-82d9-714a27b2c093	2	224794454	226992913	1391	-0.1054
50c5baaa-298c-4340-82d9-714a27b2c093	2	226994392	228987388	1214	-0.162
50c5baaa-298c-4340-82d9-714a27b2c093	2	228987524	238633627	5763	-0.2255
50c5baaa-298c-4340-82d9-714a27b2c093	2	238635706	241537572	1544	-0.2924
50c5baaa-298c-4340-82d9-714a27b2c093	3	2170634	8451038	3525	-0.9337
50c5baaa-298c-4340-82d9-714a27b2c093	3	8452941	11299312	1831	-1.0197
50c5baaa-298c-4340-82d9-714a27b2c093	3	11309711	11646024	201	-0.9333
50c5baaa-298c-4340-82d9-714a27b2c093	3	11648976	15725073	2694	0.234
50c5baaa-298c-4340-82d9-714a27b2c093	3	15728117	20365363	2634	0.3388
50c5baaa-298c-4340-82d9-714a27b2c093	3	20368500	22615409	1036	0.4122
50c5baaa-298c-4340-82d9-714a27b2c093	3	22622508	23548577	459	0.3514
50c5baaa-298c-4340-82d9-714a27b2c093	3	23549284	26621401	2010	0.3077
50c5baaa-298c-4340-82d9-714a27b2c093	3	26625263	31695431	3310	0.367
50c5baaa-298c-4340-82d9-714a27b2c093	3	31696773	34594742	1671	0.2798
50c5baaa-298c-4340-82d9-714a27b2c093	3	34595114	37437066	1686	0.3428
50c5baaa-298c-4340-82d9-714a27b2c093	3	37437991	45883461	4997	0.2772
50c5baaa-298c-4340-82d9-714a27b2c093	3	45885005	54133299	3717	0.2155
50c5baaa-298c-4340-82d9-714a27b2c093	3	54133779	56290341	1740	0.3223
50c5baaa-298c-4340-82d9-714a27b2c093	3	56294337	58335257	1115	0.2516
50c5baaa-298c-4340-82d9-714a27b2c093	3	58336746	58337449	2	-0.9335
50c5baaa-298c-4340-82d9-714a27b2c093	3	58342278	59715720	877	0.2789
50c5baaa-298c-4340-82d9-714a27b2c093	3	59717095	73416790	9012	0.3266
50c5baaa-298c-4340-82d9-714a27b2c093	3	73417384	89289244	8213	0.3954
50c5baaa-298c-4340-82d9-714a27b2c093	3	89289526	89314108	16	0.1018
50c5baaa-298c-4340-82d9-714a27b2c093	3	89314494	90253459	341	0.3505
50c5baaa-298c-4340-82d9-714a27b2c093	3	90253698	91462299	25	0.1468
50c5baaa-298c-4340-82d9-714a27b2c093	3	94015345	100064778	3122	-0.4212
50c5baaa-298c-4340-82d9-714a27b2c093	3	100067445	100075210	2	-2.0147
50c5baaa-298c-4340-82d9-714a27b2c093	3	100076807	107024277	3906	-0.404
50c5baaa-298c-4340-82d9-714a27b2c093	3	107024951	120654191	8024	-0.4436
50c5baaa-298c-4340-82d9-714a27b2c093	3	120655358	121442714	338	-0.3739
50c5baaa-298c-4340-82d9-714a27b2c093	3	121448292	122895373	728	-0.4999
50c5baaa-298c-4340-82d9-714a27b2c093	3	122900445	122911215	3	-1.9815
50c5baaa-298c-4340-82d9-714a27b2c093	3	122914221	126007205	1917	-0.4988
50c5baaa-298c-4340-82d9-714a27b2c093	3	126008869	128728823	1630	-0.5759
50c5baaa-298c-4340-82d9-714a27b2c093	3	128728836	139487415	5827	-0.4894
50c5baaa-298c-4340-82d9-714a27b2c093	3	139493888	139621184	89	-0.1812
50c5baaa-298c-4340-82d9-714a27b2c093	3	139623274	142662336	1792	0.472
50c5baaa-298c-4340-82d9-714a27b2c093	3	142662873	144467274	889	0.5908
50c5baaa-298c-4340-82d9-714a27b2c093	3	144467778	148423283	1722	0.6658
50c5baaa-298c-4340-82d9-714a27b2c093	3	148426210	162539099	7888	0.5998
50c5baaa-298c-4340-82d9-714a27b2c093	3	162542687	162542960	2	-0.8749
50c5baaa-298c-4340-82d9-714a27b2c093	3	162543233	168956224	2799	0.6325
50c5baaa-298c-4340-82d9-714a27b2c093	3	168959680	168968769	2	-0.7248
50c5baaa-298c-4340-82d9-714a27b2c093	3	168968860	169426118	316	0.6138
50c5baaa-298c-4340-82d9-714a27b2c093	3	169426810	169426823	2	-1.5513
50c5baaa-298c-4340-82d9-714a27b2c093	3	169428787	172738622	1877	0.5808
50c5baaa-298c-4340-82d9-714a27b2c093	3	172739454	176314651	1561	0.6327
50c5baaa-298c-4340-82d9-714a27b2c093	3	176314894	179892717	1991	0.5631
50c5baaa-298c-4340-82d9-714a27b2c093	3	179895642	180716765	432	0.6677
50c5baaa-298c-4340-82d9-714a27b2c093	3	180716874	182934229	1142	0.575
50c5baaa-298c-4340-82d9-714a27b2c093	3	182934860	187081083	2018	0.5023
50c5baaa-298c-4340-82d9-714a27b2c093	3	187087007	193732824	4301	0.5962
50c5baaa-298c-4340-82d9-714a27b2c093	3	193733660	197812401	1402	0.4948
50c5baaa-298c-4340-82d9-714a27b2c093	4	1059384	8110523	4012	-0.5964
50c5baaa-298c-4340-82d9-714a27b2c093	4	8112798	8113433	2	-3.432
50c5baaa-298c-4340-82d9-714a27b2c093	4	8113477	10187538	726	-0.6036
50c5baaa-298c-4340-82d9-714a27b2c093	4	10188434	10188450	2	-5.4945
50c5baaa-298c-4340-82d9-714a27b2c093	4	10190075	10613086	300	-0.5725
50c5baaa-298c-4340-82d9-714a27b2c093	4	10614814	11520992	777	-0.529
50c5baaa-298c-4340-82d9-714a27b2c093	4	11522012	15429847	2852	-0.4547
50c5baaa-298c-4340-82d9-714a27b2c093	4	15431571	18671365	2257	-0.5058
50c5baaa-298c-4340-82d9-714a27b2c093	4	18680550	20665217	1160	-0.3989
50c5baaa-298c-4340-82d9-714a27b2c093	4	20665364	27439878	4457	-0.4897
50c5baaa-298c-4340-82d9-714a27b2c093	4	27440438	27671800	160	-0.3718
50c5baaa-298c-4340-82d9-714a27b2c093	4	27672024	27711054	26	-0.6397
50c5baaa-298c-4340-82d9-714a27b2c093	4	27711166	27723022	10	-0.3306
50c5baaa-298c-4340-82d9-714a27b2c093	4	27723274	27723374	2	-2.5547
50c5baaa-298c-4340-82d9-714a27b2c093	4	27723430	35836850	4671	-0.4179
50c5baaa-298c-4340-82d9-714a27b2c093	4	35837149	37326730	1004	-0.4715
50c5baaa-298c-4340-82d9-714a27b2c093	4	37326774	42876890	3439	-0.523
50c5baaa-298c-4340-82d9-714a27b2c093	4	42878558	48066809	2406	-0.4517
50c5baaa-298c-4340-82d9-714a27b2c093	4	48067890	52800242	513	-0.9369
50c5baaa-298c-4340-82d9-714a27b2c093	4	52807833	54833195	1567	-0.0997
50c5baaa-298c-4340-82d9-714a27b2c093	4	54834229	57771415	1814	-0.9417
50c5baaa-298c-4340-82d9-714a27b2c093	4	57773095	58202609	221	-0.0714
50c5baaa-298c-4340-82d9-714a27b2c093	4	58222067	59368149	627	-0.8593
50c5baaa-298c-4340-82d9-714a27b2c093	4	59368524	59369043	2	-4.221
50c5baaa-298c-4340-82d9-714a27b2c093	4	59369090	76252761	8740	-0.846
50c5baaa-298c-4340-82d9-714a27b2c093	4	76252942	79187027	1911	-0.9486
50c5baaa-298c-4340-82d9-714a27b2c093	4	79187567	81401731	1183	-0.8302
50c5baaa-298c-4340-82d9-714a27b2c093	4	81401764	83875926	1510	-0.9291
50c5baaa-298c-4340-82d9-714a27b2c093	4	83876024	95475064	6575	-0.8564
50c5baaa-298c-4340-82d9-714a27b2c093	4	95493171	96305021	514	-0.0561
50c5baaa-298c-4340-82d9-714a27b2c093	4	96305101	104969067	4711	-0.1085
50c5baaa-298c-4340-82d9-714a27b2c093	4	104969358	110701626	3272	-0.1511
50c5baaa-298c-4340-82d9-714a27b2c093	4	110702029	112988203	1270	-0.1174
50c5baaa-298c-4340-82d9-714a27b2c093	4	112988363	116332664	1980	-0.0599
50c5baaa-298c-4340-82d9-714a27b2c093	4	116333117	116364186	25	0.5825
50c5baaa-298c-4340-82d9-714a27b2c093	4	116432785	126124854	5539	-0.0948
50c5baaa-298c-4340-82d9-714a27b2c093	4	126124908	127400677	655	0.6212
50c5baaa-298c-4340-82d9-714a27b2c093	4	127407699	127497577	41	-0.0085
50c5baaa-298c-4340-82d9-714a27b2c093	4	127498971	130607650	1571	-0.127
50c5baaa-298c-4340-82d9-714a27b2c093	4	130607669	138339603	3634	-0.0642
50c5baaa-298c-4340-82d9-714a27b2c093	4	138339706	141194537	1927	-0.1667
50c5baaa-298c-4340-82d9-714a27b2c093	4	141195342	150930955	5223	-0.1149
50c5baaa-298c-4340-82d9-714a27b2c093	4	150933797	154873109	2228	-0.1654
50c5baaa-298c-4340-82d9-714a27b2c093	4	154873439	156100252	792	-0.0942
50c5baaa-298c-4340-82d9-714a27b2c093	4	156100285	158149191	1228	-0.0447
50c5baaa-298c-4340-82d9-714a27b2c093	4	158149328	171964210	7623	-0.1031
50c5baaa-298c-4340-82d9-714a27b2c093	4	171970276	173827201	899	0.7018
50c5baaa-298c-4340-82d9-714a27b2c093	4	173829042	174644094	488	-0.0996
50c5baaa-298c-4340-82d9-714a27b2c093	4	174646113	177176329	1451	-0.0452
50c5baaa-298c-4340-82d9-714a27b2c093	4	177179575	181353162	2052	-0.099
50c5baaa-298c-4340-82d9-714a27b2c093	4	181354877	181463840	82	0.6552
50c5baaa-298c-4340-82d9-714a27b2c093	4	181465378	183355301	944	-0.0998
50c5baaa-298c-4340-82d9-714a27b2c093	4	183355902	184577980	477	-0.21
50c5baaa-298c-4340-82d9-714a27b2c093	4	184580916	187086313	1097	0.4572
50c5baaa-298c-4340-82d9-714a27b2c093	4	187086412	187590660	325	0.5549
50c5baaa-298c-4340-82d9-714a27b2c093	4	187594280	187841086	149	0.4345
50c5baaa-298c-4340-82d9-714a27b2c093	4	187842497	187842528	2	-0.2827
50c5baaa-298c-4340-82d9-714a27b2c093	5	913983	996958	38	-0.1085
50c5baaa-298c-4340-82d9-714a27b2c093	5	1002374	1021104	14	0.6692
50c5baaa-298c-4340-82d9-714a27b2c093	5	1287276	2191323	278	0.0642
50c5baaa-298c-4340-82d9-714a27b2c093	5	2192970	2202071	13	0.8316
50c5baaa-298c-4340-82d9-714a27b2c093	5	2206076	2397503	194	0.0798
50c5baaa-298c-4340-82d9-714a27b2c093	5	2397530	2414526	24	0.7047
50c5baaa-298c-4340-82d9-714a27b2c093	5	2417303	2435813	16	0.0254
50c5baaa-298c-4340-82d9-714a27b2c093	5	2440762	3013846	513	0.8714
50c5baaa-298c-4340-82d9-714a27b2c093	5	3018134	5368269	1971	0.0432
50c5baaa-298c-4340-82d9-714a27b2c093	5	5369820	5385941	17	0.6091
50c5baaa-298c-4340-82d9-714a27b2c093	5	5390252	6777728	1143	0.0217
50c5baaa-298c-4340-82d9-714a27b2c093	5	6780049	6844724	55	0.5313
50c5baaa-298c-4340-82d9-714a27b2c093	5	6845094	6913672	80	0.661
50c5baaa-298c-4340-82d9-714a27b2c093	5	6915287	7048201	105	0.9373
50c5baaa-298c-4340-82d9-714a27b2c093	5	7054259	7145367	78	0.5143
50c5baaa-298c-4340-82d9-714a27b2c093	5	7147935	7164492	7	1.0008
50c5baaa-298c-4340-82d9-714a27b2c093	5	7165959	7229330	27	1.2261
50c5baaa-298c-4340-82d9-714a27b2c093	5	7230289	7409916	95	0.8726
50c5baaa-298c-4340-82d9-714a27b2c093	5	7473941	7694110	173	0.3953
50c5baaa-298c-4340-82d9-714a27b2c093	5	7695329	7790677	60	0.5727
50c5baaa-298c-4340-82d9-714a27b2c093	5	7794213	8175292	314	1.0501
50c5baaa-298c-4340-82d9-714a27b2c093	5	8177632	8318300	111	0.45
50c5baaa-298c-4340-82d9-714a27b2c093	5	8320810	8684053	297	0.7888
50c5baaa-298c-4340-82d9-714a27b2c093	5	8685672	10255521	1245	0.5713
50c5baaa-298c-4340-82d9-714a27b2c093	5	10257348	11274078	573	0.8417
50c5baaa-298c-4340-82d9-714a27b2c093	5	11281028	11352989	66	1.2939
50c5baaa-298c-4340-82d9-714a27b2c093	5	11355314	11414453	48	0.8188
50c5baaa-298c-4340-82d9-714a27b2c093	5	11415476	11691742	211	1.4065
50c5baaa-298c-4340-82d9-714a27b2c093	5	11694831	11747772	47	0.5282
50c5baaa-298c-4340-82d9-714a27b2c093	5	11750696	12652076	509	0.8549
50c5baaa-298c-4340-82d9-714a27b2c093	5	12652304	13760612	442	0.5911
50c5baaa-298c-4340-82d9-714a27b2c093	5	13760959	13771222	9	1.2348
50c5baaa-298c-4340-82d9-714a27b2c093	5	13771246	13800176	20	0.6757
50c5baaa-298c-4340-82d9-714a27b2c093	5	13801677	14370430	534	1.1834
50c5baaa-298c-4340-82d9-714a27b2c093	5	14370659	14445476	68	0.932
50c5baaa-298c-4340-82d9-714a27b2c093	5	14446930	14450026	10	1.2708
50c5baaa-298c-4340-82d9-714a27b2c093	5	14452230	15361869	554	0.5875
50c5baaa-298c-4340-82d9-714a27b2c093	5	16048599	16439642	264	-0.1393
50c5baaa-298c-4340-82d9-714a27b2c093	5	16441477	17758869	649	-0.2444
50c5baaa-298c-4340-82d9-714a27b2c093	5	17760843	19219794	820	-0.1061
50c5baaa-298c-4340-82d9-714a27b2c093	5	19233509	19243164	9	0.6761
50c5baaa-298c-4340-82d9-714a27b2c093	5	19248893	19260161	6	-0.1246
50c5baaa-298c-4340-82d9-714a27b2c093	5	19268421	19388049	64	0.5888
50c5baaa-298c-4340-82d9-714a27b2c093	5	19391251	23686843	2107	-0.1273
50c5baaa-298c-4340-82d9-714a27b2c093	5	23690897	23879997	137	0.5453
50c5baaa-298c-4340-82d9-714a27b2c093	5	23882844	24680090	431	0.9545
50c5baaa-298c-4340-82d9-714a27b2c093	5	24681342	24900376	135	1.3573
50c5baaa-298c-4340-82d9-714a27b2c093	5	24905609	25422585	139	0.8951
50c5baaa-298c-4340-82d9-714a27b2c093	5	25423499	25865621	264	1.4955
50c5baaa-298c-4340-82d9-714a27b2c093	5	25869012	26032486	100	0.8177
50c5baaa-298c-4340-82d9-714a27b2c093	5	26035184	26431611	238	0.9744
50c5baaa-298c-4340-82d9-714a27b2c093	5	26431792	26884406	285	0.8177
50c5baaa-298c-4340-82d9-714a27b2c093	5	26885289	26901365	13	1.2233
50c5baaa-298c-4340-82d9-714a27b2c093	5	26904082	27022604	74	0.8234
50c5baaa-298c-4340-82d9-714a27b2c093	5	27023668	27314205	125	1.3384
50c5baaa-298c-4340-82d9-714a27b2c093	5	27318702	28244265	476	0.9704
50c5baaa-298c-4340-82d9-714a27b2c093	5	28247448	29005348	356	0.7601
50c5baaa-298c-4340-82d9-714a27b2c093	5	29008608	29617924	374	1.0996
50c5baaa-298c-4340-82d9-714a27b2c093	5	29640708	29794978	110	0.8565
50c5baaa-298c-4340-82d9-714a27b2c093	5	29797924	30027352	141	0.2343
50c5baaa-298c-4340-82d9-714a27b2c093	5	30028340	30800269	417	0.6101
50c5baaa-298c-4340-82d9-714a27b2c093	5	30803426	31159801	302	0.9725
50c5baaa-298c-4340-82d9-714a27b2c093	5	31159830	31589184	387	0.6609
50c5baaa-298c-4340-82d9-714a27b2c093	5	31589373	32623222	672	0.4974
50c5baaa-298c-4340-82d9-714a27b2c093	5	32625374	33482060	544	0.5962
50c5baaa-298c-4340-82d9-714a27b2c093	5	33482444	33638119	145	0.4487
50c5baaa-298c-4340-82d9-714a27b2c093	5	33638609	33888308	158	0.2228
50c5baaa-298c-4340-82d9-714a27b2c093	5	33888697	35608661	613	-0.0946
50c5baaa-298c-4340-82d9-714a27b2c093	5	35608782	36410314	568	0.7623
50c5baaa-298c-4340-82d9-714a27b2c093	5	36413303	37829351	652	0.118
50c5baaa-298c-4340-82d9-714a27b2c093	5	37830224	38084492	218	0.5312
50c5baaa-298c-4340-82d9-714a27b2c093	5	38085088	38108509	24	0.8869
50c5baaa-298c-4340-82d9-714a27b2c093	5	38108796	38136321	17	0.5459
50c5baaa-298c-4340-82d9-714a27b2c093	5	38137804	38933647	611	1.0908
50c5baaa-298c-4340-82d9-714a27b2c093	5	38935142	39349237	250	1.4568
50c5baaa-298c-4340-82d9-714a27b2c093	5	39349389	39840418	339	1.2922
50c5baaa-298c-4340-82d9-714a27b2c093	5	39843593	39868093	17	1.0426
50c5baaa-298c-4340-82d9-714a27b2c093	5	39868735	40253800	278	0.8923
50c5baaa-298c-4340-82d9-714a27b2c093	5	40255202	40302465	30	1.188
50c5baaa-298c-4340-82d9-714a27b2c093	5	40303619	40404810	47	0.9263
50c5baaa-298c-4340-82d9-714a27b2c093	5	40405325	40834986	225	0.6947
50c5baaa-298c-4340-82d9-714a27b2c093	5	40835525	40850978	15	0.9482
50c5baaa-298c-4340-82d9-714a27b2c093	5	40854496	41175101	233	1.1428
50c5baaa-298c-4340-82d9-714a27b2c093	5	41175771	41838437	399	1.3374
50c5baaa-298c-4340-82d9-714a27b2c093	5	41838730	42855028	503	1.0961
50c5baaa-298c-4340-82d9-714a27b2c093	5	42856024	43932157	510	0.9718
50c5baaa-298c-4340-82d9-714a27b2c093	5	43939603	44110103	72	1.3467
50c5baaa-298c-4340-82d9-714a27b2c093	5	44115758	44150320	9	0.4536
50c5baaa-298c-4340-82d9-714a27b2c093	5	44150946	44271954	59	0.2547
50c5baaa-298c-4340-82d9-714a27b2c093	5	44272263	44974905	321	0.5188
50c5baaa-298c-4340-82d9-714a27b2c093	5	44979948	45072293	36	1.4344
50c5baaa-298c-4340-82d9-714a27b2c093	5	45074056	45183612	45	1.0173
50c5baaa-298c-4340-82d9-714a27b2c093	5	45188225	45364957	60	0.494
50c5baaa-298c-4340-82d9-714a27b2c093	5	45377176	50828231	4	-0.1719
50c5baaa-298c-4340-82d9-714a27b2c093	5	50829022	51214018	234	0.8457
50c5baaa-298c-4340-82d9-714a27b2c093	5	51214071	51265993	24	1.2787
50c5baaa-298c-4340-82d9-714a27b2c093	5	51268223	51737400	224	0.8318
50c5baaa-298c-4340-82d9-714a27b2c093	5	51742188	52006853	135	1.0113
50c5baaa-298c-4340-82d9-714a27b2c093	5	52011494	52126832	64	0.5141
50c5baaa-298c-4340-82d9-714a27b2c093	5	52133595	52335433	112	0.9743
50c5baaa-298c-4340-82d9-714a27b2c093	5	52345178	53449070	787	0.7759
50c5baaa-298c-4340-82d9-714a27b2c093	5	53449528	54931164	989	0.6542
50c5baaa-298c-4340-82d9-714a27b2c093	5	54931531	56361064	814	0.5461
50c5baaa-298c-4340-82d9-714a27b2c093	5	56361118	56500492	109	0.5101
50c5baaa-298c-4340-82d9-714a27b2c093	5	56501926	58902066	1620	0.3459
50c5baaa-298c-4340-82d9-714a27b2c093	5	58903084	59023320	94	0.71
50c5baaa-298c-4340-82d9-714a27b2c093	5	59023790	59777649	553	0.8668
50c5baaa-298c-4340-82d9-714a27b2c093	5	59778985	60777175	495	0.385
50c5baaa-298c-4340-82d9-714a27b2c093	5	60781266	61076960	129	0.9314
50c5baaa-298c-4340-82d9-714a27b2c093	5	61078618	61347832	152	0.3751
50c5baaa-298c-4340-82d9-714a27b2c093	5	61351656	61434586	38	0.9518
50c5baaa-298c-4340-82d9-714a27b2c093	5	61435631	62829462	889	-0.4696
50c5baaa-298c-4340-82d9-714a27b2c093	5	62830159	67627062	2569	-0.4136
50c5baaa-298c-4340-82d9-714a27b2c093	5	67632003	79967836	6387	-0.462
50c5baaa-298c-4340-82d9-714a27b2c093	5	79968163	80184872	133	0.089
50c5baaa-298c-4340-82d9-714a27b2c093	5	80187563	81910405	998	-0.4821
50c5baaa-298c-4340-82d9-714a27b2c093	5	81910492	88049394	3241	-0.3721
50c5baaa-298c-4340-82d9-714a27b2c093	5	88050118	95955721	4088	-0.4231
50c5baaa-298c-4340-82d9-714a27b2c093	5	95956075	100713625	1864	-0.3797
50c5baaa-298c-4340-82d9-714a27b2c093	5	100714133	101360100	345	-0.4564
50c5baaa-298c-4340-82d9-714a27b2c093	5	101360936	117668939	9375	-0.2626
50c5baaa-298c-4340-82d9-714a27b2c093	5	117669697	117671561	5	-2.2858
50c5baaa-298c-4340-82d9-714a27b2c093	5	117671991	121193426	1995	-0.2497
50c5baaa-298c-4340-82d9-714a27b2c093	5	121195130	121225220	19	0.3137
50c5baaa-298c-4340-82d9-714a27b2c093	5	121226197	121944461	408	-0.2096
50c5baaa-298c-4340-82d9-714a27b2c093	5	121949709	121960296	5	1.2551
50c5baaa-298c-4340-82d9-714a27b2c093	5	121964625	122439429	270	-0.2195
50c5baaa-298c-4340-82d9-714a27b2c093	5	122440606	122865212	230	0.2284
50c5baaa-298c-4340-82d9-714a27b2c093	5	122868023	131136900	4825	-0.2637
50c5baaa-298c-4340-82d9-714a27b2c093	5	131140193	135751154	2808	-0.3523
50c5baaa-298c-4340-82d9-714a27b2c093	5	135751336	137521344	1235	-0.2933
50c5baaa-298c-4340-82d9-714a27b2c093	5	137522958	142924922	2677	-0.3606
50c5baaa-298c-4340-82d9-714a27b2c093	5	142925823	149169282	4036	-0.2817
50c5baaa-298c-4340-82d9-714a27b2c093	5	149169548	150993978	1156	-0.3559
50c5baaa-298c-4340-82d9-714a27b2c093	5	150997404	151138507	132	-0.5758
50c5baaa-298c-4340-82d9-714a27b2c093	5	151138971	152199363	775	-0.4247
50c5baaa-298c-4340-82d9-714a27b2c093	5	152203251	152203849	4	-1.4693
50c5baaa-298c-4340-82d9-714a27b2c093	5	152205566	153925625	1126	-0.414
50c5baaa-298c-4340-82d9-714a27b2c093	5	153925792	155317500	858	-0.4858
50c5baaa-298c-4340-82d9-714a27b2c093	5	155317553	156918724	1048	-0.3872
50c5baaa-298c-4340-82d9-714a27b2c093	5	156920203	158369309	985	-0.4934
50c5baaa-298c-4340-82d9-714a27b2c093	5	158369732	158371876	2	-1.9905
50c5baaa-298c-4340-82d9-714a27b2c093	5	158374327	158594149	139	-0.4192
50c5baaa-298c-4340-82d9-714a27b2c093	5	158595033	158595195	2	-1.6744
50c5baaa-298c-4340-82d9-714a27b2c093	5	158595767	160364440	1139	-0.4719
50c5baaa-298c-4340-82d9-714a27b2c093	5	160367060	165121741	2883	-0.4247
50c5baaa-298c-4340-82d9-714a27b2c093	5	165122697	166035663	599	-0.5444
50c5baaa-298c-4340-82d9-714a27b2c093	5	166035664	168037352	1403	-0.4542
50c5baaa-298c-4340-82d9-714a27b2c093	5	168038422	168419709	313	-0.5613
50c5baaa-298c-4340-82d9-714a27b2c093	5	168419872	175309221	4718	-0.512
50c5baaa-298c-4340-82d9-714a27b2c093	5	175317095	180608504	2381	-0.5803
50c5baaa-298c-4340-82d9-714a27b2c093	5	180608592	180934240	87	-0.8791
50c5baaa-298c-4340-82d9-714a27b2c093	6	1011760	8251739	5373	0.2695
50c5baaa-298c-4340-82d9-714a27b2c093	6	8252539	12638517	2998	0.3078
50c5baaa-298c-4340-82d9-714a27b2c093	6	12641628	18602840	4050	0.248
50c5baaa-298c-4340-82d9-714a27b2c093	6	18603577	19009565	311	0.3418
50c5baaa-298c-4340-82d9-714a27b2c093	6	19009869	22000073	2030	0.2514
50c5baaa-298c-4340-82d9-714a27b2c093	6	22011514	24071402	1596	0.3167
50c5baaa-298c-4340-82d9-714a27b2c093	6	24071449	33154394	3125	0.2618
50c5baaa-298c-4340-82d9-714a27b2c093	6	33154554	37837406	2551	0.2019
50c5baaa-298c-4340-82d9-714a27b2c093	6	37841036	38977001	798	0.2724
50c5baaa-298c-4340-82d9-714a27b2c093	6	38977843	43796814	3084	0.196
50c5baaa-298c-4340-82d9-714a27b2c093	6	43800088	44828859	660	0.2643
50c5baaa-298c-4340-82d9-714a27b2c093	6	44828919	47764657	1791	0.311
50c5baaa-298c-4340-82d9-714a27b2c093	6	47764980	51937468	2299	0.3497
50c5baaa-298c-4340-82d9-714a27b2c093	6	51937546	53987279	1392	0.2874
50c5baaa-298c-4340-82d9-714a27b2c093	6	54002509	56801395	1732	0.4002
50c5baaa-298c-4340-82d9-714a27b2c093	6	56801569	62966895	848	0.3428
50c5baaa-298c-4340-82d9-714a27b2c093	6	62967012	64021831	553	0.2691
50c5baaa-298c-4340-82d9-714a27b2c093	6	64028428	65217453	563	0.3831
50c5baaa-298c-4340-82d9-714a27b2c093	6	65218013	65381358	77	-0.1168
50c5baaa-298c-4340-82d9-714a27b2c093	6	65388076	65422790	59	-0.6966
50c5baaa-298c-4340-82d9-714a27b2c093	6	65425305	66450170	559	-0.0794
50c5baaa-298c-4340-82d9-714a27b2c093	6	66451080	66456061	5	0.7249
50c5baaa-298c-4340-82d9-714a27b2c093	6	66457911	69116807	1642	-0.0737
50c5baaa-298c-4340-82d9-714a27b2c093	6	69120802	71347604	1165	-0.1437
50c5baaa-298c-4340-82d9-714a27b2c093	6	71349181	73171600	1219	-0.0695
50c5baaa-298c-4340-82d9-714a27b2c093	6	73172276	73677437	249	-0.2221
50c5baaa-298c-4340-82d9-714a27b2c093	6	73678324	79986635	3446	-0.1032
50c5baaa-298c-4340-82d9-714a27b2c093	6	79987401	81223830	706	-0.8089
50c5baaa-298c-4340-82d9-714a27b2c093	6	81224827	87360793	3413	-0.1097
50c5baaa-298c-4340-82d9-714a27b2c093	6	87360889	90904571	2282	-0.1761
50c5baaa-298c-4340-82d9-714a27b2c093	6	90905014	95521230	1855	-0.0771
50c5baaa-298c-4340-82d9-714a27b2c093	6	95521966	95521999	2	-1.664
50c5baaa-298c-4340-82d9-714a27b2c093	6	95530237	100570156	3063	-0.1186
50c5baaa-298c-4340-82d9-714a27b2c093	6	100571212	104133441	1851	-0.0595
50c5baaa-298c-4340-82d9-714a27b2c093	6	104136626	106356871	1390	-0.1155
50c5baaa-298c-4340-82d9-714a27b2c093	6	106366400	111625361	3134	-0.183
50c5baaa-298c-4340-82d9-714a27b2c093	6	111628085	112257635	430	-0.1042
50c5baaa-298c-4340-82d9-714a27b2c093	6	112257666	112259767	2	-1.4635
50c5baaa-298c-4340-82d9-714a27b2c093	6	112259767	127430883	8323	-0.0896
50c5baaa-298c-4340-82d9-714a27b2c093	6	127431239	129378454	1214	-0.0406
50c5baaa-298c-4340-82d9-714a27b2c093	6	129378672	136464966	4837	-0.1064
50c5baaa-298c-4340-82d9-714a27b2c093	6	136465016	140094038	2300	-0.1422
50c5baaa-298c-4340-82d9-714a27b2c093	6	140094686	148040197	4544	-0.0991
50c5baaa-298c-4340-82d9-714a27b2c093	6	148040315	151887711	2647	-0.1834
50c5baaa-298c-4340-82d9-714a27b2c093	6	151887758	156592627	3327	-0.1266
50c5baaa-298c-4340-82d9-714a27b2c093	6	156593671	170596889	7368	-0.1722
50c5baaa-298c-4340-82d9-714a27b2c093	7	664936	2110332	379	0.1733
50c5baaa-298c-4340-82d9-714a27b2c093	7	2110580	2110708	2	-0.8279
50c5baaa-298c-4340-82d9-714a27b2c093	7	2114554	3294965	635	0.2074
50c5baaa-298c-4340-82d9-714a27b2c093	7	3295642	3585618	101	0.3464
50c5baaa-298c-4340-82d9-714a27b2c093	7	3586896	7115109	1184	0.1859
50c5baaa-298c-4340-82d9-714a27b2c093	7	7115182	8061469	824	0.4964
50c5baaa-298c-4340-82d9-714a27b2c093	7	8063027	13103799	2540	0.3534
50c5baaa-298c-4340-82d9-714a27b2c093	7	13104146	20625351	4260	0.4001
50c5baaa-298c-4340-82d9-714a27b2c093	7	20625518	20855171	145	0.2507
50c5baaa-298c-4340-82d9-714a27b2c093	7	20855625	35543368	9772	0.3074
50c5baaa-298c-4340-82d9-714a27b2c093	7	35544179	37561943	1509	0.2496
50c5baaa-298c-4340-82d9-714a27b2c093	7	37561955	43634316	3612	0.3291
50c5baaa-298c-4340-82d9-714a27b2c093	7	43634441	45076637	660	0.2141
50c5baaa-298c-4340-82d9-714a27b2c093	7	45077818	45435116	259	0.581
50c5baaa-298c-4340-82d9-714a27b2c093	7	45437247	46024686	315	0.2451
50c5baaa-298c-4340-82d9-714a27b2c093	7	46027187	47258999	998	0.334
50c5baaa-298c-4340-82d9-714a27b2c093	7	47259747	48155182	617	0.2416
50c5baaa-298c-4340-82d9-714a27b2c093	7	48155992	50086002	1256	0.3066
50c5baaa-298c-4340-82d9-714a27b2c093	7	50095604	51680712	1194	0.2462
50c5baaa-298c-4340-82d9-714a27b2c093	7	51686114	53352769	1267	0.3313
50c5baaa-298c-4340-82d9-714a27b2c093	7	53352788	53352795	2	-1.0954
50c5baaa-298c-4340-82d9-714a27b2c093	7	53360257	54983638	968	0.3503
50c5baaa-298c-4340-82d9-714a27b2c093	7	54984571	55669428	614	0.2901
50c5baaa-298c-4340-82d9-714a27b2c093	7	55669446	56491819	285	0.1904
50c5baaa-298c-4340-82d9-714a27b2c093	7	56494736	63675854	121	0.2995
50c5baaa-298c-4340-82d9-714a27b2c093	7	63677725	64414699	174	0.8163
50c5baaa-298c-4340-82d9-714a27b2c093	7	64416344	64615615	86	-0.2154
50c5baaa-298c-4340-82d9-714a27b2c093	7	64625850	64641133	15	0.7529
50c5baaa-298c-4340-82d9-714a27b2c093	7	64642272	64700262	27	-0.275
50c5baaa-298c-4340-82d9-714a27b2c093	7	64704648	64731896	10	0.9656
50c5baaa-298c-4340-82d9-714a27b2c093	7	64733284	64744860	9	-0.1568
50c5baaa-298c-4340-82d9-714a27b2c093	7	64749660	64982495	122	0.591
50c5baaa-298c-4340-82d9-714a27b2c093	7	64983023	65034568	24	0.288
50c5baaa-298c-4340-82d9-714a27b2c093	7	65036290	65882903	52	0.6915
50c5baaa-298c-4340-82d9-714a27b2c093	7	65884707	66218552	85	-0.2433
50c5baaa-298c-4340-82d9-714a27b2c093	7	66221401	66265811	21	0.7866
50c5baaa-298c-4340-82d9-714a27b2c093	7	66279389	66526236	88	-0.1624
50c5baaa-298c-4340-82d9-714a27b2c093	7	66545780	66631041	24	0.9299
50c5baaa-298c-4340-82d9-714a27b2c093	7	66673298	66792359	39	0.4274
50c5baaa-298c-4340-82d9-714a27b2c093	7	66793404	67075488	97	-0.061
50c5baaa-298c-4340-82d9-714a27b2c093	7	67095780	67111565	8	0.8301
50c5baaa-298c-4340-82d9-714a27b2c093	7	67116045	67729591	294	-0.0332
50c5baaa-298c-4340-82d9-714a27b2c093	7	67732295	67869761	95	0.8531
50c5baaa-298c-4340-82d9-714a27b2c093	7	67872926	68236319	208	-0.0448
50c5baaa-298c-4340-82d9-714a27b2c093	7	68242168	68934390	490	0.4147
50c5baaa-298c-4340-82d9-714a27b2c093	7	68934786	69186395	172	1.1251
50c5baaa-298c-4340-82d9-714a27b2c093	7	69192572	69477274	171	0.4211
50c5baaa-298c-4340-82d9-714a27b2c093	7	69478895	69550284	31	0.9651
50c5baaa-298c-4340-82d9-714a27b2c093	7	69559941	69601769	22	0.4168
50c5baaa-298c-4340-82d9-714a27b2c093	7	69604491	69612090	3	1.2688
50c5baaa-298c-4340-82d9-714a27b2c093	7	69615214	69662368	16	0.5448
50c5baaa-298c-4340-82d9-714a27b2c093	7	69663861	69863963	118	1.1638
50c5baaa-298c-4340-82d9-714a27b2c093	7	69871953	70080324	122	0.4979
50c5baaa-298c-4340-82d9-714a27b2c093	7	70086156	70136833	32	1.2586
50c5baaa-298c-4340-82d9-714a27b2c093	7	70137919	70504414	199	0.4703
50c5baaa-298c-4340-82d9-714a27b2c093	7	70505868	71292943	516	1.1442
50c5baaa-298c-4340-82d9-714a27b2c093	7	71297194	71724127	242	0.392
50c5baaa-298c-4340-82d9-714a27b2c093	7	71727861	71736227	7	1.0417
50c5baaa-298c-4340-82d9-714a27b2c093	7	71742528	72249273	265	0.3932
50c5baaa-298c-4340-82d9-714a27b2c093	7	72256543	72299489	25	-0.0727
50c5baaa-298c-4340-82d9-714a27b2c093	7	72301676	72343854	22	0.4229
50c5baaa-298c-4340-82d9-714a27b2c093	7	72344429	72358301	11	1.0215
50c5baaa-298c-4340-82d9-714a27b2c093	7	72360103	72441137	71	-0.0323
50c5baaa-298c-4340-82d9-714a27b2c093	7	72448559	72474353	19	0.8312
50c5baaa-298c-4340-82d9-714a27b2c093	7	72474775	73415091	93	0.0062
50c5baaa-298c-4340-82d9-714a27b2c093	7	73420089	73864150	147	0.4648
50c5baaa-298c-4340-82d9-714a27b2c093	7	73865532	73899526	14	0.9706
50c5baaa-298c-4340-82d9-714a27b2c093	7	73905781	73956241	15	0.4199
50c5baaa-298c-4340-82d9-714a27b2c093	7	73956612	74256958	120	1.0546
50c5baaa-298c-4340-82d9-714a27b2c093	7	74257906	74285381	9	0.5033
50c5baaa-298c-4340-82d9-714a27b2c093	7	74287584	74295390	4	-1.2071
50c5baaa-298c-4340-82d9-714a27b2c093	7	74296215	74347165	17	0.3769
50c5baaa-298c-4340-82d9-714a27b2c093	7	74354120	74972480	141	-0.9492
50c5baaa-298c-4340-82d9-714a27b2c093	7	75052263	75469664	22	0.3895
50c5baaa-298c-4340-82d9-714a27b2c093	7	75504005	75823109	146	-1.0033
50c5baaa-298c-4340-82d9-714a27b2c093	7	75823266	75824358	2	-2.9617
50c5baaa-298c-4340-82d9-714a27b2c093	7	75825134	75962111	51	-0.9985
50c5baaa-298c-4340-82d9-714a27b2c093	7	75971851	76067102	53	-1.2361
50c5baaa-298c-4340-82d9-714a27b2c093	7	76067288	77201078	154	-0.8977
50c5baaa-298c-4340-82d9-714a27b2c093	7	77201177	77297929	80	0.5591
50c5baaa-298c-4340-82d9-714a27b2c093	7	77298636	77308656	7	-0.9715
50c5baaa-298c-4340-82d9-714a27b2c093	7	77311972	77514181	134	0.5221
50c5baaa-298c-4340-82d9-714a27b2c093	7	77519547	77752971	119	-0.9331
50c5baaa-298c-4340-82d9-714a27b2c093	7	77759871	78182611	289	0.5648
50c5baaa-298c-4340-82d9-714a27b2c093	7	78184244	78192121	10	-0.7029
50c5baaa-298c-4340-82d9-714a27b2c093	7	78196305	78230294	35	0.5896
50c5baaa-298c-4340-82d9-714a27b2c093	7	78232776	78719739	401	-0.8494
50c5baaa-298c-4340-82d9-714a27b2c093	7	78733311	78838405	82	0.6751
50c5baaa-298c-4340-82d9-714a27b2c093	7	78840322	78933111	56	-0.8027
50c5baaa-298c-4340-82d9-714a27b2c093	7	78940833	79058976	103	0.6364
50c5baaa-298c-4340-82d9-714a27b2c093	7	79060548	79079220	12	-0.8457
50c5baaa-298c-4340-82d9-714a27b2c093	7	79081417	79082280	7	0.4144
50c5baaa-298c-4340-82d9-714a27b2c093	7	79089344	79130011	21	-0.7056
50c5baaa-298c-4340-82d9-714a27b2c093	7	79133020	79145883	9	0.6196
50c5baaa-298c-4340-82d9-714a27b2c093	7	79147452	79172570	30	-0.7318
50c5baaa-298c-4340-82d9-714a27b2c093	7	79226755	79483314	188	0.6869
50c5baaa-298c-4340-82d9-714a27b2c093	7	79491190	79815891	185	-0.7917
50c5baaa-298c-4340-82d9-714a27b2c093	7	79822295	80131028	134	0.6738
50c5baaa-298c-4340-82d9-714a27b2c093	7	80133787	80167333	29	-0.7975
50c5baaa-298c-4340-82d9-714a27b2c093	7	80169459	80265026	86	0.6792
50c5baaa-298c-4340-82d9-714a27b2c093	7	80265178	80312545	34	-0.7696
50c5baaa-298c-4340-82d9-714a27b2c093	7	80318895	80759117	278	0.714
50c5baaa-298c-4340-82d9-714a27b2c093	7	80759333	80861130	77	-0.7278
50c5baaa-298c-4340-82d9-714a27b2c093	7	80863623	80943326	51	0.6923
50c5baaa-298c-4340-82d9-714a27b2c093	7	80944814	80977389	22	-0.7164
50c5baaa-298c-4340-82d9-714a27b2c093	7	80979988	81069723	53	0.6576
50c5baaa-298c-4340-82d9-714a27b2c093	7	81070515	81281072	165	-0.8073
50c5baaa-298c-4340-82d9-714a27b2c093	7	81292922	81305785	9	0.8051
50c5baaa-298c-4340-82d9-714a27b2c093	7	81306234	81308797	5	-0.6675
50c5baaa-298c-4340-82d9-714a27b2c093	7	81311630	81329963	18	0.7453
50c5baaa-298c-4340-82d9-714a27b2c093	7	81330164	81433872	63	-0.7989
50c5baaa-298c-4340-82d9-714a27b2c093	7	81441764	81577064	72	0.6521
50c5baaa-298c-4340-82d9-714a27b2c093	7	81580870	81587613	3	-0.7968
50c5baaa-298c-4340-82d9-714a27b2c093	7	81590319	81874727	201	0.7946
50c5baaa-298c-4340-82d9-714a27b2c093	7	81885176	81895865	10	-0.6613
50c5baaa-298c-4340-82d9-714a27b2c093	7	81900975	81959706	37	0.7789
50c5baaa-298c-4340-82d9-714a27b2c093	7	81965788	82252346	209	-0.7367
50c5baaa-298c-4340-82d9-714a27b2c093	7	82260274	82287414	16	0.7766
50c5baaa-298c-4340-82d9-714a27b2c093	7	82295764	82305522	6	-0.729
50c5baaa-298c-4340-82d9-714a27b2c093	7	82309532	82338450	25	0.6774
50c5baaa-298c-4340-82d9-714a27b2c093	7	82339438	82372041	25	-0.9576
50c5baaa-298c-4340-82d9-714a27b2c093	7	82553123	82812874	144	0.6691
50c5baaa-298c-4340-82d9-714a27b2c093	7	82814722	82901072	54	-0.723
50c5baaa-298c-4340-82d9-714a27b2c093	7	82902718	82947908	29	0.7238
50c5baaa-298c-4340-82d9-714a27b2c093	7	82951975	83812110	656	-0.8074
50c5baaa-298c-4340-82d9-714a27b2c093	7	83813600	83818955	6	0.6722
50c5baaa-298c-4340-82d9-714a27b2c093	7	83821501	83827252	4	-0.5377
50c5baaa-298c-4340-82d9-714a27b2c093	7	83827357	84049636	167	0.7523
50c5baaa-298c-4340-82d9-714a27b2c093	7	84057804	84164884	96	-0.7852
50c5baaa-298c-4340-82d9-714a27b2c093	7	84166977	84173880	8	0.7882
50c5baaa-298c-4340-82d9-714a27b2c093	7	84176540	84810339	324	-0.7326
50c5baaa-298c-4340-82d9-714a27b2c093	7	84810533	84898472	63	0.7442
50c5baaa-298c-4340-82d9-714a27b2c093	7	84900488	84907996	9	-0.8137
50c5baaa-298c-4340-82d9-714a27b2c093	7	84913715	84973933	32	0.7345
50c5baaa-298c-4340-82d9-714a27b2c093	7	84974008	85107426	65	-0.8633
50c5baaa-298c-4340-82d9-714a27b2c093	7	85108718	85311470	93	0.7261
50c5baaa-298c-4340-82d9-714a27b2c093	7	85326588	85444314	64	-0.7768
50c5baaa-298c-4340-82d9-714a27b2c093	7	85592729	85668353	53	0.7328
50c5baaa-298c-4340-82d9-714a27b2c093	7	85673106	85701575	16	-0.8011
50c5baaa-298c-4340-82d9-714a27b2c093	7	85702430	85771969	32	0.7634
50c5baaa-298c-4340-82d9-714a27b2c093	7	85773770	85804984	12	-0.8857
50c5baaa-298c-4340-82d9-714a27b2c093	7	85813058	85839983	15	0.8627
50c5baaa-298c-4340-82d9-714a27b2c093	7	85841618	86340165	219	-0.752
50c5baaa-298c-4340-82d9-714a27b2c093	7	86346250	86366652	11	0.6493
50c5baaa-298c-4340-82d9-714a27b2c093	7	86368929	87081494	441	-0.8541
50c5baaa-298c-4340-82d9-714a27b2c093	7	87082905	87361438	146	0.6545
50c5baaa-298c-4340-82d9-714a27b2c093	7	87363218	87555280	124	-0.9095
50c5baaa-298c-4340-82d9-714a27b2c093	7	87557864	87730984	82	0.6234
50c5baaa-298c-4340-82d9-714a27b2c093	7	87731593	88056062	115	-0.8518
50c5baaa-298c-4340-82d9-714a27b2c093	7	88065131	88164091	59	0.6094
50c5baaa-298c-4340-82d9-714a27b2c093	7	88166951	88438990	143	-0.9048
50c5baaa-298c-4340-82d9-714a27b2c093	7	88441931	90267461	71	0.6795
50c5baaa-298c-4340-82d9-714a27b2c093	7	90272439	90273291	4	-0.9291
50c5baaa-298c-4340-82d9-714a27b2c093	7	90279725	90363064	45	0.63
50c5baaa-298c-4340-82d9-714a27b2c093	7	90379760	90748369	168	-0.8097
50c5baaa-298c-4340-82d9-714a27b2c093	7	90751807	90972203	158	0.6037
50c5baaa-298c-4340-82d9-714a27b2c093	7	90974163	91365004	301	-0.8092
50c5baaa-298c-4340-82d9-714a27b2c093	7	91371120	91504379	67	0.631
50c5baaa-298c-4340-82d9-714a27b2c093	7	91513085	91524387	9	0.2654
50c5baaa-298c-4340-82d9-714a27b2c093	7	91534111	91557234	27	-0.7775
50c5baaa-298c-4340-82d9-714a27b2c093	7	91558111	91611155	57	0.7346
50c5baaa-298c-4340-82d9-714a27b2c093	7	91615267	91646041	20	-0.8932
50c5baaa-298c-4340-82d9-714a27b2c093	7	91650744	91664425	7	0.6887
50c5baaa-298c-4340-82d9-714a27b2c093	7	91667151	92847768	745	-0.7948
50c5baaa-298c-4340-82d9-714a27b2c093	7	92851107	92867573	35	0.5952
50c5baaa-298c-4340-82d9-714a27b2c093	7	92868307	92896526	34	-0.5525
50c5baaa-298c-4340-82d9-714a27b2c093	7	92900586	92987204	57	0.6227
50c5baaa-298c-4340-82d9-714a27b2c093	7	92989357	93962260	551	-0.7708
50c5baaa-298c-4340-82d9-714a27b2c093	7	93963534	93975734	10	0.8685
50c5baaa-298c-4340-82d9-714a27b2c093	7	93976628	96167070	1318	-0.8542
50c5baaa-298c-4340-82d9-714a27b2c093	7	96171832	96332091	87	0.6321
50c5baaa-298c-4340-82d9-714a27b2c093	7	96334171	96503024	101	-0.8686
50c5baaa-298c-4340-82d9-714a27b2c093	7	96503515	96779613	170	0.6392
50c5baaa-298c-4340-82d9-714a27b2c093	7	96782679	96832272	52	-0.8961
50c5baaa-298c-4340-82d9-714a27b2c093	7	96834282	96988680	118	0.575
50c5baaa-298c-4340-82d9-714a27b2c093	7	96991860	98138106	584	-0.8684
50c5baaa-298c-4340-82d9-714a27b2c093	7	98143627	99826631	680	0.2845
50c5baaa-298c-4340-82d9-714a27b2c093	7	99826708	99957146	76	-0.0344
50c5baaa-298c-4340-82d9-714a27b2c093	7	99968641	99994344	14	-0.0959
50c5baaa-298c-4340-82d9-714a27b2c093	7	99998061	100159989	62	-1.0201
50c5baaa-298c-4340-82d9-714a27b2c093	7	100161779	100390182	49	-0.2434
50c5baaa-298c-4340-82d9-714a27b2c093	7	100406771	100882190	133	-0.8962
50c5baaa-298c-4340-82d9-714a27b2c093	7	100900855	101204249	133	-0.3084
50c5baaa-298c-4340-82d9-714a27b2c093	7	101207378	101498586	40	0.2973
50c5baaa-298c-4340-82d9-714a27b2c093	7	101498690	101531402	23	-0.0277
50c5baaa-298c-4340-82d9-714a27b2c093	7	101532539	101535002	5	0.2771
50c5baaa-298c-4340-82d9-714a27b2c093	7	101535824	102771192	427	-0.2914
50c5baaa-298c-4340-82d9-714a27b2c093	7	102778267	104313876	877	0.1272
50c5baaa-298c-4340-82d9-714a27b2c093	7	104317510	104570463	211	1.0267
50c5baaa-298c-4340-82d9-714a27b2c093	7	104574040	104663389	63	1.2223
50c5baaa-298c-4340-82d9-714a27b2c093	7	104663466	104814276	112	1.0173
50c5baaa-298c-4340-82d9-714a27b2c093	7	104816427	105735252	425	1.4864
50c5baaa-298c-4340-82d9-714a27b2c093	7	105737164	107142566	986	1.1988
50c5baaa-298c-4340-82d9-714a27b2c093	7	107144899	107287437	76	0.9148
50c5baaa-298c-4340-82d9-714a27b2c093	7	107289862	109149259	1004	1.2325
50c5baaa-298c-4340-82d9-714a27b2c093	7	109153007	110106082	523	1.4908
50c5baaa-298c-4340-82d9-714a27b2c093	7	110106144	111715056	634	1.2685
50c5baaa-298c-4340-82d9-714a27b2c093	7	111716790	112332106	406	1.1551
50c5baaa-298c-4340-82d9-714a27b2c093	7	112686150	115392707	1369	0.6662
50c5baaa-298c-4340-82d9-714a27b2c093	7	115394987	116513961	661	1.3765
50c5baaa-298c-4340-82d9-714a27b2c093	7	116514729	118057808	1029	0.6351
50c5baaa-298c-4340-82d9-714a27b2c093	7	118063809	118277423	102	1.3327
50c5baaa-298c-4340-82d9-714a27b2c093	7	118399158	120170130	885	0.6385
50c5baaa-298c-4340-82d9-714a27b2c093	7	120171947	120723543	284	1.4129
50c5baaa-298c-4340-82d9-714a27b2c093	7	120727782	121257139	287	0.7706
50c5baaa-298c-4340-82d9-714a27b2c093	7	121260811	121486019	215	1.3755
50c5baaa-298c-4340-82d9-714a27b2c093	7	121490164	122754095	714	0.6201
50c5baaa-298c-4340-82d9-714a27b2c093	7	122761382	123053875	195	1.349
50c5baaa-298c-4340-82d9-714a27b2c093	7	123054291	123950449	474	1.1646
50c5baaa-298c-4340-82d9-714a27b2c093	7	123955015	124116522	91	1.271
50c5baaa-298c-4340-82d9-714a27b2c093	7	124116871	126085167	1045	1.0117
50c5baaa-298c-4340-82d9-714a27b2c093	7	126087589	126087605	2	-1.3752
50c5baaa-298c-4340-82d9-714a27b2c093	7	126088243	126777491	389	1.0194
50c5baaa-298c-4340-82d9-714a27b2c093	7	126781534	127994228	712	0.9223
50c5baaa-298c-4340-82d9-714a27b2c093	7	128004159	129318113	555	1.0497
50c5baaa-298c-4340-82d9-714a27b2c093	7	129320297	129409666	41	1.1674
50c5baaa-298c-4340-82d9-714a27b2c093	7	129412709	129618008	89	0.4434
50c5baaa-298c-4340-82d9-714a27b2c093	7	129618558	129758182	67	0.6221
50c5baaa-298c-4340-82d9-714a27b2c093	7	129758846	129853730	38	1.0881
50c5baaa-298c-4340-82d9-714a27b2c093	7	129854870	132387561	1436	0.6228
50c5baaa-298c-4340-82d9-714a27b2c093	7	132391217	133114209	503	1.6204
50c5baaa-298c-4340-82d9-714a27b2c093	7	133114628	133120152	2	-0.2678
50c5baaa-298c-4340-82d9-714a27b2c093	7	133120345	133231392	62	1.5707
50c5baaa-298c-4340-82d9-714a27b2c093	7	133231638	135156107	1150	1.7434
50c5baaa-298c-4340-82d9-714a27b2c093	7	135156487	135397848	204	1.5449
50c5baaa-298c-4340-82d9-714a27b2c093	7	135398195	135417920	11	2.2293
50c5baaa-298c-4340-82d9-714a27b2c093	7	135418248	135718281	149	1.6599
50c5baaa-298c-4340-82d9-714a27b2c093	7	135719291	135729776	6	2.4168
50c5baaa-298c-4340-82d9-714a27b2c093	7	135729998	136496548	508	1.9195
50c5baaa-298c-4340-82d9-714a27b2c093	7	136500027	136898004	213	2.1928
50c5baaa-298c-4340-82d9-714a27b2c093	7	136903362	138208227	891	1.5994
50c5baaa-298c-4340-82d9-714a27b2c093	7	138230926	138232631	3	0.9326
50c5baaa-298c-4340-82d9-714a27b2c093	7	138233100	138417331	86	1.3973
50c5baaa-298c-4340-82d9-714a27b2c093	7	138421649	140683431	1145	1.1494
50c5baaa-298c-4340-82d9-714a27b2c093	7	140686249	140759033	48	1.6987
50c5baaa-298c-4340-82d9-714a27b2c093	7	140769780	140769832	3	0.5624
50c5baaa-298c-4340-82d9-714a27b2c093	7	140770022	141169144	327	1.6282
50c5baaa-298c-4340-82d9-714a27b2c093	7	141169506	141565900	312	1.4888
50c5baaa-298c-4340-82d9-714a27b2c093	7	141570903	142450035	297	1.6413
50c5baaa-298c-4340-82d9-714a27b2c093	7	142523008	143507648	388	0.5023
50c5baaa-298c-4340-82d9-714a27b2c093	7	143923163	147896222	2237	-0.8894
50c5baaa-298c-4340-82d9-714a27b2c093	7	147898270	158592540	5499	-1.0244
50c5baaa-298c-4340-82d9-714a27b2c093	8	667625	13173815	5577	-1.0124
50c5baaa-298c-4340-82d9-714a27b2c093	8	13186085	13507254	282	-0.8793
50c5baaa-298c-4340-82d9-714a27b2c093	8	13507357	14732363	948	-0.7848
50c5baaa-298c-4340-82d9-714a27b2c093	8	14732394	16930584	1461	-0.8765
50c5baaa-298c-4340-82d9-714a27b2c093	8	16930645	19957477	2412	-0.9467
50c5baaa-298c-4340-82d9-714a27b2c093	8	19959441	23797320	2648	-1.0377
50c5baaa-298c-4340-82d9-714a27b2c093	8	23798271	37668373	8608	-0.9514
50c5baaa-298c-4340-82d9-714a27b2c093	8	37669524	38640132	393	0.214
50c5baaa-298c-4340-82d9-714a27b2c093	8	38666364	39790133	478	0.3364
50c5baaa-298c-4340-82d9-714a27b2c093	8	39790326	48470960	2858	0.2434
50c5baaa-298c-4340-82d9-714a27b2c093	8	48478644	51456194	1613	0.3556
50c5baaa-298c-4340-82d9-714a27b2c093	8	51457945	51593862	99	0.6643
50c5baaa-298c-4340-82d9-714a27b2c093	8	51594132	51667655	48	0.5906
50c5baaa-298c-4340-82d9-714a27b2c093	8	51668041	51679817	9	-0.2592
50c5baaa-298c-4340-82d9-714a27b2c093	8	51680868	52076626	230	0.6368
50c5baaa-298c-4340-82d9-714a27b2c093	8	52081233	53503655	808	0.4813
50c5baaa-298c-4340-82d9-714a27b2c093	8	53504688	56557681	1781	0.7623
50c5baaa-298c-4340-82d9-714a27b2c093	8	56563776	68221043	6914	0.3186
50c5baaa-298c-4340-82d9-714a27b2c093	8	68221350	69287626	655	0.4204
50c5baaa-298c-4340-82d9-714a27b2c093	8	69288363	69296056	8	-0.2295
50c5baaa-298c-4340-82d9-714a27b2c093	8	69296082	69863267	395	0.3533
50c5baaa-298c-4340-82d9-714a27b2c093	8	69866516	70100090	157	0.1581
50c5baaa-298c-4340-82d9-714a27b2c093	8	70100576	75645419	3379	0.3139
50c5baaa-298c-4340-82d9-714a27b2c093	8	75649548	79010196	1794	0.3833
50c5baaa-298c-4340-82d9-714a27b2c093	8	79011046	80123399	662	0.3082
50c5baaa-298c-4340-82d9-714a27b2c093	8	80123810	80576667	233	0.1682
50c5baaa-298c-4340-82d9-714a27b2c093	8	80576982	87451129	3501	0.3252
50c5baaa-298c-4340-82d9-714a27b2c093	8	87453306	90156420	1572	0.4072
50c5baaa-298c-4340-82d9-714a27b2c093	8	90156875	93860245	2065	0.3487
50c5baaa-298c-4340-82d9-714a27b2c093	8	93860275	103020726	5469	0.2941
50c5baaa-298c-4340-82d9-714a27b2c093	8	103022407	103675894	392	0.3392
50c5baaa-298c-4340-82d9-714a27b2c093	8	103675999	104279935	324	0.4306
50c5baaa-298c-4340-82d9-714a27b2c093	8	104280143	104821909	331	0.3053
50c5baaa-298c-4340-82d9-714a27b2c093	8	104824789	106699270	814	0.4143
50c5baaa-298c-4340-82d9-714a27b2c093	8	106699510	121336061	8573	0.3433
50c5baaa-298c-4340-82d9-714a27b2c093	8	121337065	121338709	3	-0.8244
50c5baaa-298c-4340-82d9-714a27b2c093	8	121343394	121606227	134	0.4161
50c5baaa-298c-4340-82d9-714a27b2c093	8	121608928	121630938	20	-0.9373
50c5baaa-298c-4340-82d9-714a27b2c093	8	121633703	122644002	679	0.378
50c5baaa-298c-4340-82d9-714a27b2c093	8	122644154	124476666	1172	0.2685
50c5baaa-298c-4340-82d9-714a27b2c093	8	124476823	124742334	192	-0.2845
50c5baaa-298c-4340-82d9-714a27b2c093	8	124742427	127930087	2277	-0.2133
50c5baaa-298c-4340-82d9-714a27b2c093	8	127930463	129653168	1196	-0.1283
50c5baaa-298c-4340-82d9-714a27b2c093	8	129655375	138075432	6187	-0.21
50c5baaa-298c-4340-82d9-714a27b2c093	8	138075477	144182542	2515	-0.287
50c5baaa-298c-4340-82d9-714a27b2c093	9	789794	962778	154	-0.3168
50c5baaa-298c-4340-82d9-714a27b2c093	9	965006	7860477	4204	-0.1647
50c5baaa-298c-4340-82d9-714a27b2c093	9	7871163	8431163	361	-0.0839
50c5baaa-298c-4340-82d9-714a27b2c093	9	8432349	8433022	4	0.693
50c5baaa-298c-4340-82d9-714a27b2c093	9	8433525	9628367	735	-0.0942
50c5baaa-298c-4340-82d9-714a27b2c093	9	9631694	9631801	2	-1.5065
50c5baaa-298c-4340-82d9-714a27b2c093	9	9632921	10798797	605	-0.1129
50c5baaa-298c-4340-82d9-714a27b2c093	9	10799331	12542187	268	-0.1566
50c5baaa-298c-4340-82d9-714a27b2c093	9	12542478	12547987	3	-1.7347
50c5baaa-298c-4340-82d9-714a27b2c093	9	12549348	20761722	6444	-0.1392
50c5baaa-298c-4340-82d9-714a27b2c093	9	20761781	27094649	3872	-2.931
50c5baaa-298c-4340-82d9-714a27b2c093	9	27094936	28039910	848	-3.4293
50c5baaa-298c-4340-82d9-714a27b2c093	9	28039947	31426841	1436	-2.7354
50c5baaa-298c-4340-82d9-714a27b2c093	9	31433097	32745160	893	0.2116
50c5baaa-298c-4340-82d9-714a27b2c093	9	32746345	32747050	5	-0.5489
50c5baaa-298c-4340-82d9-714a27b2c093	9	32750338	32980355	176	0.1585
50c5baaa-298c-4340-82d9-714a27b2c093	9	32981287	33091971	102	0.4899
50c5baaa-298c-4340-82d9-714a27b2c093	9	33094981	33683010	349	0.7766
50c5baaa-298c-4340-82d9-714a27b2c093	9	33683197	34604533	479	1.2073
50c5baaa-298c-4340-82d9-714a27b2c093	9	34605025	34737705	69	0.7659
50c5baaa-298c-4340-82d9-714a27b2c093	9	34741755	36130753	709	1.3442
50c5baaa-298c-4340-82d9-714a27b2c093	9	36133713	37135183	669	0.7424
50c5baaa-298c-4340-82d9-714a27b2c093	9	37138675	38752071	1089	0.9517
50c5baaa-298c-4340-82d9-714a27b2c093	9	68423153	73018717	3300	0.0852
50c5baaa-298c-4340-82d9-714a27b2c093	9	73021351	74538949	896	0.1737
50c5baaa-298c-4340-82d9-714a27b2c093	9	74543060	83611297	6405	-0.1572
50c5baaa-298c-4340-82d9-714a27b2c093	9	83611644	84524451	645	0.0334
50c5baaa-298c-4340-82d9-714a27b2c093	9	84539536	87644309	2207	0.0792
50c5baaa-298c-4340-82d9-714a27b2c093	9	87644856	90147060	1707	0.0125
50c5baaa-298c-4340-82d9-714a27b2c093	9	90147517	91528018	950	0.0908
50c5baaa-298c-4340-82d9-714a27b2c093	9	91529342	99601353	4939	0.038
50c5baaa-298c-4340-82d9-714a27b2c093	9	99603130	100739415	568	0.0675
50c5baaa-298c-4340-82d9-714a27b2c093	9	100740140	104793430	2366	0.1334
50c5baaa-298c-4340-82d9-714a27b2c093	9	104794068	107922514	2148	0.081
50c5baaa-298c-4340-82d9-714a27b2c093	9	107924966	108686573	724	0.1381
50c5baaa-298c-4340-82d9-714a27b2c093	9	108687620	110379729	1265	0.0579
50c5baaa-298c-4340-82d9-714a27b2c093	9	110380064	111302016	755	0.1453
50c5baaa-298c-4340-82d9-714a27b2c093	9	111302061	114740535	2115	0.0527
50c5baaa-298c-4340-82d9-714a27b2c093	9	114742005	115944113	842	0.1369
50c5baaa-298c-4340-82d9-714a27b2c093	9	115944247	120796515	3705	0.0714
50c5baaa-298c-4340-82d9-714a27b2c093	9	120797708	120800570	2	-1.1235
50c5baaa-298c-4340-82d9-714a27b2c093	9	120810585	121204041	254	0.1205
50c5baaa-298c-4340-82d9-714a27b2c093	9	121204674	123762933	1546	0.028
50c5baaa-298c-4340-82d9-714a27b2c093	9	123764591	123769476	2	-2.0224
50c5baaa-298c-4340-82d9-714a27b2c093	9	123771628	124148309	310	-0.0294
50c5baaa-298c-4340-82d9-714a27b2c093	9	124151078	127701321	2031	0.0243
50c5baaa-298c-4340-82d9-714a27b2c093	9	127701745	138044505	5071	-0.0229
50c5baaa-298c-4340-82d9-714a27b2c093	10	366509	3776904	1893	0.0257
50c5baaa-298c-4340-82d9-714a27b2c093	10	3776962	5331717	1314	0.1133
50c5baaa-298c-4340-82d9-714a27b2c093	10	5333795	5457459	102	0.0371
50c5baaa-298c-4340-82d9-714a27b2c093	10	5459654	8530830	2387	-0.0052
50c5baaa-298c-4340-82d9-714a27b2c093	10	8531166	11318332	2135	0.0795
50c5baaa-298c-4340-82d9-714a27b2c093	10	11320324	15591158	3274	-0.0109
50c5baaa-298c-4340-82d9-714a27b2c093	10	15591295	18181027	1771	0.087
50c5baaa-298c-4340-82d9-714a27b2c093	10	18181187	18754239	505	-0.0009
50c5baaa-298c-4340-82d9-714a27b2c093	10	18756792	19157145	228	0.0805
50c5baaa-298c-4340-82d9-714a27b2c093	10	19161660	20874653	1367	0.1154
50c5baaa-298c-4340-82d9-714a27b2c093	10	20875279	24816603	2391	0.0391
50c5baaa-298c-4340-82d9-714a27b2c093	10	24819880	25129478	199	0.4458
50c5baaa-298c-4340-82d9-714a27b2c093	10	25136332	30633363	3809	0.0165
50c5baaa-298c-4340-82d9-714a27b2c093	10	30636653	33977573	2206	0.0749
50c5baaa-298c-4340-82d9-714a27b2c093	10	33980968	35724625	898	0.005
50c5baaa-298c-4340-82d9-714a27b2c093	10	35726290	37395636	1095	0.0963
50c5baaa-298c-4340-82d9-714a27b2c093	10	37396136	49849300	4070	0.0094
50c5baaa-298c-4340-82d9-714a27b2c093	10	49863777	67783964	10314	0.1042
50c5baaa-298c-4340-82d9-714a27b2c093	10	67785382	68408543	308	0.0568
50c5baaa-298c-4340-82d9-714a27b2c093	10	68410900	74023627	3274	-0.0241
50c5baaa-298c-4340-82d9-714a27b2c093	10	74023741	81165287	4444	0.0225
50c5baaa-298c-4340-82d9-714a27b2c093	10	81165345	83833786	1919	0.0827
50c5baaa-298c-4340-82d9-714a27b2c093	10	83837805	84789196	678	-0.0009
50c5baaa-298c-4340-82d9-714a27b2c093	10	84791841	85884140	777	0.0744
50c5baaa-298c-4340-82d9-714a27b2c093	10	85885083	87421107	731	-0.0058
50c5baaa-298c-4340-82d9-714a27b2c093	10	87422858	87915833	331	0.069
50c5baaa-298c-4340-82d9-714a27b2c093	10	87916155	89849078	1393	0.1293
50c5baaa-298c-4340-82d9-714a27b2c093	10	89849574	95122745	2901	0.0563
50c5baaa-298c-4340-82d9-714a27b2c093	10	95125374	98558679	2229	-0.0032
50c5baaa-298c-4340-82d9-714a27b2c093	10	98558936	98921642	274	0.0972
50c5baaa-298c-4340-82d9-714a27b2c093	10	98923097	103897386	2425	-0.0244
50c5baaa-298c-4340-82d9-714a27b2c093	10	103897605	105336618	1046	0.0582
50c5baaa-298c-4340-82d9-714a27b2c093	10	105340164	105345043	3	-1.0851
50c5baaa-298c-4340-82d9-714a27b2c093	10	105349179	112099466	4466	0.0645
50c5baaa-298c-4340-82d9-714a27b2c093	10	112110108	114828301	1932	0.0084
50c5baaa-298c-4340-82d9-714a27b2c093	10	114833014	115923597	666	0.1054
50c5baaa-298c-4340-82d9-714a27b2c093	10	115929302	125213146	6662	0.0061
50c5baaa-298c-4340-82d9-714a27b2c093	10	125213841	127011277	1307	0.0733
50c5baaa-298c-4340-82d9-714a27b2c093	10	127011381	133411599	3327	-0.0171
50c5baaa-298c-4340-82d9-714a27b2c093	11	456012	3786995	1096	0.1851
50c5baaa-298c-4340-82d9-714a27b2c093	11	3787114	12308374	5961	0.2919
50c5baaa-298c-4340-82d9-714a27b2c093	11	12315765	12315776	2	-0.978
50c5baaa-298c-4340-82d9-714a27b2c093	11	12317262	16624541	2875	0.305
50c5baaa-298c-4340-82d9-714a27b2c093	11	16624704	18858700	1447	0.2429
50c5baaa-298c-4340-82d9-714a27b2c093	11	18858881	21044198	1916	0.2834
50c5baaa-298c-4340-82d9-714a27b2c093	11	21046614	32018590	6838	0.3587
50c5baaa-298c-4340-82d9-714a27b2c093	11	32018607	32951021	694	0.288
50c5baaa-298c-4340-82d9-714a27b2c093	11	32951553	32973214	8	0.7653
50c5baaa-298c-4340-82d9-714a27b2c093	11	32973798	34597209	1031	0.3126
50c5baaa-298c-4340-82d9-714a27b2c093	11	34598511	42762290	5038	0.3552
50c5baaa-298c-4340-82d9-714a27b2c093	11	42765081	44347169	1062	0.2978
50c5baaa-298c-4340-82d9-714a27b2c093	11	44347927	48982473	2176	0.2446
50c5baaa-298c-4340-82d9-714a27b2c093	11	48996010	57234637	1023	0.3319
50c5baaa-298c-4340-82d9-714a27b2c093	11	57236800	58180745	514	0.2244
50c5baaa-298c-4340-82d9-714a27b2c093	11	58181460	60600943	1375	0.3059
50c5baaa-298c-4340-82d9-714a27b2c093	11	60605473	72433902	4863	0.201
50c5baaa-298c-4340-82d9-714a27b2c093	11	72436831	72448220	7	-1.1084
50c5baaa-298c-4340-82d9-714a27b2c093	11	72454083	78290202	3040	0.2385
50c5baaa-298c-4340-82d9-714a27b2c093	11	78293674	80683518	1828	0.2898
50c5baaa-298c-4340-82d9-714a27b2c093	11	80686561	81974848	841	0.3615
50c5baaa-298c-4340-82d9-714a27b2c093	11	81975917	86660817	2677	0.3093
50c5baaa-298c-4340-82d9-714a27b2c093	11	86660921	91902640	3108	0.3583
50c5baaa-298c-4340-82d9-714a27b2c093	11	91903125	96863811	3076	0.3117
50c5baaa-298c-4340-82d9-714a27b2c093	11	96864089	98270972	873	-0.1025
50c5baaa-298c-4340-82d9-714a27b2c093	11	98350106	98597337	136	0.3489
50c5baaa-298c-4340-82d9-714a27b2c093	11	98597637	98661469	28	0.6759
50c5baaa-298c-4340-82d9-714a27b2c093	11	98661963	107752645	5885	0.3485
50c5baaa-298c-4340-82d9-714a27b2c093	11	107752775	108178957	107	0.1653
50c5baaa-298c-4340-82d9-714a27b2c093	11	108181781	111872071	2292	0.3465
50c5baaa-298c-4340-82d9-714a27b2c093	11	111872930	115533434	2506	0.2681
50c5baaa-298c-4340-82d9-714a27b2c093	11	115533633	120994361	3835	0.2282
50c5baaa-298c-4340-82d9-714a27b2c093	11	120997537	121366536	268	0.2838
50c5baaa-298c-4340-82d9-714a27b2c093	11	121373007	121373052	2	-0.7216
50c5baaa-298c-4340-82d9-714a27b2c093	11	121373301	122300521	656	0.2843
50c5baaa-298c-4340-82d9-714a27b2c093	11	122301517	122302384	2	-1.0642
50c5baaa-298c-4340-82d9-714a27b2c093	11	122305108	131453083	6504	0.2889
50c5baaa-298c-4340-82d9-714a27b2c093	11	131453465	132837924	1153	0.3511
50c5baaa-298c-4340-82d9-714a27b2c093	11	132838480	134272740	573	0.2563
50c5baaa-298c-4340-82d9-714a27b2c093	12	780472	9086638	4636	-0.2212
50c5baaa-298c-4340-82d9-714a27b2c093	12	9087356	15427072	3693	-0.1698
50c5baaa-298c-4340-82d9-714a27b2c093	12	15428202	30601508	9680	-0.1245
50c5baaa-298c-4340-82d9-714a27b2c093	12	30608936	32962590	1423	-0.2096
50c5baaa-298c-4340-82d9-714a27b2c093	12	32962886	48483183	5591	-0.1394
50c5baaa-298c-4340-82d9-714a27b2c093	12	48483712	49752982	534	-0.2609
50c5baaa-298c-4340-82d9-714a27b2c093	12	49753767	49859132	58	-0.9678
50c5baaa-298c-4340-82d9-714a27b2c093	12	49862130	54615029	2482	-0.2312
50c5baaa-298c-4340-82d9-714a27b2c093	12	54615692	55580334	600	-0.1384
50c5baaa-298c-4340-82d9-714a27b2c093	12	55580597	57954980	1102	-0.2399
50c5baaa-298c-4340-82d9-714a27b2c093	12	57955461	63003504	3214	-0.1177
50c5baaa-298c-4340-82d9-714a27b2c093	12	63005488	63263949	211	0.1507
50c5baaa-298c-4340-82d9-714a27b2c093	12	63269006	72311978	5653	-0.1453
50c5baaa-298c-4340-82d9-714a27b2c093	12	72316882	72317801	6	-0.453
50c5baaa-298c-4340-82d9-714a27b2c093	12	72319428	91956126	11528	-0.0751
50c5baaa-298c-4340-82d9-714a27b2c093	12	91959748	96558465	3108	-0.1507
50c5baaa-298c-4340-82d9-714a27b2c093	12	96559764	97505933	715	-0.0596
50c5baaa-298c-4340-82d9-714a27b2c093	12	97506602	99219513	1138	-0.1264
50c5baaa-298c-4340-82d9-714a27b2c093	12	99227341	99841295	284	0.3823
50c5baaa-298c-4340-82d9-714a27b2c093	12	99841800	100062143	115	0.7049
50c5baaa-298c-4340-82d9-714a27b2c093	12	100064628	101451915	832	0.2781
50c5baaa-298c-4340-82d9-714a27b2c093	12	101452521	103890183	1589	-0.1646
50c5baaa-298c-4340-82d9-714a27b2c093	12	103893026	107555504	2594	0.3084
50c5baaa-298c-4340-82d9-714a27b2c093	12	107556053	110354897	1500	0.2464
50c5baaa-298c-4340-82d9-714a27b2c093	12	110357256	112636753	1072	0.1906
50c5baaa-298c-4340-82d9-714a27b2c093	12	112637206	114820268	1316	0.2465
50c5baaa-298c-4340-82d9-714a27b2c093	12	114820762	115958860	986	0.3057
50c5baaa-298c-4340-82d9-714a27b2c093	12	115961383	125534055	5285	-0.2312
50c5baaa-298c-4340-82d9-714a27b2c093	12	125535180	127707543	1601	-0.1561
50c5baaa-298c-4340-82d9-714a27b2c093	12	128240944	132605822	1552	-0.2457
50c5baaa-298c-4340-82d9-714a27b2c093	13	18874255	22374330	1715	-0.9458
50c5baaa-298c-4340-82d9-714a27b2c093	13	22377428	27330176	2925	-0.5246
50c5baaa-298c-4340-82d9-714a27b2c093	13	27332120	28272494	677	0.064
50c5baaa-298c-4340-82d9-714a27b2c093	13	28276430	31391210	2232	-0.5333
50c5baaa-298c-4340-82d9-714a27b2c093	13	31393566	37008828	3769	-0.4726
50c5baaa-298c-4340-82d9-714a27b2c093	13	37015561	37803676	548	-0.3628
50c5baaa-298c-4340-82d9-714a27b2c093	13	37804227	37804409	2	-1.616
50c5baaa-298c-4340-82d9-714a27b2c093	13	37804748	38606583	517	-0.3884
50c5baaa-298c-4340-82d9-714a27b2c093	13	38606824	38657229	33	-0.5083
50c5baaa-298c-4340-82d9-714a27b2c093	13	38661553	39273151	438	0.1415
50c5baaa-298c-4340-82d9-714a27b2c093	13	39275303	40132708	639	-0.4875
50c5baaa-298c-4340-82d9-714a27b2c093	13	40132854	40893130	519	-0.574
50c5baaa-298c-4340-82d9-714a27b2c093	13	40893753	42076866	659	-0.4663
50c5baaa-298c-4340-82d9-714a27b2c093	13	42082610	42082705	2	-2.2117
50c5baaa-298c-4340-82d9-714a27b2c093	13	42082958	52006012	5513	-0.4659
50c5baaa-298c-4340-82d9-714a27b2c093	13	52006424	52026917	7	-0.8176
50c5baaa-298c-4340-82d9-714a27b2c093	13	52027324	54563454	1314	-0.1508
50c5baaa-298c-4340-82d9-714a27b2c093	13	54904424	55165956	140	0.1612
50c5baaa-298c-4340-82d9-714a27b2c093	13	55173450	59135982	1771	-0.0831
50c5baaa-298c-4340-82d9-714a27b2c093	13	59136549	59359930	208	0.3782
50c5baaa-298c-4340-82d9-714a27b2c093	13	59361466	62658351	1839	-0.1108
50c5baaa-298c-4340-82d9-714a27b2c093	13	62662999	62705824	16	0.4911
50c5baaa-298c-4340-82d9-714a27b2c093	13	62705960	62894979	114	0.1762
50c5baaa-298c-4340-82d9-714a27b2c093	13	62897794	62908458	9	0.5423
50c5baaa-298c-4340-82d9-714a27b2c093	13	62911750	66017778	1253	-0.0903
50c5baaa-298c-4340-82d9-714a27b2c093	13	66018725	70986763	2554	-0.8187
50c5baaa-298c-4340-82d9-714a27b2c093	13	70987988	80723504	6439	-0.8964
50c5baaa-298c-4340-82d9-714a27b2c093	13	80723623	94293787	7940	-0.8303
50c5baaa-298c-4340-82d9-714a27b2c093	13	94295133	95497790	814	-0.9804
50c5baaa-298c-4340-82d9-714a27b2c093	13	95500055	96385370	406	-0.8648
50c5baaa-298c-4340-82d9-714a27b2c093	13	96386912	96387049	2	0.7696
50c5baaa-298c-4340-82d9-714a27b2c093	13	96391325	98108543	1073	-0.8766
50c5baaa-298c-4340-82d9-714a27b2c093	13	98111979	101069350	1939	-0.9625
50c5baaa-298c-4340-82d9-714a27b2c093	13	101069563	108314941	5141	-0.8729
50c5baaa-298c-4340-82d9-714a27b2c093	13	108315063	109275257	754	-0.4912
50c5baaa-298c-4340-82d9-714a27b2c093	13	109276107	109406284	106	-1.09
50c5baaa-298c-4340-82d9-714a27b2c093	13	109412253	114226675	2681	-0.1308
50c5baaa-298c-4340-82d9-714a27b2c093	14	20033191	24593895	1765	0.2495
50c5baaa-298c-4340-82d9-714a27b2c093	14	24597332	26423071	1315	0.3143
50c5baaa-298c-4340-82d9-714a27b2c093	14	26423285	30662921	2218	0.3692
50c5baaa-298c-4340-82d9-714a27b2c093	14	30669172	33726730	2121	0.3108
50c5baaa-298c-4340-82d9-714a27b2c093	14	33730432	36250719	1337	0.2676
50c5baaa-298c-4340-82d9-714a27b2c093	14	36250838	42938215	3683	0.3507
50c5baaa-298c-4340-82d9-714a27b2c093	14	42939557	42945832	8	-0.3776
50c5baaa-298c-4340-82d9-714a27b2c093	14	42947389	49384961	2638	0.3507
50c5baaa-298c-4340-82d9-714a27b2c093	14	49385340	50429221	555	0.2663
50c5baaa-298c-4340-82d9-714a27b2c093	14	50430565	54722365	2899	0.3423
50c5baaa-298c-4340-82d9-714a27b2c093	14	54724785	57147088	1652	0.2806
50c5baaa-298c-4340-82d9-714a27b2c093	14	57147841	63452290	3835	0.3323
50c5baaa-298c-4340-82d9-714a27b2c093	14	63456308	65300615	1203	0.2375
50c5baaa-298c-4340-82d9-714a27b2c093	14	65301053	72704273	4365	0.2784
50c5baaa-298c-4340-82d9-714a27b2c093	14	72705538	78635448	3681	0.2369
50c5baaa-298c-4340-82d9-714a27b2c093	14	78635646	82001341	2191	0.3102
50c5baaa-298c-4340-82d9-714a27b2c093	14	82001849	87540730	3529	0.3633
50c5baaa-298c-4340-82d9-714a27b2c093	14	87545363	89280818	906	0.3043
50c5baaa-298c-4340-82d9-714a27b2c093	14	89286821	95721831	4276	0.2323
50c5baaa-298c-4340-82d9-714a27b2c093	14	95725893	100171898	3149	0.2642
50c5baaa-298c-4340-82d9-714a27b2c093	14	100171953	105533894	2301	0.2043
50c5baaa-298c-4340-82d9-714a27b2c093	15	23437561	23639982	152	-0.5176
50c5baaa-298c-4340-82d9-714a27b2c093	15	23650488	25146942	655	-0.0664
50c5baaa-298c-4340-82d9-714a27b2c093	15	25156872	32972877	2769	-0.5523
50c5baaa-298c-4340-82d9-714a27b2c093	15	32974303	33002081	21	0.7864
50c5baaa-298c-4340-82d9-714a27b2c093	15	33009307	40230870	4861	-0.4935
50c5baaa-298c-4340-82d9-714a27b2c093	15	40234215	46117064	2657	-0.5513
50c5baaa-298c-4340-82d9-714a27b2c093	15	46118345	51288877	3205	-0.4762
50c5baaa-298c-4340-82d9-714a27b2c093	15	51290893	51344257	45	0.6274
50c5baaa-298c-4340-82d9-714a27b2c093	15	51349086	52725273	828	-0.5164
50c5baaa-298c-4340-82d9-714a27b2c093	15	52728650	52773351	29	0.6471
50c5baaa-298c-4340-82d9-714a27b2c093	15	52776180	52781226	12	-0.6136
50c5baaa-298c-4340-82d9-714a27b2c093	15	52789024	52908651	81	0.7359
50c5baaa-298c-4340-82d9-714a27b2c093	15	52908744	55732178	2006	-0.5009
50c5baaa-298c-4340-82d9-714a27b2c093	15	55738460	55800256	39	0.5947
50c5baaa-298c-4340-82d9-714a27b2c093	15	55808553	55936478	88	-0.5145
50c5baaa-298c-4340-82d9-714a27b2c093	15	55954294	55964985	4	0.5784
50c5baaa-298c-4340-82d9-714a27b2c093	15	55967518	57082021	557	-0.469
50c5baaa-298c-4340-82d9-714a27b2c093	15	57090383	57256843	79	0.7213
50c5baaa-298c-4340-82d9-714a27b2c093	15	57257430	60147471	1983	-0.5523
50c5baaa-298c-4340-82d9-714a27b2c093	15	60148158	60229106	68	0.7195
50c5baaa-298c-4340-82d9-714a27b2c093	15	60229524	60331346	85	-0.5377
50c5baaa-298c-4340-82d9-714a27b2c093	15	60334988	60467423	86	0.6961
50c5baaa-298c-4340-82d9-714a27b2c093	15	60474489	60580669	71	-0.5053
50c5baaa-298c-4340-82d9-714a27b2c093	15	60584108	60806445	185	0.703
50c5baaa-298c-4340-82d9-714a27b2c093	15	60810458	60913793	101	-0.5258
50c5baaa-298c-4340-82d9-714a27b2c093	15	60914721	61236136	340	0.7007
50c5baaa-298c-4340-82d9-714a27b2c093	15	61240952	61281909	32	-0.467
50c5baaa-298c-4340-82d9-714a27b2c093	15	61282312	61584365	268	0.6771
50c5baaa-298c-4340-82d9-714a27b2c093	15	61584904	61612835	36	-0.5134
50c5baaa-298c-4340-82d9-714a27b2c093	15	61613626	61630006	14	-0.98
50c5baaa-298c-4340-82d9-714a27b2c093	15	61630657	61719512	66	-0.5515
50c5baaa-298c-4340-82d9-714a27b2c093	15	61720125	61771278	57	0.6601
50c5baaa-298c-4340-82d9-714a27b2c093	15	61772395	61801042	26	-0.638
50c5baaa-298c-4340-82d9-714a27b2c093	15	61801401	61854732	54	0.6939
50c5baaa-298c-4340-82d9-714a27b2c093	15	61854770	62076487	87	0.8455
50c5baaa-298c-4340-82d9-714a27b2c093	15	62080039	62460006	279	0.6394
50c5baaa-298c-4340-82d9-714a27b2c093	15	62460142	62478839	23	-0.507
50c5baaa-298c-4340-82d9-714a27b2c093	15	62480832	62582444	95	0.6112
50c5baaa-298c-4340-82d9-714a27b2c093	15	62584030	62586152	5	-0.6642
50c5baaa-298c-4340-82d9-714a27b2c093	15	62587428	62843779	222	0.6485
50c5baaa-298c-4340-82d9-714a27b2c093	15	62846734	63178168	274	-0.586
50c5baaa-298c-4340-82d9-714a27b2c093	15	63181559	63195570	4	0.7208
50c5baaa-298c-4340-82d9-714a27b2c093	15	63200106	63609108	247	-0.505
50c5baaa-298c-4340-82d9-714a27b2c093	15	63615741	63683470	25	0.7191
50c5baaa-298c-4340-82d9-714a27b2c093	15	63683949	66438947	1401	0.0038
50c5baaa-298c-4340-82d9-714a27b2c093	15	66439152	66485495	20	-0.3774
50c5baaa-298c-4340-82d9-714a27b2c093	15	66485744	86094304	10804	0.0201
50c5baaa-298c-4340-82d9-714a27b2c093	15	86095943	88155384	1511	0.1023
50c5baaa-298c-4340-82d9-714a27b2c093	15	88155442	95160335	4279	0.0284
50c5baaa-298c-4340-82d9-714a27b2c093	15	95162909	97714817	1793	0.0831
50c5baaa-298c-4340-82d9-714a27b2c093	15	97716386	101344124	2018	0.0429
50c5baaa-298c-4340-82d9-714a27b2c093	16	603333	14069809	7943	0.3231
50c5baaa-298c-4340-82d9-714a27b2c093	16	14073157	14261410	114	0.4834
50c5baaa-298c-4340-82d9-714a27b2c093	16	14261908	28257592	5199	0.3207
50c5baaa-298c-4340-82d9-714a27b2c093	16	28257780	28569939	73	0.1961
50c5baaa-298c-4340-82d9-714a27b2c093	16	28574266	31717723	618	0.1098
50c5baaa-298c-4340-82d9-714a27b2c093	16	31719204	51483908	2991	0.2021
50c5baaa-298c-4340-82d9-714a27b2c093	16	51484272	56840360	3961	0.2464
50c5baaa-298c-4340-82d9-714a27b2c093	16	56850330	58803955	1152	0.1832
50c5baaa-298c-4340-82d9-714a27b2c093	16	58805876	59315628	347	0.2768
50c5baaa-298c-4340-82d9-714a27b2c093	16	59316370	63899316	2813	0.3215
50c5baaa-298c-4340-82d9-714a27b2c093	16	63909886	65526392	1154	0.373
50c5baaa-298c-4340-82d9-714a27b2c093	16	65526571	66829044	935	0.277
50c5baaa-298c-4340-82d9-714a27b2c093	16	66829574	68324046	571	0.5118
50c5baaa-298c-4340-82d9-714a27b2c093	16	68325377	69887239	796	0.3885
50c5baaa-298c-4340-82d9-714a27b2c093	16	69890612	72261215	890	0.2101
50c5baaa-298c-4340-82d9-714a27b2c093	16	72262549	72820679	246	0.3421
50c5baaa-298c-4340-82d9-714a27b2c093	16	72821945	75895816	1809	0.2479
50c5baaa-298c-4340-82d9-714a27b2c093	16	75899330	77771724	1514	0.311
50c5baaa-298c-4340-82d9-714a27b2c093	16	77775112	79429768	1484	0.2215
50c5baaa-298c-4340-82d9-714a27b2c093	16	79429984	80983018	1403	0.26
50c5baaa-298c-4340-82d9-714a27b2c093	16	80986788	88459366	5043	0.2108
50c5baaa-298c-4340-82d9-714a27b2c093	16	88459423	88459876	2	1.73
50c5baaa-298c-4340-82d9-714a27b2c093	16	89234014	89317317	36	0.1854
50c5baaa-298c-4340-82d9-714a27b2c093	17	1074619	7011167	2917	-0.3939
50c5baaa-298c-4340-82d9-714a27b2c093	17	7016938	7031942	8	-5.4184
50c5baaa-298c-4340-82d9-714a27b2c093	17	7034313	7582355	225	-0.3679
50c5baaa-298c-4340-82d9-714a27b2c093	17	7596031	7657424	25	-2.9896
50c5baaa-298c-4340-82d9-714a27b2c093	17	7679695	7859319	79	-0.3609
50c5baaa-298c-4340-82d9-714a27b2c093	17	7864170	7922256	24	-2.7437
50c5baaa-298c-4340-82d9-714a27b2c093	17	7926610	13108090	3466	-0.2649
50c5baaa-298c-4340-82d9-714a27b2c093	17	13108639	15877684	807	-0.1571
50c5baaa-298c-4340-82d9-714a27b2c093	17	15881823	36586276	6322	-0.2579
50c5baaa-298c-4340-82d9-714a27b2c093	17	36586320	39706822	1428	-0.3128
50c5baaa-298c-4340-82d9-714a27b2c093	17	39706898	43536226	1779	-0.2553
50c5baaa-298c-4340-82d9-714a27b2c093	17	43536239	48203470	1653	0.5131
50c5baaa-298c-4340-82d9-714a27b2c093	17	48204016	48451576	112	0.6765
50c5baaa-298c-4340-82d9-714a27b2c093	17	48452484	50974490	1269	0.5147
50c5baaa-298c-4340-82d9-714a27b2c093	17	50974812	55286939	2424	0.6274
50c5baaa-298c-4340-82d9-714a27b2c093	17	55287004	69916275	8204	0.5643
50c5baaa-298c-4340-82d9-714a27b2c093	17	69919557	72209608	1786	0.6238
50c5baaa-298c-4340-82d9-714a27b2c093	17	72209650	82959812	4637	0.5059
50c5baaa-298c-4340-82d9-714a27b2c093	18	326691	2357395	707	0.1797
50c5baaa-298c-4340-82d9-714a27b2c093	18	2357548	2463335	62	-0.5425
50c5baaa-298c-4340-82d9-714a27b2c093	18	2465265	7717170	3102	-0.6593
50c5baaa-298c-4340-82d9-714a27b2c093	18	7718822	7808989	46	-0.459
50c5baaa-298c-4340-82d9-714a27b2c093	18	7810302	7861458	39	0.1895
50c5baaa-298c-4340-82d9-714a27b2c093	18	7862683	13412538	3747	-0.5035
50c5baaa-298c-4340-82d9-714a27b2c093	18	13419321	13727349	241	0.0529
50c5baaa-298c-4340-82d9-714a27b2c093	18	13730454	14641845	286	-0.5002
50c5baaa-298c-4340-82d9-714a27b2c093	18	14642857	27509337	3832	0.0237
50c5baaa-298c-4340-82d9-714a27b2c093	18	27516767	27518870	3	-2.7035
50c5baaa-298c-4340-82d9-714a27b2c093	18	27521033	42833088	9285	0.0751
50c5baaa-298c-4340-82d9-714a27b2c093	18	42834928	43004098	116	0.6033
50c5baaa-298c-4340-82d9-714a27b2c093	18	43007061	43123940	75	0.1014
50c5baaa-298c-4340-82d9-714a27b2c093	18	43125577	46031288	1779	0.7974
50c5baaa-298c-4340-82d9-714a27b2c093	18	46034018	52171034	4144	0.7223
50c5baaa-298c-4340-82d9-714a27b2c093	18	52171106	57023578	2987	0.7904
50c5baaa-298c-4340-82d9-714a27b2c093	18	57026300	60036710	2134	0.7167
50c5baaa-298c-4340-82d9-714a27b2c093	18	60038107	62361011	1432	0.8143
50c5baaa-298c-4340-82d9-714a27b2c093	18	62361625	63605477	885	0.7405
50c5baaa-298c-4340-82d9-714a27b2c093	18	63605655	66292193	1308	0.8168
50c5baaa-298c-4340-82d9-714a27b2c093	18	66296065	69071609	1467	0.8858
50c5baaa-298c-4340-82d9-714a27b2c093	18	69071692	74180453	1666	0.8091
50c5baaa-298c-4340-82d9-714a27b2c093	18	74180746	78408749	2973	0.7506
50c5baaa-298c-4340-82d9-714a27b2c093	18	78408940	79062469	368	0.6465
50c5baaa-298c-4340-82d9-714a27b2c093	18	79062789	79349796	136	0.7434
50c5baaa-298c-4340-82d9-714a27b2c093	19	283868	1442713	228	0.3575
50c5baaa-298c-4340-82d9-714a27b2c093	19	1442942	19686345	7438	0.3011
50c5baaa-298c-4340-82d9-714a27b2c093	19	19695589	23872082	1371	0.3641
50c5baaa-298c-4340-82d9-714a27b2c093	19	27749470	30799692	2286	-0.0403
50c5baaa-298c-4340-82d9-714a27b2c093	19	30801911	31924324	802	0.0208
50c5baaa-298c-4340-82d9-714a27b2c093	19	31925833	58370362	11977	-0.0584
50c5baaa-298c-4340-82d9-714a27b2c093	20	472817	6906015	4016	0.0293
50c5baaa-298c-4340-82d9-714a27b2c093	20	6906352	15522188	5292	0.0864
50c5baaa-298c-4340-82d9-714a27b2c093	20	15531709	15531907	2	-1.4305
50c5baaa-298c-4340-82d9-714a27b2c093	20	15533449	17406995	1751	0.0778
50c5baaa-298c-4340-82d9-714a27b2c093	20	17409120	24202356	4888	0.0303
50c5baaa-298c-4340-82d9-714a27b2c093	20	24203167	24240544	41	-0.5368
50c5baaa-298c-4340-82d9-714a27b2c093	20	24242206	26215232	919	0.0252
50c5baaa-298c-4340-82d9-714a27b2c093	20	26215250	39131713	4050	0.3774
50c5baaa-298c-4340-82d9-714a27b2c093	20	39133685	43014507	2727	0.4356
50c5baaa-298c-4340-82d9-714a27b2c093	20	43015052	53876661	7020	0.3912
50c5baaa-298c-4340-82d9-714a27b2c093	20	53879364	55965379	1634	0.4663
50c5baaa-298c-4340-82d9-714a27b2c093	20	55965557	56541941	427	0.3884
50c5baaa-298c-4340-82d9-714a27b2c093	20	56558355	56788386	115	0.246
50c5baaa-298c-4340-82d9-714a27b2c093	20	56789129	56904251	107	0.4279
50c5baaa-298c-4340-82d9-714a27b2c093	20	56906042	56959982	54	0.2608
50c5baaa-298c-4340-82d9-714a27b2c093	20	56960009	56960026	2	-0.6757
50c5baaa-298c-4340-82d9-714a27b2c093	20	56960082	57108940	153	0.3378
50c5baaa-298c-4340-82d9-714a27b2c093	20	57109027	60817888	2825	0.4054
50c5baaa-298c-4340-82d9-714a27b2c093	20	60818034	63588502	1424	0.3556
50c5baaa-298c-4340-82d9-714a27b2c093	21	13974127	15490543	1034	-0.0343
50c5baaa-298c-4340-82d9-714a27b2c093	21	15495830	15547501	28	0.3575
50c5baaa-298c-4340-82d9-714a27b2c093	21	15547588	16119912	227	0.0322
50c5baaa-298c-4340-82d9-714a27b2c093	21	16127920	17031366	591	0.4573
50c5baaa-298c-4340-82d9-714a27b2c093	21	17033968	18111894	649	0.3378
50c5baaa-298c-4340-82d9-714a27b2c093	21	18111937	20428325	1560	0.4175
50c5baaa-298c-4340-82d9-714a27b2c093	21	20428340	23430918	1607	0.0123
50c5baaa-298c-4340-82d9-714a27b2c093	21	23432895	24091661	428	0.3901
50c5baaa-298c-4340-82d9-714a27b2c093	21	24091766	25705283	1132	-0.0213
50c5baaa-298c-4340-82d9-714a27b2c093	21	25706116	26405503	478	-0.1275
50c5baaa-298c-4340-82d9-714a27b2c093	21	26405657	30902227	3064	-0.0301
50c5baaa-298c-4340-82d9-714a27b2c093	21	30907448	32543161	1111	-0.1694
50c5baaa-298c-4340-82d9-714a27b2c093	21	32543873	40709125	5732	-0.1035
50c5baaa-298c-4340-82d9-714a27b2c093	21	40709272	42360792	1329	-0.1534
50c5baaa-298c-4340-82d9-714a27b2c093	21	42366077	42368581	5	-1.0514
50c5baaa-298c-4340-82d9-714a27b2c093	21	42369327	46262057	1553	-0.1684
50c5baaa-298c-4340-82d9-714a27b2c093	22	16934932	23500435	893	0.0518
50c5baaa-298c-4340-82d9-714a27b2c093	22	23507132	23539400	26	-1.1702
50c5baaa-298c-4340-82d9-714a27b2c093	22	23545562	25662655	823	0.0156
50c5baaa-298c-4340-82d9-714a27b2c093	22	25662807	40313699	9599	0.0603
50c5baaa-298c-4340-82d9-714a27b2c093	22	40321447	48002740	4876	0.032
50c5baaa-298c-4340-82d9-714a27b2c093	22	48002810	48940621	821	-0.0466
50c5baaa-298c-4340-82d9-714a27b2c093	X	3236359	9293170	1239	-0.4652
50c5baaa-298c-4340-82d9-714a27b2c093	X	9295869	9745946	362	0.0263
50c5baaa-298c-4340-82d9-714a27b2c093	X	9749606	16628093	3748	-0.4383
50c5baaa-298c-4340-82d9-714a27b2c093	X	16631798	20190353	1402	-0.5046
50c5baaa-298c-4340-82d9-714a27b2c093	X	20190898	36807146	8204	-0.4308
50c5baaa-298c-4340-82d9-714a27b2c093	X	36812420	39221237	972	0.1172
50c5baaa-298c-4340-82d9-714a27b2c093	X	39221829	41017050	990	0.0038
50c5baaa-298c-4340-82d9-714a27b2c093	X	41017773	41387290	183	0.0877
50c5baaa-298c-4340-82d9-714a27b2c093	X	41397226	42515821	489	0.3433
50c5baaa-298c-4340-82d9-714a27b2c093	X	42517762	64414762	6527	0.2178
50c5baaa-298c-4340-82d9-714a27b2c093	X	64415935	67717865	1235	0.3512
50c5baaa-298c-4340-82d9-714a27b2c093	X	67719814	67808380	64	0.6092
50c5baaa-298c-4340-82d9-714a27b2c093	X	67808482	68071240	109	0.375
50c5baaa-298c-4340-82d9-714a27b2c093	X	68072639	68544096	217	0.5907
50c5baaa-298c-4340-82d9-714a27b2c093	X	68544563	74556252	2387	0.3222
50c5baaa-298c-4340-82d9-714a27b2c093	X	74565420	81371678	2345	0.0883
50c5baaa-298c-4340-82d9-714a27b2c093	X	81372175	89236483	3788	0.1379
50c5baaa-298c-4340-82d9-714a27b2c093	X	89236632	92142737	508	0.0197
50c5baaa-298c-4340-82d9-714a27b2c093	X	92148615	102195648	4289	0.1244
50c5baaa-298c-4340-82d9-714a27b2c093	X	102338278	102584480	61	0.6611
50c5baaa-298c-4340-82d9-714a27b2c093	X	102589232	118654409	7436	0.1046
50c5baaa-298c-4340-82d9-714a27b2c093	X	118660357	120303492	820	0.0097
50c5baaa-298c-4340-82d9-714a27b2c093	X	120305947	132103116	5460	0.1034
50c5baaa-298c-4340-82d9-714a27b2c093	X	132103434	132106524	2	2.0556
50c5baaa-298c-4340-82d9-714a27b2c093	X	132110466	132375658	119	0.0865
50c5baaa-298c-4340-82d9-714a27b2c093	X	132376085	132376155	2	-2.1237
50c5baaa-298c-4340-82d9-714a27b2c093	X	132377004	143165965	4540	0.0814
50c5baaa-298c-4340-82d9-714a27b2c093	X	143166523	145723469	1475	0.1501
50c5baaa-298c-4340-82d9-714a27b2c093	X	145724614	154423942	4167	0.0747
50c5baaa-298c-4340-82d9-714a27b2c093	X	154425554	155677414	57	0.4707
