GDC_Aliquot	Chromosome	Start	End	Num_Probes	Segment_Mean
3f50fa02-5bd6-44e2-86db-fec0ea239f53	1	3301765	7095755	2457	0.4768
3f50fa02-5bd6-44e2-86db-fec0ea239f53	1	7096022	7406118	213	0.2368
3f50fa02-5bd6-44e2-86db-fec0ea239f53	1	7407908	7556680	103	0.5584
3f50fa02-5bd6-44e2-86db-fec0ea239f53	1	7556758	9137402	843	0.4994
3f50fa02-5bd6-44e2-86db-fec0ea239f53	1	9140655	11471071	1081	0.4484
3f50fa02-5bd6-44e2-86db-fec0ea239f53	1	11471861	19595253	4453	0.498
3f50fa02-5bd6-44e2-86db-fec0ea239f53	1	19599867	22944939	1924	0.5635
3f50fa02-5bd6-44e2-86db-fec0ea239f53	1	22945011	23071719	60	0.1116
3f50fa02-5bd6-44e2-86db-fec0ea239f53	1	23075189	26598354	1676	0.5411
3f50fa02-5bd6-44e2-86db-fec0ea239f53	1	26598390	29108851	906	0.4778
3f50fa02-5bd6-44e2-86db-fec0ea239f53	1	29110594	47553550	10003	0.5299
3f50fa02-5bd6-44e2-86db-fec0ea239f53	1	47554216	48949530	998	0.5831
3f50fa02-5bd6-44e2-86db-fec0ea239f53	1	48953643	54987420	2972	0.5263
3f50fa02-5bd6-44e2-86db-fec0ea239f53	1	54987718	56499329	1176	0.6119
3f50fa02-5bd6-44e2-86db-fec0ea239f53	1	56500721	58085319	1355	0.5556
3f50fa02-5bd6-44e2-86db-fec0ea239f53	1	58087249	58381264	204	0.596
3f50fa02-5bd6-44e2-86db-fec0ea239f53	1	58381398	58942104	434	0.6566
3f50fa02-5bd6-44e2-86db-fec0ea239f53	1	58942125	64619891	3874	0.5769
3f50fa02-5bd6-44e2-86db-fec0ea239f53	1	64620259	65192108	534	0.5093
3f50fa02-5bd6-44e2-86db-fec0ea239f53	1	65192729	91236028	15873	0.5776
3f50fa02-5bd6-44e2-86db-fec0ea239f53	1	91237177	91352585	72	0.3519
3f50fa02-5bd6-44e2-86db-fec0ea239f53	1	91359019	107693184	9438	0.5624
3f50fa02-5bd6-44e2-86db-fec0ea239f53	1	107693582	112778972	3032	0.3867
3f50fa02-5bd6-44e2-86db-fec0ea239f53	1	112780249	115058564	1288	0.3373
3f50fa02-5bd6-44e2-86db-fec0ea239f53	1	115059313	149907993	3171	0.3985
3f50fa02-5bd6-44e2-86db-fec0ea239f53	1	149909846	161811189	6286	0.3545
3f50fa02-5bd6-44e2-86db-fec0ea239f53	1	161811380	178717112	11415	0.3865
3f50fa02-5bd6-44e2-86db-fec0ea239f53	1	178717162	179470495	548	0.2611
3f50fa02-5bd6-44e2-86db-fec0ea239f53	1	179527644	183678181	2815	0.3902
3f50fa02-5bd6-44e2-86db-fec0ea239f53	1	183679541	189722880	3587	-0.4124
3f50fa02-5bd6-44e2-86db-fec0ea239f53	1	189726696	189745259	17	0.3029
3f50fa02-5bd6-44e2-86db-fec0ea239f53	1	189749745	195851760	3715	-0.3917
3f50fa02-5bd6-44e2-86db-fec0ea239f53	1	195906930	199146204	1749	0.3488
3f50fa02-5bd6-44e2-86db-fec0ea239f53	1	199146749	200701644	1034	-0.4268
3f50fa02-5bd6-44e2-86db-fec0ea239f53	1	200702278	202088366	915	0.3574
3f50fa02-5bd6-44e2-86db-fec0ea239f53	1	202092584	208299167	3932	-0.4129
3f50fa02-5bd6-44e2-86db-fec0ea239f53	1	208299326	208305934	5	-3.0335
3f50fa02-5bd6-44e2-86db-fec0ea239f53	1	208305951	235929546	18070	-0.3991
3f50fa02-5bd6-44e2-86db-fec0ea239f53	1	235930787	242194069	4773	-0.4368
3f50fa02-5bd6-44e2-86db-fec0ea239f53	1	242196839	247650984	2735	-0.3946
3f50fa02-5bd6-44e2-86db-fec0ea239f53	2	480597	687775	186	-1.9213
3f50fa02-5bd6-44e2-86db-fec0ea239f53	2	1912858	14667502	8846	-0.4442
3f50fa02-5bd6-44e2-86db-fec0ea239f53	2	14669153	14687820	16	-5.9351
3f50fa02-5bd6-44e2-86db-fec0ea239f53	2	14688557	14708864	7	-2.559
3f50fa02-5bd6-44e2-86db-fec0ea239f53	2	14710888	14712369	4	-7.5503
3f50fa02-5bd6-44e2-86db-fec0ea239f53	2	14713007	14717073	4	-2.4984
3f50fa02-5bd6-44e2-86db-fec0ea239f53	2	14720648	16182896	971	-0.4317
3f50fa02-5bd6-44e2-86db-fec0ea239f53	2	16184862	16449624	204	-4.2801
3f50fa02-5bd6-44e2-86db-fec0ea239f53	2	16450021	66492371	28771	-0.4417
3f50fa02-5bd6-44e2-86db-fec0ea239f53	2	66496567	66499436	5	-5.9773
3f50fa02-5bd6-44e2-86db-fec0ea239f53	2	66499560	76665855	5986	-0.4278
3f50fa02-5bd6-44e2-86db-fec0ea239f53	2	76667254	83316874	3439	-0.4804
3f50fa02-5bd6-44e2-86db-fec0ea239f53	2	83317232	86878321	1851	-0.4361
3f50fa02-5bd6-44e2-86db-fec0ea239f53	2	86878530	87992262	11	-0.0997
3f50fa02-5bd6-44e2-86db-fec0ea239f53	2	87995713	94774225	452	-0.3674
3f50fa02-5bd6-44e2-86db-fec0ea239f53	2	94785281	94867529	25	-0.1749
3f50fa02-5bd6-44e2-86db-fec0ea239f53	2	94885213	96215650	291	-0.4286
3f50fa02-5bd6-44e2-86db-fec0ea239f53	2	96216240	103751556	3926	-0.5432
3f50fa02-5bd6-44e2-86db-fec0ea239f53	2	103754157	103795898	22	0.1779
3f50fa02-5bd6-44e2-86db-fec0ea239f53	2	103801690	103805968	4	0.8599
3f50fa02-5bd6-44e2-86db-fec0ea239f53	2	103807373	103846054	29	0.1525
3f50fa02-5bd6-44e2-86db-fec0ea239f53	2	103855268	104034459	120	-0.5253
3f50fa02-5bd6-44e2-86db-fec0ea239f53	2	104040125	104059509	12	0.3578
3f50fa02-5bd6-44e2-86db-fec0ea239f53	2	104060594	104952590	557	-0.5301
3f50fa02-5bd6-44e2-86db-fec0ea239f53	2	104957708	104965547	3	0.2907
3f50fa02-5bd6-44e2-86db-fec0ea239f53	2	104965885	104986494	11	-0.3331
3f50fa02-5bd6-44e2-86db-fec0ea239f53	2	104988277	105006285	13	0.2542
3f50fa02-5bd6-44e2-86db-fec0ea239f53	2	105020100	105063084	21	-0.5671
3f50fa02-5bd6-44e2-86db-fec0ea239f53	2	105063220	105123966	34	0.306
3f50fa02-5bd6-44e2-86db-fec0ea239f53	2	105126943	105135523	14	-0.5204
3f50fa02-5bd6-44e2-86db-fec0ea239f53	2	105145105	105206132	54	0.1704
3f50fa02-5bd6-44e2-86db-fec0ea239f53	2	105217790	105290023	55	-0.5414
3f50fa02-5bd6-44e2-86db-fec0ea239f53	2	105292979	105337452	31	0.2373
3f50fa02-5bd6-44e2-86db-fec0ea239f53	2	105340262	105509456	140	-0.4852
3f50fa02-5bd6-44e2-86db-fec0ea239f53	2	105509567	105613729	111	0.2179
3f50fa02-5bd6-44e2-86db-fec0ea239f53	2	105614006	105864989	199	-0.5397
3f50fa02-5bd6-44e2-86db-fec0ea239f53	2	105867134	105879877	16	0.2124
3f50fa02-5bd6-44e2-86db-fec0ea239f53	2	105882203	106709828	490	-0.5309
3f50fa02-5bd6-44e2-86db-fec0ea239f53	2	106712571	113283164	3044	0.2068
3f50fa02-5bd6-44e2-86db-fec0ea239f53	2	113287135	113922657	223	-0.4894
3f50fa02-5bd6-44e2-86db-fec0ea239f53	2	113925559	113938338	8	0.2062
3f50fa02-5bd6-44e2-86db-fec0ea239f53	2	113947752	113956156	9	-0.5172
3f50fa02-5bd6-44e2-86db-fec0ea239f53	2	113963821	113988157	23	0.3286
3f50fa02-5bd6-44e2-86db-fec0ea239f53	2	113994813	114105161	80	-0.5028
3f50fa02-5bd6-44e2-86db-fec0ea239f53	2	114108163	114129906	21	0.2452
3f50fa02-5bd6-44e2-86db-fec0ea239f53	2	114130641	114144283	12	-0.5003
3f50fa02-5bd6-44e2-86db-fec0ea239f53	2	114144707	114324111	109	0.2125
3f50fa02-5bd6-44e2-86db-fec0ea239f53	2	114324624	114443954	62	-0.4914
3f50fa02-5bd6-44e2-86db-fec0ea239f53	2	114452981	114478712	20	0.1635
3f50fa02-5bd6-44e2-86db-fec0ea239f53	2	114483875	114629270	101	-0.5521
3f50fa02-5bd6-44e2-86db-fec0ea239f53	2	114645637	114658503	13	0.2227
3f50fa02-5bd6-44e2-86db-fec0ea239f53	2	114658627	114678097	16	-0.6612
3f50fa02-5bd6-44e2-86db-fec0ea239f53	2	114685498	117812921	1365	0.1635
3f50fa02-5bd6-44e2-86db-fec0ea239f53	2	117817639	120338675	1546	0.1899
3f50fa02-5bd6-44e2-86db-fec0ea239f53	2	120340183	121243743	614	0.2498
3f50fa02-5bd6-44e2-86db-fec0ea239f53	2	121245081	122598839	784	0.1899
3f50fa02-5bd6-44e2-86db-fec0ea239f53	2	122598909	126549257	1572	0.1496
3f50fa02-5bd6-44e2-86db-fec0ea239f53	2	126556923	136550328	5043	0.2015
3f50fa02-5bd6-44e2-86db-fec0ea239f53	2	136550940	161454090	14335	0.1587
3f50fa02-5bd6-44e2-86db-fec0ea239f53	2	161456101	161508893	19	0.5699
3f50fa02-5bd6-44e2-86db-fec0ea239f53	2	161509242	161566131	19	0.2993
3f50fa02-5bd6-44e2-86db-fec0ea239f53	2	161569368	161571600	2	0.8754
3f50fa02-5bd6-44e2-86db-fec0ea239f53	2	161574295	165322847	1970	0.1667
3f50fa02-5bd6-44e2-86db-fec0ea239f53	2	165325292	172156988	4218	0.3101
3f50fa02-5bd6-44e2-86db-fec0ea239f53	2	172163928	174224325	1505	0.3552
3f50fa02-5bd6-44e2-86db-fec0ea239f53	2	174225537	174255803	14	-0.0434
3f50fa02-5bd6-44e2-86db-fec0ea239f53	2	174256431	180213888	3661	0.3672
3f50fa02-5bd6-44e2-86db-fec0ea239f53	2	180218157	226170290	25735	-0.5014
3f50fa02-5bd6-44e2-86db-fec0ea239f53	2	226183055	226431356	126	-1.0231
3f50fa02-5bd6-44e2-86db-fec0ea239f53	2	226435248	226508315	43	-0.4838
3f50fa02-5bd6-44e2-86db-fec0ea239f53	2	226508767	227435030	589	-1.0088
3f50fa02-5bd6-44e2-86db-fec0ea239f53	2	227435536	227568973	67	-0.4748
3f50fa02-5bd6-44e2-86db-fec0ea239f53	2	227569201	236320175	5106	-1.0218
3f50fa02-5bd6-44e2-86db-fec0ea239f53	2	236321341	237662388	940	-0.4954
3f50fa02-5bd6-44e2-86db-fec0ea239f53	2	237662431	237930332	176	-0.2153
3f50fa02-5bd6-44e2-86db-fec0ea239f53	2	237932307	238831833	528	-0.5281
3f50fa02-5bd6-44e2-86db-fec0ea239f53	2	238832942	241537572	1390	-1.0599
3f50fa02-5bd6-44e2-86db-fec0ea239f53	3	2170634	11243858	5372	0.3356
3f50fa02-5bd6-44e2-86db-fec0ea239f53	3	11244534	15674955	2903	0.2997
3f50fa02-5bd6-44e2-86db-fec0ea239f53	3	15676107	18277484	1588	0.3544
3f50fa02-5bd6-44e2-86db-fec0ea239f53	3	18280234	18344306	35	-0.4903
3f50fa02-5bd6-44e2-86db-fec0ea239f53	3	18345258	20728244	1283	-0.2125
3f50fa02-5bd6-44e2-86db-fec0ea239f53	3	20729843	20735868	2	-1.9134
3f50fa02-5bd6-44e2-86db-fec0ea239f53	3	20739051	42833652	13244	-0.1881
3f50fa02-5bd6-44e2-86db-fec0ea239f53	3	42833776	42835583	2	-1.438
3f50fa02-5bd6-44e2-86db-fec0ea239f53	3	42836504	44956290	1082	-0.1962
3f50fa02-5bd6-44e2-86db-fec0ea239f53	3	44958528	44963071	3	-1.2312
3f50fa02-5bd6-44e2-86db-fec0ea239f53	3	44963258	70099039	14851	-0.1891
3f50fa02-5bd6-44e2-86db-fec0ea239f53	3	70099760	76142860	3683	-0.2237
3f50fa02-5bd6-44e2-86db-fec0ea239f53	3	76143004	76994799	497	0.0329
3f50fa02-5bd6-44e2-86db-fec0ea239f53	3	76999257	80707616	2069	-0.0775
3f50fa02-5bd6-44e2-86db-fec0ea239f53	3	80711496	81047851	151	0.2083
3f50fa02-5bd6-44e2-86db-fec0ea239f53	3	81048389	81349379	192	0.3818
3f50fa02-5bd6-44e2-86db-fec0ea239f53	3	81356044	83751647	1202	0.1539
3f50fa02-5bd6-44e2-86db-fec0ea239f53	3	83755290	83999151	93	0.2453
3f50fa02-5bd6-44e2-86db-fec0ea239f53	3	84000156	84237431	90	0.3828
3f50fa02-5bd6-44e2-86db-fec0ea239f53	3	84239730	84537021	132	0.2595
3f50fa02-5bd6-44e2-86db-fec0ea239f53	3	84539215	84865216	169	0.1718
3f50fa02-5bd6-44e2-86db-fec0ea239f53	3	84865308	85171909	193	0.0647
3f50fa02-5bd6-44e2-86db-fec0ea239f53	3	85224056	86221012	456	0.2393
3f50fa02-5bd6-44e2-86db-fec0ea239f53	3	86222430	86295296	36	0.2796
3f50fa02-5bd6-44e2-86db-fec0ea239f53	3	86295990	87124903	419	0.3841
3f50fa02-5bd6-44e2-86db-fec0ea239f53	3	87126148	88148602	440	0.2642
3f50fa02-5bd6-44e2-86db-fec0ea239f53	3	88153460	88948929	428	0.5007
3f50fa02-5bd6-44e2-86db-fec0ea239f53	3	88949421	89126420	89	0.3015
3f50fa02-5bd6-44e2-86db-fec0ea239f53	3	89137139	90064852	490	0.4733
3f50fa02-5bd6-44e2-86db-fec0ea239f53	3	90065865	162360005	37993	0.3133
3f50fa02-5bd6-44e2-86db-fec0ea239f53	3	162361271	162528496	85	0.0599
3f50fa02-5bd6-44e2-86db-fec0ea239f53	3	162528557	167113455	1824	0.2965
3f50fa02-5bd6-44e2-86db-fec0ea239f53	3	167126414	167244161	67	-0.5646
3f50fa02-5bd6-44e2-86db-fec0ea239f53	3	167248038	169601048	1372	0.307
3f50fa02-5bd6-44e2-86db-fec0ea239f53	3	169601612	169810735	113	0.8137
3f50fa02-5bd6-44e2-86db-fec0ea239f53	3	169813299	175360729	3072	0.3209
3f50fa02-5bd6-44e2-86db-fec0ea239f53	3	176041258	176228330	76	0.8084
3f50fa02-5bd6-44e2-86db-fec0ea239f53	3	176231864	179030970	1453	0.3413
3f50fa02-5bd6-44e2-86db-fec0ea239f53	3	179037128	187524740	4525	0.2918
3f50fa02-5bd6-44e2-86db-fec0ea239f53	3	187524819	197812401	5402	0.3244
3f50fa02-5bd6-44e2-86db-fec0ea239f53	4	1059384	2666004	556	-0.0099
3f50fa02-5bd6-44e2-86db-fec0ea239f53	4	2669288	3548890	442	0.2485
3f50fa02-5bd6-44e2-86db-fec0ea239f53	4	3550042	3711279	70	0.0003
3f50fa02-5bd6-44e2-86db-fec0ea239f53	4	3713876	3747009	16	0.2612
3f50fa02-5bd6-44e2-86db-fec0ea239f53	4	3748558	5118178	763	-0.0156
3f50fa02-5bd6-44e2-86db-fec0ea239f53	4	5119229	5758815	531	0.13
3f50fa02-5bd6-44e2-86db-fec0ea239f53	4	5758817	7603747	1318	0.0022
3f50fa02-5bd6-44e2-86db-fec0ea239f53	4	7606197	11177949	1862	0.2473
3f50fa02-5bd6-44e2-86db-fec0ea239f53	4	11180417	13489050	1692	0.4345
3f50fa02-5bd6-44e2-86db-fec0ea239f53	4	13499468	18565285	3638	0.2366
3f50fa02-5bd6-44e2-86db-fec0ea239f53	4	18566716	19426654	565	0.432
3f50fa02-5bd6-44e2-86db-fec0ea239f53	4	19428487	23816454	2745	0.2239
3f50fa02-5bd6-44e2-86db-fec0ea239f53	4	23819105	27900818	2699	0.2703
3f50fa02-5bd6-44e2-86db-fec0ea239f53	4	27900885	29973153	1351	0.2184
3f50fa02-5bd6-44e2-86db-fec0ea239f53	4	29975110	39190007	5607	0.3386
3f50fa02-5bd6-44e2-86db-fec0ea239f53	4	39190468	42410670	1750	0.2296
3f50fa02-5bd6-44e2-86db-fec0ea239f53	4	42412280	44279427	842	0.1611
3f50fa02-5bd6-44e2-86db-fec0ea239f53	4	44281297	51866801	1937	0.223
3f50fa02-5bd6-44e2-86db-fec0ea239f53	4	51867903	57521303	3680	0.1339
3f50fa02-5bd6-44e2-86db-fec0ea239f53	4	57521954	60626202	1816	0.0854
3f50fa02-5bd6-44e2-86db-fec0ea239f53	4	60644977	60853709	115	0.3183
3f50fa02-5bd6-44e2-86db-fec0ea239f53	4	60855942	63647228	1335	0.1631
3f50fa02-5bd6-44e2-86db-fec0ea239f53	4	63655016	65107298	777	0.3484
3f50fa02-5bd6-44e2-86db-fec0ea239f53	4	65108118	65566075	317	0.5326
3f50fa02-5bd6-44e2-86db-fec0ea239f53	4	65566191	66447917	507	0.4226
3f50fa02-5bd6-44e2-86db-fec0ea239f53	4	66450155	67873850	855	0.1066
3f50fa02-5bd6-44e2-86db-fec0ea239f53	4	67874158	67977123	90	0.2615
3f50fa02-5bd6-44e2-86db-fec0ea239f53	4	68119088	68335040	117	0.148
3f50fa02-5bd6-44e2-86db-fec0ea239f53	4	68338682	69544336	82	-0.1344
3f50fa02-5bd6-44e2-86db-fec0ea239f53	4	69545394	69810173	170	0.0345
3f50fa02-5bd6-44e2-86db-fec0ea239f53	4	69812555	71110955	656	-0.1311
3f50fa02-5bd6-44e2-86db-fec0ea239f53	4	71117135	71443929	186	0.0109
3f50fa02-5bd6-44e2-86db-fec0ea239f53	4	71448495	72722657	674	-0.1446
3f50fa02-5bd6-44e2-86db-fec0ea239f53	4	72727920	73192313	301	-0.0212
3f50fa02-5bd6-44e2-86db-fec0ea239f53	4	73193117	74395690	718	-0.1185
3f50fa02-5bd6-44e2-86db-fec0ea239f53	4	74395791	76285216	1156	-0.0167
3f50fa02-5bd6-44e2-86db-fec0ea239f53	4	76286954	82203244	3639	-0.1079
3f50fa02-5bd6-44e2-86db-fec0ea239f53	4	82203639	83195097	519	-0.024
3f50fa02-5bd6-44e2-86db-fec0ea239f53	4	83202938	83229392	25	0.2193
3f50fa02-5bd6-44e2-86db-fec0ea239f53	4	83229939	86515333	2048	0.4419
3f50fa02-5bd6-44e2-86db-fec0ea239f53	4	86522900	86729461	85	0.1866
3f50fa02-5bd6-44e2-86db-fec0ea239f53	4	86737005	87038362	163	0.4244
3f50fa02-5bd6-44e2-86db-fec0ea239f53	4	87039001	87155311	92	-0.4033
3f50fa02-5bd6-44e2-86db-fec0ea239f53	4	87157392	87167031	6	0.1733
3f50fa02-5bd6-44e2-86db-fec0ea239f53	4	87169575	87255885	47	-0.3931
3f50fa02-5bd6-44e2-86db-fec0ea239f53	4	87259479	88208332	648	0.2122
3f50fa02-5bd6-44e2-86db-fec0ea239f53	4	88214958	88216166	4	-0.3806
3f50fa02-5bd6-44e2-86db-fec0ea239f53	4	88218240	88243096	22	0.2645
3f50fa02-5bd6-44e2-86db-fec0ea239f53	4	88245384	88262993	12	0.6262
3f50fa02-5bd6-44e2-86db-fec0ea239f53	4	88264135	89007692	367	0.2014
3f50fa02-5bd6-44e2-86db-fec0ea239f53	4	89008983	89064016	42	-0.3505
3f50fa02-5bd6-44e2-86db-fec0ea239f53	4	89069751	89082575	47	0.1426
3f50fa02-5bd6-44e2-86db-fec0ea239f53	4	89083780	89116902	20	-0.3835
3f50fa02-5bd6-44e2-86db-fec0ea239f53	4	89121281	89162206	31	0.4382
3f50fa02-5bd6-44e2-86db-fec0ea239f53	4	89167166	89168559	4	-0.2729
3f50fa02-5bd6-44e2-86db-fec0ea239f53	4	89170396	89258068	68	0.4067
3f50fa02-5bd6-44e2-86db-fec0ea239f53	4	89259066	89520091	165	-0.372
3f50fa02-5bd6-44e2-86db-fec0ea239f53	4	89520293	89534577	8	0.1691
3f50fa02-5bd6-44e2-86db-fec0ea239f53	4	89537931	89541116	6	-0.3768
3f50fa02-5bd6-44e2-86db-fec0ea239f53	4	89549046	89586636	28	0.1333
3f50fa02-5bd6-44e2-86db-fec0ea239f53	4	89587189	89646687	27	-0.3186
3f50fa02-5bd6-44e2-86db-fec0ea239f53	4	89654848	89899642	154	0.437
3f50fa02-5bd6-44e2-86db-fec0ea239f53	4	89900185	89904384	4	0.1332
3f50fa02-5bd6-44e2-86db-fec0ea239f53	4	89906807	89915976	9	-0.3349
3f50fa02-5bd6-44e2-86db-fec0ea239f53	4	89916793	94651867	2336	0.2053
3f50fa02-5bd6-44e2-86db-fec0ea239f53	4	94657327	94662459	7	-0.4247
3f50fa02-5bd6-44e2-86db-fec0ea239f53	4	94667298	94728507	22	0.1598
3f50fa02-5bd6-44e2-86db-fec0ea239f53	4	94729820	94811232	46	-0.3395
3f50fa02-5bd6-44e2-86db-fec0ea239f53	4	94813876	94879349	42	0.1878
3f50fa02-5bd6-44e2-86db-fec0ea239f53	4	94880993	95169684	187	-0.4073
3f50fa02-5bd6-44e2-86db-fec0ea239f53	4	95171478	95184256	8	0.3375
3f50fa02-5bd6-44e2-86db-fec0ea239f53	4	95184690	95201464	10	0.0653
3f50fa02-5bd6-44e2-86db-fec0ea239f53	4	95202110	95229438	31	-0.3019
3f50fa02-5bd6-44e2-86db-fec0ea239f53	4	95236936	95268510	22	0.4514
3f50fa02-5bd6-44e2-86db-fec0ea239f53	4	95269653	95289174	29	-0.3857
3f50fa02-5bd6-44e2-86db-fec0ea239f53	4	95292670	95526841	214	0.2216
3f50fa02-5bd6-44e2-86db-fec0ea239f53	4	95535399	95562612	27	-0.4595
3f50fa02-5bd6-44e2-86db-fec0ea239f53	4	95564783	95609773	28	0.2297
3f50fa02-5bd6-44e2-86db-fec0ea239f53	4	95611774	95725690	94	-0.3917
3f50fa02-5bd6-44e2-86db-fec0ea239f53	4	95736973	95800397	35	0.4224
3f50fa02-5bd6-44e2-86db-fec0ea239f53	4	95801402	96305101	296	-0.3583
3f50fa02-5bd6-44e2-86db-fec0ea239f53	4	96310727	97609232	707	0.2067
3f50fa02-5bd6-44e2-86db-fec0ea239f53	4	97610524	97632861	8	-0.4112
3f50fa02-5bd6-44e2-86db-fec0ea239f53	4	97639622	97812948	74	0.1984
3f50fa02-5bd6-44e2-86db-fec0ea239f53	4	97815864	102066081	2389	-0.3787
3f50fa02-5bd6-44e2-86db-fec0ea239f53	4	102069112	102423936	225	0.2192
3f50fa02-5bd6-44e2-86db-fec0ea239f53	4	102426392	102439673	15	-0.3132
3f50fa02-5bd6-44e2-86db-fec0ea239f53	4	102444375	102595580	78	0.1919
3f50fa02-5bd6-44e2-86db-fec0ea239f53	4	102597148	102832472	128	-0.383
3f50fa02-5bd6-44e2-86db-fec0ea239f53	4	102835415	102889615	22	0.2169
3f50fa02-5bd6-44e2-86db-fec0ea239f53	4	102895956	106952649	2167	-0.3686
3f50fa02-5bd6-44e2-86db-fec0ea239f53	4	106958305	107086751	91	0.2069
3f50fa02-5bd6-44e2-86db-fec0ea239f53	4	107088259	107129064	20	0.639
3f50fa02-5bd6-44e2-86db-fec0ea239f53	4	107157215	112887127	3292	0.1906
3f50fa02-5bd6-44e2-86db-fec0ea239f53	4	112889417	114445189	1051	0.2479
3f50fa02-5bd6-44e2-86db-fec0ea239f53	4	114445336	130437280	8735	0.1955
3f50fa02-5bd6-44e2-86db-fec0ea239f53	4	130452271	130639981	123	-0.3923
3f50fa02-5bd6-44e2-86db-fec0ea239f53	4	130645698	136008259	2263	0.1717
3f50fa02-5bd6-44e2-86db-fec0ea239f53	4	136012193	138120786	1212	0.2222
3f50fa02-5bd6-44e2-86db-fec0ea239f53	4	138122091	142987465	3159	0.1718
3f50fa02-5bd6-44e2-86db-fec0ea239f53	4	142990031	143044517	24	-0.4901
3f50fa02-5bd6-44e2-86db-fec0ea239f53	4	143046365	174298764	17245	0.1932
3f50fa02-5bd6-44e2-86db-fec0ea239f53	4	174308132	187842528	6766	-0.7013
3f50fa02-5bd6-44e2-86db-fec0ea239f53	5	913983	1349896	77	0.3047
3f50fa02-5bd6-44e2-86db-fec0ea239f53	5	1350479	7574648	4701	0.3321
3f50fa02-5bd6-44e2-86db-fec0ea239f53	5	7576796	16790799	5735	0.375
3f50fa02-5bd6-44e2-86db-fec0ea239f53	5	16792788	17183945	209	0.3326
3f50fa02-5bd6-44e2-86db-fec0ea239f53	5	17185307	17458365	173	0.1144
3f50fa02-5bd6-44e2-86db-fec0ea239f53	5	17462220	18464745	457	0.5458
3f50fa02-5bd6-44e2-86db-fec0ea239f53	5	18464880	19375193	441	0.8565
3f50fa02-5bd6-44e2-86db-fec0ea239f53	5	19382815	21219216	843	1.0252
3f50fa02-5bd6-44e2-86db-fec0ea239f53	5	21219447	21270524	37	0.8008
3f50fa02-5bd6-44e2-86db-fec0ea239f53	5	21270650	21359380	45	0.5639
3f50fa02-5bd6-44e2-86db-fec0ea239f53	5	21361673	21929015	257	0.817
3f50fa02-5bd6-44e2-86db-fec0ea239f53	5	21929812	22201512	108	0.6658
3f50fa02-5bd6-44e2-86db-fec0ea239f53	5	22208699	22390243	76	0.8415
3f50fa02-5bd6-44e2-86db-fec0ea239f53	5	22392998	26761539	2393	0.502
3f50fa02-5bd6-44e2-86db-fec0ea239f53	5	26762183	45354697	10563	0.5429
3f50fa02-5bd6-44e2-86db-fec0ea239f53	5	45355445	57199805	3990	0.3634
3f50fa02-5bd6-44e2-86db-fec0ea239f53	5	57205198	58882719	1135	0.5482
3f50fa02-5bd6-44e2-86db-fec0ea239f53	5	58892759	64503892	2884	0.3754
3f50fa02-5bd6-44e2-86db-fec0ea239f53	5	64509456	69448492	3178	0.5605
3f50fa02-5bd6-44e2-86db-fec0ea239f53	5	71364924	74473350	2087	0.1703
3f50fa02-5bd6-44e2-86db-fec0ea239f53	5	74480721	77618319	1840	0.1059
3f50fa02-5bd6-44e2-86db-fec0ea239f53	5	77621174	128783808	28016	0.154
3f50fa02-5bd6-44e2-86db-fec0ea239f53	5	128787777	135013013	3491	0.1218
3f50fa02-5bd6-44e2-86db-fec0ea239f53	5	135015780	138606642	2313	0.1642
3f50fa02-5bd6-44e2-86db-fec0ea239f53	5	138606917	138678560	37	-0.192
3f50fa02-5bd6-44e2-86db-fec0ea239f53	5	138685209	144197420	3036	0.1583
3f50fa02-5bd6-44e2-86db-fec0ea239f53	5	144197743	148966697	3027	0.0967
3f50fa02-5bd6-44e2-86db-fec0ea239f53	5	148970980	152199363	2198	0.147
3f50fa02-5bd6-44e2-86db-fec0ea239f53	5	152203251	152203849	4	-0.9619
3f50fa02-5bd6-44e2-86db-fec0ea239f53	5	152205566	162444600	6618	0.1339
3f50fa02-5bd6-44e2-86db-fec0ea239f53	5	162445220	165181253	1632	0.0964
3f50fa02-5bd6-44e2-86db-fec0ea239f53	5	165185107	165186751	4	-0.7015
3f50fa02-5bd6-44e2-86db-fec0ea239f53	5	165188738	170795541	4103	0.1128
3f50fa02-5bd6-44e2-86db-fec0ea239f53	5	170795919	170968361	86	-0.4841
3f50fa02-5bd6-44e2-86db-fec0ea239f53	5	170970798	173066441	1130	0.1342
3f50fa02-5bd6-44e2-86db-fec0ea239f53	5	173070863	180934240	4157	-0.9044
3f50fa02-5bd6-44e2-86db-fec0ea239f53	6	1011760	1558405	471	-0.0753
3f50fa02-5bd6-44e2-86db-fec0ea239f53	6	1558638	1641091	65	0.4637
3f50fa02-5bd6-44e2-86db-fec0ea239f53	6	1645319	1708568	53	-0.0043
3f50fa02-5bd6-44e2-86db-fec0ea239f53	6	1708622	2219494	330	0.4024
3f50fa02-5bd6-44e2-86db-fec0ea239f53	6	2220286	2292373	41	0.1706
3f50fa02-5bd6-44e2-86db-fec0ea239f53	6	2292786	4538602	1526	0.4012
3f50fa02-5bd6-44e2-86db-fec0ea239f53	6	4540199	4725875	160	0.6825
3f50fa02-5bd6-44e2-86db-fec0ea239f53	6	4725974	5468616	541	0.8098
3f50fa02-5bd6-44e2-86db-fec0ea239f53	6	5469600	5997282	364	0.7013
3f50fa02-5bd6-44e2-86db-fec0ea239f53	6	6001484	6522019	489	0.8079
3f50fa02-5bd6-44e2-86db-fec0ea239f53	6	6523077	7144822	520	1.0207
3f50fa02-5bd6-44e2-86db-fec0ea239f53	6	7147131	7471395	151	0.4628
3f50fa02-5bd6-44e2-86db-fec0ea239f53	6	7471689	7685093	220	0.8342
3f50fa02-5bd6-44e2-86db-fec0ea239f53	6	7685210	8155929	386	0.9804
3f50fa02-5bd6-44e2-86db-fec0ea239f53	6	8155950	8184772	17	0.7732
3f50fa02-5bd6-44e2-86db-fec0ea239f53	6	8187638	8525004	230	0.4764
3f50fa02-5bd6-44e2-86db-fec0ea239f53	6	8530345	8555060	35	0.7968
3f50fa02-5bd6-44e2-86db-fec0ea239f53	6	8560434	8571481	14	0.5141
3f50fa02-5bd6-44e2-86db-fec0ea239f53	6	8571553	8973858	274	0.2676
3f50fa02-5bd6-44e2-86db-fec0ea239f53	6	8974756	9328863	181	0.4873
3f50fa02-5bd6-44e2-86db-fec0ea239f53	6	9329763	9699809	277	0.9506
3f50fa02-5bd6-44e2-86db-fec0ea239f53	6	9700352	10408422	530	0.5645
3f50fa02-5bd6-44e2-86db-fec0ea239f53	6	10418337	11258067	372	-0.1016
3f50fa02-5bd6-44e2-86db-fec0ea239f53	6	11259420	17932010	4697	-0.234
3f50fa02-5bd6-44e2-86db-fec0ea239f53	6	17935097	22624588	3414	-0.0604
3f50fa02-5bd6-44e2-86db-fec0ea239f53	6	22624848	23188728	398	0.0638
3f50fa02-5bd6-44e2-86db-fec0ea239f53	6	23188860	33619949	3981	0.1477
3f50fa02-5bd6-44e2-86db-fec0ea239f53	6	33622694	34115682	349	0.3487
3f50fa02-5bd6-44e2-86db-fec0ea239f53	6	34115787	35313632	514	0.77
3f50fa02-5bd6-44e2-86db-fec0ea239f53	6	35313667	35347550	7	0.6087
3f50fa02-5bd6-44e2-86db-fec0ea239f53	6	35353927	35485227	80	0.3401
3f50fa02-5bd6-44e2-86db-fec0ea239f53	6	35488167	35508785	11	0.5442
3f50fa02-5bd6-44e2-86db-fec0ea239f53	6	35509375	35784118	98	0.7945
3f50fa02-5bd6-44e2-86db-fec0ea239f53	6	35801944	38092684	1448	0.5227
3f50fa02-5bd6-44e2-86db-fec0ea239f53	6	38093103	39738964	1200	0.682
3f50fa02-5bd6-44e2-86db-fec0ea239f53	6	39747499	40323535	432	1.0364
3f50fa02-5bd6-44e2-86db-fec0ea239f53	6	40324430	40780706	438	0.6774
3f50fa02-5bd6-44e2-86db-fec0ea239f53	6	40781332	41006280	159	0.9875
3f50fa02-5bd6-44e2-86db-fec0ea239f53	6	41011955	41415635	263	0.701
3f50fa02-5bd6-44e2-86db-fec0ea239f53	6	41418894	41521637	62	1.2038
3f50fa02-5bd6-44e2-86db-fec0ea239f53	6	41522314	43224713	924	1.1056
3f50fa02-5bd6-44e2-86db-fec0ea239f53	6	43226139	43863058	321	0.9444
3f50fa02-5bd6-44e2-86db-fec0ea239f53	6	43868128	45584111	941	1.0974
3f50fa02-5bd6-44e2-86db-fec0ea239f53	6	45588016	45710329	80	0.6891
3f50fa02-5bd6-44e2-86db-fec0ea239f53	6	45715019	46690943	596	1.1015
3f50fa02-5bd6-44e2-86db-fec0ea239f53	6	46695457	48344616	1105	1.2116
3f50fa02-5bd6-44e2-86db-fec0ea239f53	6	48346201	50076408	858	0.2217
3f50fa02-5bd6-44e2-86db-fec0ea239f53	6	50077039	52240517	1341	0.011
3f50fa02-5bd6-44e2-86db-fec0ea239f53	6	52243042	52243264	2	1.3677
3f50fa02-5bd6-44e2-86db-fec0ea239f53	6	52243649	52827968	365	0.8835
3f50fa02-5bd6-44e2-86db-fec0ea239f53	6	52832063	53634377	552	0.7517
3f50fa02-5bd6-44e2-86db-fec0ea239f53	6	53639263	53892501	209	0.908
3f50fa02-5bd6-44e2-86db-fec0ea239f53	6	53895951	54762333	586	1.4195
3f50fa02-5bd6-44e2-86db-fec0ea239f53	6	54766383	54857215	61	1.1878
3f50fa02-5bd6-44e2-86db-fec0ea239f53	6	54860144	56633959	1085	0.1129
3f50fa02-5bd6-44e2-86db-fec0ea239f53	6	56641736	56684514	25	1.2776
3f50fa02-5bd6-44e2-86db-fec0ea239f53	6	56687838	61530738	291	0.0514
3f50fa02-5bd6-44e2-86db-fec0ea239f53	6	61596503	68450368	3656	-0.3008
3f50fa02-5bd6-44e2-86db-fec0ea239f53	6	68466884	76173799	4506	-0.3987
3f50fa02-5bd6-44e2-86db-fec0ea239f53	6	76174204	76759379	312	-0.2002
3f50fa02-5bd6-44e2-86db-fec0ea239f53	6	76760534	80618260	2025	-0.4066
3f50fa02-5bd6-44e2-86db-fec0ea239f53	6	80622583	80731454	76	0.2258
3f50fa02-5bd6-44e2-86db-fec0ea239f53	6	80731528	82227624	856	0.1404
3f50fa02-5bd6-44e2-86db-fec0ea239f53	6	82230554	82434552	92	0.3114
3f50fa02-5bd6-44e2-86db-fec0ea239f53	6	82434571	82800459	219	0.1083
3f50fa02-5bd6-44e2-86db-fec0ea239f53	6	82802828	82983481	88	0.2841
3f50fa02-5bd6-44e2-86db-fec0ea239f53	6	82985302	82988490	5	-0.1702
3f50fa02-5bd6-44e2-86db-fec0ea239f53	6	82994036	83272632	156	0.2545
3f50fa02-5bd6-44e2-86db-fec0ea239f53	6	83283469	85755884	1511	0.0088
3f50fa02-5bd6-44e2-86db-fec0ea239f53	6	85757821	87265876	729	-0.1344
3f50fa02-5bd6-44e2-86db-fec0ea239f53	6	87269072	87505835	158	0.0649
3f50fa02-5bd6-44e2-86db-fec0ea239f53	6	87510482	89336685	1127	-0.1407
3f50fa02-5bd6-44e2-86db-fec0ea239f53	6	89339093	89538638	129	-0.0019
3f50fa02-5bd6-44e2-86db-fec0ea239f53	6	89539505	90333994	491	-0.1214
3f50fa02-5bd6-44e2-86db-fec0ea239f53	6	90336839	90384723	30	0.0699
3f50fa02-5bd6-44e2-86db-fec0ea239f53	6	90388892	90451979	65	0.0927
3f50fa02-5bd6-44e2-86db-fec0ea239f53	6	90455424	91163151	532	0.3256
3f50fa02-5bd6-44e2-86db-fec0ea239f53	6	91164486	91985208	394	0.1226
3f50fa02-5bd6-44e2-86db-fec0ea239f53	6	91989840	92756331	456	0.2766
3f50fa02-5bd6-44e2-86db-fec0ea239f53	6	92760167	95386776	758	0.1131
3f50fa02-5bd6-44e2-86db-fec0ea239f53	6	95388284	95740036	194	-0.2418
3f50fa02-5bd6-44e2-86db-fec0ea239f53	6	95742177	100093694	2663	0.031
3f50fa02-5bd6-44e2-86db-fec0ea239f53	6	100099920	101206164	558	-0.281
3f50fa02-5bd6-44e2-86db-fec0ea239f53	6	101206330	101341710	82	-0.0016
3f50fa02-5bd6-44e2-86db-fec0ea239f53	6	101346135	102401461	609	-0.1771
3f50fa02-5bd6-44e2-86db-fec0ea239f53	6	102401531	102631362	110	0.207
3f50fa02-5bd6-44e2-86db-fec0ea239f53	6	102631392	102930485	179	-0.2772
3f50fa02-5bd6-44e2-86db-fec0ea239f53	6	102934761	103477462	287	-0.0163
3f50fa02-5bd6-44e2-86db-fec0ea239f53	6	103510929	104162648	336	0.1262
3f50fa02-5bd6-44e2-86db-fec0ea239f53	6	104175103	104957669	467	0.0218
3f50fa02-5bd6-44e2-86db-fec0ea239f53	6	104959036	108072309	2000	0.2797
3f50fa02-5bd6-44e2-86db-fec0ea239f53	6	108075759	108927399	467	0.1665
3f50fa02-5bd6-44e2-86db-fec0ea239f53	6	108931038	109065632	65	0.4071
3f50fa02-5bd6-44e2-86db-fec0ea239f53	6	109066527	109268704	109	0.2762
3f50fa02-5bd6-44e2-86db-fec0ea239f53	6	109269522	110173257	594	0.4038
3f50fa02-5bd6-44e2-86db-fec0ea239f53	6	110181628	110966817	447	0.5009
3f50fa02-5bd6-44e2-86db-fec0ea239f53	6	110967329	111528800	306	0.4162
3f50fa02-5bd6-44e2-86db-fec0ea239f53	6	111528969	111694538	106	0.1346
3f50fa02-5bd6-44e2-86db-fec0ea239f53	6	111695058	111749875	50	0.3199
3f50fa02-5bd6-44e2-86db-fec0ea239f53	6	111751127	111817091	39	0.1696
3f50fa02-5bd6-44e2-86db-fec0ea239f53	6	111817503	113125136	846	0.3489
3f50fa02-5bd6-44e2-86db-fec0ea239f53	6	113126333	114527878	909	0.4061
3f50fa02-5bd6-44e2-86db-fec0ea239f53	6	114529648	115957214	708	0.3403
3f50fa02-5bd6-44e2-86db-fec0ea239f53	6	115957604	116433681	256	0.285
3f50fa02-5bd6-44e2-86db-fec0ea239f53	6	116439827	116994846	338	0.1863
3f50fa02-5bd6-44e2-86db-fec0ea239f53	6	116996060	121161534	2058	0.3945
3f50fa02-5bd6-44e2-86db-fec0ea239f53	6	121162397	121162476	2	-0.653
3f50fa02-5bd6-44e2-86db-fec0ea239f53	6	121178434	121659486	224	0.3737
3f50fa02-5bd6-44e2-86db-fec0ea239f53	6	121660295	126131904	2680	0.2476
3f50fa02-5bd6-44e2-86db-fec0ea239f53	6	126132631	128784551	1433	0.1981
3f50fa02-5bd6-44e2-86db-fec0ea239f53	6	128784840	130496869	1214	0.1494
3f50fa02-5bd6-44e2-86db-fec0ea239f53	6	130500814	130640986	93	-0.055
3f50fa02-5bd6-44e2-86db-fec0ea239f53	6	130641134	130693419	43	0.0965
3f50fa02-5bd6-44e2-86db-fec0ea239f53	6	130693480	130758985	52	0.2533
3f50fa02-5bd6-44e2-86db-fec0ea239f53	6	130760107	131307945	363	0.0775
3f50fa02-5bd6-44e2-86db-fec0ea239f53	6	131319249	132578392	777	0.3058
3f50fa02-5bd6-44e2-86db-fec0ea239f53	6	132578526	132578596	2	1.3125
3f50fa02-5bd6-44e2-86db-fec0ea239f53	6	132579552	133405604	626	0.2917
3f50fa02-5bd6-44e2-86db-fec0ea239f53	6	133406111	133420328	14	-0.076
3f50fa02-5bd6-44e2-86db-fec0ea239f53	6	133427620	133980453	360	0.1838
3f50fa02-5bd6-44e2-86db-fec0ea239f53	6	133983798	134289113	193	0.0677
3f50fa02-5bd6-44e2-86db-fec0ea239f53	6	134290717	138753143	3007	0.2493
3f50fa02-5bd6-44e2-86db-fec0ea239f53	6	138754204	139449505	423	0.3406
3f50fa02-5bd6-44e2-86db-fec0ea239f53	6	139450758	140982342	595	0.2534
3f50fa02-5bd6-44e2-86db-fec0ea239f53	6	140982583	144598058	2166	0.3438
3f50fa02-5bd6-44e2-86db-fec0ea239f53	6	144598074	146416476	1075	0.2804
3f50fa02-5bd6-44e2-86db-fec0ea239f53	6	146418698	148155029	1220	0.3667
3f50fa02-5bd6-44e2-86db-fec0ea239f53	6	148155450	149157134	728	0.3004
3f50fa02-5bd6-44e2-86db-fec0ea239f53	6	149157779	153333779	2926	0.226
3f50fa02-5bd6-44e2-86db-fec0ea239f53	6	153334048	153387074	40	-0.0339
3f50fa02-5bd6-44e2-86db-fec0ea239f53	6	153387871	155250550	1229	0.185
3f50fa02-5bd6-44e2-86db-fec0ea239f53	6	155254733	155708510	326	0.3387
3f50fa02-5bd6-44e2-86db-fec0ea239f53	6	155710217	156538222	599	0.2674
3f50fa02-5bd6-44e2-86db-fec0ea239f53	6	156544437	158292756	953	0.3392
3f50fa02-5bd6-44e2-86db-fec0ea239f53	6	158292791	159294293	614	0.0682
3f50fa02-5bd6-44e2-86db-fec0ea239f53	6	159295178	160255376	659	0.2262
3f50fa02-5bd6-44e2-86db-fec0ea239f53	6	160255720	160692339	322	0.0917
3f50fa02-5bd6-44e2-86db-fec0ea239f53	6	160693759	160697545	3	0.9309
3f50fa02-5bd6-44e2-86db-fec0ea239f53	6	160697652	162182254	1041	0.2343
3f50fa02-5bd6-44e2-86db-fec0ea239f53	6	162182286	163435750	556	0.1133
3f50fa02-5bd6-44e2-86db-fec0ea239f53	6	163437956	165488680	1237	0.0386
3f50fa02-5bd6-44e2-86db-fec0ea239f53	6	165498582	165785178	235	0.2212
3f50fa02-5bd6-44e2-86db-fec0ea239f53	6	165785450	166302200	374	0.0197
3f50fa02-5bd6-44e2-86db-fec0ea239f53	6	166302425	169767522	1226	0.1689
3f50fa02-5bd6-44e2-86db-fec0ea239f53	6	170238867	170263653	11	-0.2841
3f50fa02-5bd6-44e2-86db-fec0ea239f53	6	170263910	170596889	209	0.1691
3f50fa02-5bd6-44e2-86db-fec0ea239f53	7	664936	16169091	7909	0.1618
3f50fa02-5bd6-44e2-86db-fec0ea239f53	7	16172191	16411128	143	-0.4936
3f50fa02-5bd6-44e2-86db-fec0ea239f53	7	16411160	20159983	1551	0.1369
3f50fa02-5bd6-44e2-86db-fec0ea239f53	7	20160212	20195347	28	0.4354
3f50fa02-5bd6-44e2-86db-fec0ea239f53	7	20196513	20464342	207	0.1493
3f50fa02-5bd6-44e2-86db-fec0ea239f53	7	20466200	22125803	1203	0.0996
3f50fa02-5bd6-44e2-86db-fec0ea239f53	7	22126230	23885829	1191	0.1638
3f50fa02-5bd6-44e2-86db-fec0ea239f53	7	23888074	24809058	763	0.2401
3f50fa02-5bd6-44e2-86db-fec0ea239f53	7	24809210	25900827	876	0.3483
3f50fa02-5bd6-44e2-86db-fec0ea239f53	7	25900960	26443506	255	0.1873
3f50fa02-5bd6-44e2-86db-fec0ea239f53	7	26444020	28233696	1174	0.2688
3f50fa02-5bd6-44e2-86db-fec0ea239f53	7	28235019	29073407	675	0.4798
3f50fa02-5bd6-44e2-86db-fec0ea239f53	7	29075310	31417607	1238	0.2567
3f50fa02-5bd6-44e2-86db-fec0ea239f53	7	31421296	31626288	188	0.1194
3f50fa02-5bd6-44e2-86db-fec0ea239f53	7	31631933	31890064	201	0.2525
3f50fa02-5bd6-44e2-86db-fec0ea239f53	7	31890503	33918283	1266	0.3525
3f50fa02-5bd6-44e2-86db-fec0ea239f53	7	33918867	36003210	1299	0.2538
3f50fa02-5bd6-44e2-86db-fec0ea239f53	7	36005600	37215202	959	0.3633
3f50fa02-5bd6-44e2-86db-fec0ea239f53	7	37216029	55600100	12007	0.2426
3f50fa02-5bd6-44e2-86db-fec0ea239f53	7	55600292	56605576	388	0.1508
3f50fa02-5bd6-44e2-86db-fec0ea239f53	7	56609132	69065727	2134	0.2428
3f50fa02-5bd6-44e2-86db-fec0ea239f53	7	69065806	72889156	2017	0.288
3f50fa02-5bd6-44e2-86db-fec0ea239f53	7	72897281	75924798	729	0.2142
3f50fa02-5bd6-44e2-86db-fec0ea239f53	7	75929245	96562511	10846	0.3145
3f50fa02-5bd6-44e2-86db-fec0ea239f53	7	96562593	102891778	2592	0.2507
3f50fa02-5bd6-44e2-86db-fec0ea239f53	7	102892005	107885748	2995	0.3064
3f50fa02-5bd6-44e2-86db-fec0ea239f53	7	107887657	116289853	4187	0.1876
3f50fa02-5bd6-44e2-86db-fec0ea239f53	7	116289878	116556297	147	0.2376
3f50fa02-5bd6-44e2-86db-fec0ea239f53	7	116557947	119100233	1491	0.3113
3f50fa02-5bd6-44e2-86db-fec0ea239f53	7	119102777	119610500	229	0.4291
3f50fa02-5bd6-44e2-86db-fec0ea239f53	7	119611971	121169922	788	0.3191
3f50fa02-5bd6-44e2-86db-fec0ea239f53	7	121171285	122175213	665	0.2304
3f50fa02-5bd6-44e2-86db-fec0ea239f53	7	122178932	122387571	110	0.3817
3f50fa02-5bd6-44e2-86db-fec0ea239f53	7	122395050	123360490	559	0.2078
3f50fa02-5bd6-44e2-86db-fec0ea239f53	7	123366229	124515265	676	0.317
3f50fa02-5bd6-44e2-86db-fec0ea239f53	7	124515805	125565111	536	0.1703
3f50fa02-5bd6-44e2-86db-fec0ea239f53	7	125572908	125663505	70	0.3166
3f50fa02-5bd6-44e2-86db-fec0ea239f53	7	125664220	125710643	17	0.1087
3f50fa02-5bd6-44e2-86db-fec0ea239f53	7	125715156	125780801	64	0.3344
3f50fa02-5bd6-44e2-86db-fec0ea239f53	7	125784990	126024541	46	0.1711
3f50fa02-5bd6-44e2-86db-fec0ea239f53	7	126024840	126099791	65	0.4562
3f50fa02-5bd6-44e2-86db-fec0ea239f53	7	126132387	126526778	233	0.2103
3f50fa02-5bd6-44e2-86db-fec0ea239f53	7	126532467	126604276	51	0.1065
3f50fa02-5bd6-44e2-86db-fec0ea239f53	7	126655865	128328398	1018	0.1947
3f50fa02-5bd6-44e2-86db-fec0ea239f53	7	128328796	132149609	1828	0.0768
3f50fa02-5bd6-44e2-86db-fec0ea239f53	7	132150099	132596990	352	0.3022
3f50fa02-5bd6-44e2-86db-fec0ea239f53	7	132602252	133609459	594	0.2088
3f50fa02-5bd6-44e2-86db-fec0ea239f53	7	133609550	133709354	65	0.297
3f50fa02-5bd6-44e2-86db-fec0ea239f53	7	133712544	137599734	2516	0.0727
3f50fa02-5bd6-44e2-86db-fec0ea239f53	7	137599778	138304290	427	0.1705
3f50fa02-5bd6-44e2-86db-fec0ea239f53	7	138304961	139311258	527	0.0332
3f50fa02-5bd6-44e2-86db-fec0ea239f53	7	139318856	139770446	211	0.2464
3f50fa02-5bd6-44e2-86db-fec0ea239f53	7	139773444	140255034	270	0.0757
3f50fa02-5bd6-44e2-86db-fec0ea239f53	7	140255431	142871803	1236	-0.5126
3f50fa02-5bd6-44e2-86db-fec0ea239f53	7	142873870	143074664	130	-1.0329
3f50fa02-5bd6-44e2-86db-fec0ea239f53	7	143075116	147434178	2087	-0.5145
3f50fa02-5bd6-44e2-86db-fec0ea239f53	7	147434340	147503533	63	-0.7544
3f50fa02-5bd6-44e2-86db-fec0ea239f53	7	147503723	155263016	4009	-0.3998
3f50fa02-5bd6-44e2-86db-fec0ea239f53	7	155263552	158592540	1806	-0.8422
3f50fa02-5bd6-44e2-86db-fec0ea239f53	8	667625	29684333	17517	0.2841
3f50fa02-5bd6-44e2-86db-fec0ea239f53	8	29685005	36261689	3835	0.1927
3f50fa02-5bd6-44e2-86db-fec0ea239f53	8	36262338	43053246	3726	0.397
3f50fa02-5bd6-44e2-86db-fec0ea239f53	8	43067847	47855654	500	0.1833
3f50fa02-5bd6-44e2-86db-fec0ea239f53	8	47858592	52462668	2574	0.2322
3f50fa02-5bd6-44e2-86db-fec0ea239f53	8	52463174	54110632	852	0.1668
3f50fa02-5bd6-44e2-86db-fec0ea239f53	8	54114181	56281638	1302	0.2663
3f50fa02-5bd6-44e2-86db-fec0ea239f53	8	56282058	59289551	2010	0.3154
3f50fa02-5bd6-44e2-86db-fec0ea239f53	8	59290415	62584377	2059	0.1812
3f50fa02-5bd6-44e2-86db-fec0ea239f53	8	62587529	67969188	2804	-0.0519
3f50fa02-5bd6-44e2-86db-fec0ea239f53	8	67969698	77410360	5843	-0.0157
3f50fa02-5bd6-44e2-86db-fec0ea239f53	8	77412128	82953212	2953	-0.0363
3f50fa02-5bd6-44e2-86db-fec0ea239f53	8	82953387	87036061	2041	0.0256
3f50fa02-5bd6-44e2-86db-fec0ea239f53	8	87036183	107187896	11496	0.0841
3f50fa02-5bd6-44e2-86db-fec0ea239f53	8	107194924	114215638	3784	0.0481
3f50fa02-5bd6-44e2-86db-fec0ea239f53	8	114215986	133676231	13151	0.0783
3f50fa02-5bd6-44e2-86db-fec0ea239f53	8	133677332	138521170	3594	0.0431
3f50fa02-5bd6-44e2-86db-fec0ea239f53	8	138523388	138668672	109	0.1019
3f50fa02-5bd6-44e2-86db-fec0ea239f53	8	138669240	138686819	17	0.3434
3f50fa02-5bd6-44e2-86db-fec0ea239f53	8	138687758	139594788	801	0.0773
3f50fa02-5bd6-44e2-86db-fec0ea239f53	8	139595885	139636969	43	0.2789
3f50fa02-5bd6-44e2-86db-fec0ea239f53	8	139637274	140581794	605	0.1017
3f50fa02-5bd6-44e2-86db-fec0ea239f53	8	140583928	140620316	17	-0.0625
3f50fa02-5bd6-44e2-86db-fec0ea239f53	8	141150299	144182542	574	0.1824
3f50fa02-5bd6-44e2-86db-fec0ea239f53	9	789794	923079	145	0.5164
3f50fa02-5bd6-44e2-86db-fec0ea239f53	9	923709	2951475	1382	0.6063
3f50fa02-5bd6-44e2-86db-fec0ea239f53	9	2951771	3908919	622	0.5399
3f50fa02-5bd6-44e2-86db-fec0ea239f53	9	3909072	4042241	157	0.637
3f50fa02-5bd6-44e2-86db-fec0ea239f53	9	4042324	4978643	746	0.5348
3f50fa02-5bd6-44e2-86db-fec0ea239f53	9	4981269	5650457	329	0.4162
3f50fa02-5bd6-44e2-86db-fec0ea239f53	9	5651082	9602863	2095	0.5109
3f50fa02-5bd6-44e2-86db-fec0ea239f53	9	9603122	12674893	949	0.4496
3f50fa02-5bd6-44e2-86db-fec0ea239f53	9	12677112	14585304	1504	0.5359
3f50fa02-5bd6-44e2-86db-fec0ea239f53	9	14585594	15685440	804	0.4784
3f50fa02-5bd6-44e2-86db-fec0ea239f53	9	15688449	17186857	1299	0.5349
3f50fa02-5bd6-44e2-86db-fec0ea239f53	9	17186993	22855916	4199	0.4745
3f50fa02-5bd6-44e2-86db-fec0ea239f53	9	22856900	36778588	7938	0.4378
3f50fa02-5bd6-44e2-86db-fec0ea239f53	9	36779084	38678454	1359	0.4771
3f50fa02-5bd6-44e2-86db-fec0ea239f53	9	38678743	68425024	75	0.5579
3f50fa02-5bd6-44e2-86db-fec0ea239f53	9	68426962	69118752	619	0.2403
3f50fa02-5bd6-44e2-86db-fec0ea239f53	9	69125255	69127809	3	-0.6449
3f50fa02-5bd6-44e2-86db-fec0ea239f53	9	69131137	71494667	1693	0.2594
3f50fa02-5bd6-44e2-86db-fec0ea239f53	9	71494808	72987399	976	0.146
3f50fa02-5bd6-44e2-86db-fec0ea239f53	9	72987987	73635212	354	0.2622
3f50fa02-5bd6-44e2-86db-fec0ea239f53	9	73642196	86531731	8919	0.1733
3f50fa02-5bd6-44e2-86db-fec0ea239f53	9	86545834	87166779	508	0.2319
3f50fa02-5bd6-44e2-86db-fec0ea239f53	9	87167891	87303852	106	0.3295
3f50fa02-5bd6-44e2-86db-fec0ea239f53	9	87306893	87819385	474	0.2153
3f50fa02-5bd6-44e2-86db-fec0ea239f53	9	87819386	97597273	6062	0.1631
3f50fa02-5bd6-44e2-86db-fec0ea239f53	9	97598450	109528203	7852	-0.0909
3f50fa02-5bd6-44e2-86db-fec0ea239f53	9	109534123	109560555	31	0.248
3f50fa02-5bd6-44e2-86db-fec0ea239f53	9	109560562	110640967	833	-0.0813
3f50fa02-5bd6-44e2-86db-fec0ea239f53	9	110641393	123446472	8830	0.1686
3f50fa02-5bd6-44e2-86db-fec0ea239f53	9	123455776	123873646	259	0.0527
3f50fa02-5bd6-44e2-86db-fec0ea239f53	9	123875082	127322668	2104	0.1542
3f50fa02-5bd6-44e2-86db-fec0ea239f53	9	127325371	128950639	705	-0.1118
3f50fa02-5bd6-44e2-86db-fec0ea239f53	9	128950902	129073007	38	-0.7445
3f50fa02-5bd6-44e2-86db-fec0ea239f53	9	129074710	130496996	731	-0.2257
3f50fa02-5bd6-44e2-86db-fec0ea239f53	9	130499199	130500240	2	0.0205
3f50fa02-5bd6-44e2-86db-fec0ea239f53	9	130512845	130758120	174	0.8468
3f50fa02-5bd6-44e2-86db-fec0ea239f53	9	130760159	130761614	3	-0.1199
3f50fa02-5bd6-44e2-86db-fec0ea239f53	9	130762264	133377795	1806	-0.2715
3f50fa02-5bd6-44e2-86db-fec0ea239f53	9	133379252	138044505	1793	-0.6842
3f50fa02-5bd6-44e2-86db-fec0ea239f53	10	366509	3129803	1347	0.0296
3f50fa02-5bd6-44e2-86db-fec0ea239f53	10	3131158	8225355	4073	-0.3087
3f50fa02-5bd6-44e2-86db-fec0ea239f53	10	8226721	8226742	2	-1.7126
3f50fa02-5bd6-44e2-86db-fec0ea239f53	10	8227743	12813732	3403	-0.3183
3f50fa02-5bd6-44e2-86db-fec0ea239f53	10	12819060	13240130	355	-0.0088
3f50fa02-5bd6-44e2-86db-fec0ea239f53	10	13241437	16661497	2708	-0.2993
3f50fa02-5bd6-44e2-86db-fec0ea239f53	10	16661731	16662315	7	-1.0966
3f50fa02-5bd6-44e2-86db-fec0ea239f53	10	16665250	17600807	768	-0.3052
3f50fa02-5bd6-44e2-86db-fec0ea239f53	10	17610720	19722568	1420	0.0001
3f50fa02-5bd6-44e2-86db-fec0ea239f53	10	19723781	23600760	2466	-0.3241
3f50fa02-5bd6-44e2-86db-fec0ea239f53	10	23603001	23968084	275	0.0088
3f50fa02-5bd6-44e2-86db-fec0ea239f53	10	23971540	24264696	210	-0.3292
3f50fa02-5bd6-44e2-86db-fec0ea239f53	10	24265267	29439462	3438	-0.0078
3f50fa02-5bd6-44e2-86db-fec0ea239f53	10	29448236	29595157	119	-0.3513
3f50fa02-5bd6-44e2-86db-fec0ea239f53	10	29595718	36771293	4720	0.0097
3f50fa02-5bd6-44e2-86db-fec0ea239f53	10	36775609	36776449	2	-1.1112
3f50fa02-5bd6-44e2-86db-fec0ea239f53	10	36777413	38770869	929	-0.0269
3f50fa02-5bd6-44e2-86db-fec0ea239f53	10	38770921	45559119	1985	-0.3272
3f50fa02-5bd6-44e2-86db-fec0ea239f53	10	45560885	48237632	263	-0.0252
3f50fa02-5bd6-44e2-86db-fec0ea239f53	10	48238161	48268668	23	0.1984
3f50fa02-5bd6-44e2-86db-fec0ea239f53	10	48268873	48572846	216	-0.0174
3f50fa02-5bd6-44e2-86db-fec0ea239f53	10	48573391	49260877	597	0.235
3f50fa02-5bd6-44e2-86db-fec0ea239f53	10	49261160	50837871	430	-0.025
3f50fa02-5bd6-44e2-86db-fec0ea239f53	10	50843482	51705477	659	-0.3307
3f50fa02-5bd6-44e2-86db-fec0ea239f53	10	51705909	53369138	1198	-0.002
3f50fa02-5bd6-44e2-86db-fec0ea239f53	10	53369151	59514640	3450	-0.3169
3f50fa02-5bd6-44e2-86db-fec0ea239f53	10	59517750	60220432	590	-0.0143
3f50fa02-5bd6-44e2-86db-fec0ea239f53	10	60221489	61913584	1143	-0.2926
3f50fa02-5bd6-44e2-86db-fec0ea239f53	10	61918421	61986779	42	-0.0039
3f50fa02-5bd6-44e2-86db-fec0ea239f53	10	61987158	80253198	10633	-0.3004
3f50fa02-5bd6-44e2-86db-fec0ea239f53	10	80253363	85777462	3945	-0.3462
3f50fa02-5bd6-44e2-86db-fec0ea239f53	10	85777882	88173487	1404	-0.2942
3f50fa02-5bd6-44e2-86db-fec0ea239f53	10	88185163	88735080	318	-0.7428
3f50fa02-5bd6-44e2-86db-fec0ea239f53	10	88735493	104317828	8976	-0.3091
3f50fa02-5bd6-44e2-86db-fec0ea239f53	10	104336734	106479712	1450	-0.0214
3f50fa02-5bd6-44e2-86db-fec0ea239f53	10	106481476	107178736	535	-0.1688
3f50fa02-5bd6-44e2-86db-fec0ea239f53	10	107181625	121359126	9798	-0.0104
3f50fa02-5bd6-44e2-86db-fec0ea239f53	10	121359531	130380993	6658	-0.5512
3f50fa02-5bd6-44e2-86db-fec0ea239f53	10	130381157	133411599	699	-0.2232
3f50fa02-5bd6-44e2-86db-fec0ea239f53	11	456012	11018859	5847	-0.0488
3f50fa02-5bd6-44e2-86db-fec0ea239f53	11	11019986	11062454	41	-0.6625
3f50fa02-5bd6-44e2-86db-fec0ea239f53	11	11065061	21721221	7877	-0.0416
3f50fa02-5bd6-44e2-86db-fec0ea239f53	11	21724212	21775228	40	0.2458
3f50fa02-5bd6-44e2-86db-fec0ea239f53	11	21777705	22936935	791	-0.0504
3f50fa02-5bd6-44e2-86db-fec0ea239f53	11	22939915	23098701	86	0.1909
3f50fa02-5bd6-44e2-86db-fec0ea239f53	11	23098714	25366238	1407	-0.0649
3f50fa02-5bd6-44e2-86db-fec0ea239f53	11	25367542	25584201	101	0.213
3f50fa02-5bd6-44e2-86db-fec0ea239f53	11	25584216	26197722	421	-0.0527
3f50fa02-5bd6-44e2-86db-fec0ea239f53	11	26197984	28270531	1350	0.2306
3f50fa02-5bd6-44e2-86db-fec0ea239f53	11	28271498	32337433	2503	-0.06
3f50fa02-5bd6-44e2-86db-fec0ea239f53	11	32343791	33028268	458	0.1697
3f50fa02-5bd6-44e2-86db-fec0ea239f53	11	33028312	33136124	60	-0.0543
3f50fa02-5bd6-44e2-86db-fec0ea239f53	11	33136770	35052505	1260	0.221
3f50fa02-5bd6-44e2-86db-fec0ea239f53	11	35052604	36169605	944	0.2767
3f50fa02-5bd6-44e2-86db-fec0ea239f53	11	36170626	39278628	1434	-0.0241
3f50fa02-5bd6-44e2-86db-fec0ea239f53	11	39279053	42552710	2222	0.2015
3f50fa02-5bd6-44e2-86db-fec0ea239f53	11	42552841	57418313	4529	-0.0379
3f50fa02-5bd6-44e2-86db-fec0ea239f53	11	57419000	82446061	12706	-0.0905
3f50fa02-5bd6-44e2-86db-fec0ea239f53	11	82447525	89251816	4061	-0.0596
3f50fa02-5bd6-44e2-86db-fec0ea239f53	11	89251990	114641587	15763	-0.193
3f50fa02-5bd6-44e2-86db-fec0ea239f53	11	114641950	114761885	84	0.0599
3f50fa02-5bd6-44e2-86db-fec0ea239f53	11	114764188	114772732	7	-0.3208
3f50fa02-5bd6-44e2-86db-fec0ea239f53	11	114774188	114796287	27	-0.0065
3f50fa02-5bd6-44e2-86db-fec0ea239f53	11	114796421	115619809	579	-0.2199
3f50fa02-5bd6-44e2-86db-fec0ea239f53	11	115620345	115771260	115	0.0138
3f50fa02-5bd6-44e2-86db-fec0ea239f53	11	115771486	115937646	108	-0.2538
3f50fa02-5bd6-44e2-86db-fec0ea239f53	11	115939164	120861799	3429	-0.0618
3f50fa02-5bd6-44e2-86db-fec0ea239f53	11	120862726	121060345	152	0.0839
3f50fa02-5bd6-44e2-86db-fec0ea239f53	11	121063136	121093189	16	-0.0885
3f50fa02-5bd6-44e2-86db-fec0ea239f53	11	121094978	123055896	1429	-0.2233
3f50fa02-5bd6-44e2-86db-fec0ea239f53	11	123056136	123283416	175	-0.0609
3f50fa02-5bd6-44e2-86db-fec0ea239f53	11	123286426	134272740	7527	-0.195
3f50fa02-5bd6-44e2-86db-fec0ea239f53	12	780472	20442401	11362	-0.765
3f50fa02-5bd6-44e2-86db-fec0ea239f53	12	20444152	20444369	2	-3.7274
3f50fa02-5bd6-44e2-86db-fec0ea239f53	12	20444552	32374470	7700	-0.7589
3f50fa02-5bd6-44e2-86db-fec0ea239f53	12	32376956	32392418	39	0.0858
3f50fa02-5bd6-44e2-86db-fec0ea239f53	12	32404055	33368216	570	-0.7908
3f50fa02-5bd6-44e2-86db-fec0ea239f53	12	38827290	39149448	157	-0.1489
3f50fa02-5bd6-44e2-86db-fec0ea239f53	12	39152109	41571180	1545	-0.2057
3f50fa02-5bd6-44e2-86db-fec0ea239f53	12	41571249	49171740	4012	-0.1497
3f50fa02-5bd6-44e2-86db-fec0ea239f53	12	49174284	51899716	1282	-0.1968
3f50fa02-5bd6-44e2-86db-fec0ea239f53	12	51908659	53212363	788	-0.135
3f50fa02-5bd6-44e2-86db-fec0ea239f53	12	53212545	60983624	4346	0.0576
3f50fa02-5bd6-44e2-86db-fec0ea239f53	12	60984013	60989446	2	-1.1239
3f50fa02-5bd6-44e2-86db-fec0ea239f53	12	60995284	62944957	1251	0.0756
3f50fa02-5bd6-44e2-86db-fec0ea239f53	12	62948701	63020411	48	-0.4738
3f50fa02-5bd6-44e2-86db-fec0ea239f53	12	63020875	74944000	7221	0.066
3f50fa02-5bd6-44e2-86db-fec0ea239f53	12	74945510	82064585	4555	0.0921
3f50fa02-5bd6-44e2-86db-fec0ea239f53	12	82064713	87921589	3199	0.0425
3f50fa02-5bd6-44e2-86db-fec0ea239f53	12	87921793	94960781	4519	0.0806
3f50fa02-5bd6-44e2-86db-fec0ea239f53	12	94960829	98279462	2325	0.0406
3f50fa02-5bd6-44e2-86db-fec0ea239f53	12	98279721	98349208	61	-0.12
3f50fa02-5bd6-44e2-86db-fec0ea239f53	12	98350309	99062347	417	0.041
3f50fa02-5bd6-44e2-86db-fec0ea239f53	12	99062911	104138905	3084	0.0774
3f50fa02-5bd6-44e2-86db-fec0ea239f53	12	104139004	111380176	4442	0.0426
3f50fa02-5bd6-44e2-86db-fec0ea239f53	12	111380683	124669029	7628	-0.0626
3f50fa02-5bd6-44e2-86db-fec0ea239f53	12	124670894	124670970	2	-1.413
3f50fa02-5bd6-44e2-86db-fec0ea239f53	12	124671110	125520029	566	-0.0674
3f50fa02-5bd6-44e2-86db-fec0ea239f53	12	125523512	132605822	3173	-0.1153
3f50fa02-5bd6-44e2-86db-fec0ea239f53	13	18874255	20920640	704	-0.0624
3f50fa02-5bd6-44e2-86db-fec0ea239f53	13	20920703	23420124	1653	-0.3115
3f50fa02-5bd6-44e2-86db-fec0ea239f53	13	23422116	24024230	126	-0.5441
3f50fa02-5bd6-44e2-86db-fec0ea239f53	13	24024245	24029309	3	-2.0547
3f50fa02-5bd6-44e2-86db-fec0ea239f53	13	24029583	48156191	16103	-0.58
3f50fa02-5bd6-44e2-86db-fec0ea239f53	13	48156333	48302456	79	-3.8244
3f50fa02-5bd6-44e2-86db-fec0ea239f53	13	48305525	48485585	226	-2.1883
3f50fa02-5bd6-44e2-86db-fec0ea239f53	13	48486702	48996494	362	-4.0254
3f50fa02-5bd6-44e2-86db-fec0ea239f53	13	48997140	49295587	119	-2.5223
3f50fa02-5bd6-44e2-86db-fec0ea239f53	13	49295601	49878420	286	-3.8504
3f50fa02-5bd6-44e2-86db-fec0ea239f53	13	49885806	51099269	39	-1.3588
3f50fa02-5bd6-44e2-86db-fec0ea239f53	13	51102526	65542326	6924	-0.5871
3f50fa02-5bd6-44e2-86db-fec0ea239f53	13	65546942	65683452	68	-0.3225
3f50fa02-5bd6-44e2-86db-fec0ea239f53	13	65693674	68163738	1158	-0.6043
3f50fa02-5bd6-44e2-86db-fec0ea239f53	13	68166636	75793057	4878	-0.63
3f50fa02-5bd6-44e2-86db-fec0ea239f53	13	75796428	82192523	4056	0.3481
3f50fa02-5bd6-44e2-86db-fec0ea239f53	13	82195842	82323862	58	0.5464
3f50fa02-5bd6-44e2-86db-fec0ea239f53	13	82326332	84980456	1437	0.4091
3f50fa02-5bd6-44e2-86db-fec0ea239f53	13	84980540	85470251	344	0.5341
3f50fa02-5bd6-44e2-86db-fec0ea239f53	13	85474593	90642553	2860	0.3207
3f50fa02-5bd6-44e2-86db-fec0ea239f53	13	90642720	90812759	98	0.4653
3f50fa02-5bd6-44e2-86db-fec0ea239f53	13	90819546	91188275	249	0.6089
3f50fa02-5bd6-44e2-86db-fec0ea239f53	13	91189051	92639587	935	0.673
3f50fa02-5bd6-44e2-86db-fec0ea239f53	13	92641311	92836023	125	0.5571
3f50fa02-5bd6-44e2-86db-fec0ea239f53	13	92840391	94405640	1146	0.3699
3f50fa02-5bd6-44e2-86db-fec0ea239f53	13	94408611	95259494	629	0.6286
3f50fa02-5bd6-44e2-86db-fec0ea239f53	13	95259659	95390055	30	0.4587
3f50fa02-5bd6-44e2-86db-fec0ea239f53	13	95390810	95525383	94	0.287
3f50fa02-5bd6-44e2-86db-fec0ea239f53	13	95528492	97015886	757	0.4884
3f50fa02-5bd6-44e2-86db-fec0ea239f53	13	97020377	97436671	281	0.3443
3f50fa02-5bd6-44e2-86db-fec0ea239f53	13	97437331	98595372	835	-0.6276
3f50fa02-5bd6-44e2-86db-fec0ea239f53	13	98596025	99108855	337	-0.1573
3f50fa02-5bd6-44e2-86db-fec0ea239f53	13	99110565	99204017	58	0.4397
3f50fa02-5bd6-44e2-86db-fec0ea239f53	13	99211296	100111536	540	-0.2432
3f50fa02-5bd6-44e2-86db-fec0ea239f53	13	100115685	101015387	559	-0.6525
3f50fa02-5bd6-44e2-86db-fec0ea239f53	13	101017799	104340225	2693	-0.4263
3f50fa02-5bd6-44e2-86db-fec0ea239f53	13	104349931	104512310	129	-1.8143
3f50fa02-5bd6-44e2-86db-fec0ea239f53	13	104518993	108950923	2946	-0.4597
3f50fa02-5bd6-44e2-86db-fec0ea239f53	13	108953996	114226675	3004	-0.4088
3f50fa02-5bd6-44e2-86db-fec0ea239f53	14	20033191	44800286	12933	-0.5781
3f50fa02-5bd6-44e2-86db-fec0ea239f53	14	44800635	47733479	1339	-0.6938
3f50fa02-5bd6-44e2-86db-fec0ea239f53	14	47737611	76677868	17663	-0.569
3f50fa02-5bd6-44e2-86db-fec0ea239f53	14	76678156	78537056	1358	-0.5009
3f50fa02-5bd6-44e2-86db-fec0ea239f53	14	78544104	78555705	13	0.3077
3f50fa02-5bd6-44e2-86db-fec0ea239f53	14	78559412	105533894	16415	-0.5834
3f50fa02-5bd6-44e2-86db-fec0ea239f53	15	23437561	30856953	2739	0.0282
3f50fa02-5bd6-44e2-86db-fec0ea239f53	15	30863318	40613121	5962	0.1901
3f50fa02-5bd6-44e2-86db-fec0ea239f53	15	40613273	46874072	2971	0.1555
3f50fa02-5bd6-44e2-86db-fec0ea239f53	15	46876834	70571722	15341	0.1837
3f50fa02-5bd6-44e2-86db-fec0ea239f53	15	70577339	91198944	11410	0.1096
3f50fa02-5bd6-44e2-86db-fec0ea239f53	15	91199348	94761373	2260	-0.1499
3f50fa02-5bd6-44e2-86db-fec0ea239f53	15	94762936	98205422	2437	-0.1838
3f50fa02-5bd6-44e2-86db-fec0ea239f53	15	98206022	101344124	1668	-0.135
3f50fa02-5bd6-44e2-86db-fec0ea239f53	16	603333	966057	76	0.0117
3f50fa02-5bd6-44e2-86db-fec0ea239f53	16	968191	24289000	10520	-0.1038
3f50fa02-5bd6-44e2-86db-fec0ea239f53	16	24290380	31841585	3440	0.0162
3f50fa02-5bd6-44e2-86db-fec0ea239f53	16	46470502	47126371	237	-0.4986
3f50fa02-5bd6-44e2-86db-fec0ea239f53	16	47129314	52416158	3401	-0.3418
3f50fa02-5bd6-44e2-86db-fec0ea239f53	16	52417010	52420574	8	-1.1409
3f50fa02-5bd6-44e2-86db-fec0ea239f53	16	52421452	53474667	782	-0.3467
3f50fa02-5bd6-44e2-86db-fec0ea239f53	16	53478924	65396485	7858	-0.4192
3f50fa02-5bd6-44e2-86db-fec0ea239f53	16	65396885	72552709	3441	-0.2221
3f50fa02-5bd6-44e2-86db-fec0ea239f53	16	72553194	74540906	1228	-0.0683
3f50fa02-5bd6-44e2-86db-fec0ea239f53	16	74541718	74938274	225	0.0362
3f50fa02-5bd6-44e2-86db-fec0ea239f53	16	74940590	75076920	67	-0.0869
3f50fa02-5bd6-44e2-86db-fec0ea239f53	16	75077002	75490811	208	-0.2153
3f50fa02-5bd6-44e2-86db-fec0ea239f53	16	75499773	77157956	1143	-0.0652
3f50fa02-5bd6-44e2-86db-fec0ea239f53	16	77160222	81412316	3711	-0.2279
3f50fa02-5bd6-44e2-86db-fec0ea239f53	16	81413754	83575668	1894	-0.0562
3f50fa02-5bd6-44e2-86db-fec0ea239f53	16	83580036	89317317	2945	-0.2204
3f50fa02-5bd6-44e2-86db-fec0ea239f53	17	1074619	3378011	983	0.5186
3f50fa02-5bd6-44e2-86db-fec0ea239f53	17	3378170	26970127	8761	0.024
3f50fa02-5bd6-44e2-86db-fec0ea239f53	17	26970669	31093560	1751	-0.566
3f50fa02-5bd6-44e2-86db-fec0ea239f53	17	31099063	31311534	91	-0.9301
3f50fa02-5bd6-44e2-86db-fec0ea239f53	17	31312572	39275284	3571	-0.6051
3f50fa02-5bd6-44e2-86db-fec0ea239f53	17	39277171	39419381	63	-1.0866
3f50fa02-5bd6-44e2-86db-fec0ea239f53	17	39423166	43458135	1862	-0.581
3f50fa02-5bd6-44e2-86db-fec0ea239f53	17	43460324	48753664	1928	0.2636
3f50fa02-5bd6-44e2-86db-fec0ea239f53	17	48755936	49330730	323	0.1934
3f50fa02-5bd6-44e2-86db-fec0ea239f53	17	49331545	50437334	567	0.2747
3f50fa02-5bd6-44e2-86db-fec0ea239f53	17	50437954	52418323	1111	0.38
3f50fa02-5bd6-44e2-86db-fec0ea239f53	17	52421764	54225950	914	0.1653
3f50fa02-5bd6-44e2-86db-fec0ea239f53	17	54226001	54557365	149	0.3832
3f50fa02-5bd6-44e2-86db-fec0ea239f53	17	54557451	56843038	1803	0.2047
3f50fa02-5bd6-44e2-86db-fec0ea239f53	17	56850435	57686514	602	-0.5859
3f50fa02-5bd6-44e2-86db-fec0ea239f53	17	57689013	58623311	553	0.1783
3f50fa02-5bd6-44e2-86db-fec0ea239f53	17	58634540	67077841	4210	-0.5847
3f50fa02-5bd6-44e2-86db-fec0ea239f53	17	67085903	68481030	680	0.1565
3f50fa02-5bd6-44e2-86db-fec0ea239f53	17	68481842	72110815	2619	-0.5931
3f50fa02-5bd6-44e2-86db-fec0ea239f53	17	72115730	72182051	56	-0.8995
3f50fa02-5bd6-44e2-86db-fec0ea239f53	17	72184359	82959812	4672	-0.5943
3f50fa02-5bd6-44e2-86db-fec0ea239f53	18	326691	367725	45	0.965
3f50fa02-5bd6-44e2-86db-fec0ea239f53	18	891647	2383813	687	0.1745
3f50fa02-5bd6-44e2-86db-fec0ea239f53	18	2399867	4720644	1499	0.5514
3f50fa02-5bd6-44e2-86db-fec0ea239f53	18	4722019	4723756	3	0.6784
3f50fa02-5bd6-44e2-86db-fec0ea239f53	18	4724684	4742155	16	1.019
3f50fa02-5bd6-44e2-86db-fec0ea239f53	18	4748501	5073498	157	0.6996
3f50fa02-5bd6-44e2-86db-fec0ea239f53	18	5073744	5099315	14	0.5459
3f50fa02-5bd6-44e2-86db-fec0ea239f53	18	5100776	5175854	67	0.3857
3f50fa02-5bd6-44e2-86db-fec0ea239f53	18	5178413	5188605	13	0.709
3f50fa02-5bd6-44e2-86db-fec0ea239f53	18	5189382	5249421	44	0.4395
3f50fa02-5bd6-44e2-86db-fec0ea239f53	18	5249525	5430819	110	0.3198
3f50fa02-5bd6-44e2-86db-fec0ea239f53	18	5432331	5744873	222	0.423
3f50fa02-5bd6-44e2-86db-fec0ea239f53	18	5744984	7349580	729	0.1793
3f50fa02-5bd6-44e2-86db-fec0ea239f53	18	7349618	7718822	279	0.6529
3f50fa02-5bd6-44e2-86db-fec0ea239f53	18	7722013	8085434	238	0.7606
3f50fa02-5bd6-44e2-86db-fec0ea239f53	18	8086137	8414525	250	0.9197
3f50fa02-5bd6-44e2-86db-fec0ea239f53	18	8416860	8653187	215	0.4024
3f50fa02-5bd6-44e2-86db-fec0ea239f53	18	8655631	9538614	610	0.6406
3f50fa02-5bd6-44e2-86db-fec0ea239f53	18	9540838	10048992	408	0.5341
3f50fa02-5bd6-44e2-86db-fec0ea239f53	18	10049366	11159312	860	0.8603
3f50fa02-5bd6-44e2-86db-fec0ea239f53	18	11165198	11177109	7	0.5121
3f50fa02-5bd6-44e2-86db-fec0ea239f53	18	11180662	11185426	7	-0.1516
3f50fa02-5bd6-44e2-86db-fec0ea239f53	18	11195396	11533786	229	0.5767
3f50fa02-5bd6-44e2-86db-fec0ea239f53	18	11539941	11602054	36	0.3462
3f50fa02-5bd6-44e2-86db-fec0ea239f53	18	11602806	11800572	97	0.531
3f50fa02-5bd6-44e2-86db-fec0ea239f53	18	11802992	12110590	215	0.3968
3f50fa02-5bd6-44e2-86db-fec0ea239f53	18	12113196	12783899	298	-0.099
3f50fa02-5bd6-44e2-86db-fec0ea239f53	18	12789060	14656199	912	0.349
3f50fa02-5bd6-44e2-86db-fec0ea239f53	18	14660483	39921157	11362	-0.5857
3f50fa02-5bd6-44e2-86db-fec0ea239f53	18	39921823	41289570	838	0.2771
3f50fa02-5bd6-44e2-86db-fec0ea239f53	18	41294903	54445170	8494	-0.5912
3f50fa02-5bd6-44e2-86db-fec0ea239f53	18	54445717	56965271	1518	-0.1446
3f50fa02-5bd6-44e2-86db-fec0ea239f53	18	56965366	57334785	288	-0.0188
3f50fa02-5bd6-44e2-86db-fec0ea239f53	18	57335007	57620295	231	0.15
3f50fa02-5bd6-44e2-86db-fec0ea239f53	18	57625898	57641473	8	0.5256
3f50fa02-5bd6-44e2-86db-fec0ea239f53	18	57652040	57667063	13	0.2254
3f50fa02-5bd6-44e2-86db-fec0ea239f53	18	57671273	63914768	4176	-0.1598
3f50fa02-5bd6-44e2-86db-fec0ea239f53	18	63919403	64200457	212	0.0839
3f50fa02-5bd6-44e2-86db-fec0ea239f53	18	64202913	67186819	1382	-0.17
3f50fa02-5bd6-44e2-86db-fec0ea239f53	18	67187181	68665143	702	-0.1073
3f50fa02-5bd6-44e2-86db-fec0ea239f53	18	68665271	68721104	43	0.1578
3f50fa02-5bd6-44e2-86db-fec0ea239f53	18	68724167	69353506	409	-0.1591
3f50fa02-5bd6-44e2-86db-fec0ea239f53	18	69354234	69354476	4	0.4208
3f50fa02-5bd6-44e2-86db-fec0ea239f53	18	69354490	69389590	16	-0.0947
3f50fa02-5bd6-44e2-86db-fec0ea239f53	18	69390285	71067770	992	-0.5172
3f50fa02-5bd6-44e2-86db-fec0ea239f53	18	71068316	71380423	222	-0.333
3f50fa02-5bd6-44e2-86db-fec0ea239f53	18	71381576	76014697	1621	-0.5553
3f50fa02-5bd6-44e2-86db-fec0ea239f53	18	76017768	76649157	470	-0.2391
3f50fa02-5bd6-44e2-86db-fec0ea239f53	18	76655505	79349796	1649	-0.5368
3f50fa02-5bd6-44e2-86db-fec0ea239f53	19	283868	19836130	7735	0.2215
3f50fa02-5bd6-44e2-86db-fec0ea239f53	19	21064698	21352203	159	-0.1878
3f50fa02-5bd6-44e2-86db-fec0ea239f53	19	21357314	21632117	137	0.3622
3f50fa02-5bd6-44e2-86db-fec0ea239f53	19	21661986	21757821	40	-0.1423
3f50fa02-5bd6-44e2-86db-fec0ea239f53	19	21767535	23807017	930	0.349
3f50fa02-5bd6-44e2-86db-fec0ea239f53	19	23812753	23872082	57	-0.1981
3f50fa02-5bd6-44e2-86db-fec0ea239f53	19	27749470	29800496	1593	0.435
3f50fa02-5bd6-44e2-86db-fec0ea239f53	19	29804726	29815913	21	0.2373
3f50fa02-5bd6-44e2-86db-fec0ea239f53	19	29816191	29842183	34	0.5249
3f50fa02-5bd6-44e2-86db-fec0ea239f53	19	29842851	29919291	44	0.9582
3f50fa02-5bd6-44e2-86db-fec0ea239f53	19	29919321	30265211	218	0.4461
3f50fa02-5bd6-44e2-86db-fec0ea239f53	19	30277548	30598301	258	1.0133
3f50fa02-5bd6-44e2-86db-fec0ea239f53	19	30601517	30624711	17	0.5313
3f50fa02-5bd6-44e2-86db-fec0ea239f53	19	30625701	32363564	1234	1.0249
3f50fa02-5bd6-44e2-86db-fec0ea239f53	19	32363941	33164258	452	0.9284
3f50fa02-5bd6-44e2-86db-fec0ea239f53	19	33165075	33446416	166	0.7226
3f50fa02-5bd6-44e2-86db-fec0ea239f53	19	33448159	34196841	551	0.9832
3f50fa02-5bd6-44e2-86db-fec0ea239f53	19	34196904	34476894	148	0.6798
3f50fa02-5bd6-44e2-86db-fec0ea239f53	19	34479451	35884712	823	0.8823
3f50fa02-5bd6-44e2-86db-fec0ea239f53	19	35885074	36671718	360	0.637
3f50fa02-5bd6-44e2-86db-fec0ea239f53	19	36673884	37503975	388	0.9702
3f50fa02-5bd6-44e2-86db-fec0ea239f53	19	37504225	38232352	390	0.6668
3f50fa02-5bd6-44e2-86db-fec0ea239f53	19	38234776	39739264	670	0.8567
3f50fa02-5bd6-44e2-86db-fec0ea239f53	19	39739540	39811455	57	0.9247
3f50fa02-5bd6-44e2-86db-fec0ea239f53	19	39812891	40231568	199	0.6952
3f50fa02-5bd6-44e2-86db-fec0ea239f53	19	40232488	40281420	62	0.4754
3f50fa02-5bd6-44e2-86db-fec0ea239f53	19	40281533	41201189	336	0.6489
3f50fa02-5bd6-44e2-86db-fec0ea239f53	19	41201354	41268825	41	0.9583
3f50fa02-5bd6-44e2-86db-fec0ea239f53	19	41269382	43932020	907	0.6576
3f50fa02-5bd6-44e2-86db-fec0ea239f53	19	43937129	44093642	141	0.989
3f50fa02-5bd6-44e2-86db-fec0ea239f53	19	44100522	46841269	1217	0.6823
3f50fa02-5bd6-44e2-86db-fec0ea239f53	19	46848704	47109911	89	-0.093
3f50fa02-5bd6-44e2-86db-fec0ea239f53	19	47152192	47189904	25	0.7641
3f50fa02-5bd6-44e2-86db-fec0ea239f53	19	47209080	47263282	23	-0.0616
3f50fa02-5bd6-44e2-86db-fec0ea239f53	19	47279102	49165499	836	0.6519
3f50fa02-5bd6-44e2-86db-fec0ea239f53	19	49170761	49212041	13	-0.1522
3f50fa02-5bd6-44e2-86db-fec0ea239f53	19	49220829	49254572	21	0.6938
3f50fa02-5bd6-44e2-86db-fec0ea239f53	19	49255975	49279844	13	0.2599
3f50fa02-5bd6-44e2-86db-fec0ea239f53	19	49283560	51711983	1029	-0.0956
3f50fa02-5bd6-44e2-86db-fec0ea239f53	19	51715673	51728723	10	0.7516
3f50fa02-5bd6-44e2-86db-fec0ea239f53	19	51729825	51766834	25	0.1817
3f50fa02-5bd6-44e2-86db-fec0ea239f53	19	51767765	52284791	122	-0.0803
3f50fa02-5bd6-44e2-86db-fec0ea239f53	19	52289448	52304300	11	0.6378
3f50fa02-5bd6-44e2-86db-fec0ea239f53	19	52308795	52489214	68	-0.1306
3f50fa02-5bd6-44e2-86db-fec0ea239f53	19	52530843	52605953	42	0.7868
3f50fa02-5bd6-44e2-86db-fec0ea239f53	19	52606759	52982662	57	-0.0814
3f50fa02-5bd6-44e2-86db-fec0ea239f53	19	52982807	53387882	188	0.8103
3f50fa02-5bd6-44e2-86db-fec0ea239f53	19	53388820	57431780	1755	-0.0875
3f50fa02-5bd6-44e2-86db-fec0ea239f53	19	57432634	58370362	442	0.0729
3f50fa02-5bd6-44e2-86db-fec0ea239f53	20	472817	26217295	16951	-0.3316
3f50fa02-5bd6-44e2-86db-fec0ea239f53	20	31247668	31354892	58	0.6655
3f50fa02-5bd6-44e2-86db-fec0ea239f53	20	31367644	31537547	85	0.935
3f50fa02-5bd6-44e2-86db-fec0ea239f53	20	31539489	32404206	390	0.6719
3f50fa02-5bd6-44e2-86db-fec0ea239f53	20	32404488	34605011	1090	0.8484
3f50fa02-5bd6-44e2-86db-fec0ea239f53	20	34605192	35342090	367	0.741
3f50fa02-5bd6-44e2-86db-fec0ea239f53	20	35355339	35969697	276	0.8651
3f50fa02-5bd6-44e2-86db-fec0ea239f53	20	35974659	36464940	199	0.7133
3f50fa02-5bd6-44e2-86db-fec0ea239f53	20	36465287	36556877	44	0.9263
3f50fa02-5bd6-44e2-86db-fec0ea239f53	20	36559309	37003824	168	0.6869
3f50fa02-5bd6-44e2-86db-fec0ea239f53	20	37009466	37093952	146	0.4888
3f50fa02-5bd6-44e2-86db-fec0ea239f53	20	37094427	52627396	10196	0.7444
3f50fa02-5bd6-44e2-86db-fec0ea239f53	20	52630133	53403318	587	0.827
3f50fa02-5bd6-44e2-86db-fec0ea239f53	20	53403845	57032728	2656	0.7814
3f50fa02-5bd6-44e2-86db-fec0ea239f53	20	57032779	59353611	1707	0.8377
3f50fa02-5bd6-44e2-86db-fec0ea239f53	20	59354339	63588502	2641	0.6877
3f50fa02-5bd6-44e2-86db-fec0ea239f53	21	13974127	14902298	595	-0.1994
3f50fa02-5bd6-44e2-86db-fec0ea239f53	21	14903545	15522801	458	0.1213
3f50fa02-5bd6-44e2-86db-fec0ea239f53	21	15526311	19702619	2593	-0.1933
3f50fa02-5bd6-44e2-86db-fec0ea239f53	21	19703309	25673655	3609	-0.2334
3f50fa02-5bd6-44e2-86db-fec0ea239f53	21	25674664	30086357	3153	-0.1798
3f50fa02-5bd6-44e2-86db-fec0ea239f53	21	30086763	32543056	1524	-0.2259
3f50fa02-5bd6-44e2-86db-fec0ea239f53	21	32543161	35116996	1617	-0.1869
3f50fa02-5bd6-44e2-86db-fec0ea239f53	21	35119187	35330191	184	-0.0686
3f50fa02-5bd6-44e2-86db-fec0ea239f53	21	35334520	46262057	6855	-0.2076
3f50fa02-5bd6-44e2-86db-fec0ea239f53	22	16934932	27609788	3726	0.1757
3f50fa02-5bd6-44e2-86db-fec0ea239f53	22	27610791	27615085	2	-0.8231
3f50fa02-5bd6-44e2-86db-fec0ea239f53	22	27615106	32822410	3019	0.155
3f50fa02-5bd6-44e2-86db-fec0ea239f53	22	32823901	33467690	553	2.2319
3f50fa02-5bd6-44e2-86db-fec0ea239f53	22	33469407	45825411	7521	0.1586
3f50fa02-5bd6-44e2-86db-fec0ea239f53	22	45833839	47956729	1414	0.1998
3f50fa02-5bd6-44e2-86db-fec0ea239f53	22	47956953	48940621	864	0.1691
3f50fa02-5bd6-44e2-86db-fec0ea239f53	X	3236359	8815239	886	0.0285
3f50fa02-5bd6-44e2-86db-fec0ea239f53	X	8818678	8824842	5	-0.9939
3f50fa02-5bd6-44e2-86db-fec0ea239f53	X	8826040	24749577	8248	0.0317
3f50fa02-5bd6-44e2-86db-fec0ea239f53	X	24749751	24757144	2	-1.9889
3f50fa02-5bd6-44e2-86db-fec0ea239f53	X	24760969	42114186	8282	0.008
3f50fa02-5bd6-44e2-86db-fec0ea239f53	X	42115549	68025715	8048	-0.0236
3f50fa02-5bd6-44e2-86db-fec0ea239f53	X	68028992	73244678	2140	0.024
3f50fa02-5bd6-44e2-86db-fec0ea239f53	X	73245537	85547666	4453	-0.0211
3f50fa02-5bd6-44e2-86db-fec0ea239f53	X	85552354	86261425	507	0.1227
3f50fa02-5bd6-44e2-86db-fec0ea239f53	X	86261954	88766540	1431	0.1878
3f50fa02-5bd6-44e2-86db-fec0ea239f53	X	88773397	92933181	1021	0.1141
3f50fa02-5bd6-44e2-86db-fec0ea239f53	X	92935337	93129013	61	0.053
3f50fa02-5bd6-44e2-86db-fec0ea239f53	X	93129040	93626839	147	-0.272
3f50fa02-5bd6-44e2-86db-fec0ea239f53	X	93636740	97308059	1296	0.0432
3f50fa02-5bd6-44e2-86db-fec0ea239f53	X	97315308	97393295	34	-0.1313
3f50fa02-5bd6-44e2-86db-fec0ea239f53	X	97395301	97595986	58	-0.243
3f50fa02-5bd6-44e2-86db-fec0ea239f53	X	97596572	98165928	390	-0.4999
3f50fa02-5bd6-44e2-86db-fec0ea239f53	X	98171171	98278529	45	-0.1878
3f50fa02-5bd6-44e2-86db-fec0ea239f53	X	98280167	98322378	25	-0.6033
3f50fa02-5bd6-44e2-86db-fec0ea239f53	X	98324396	99758987	701	-0.196
3f50fa02-5bd6-44e2-86db-fec0ea239f53	X	99759117	100078765	182	-0.5221
3f50fa02-5bd6-44e2-86db-fec0ea239f53	X	100081083	101575217	682	-0.0741
3f50fa02-5bd6-44e2-86db-fec0ea239f53	X	101576043	101979711	239	-0.5159
3f50fa02-5bd6-44e2-86db-fec0ea239f53	X	101979800	110674624	3853	-0.2666
3f50fa02-5bd6-44e2-86db-fec0ea239f53	X	110674898	111057431	226	-0.563
3f50fa02-5bd6-44e2-86db-fec0ea239f53	X	111057799	132091863	9779	-0.1481
3f50fa02-5bd6-44e2-86db-fec0ea239f53	X	132093125	132117671	21	-0.0361
3f50fa02-5bd6-44e2-86db-fec0ea239f53	X	132119333	132542204	184	0.4749
3f50fa02-5bd6-44e2-86db-fec0ea239f53	X	132542734	136728521	1715	0.225
3f50fa02-5bd6-44e2-86db-fec0ea239f53	X	136730465	137100200	177	0.5321
3f50fa02-5bd6-44e2-86db-fec0ea239f53	X	137114157	142217314	2029	0.1925
3f50fa02-5bd6-44e2-86db-fec0ea239f53	X	142217770	147363630	3034	0.2766
3f50fa02-5bd6-44e2-86db-fec0ea239f53	X	147365825	147818235	315	0.3612
3f50fa02-5bd6-44e2-86db-fec0ea239f53	X	147818317	148393982	350	0.2657
3f50fa02-5bd6-44e2-86db-fec0ea239f53	X	148394606	155677414	2521	0.3653
