GDC_Aliquot	Chromosome	Start	End	Num_Probes	Segment_Mean
980b26cd-21a6-4517-826c-71f21874bfb1	1	3301765	18269534	8233	-0.1119
980b26cd-21a6-4517-826c-71f21874bfb1	1	18270638	36418345	9437	0.0907
980b26cd-21a6-4517-826c-71f21874bfb1	1	36422937	40371809	2171	-0.1016
980b26cd-21a6-4517-826c-71f21874bfb1	1	40372964	43088980	1617	-0.3297
980b26cd-21a6-4517-826c-71f21874bfb1	1	43093757	55321740	6404	-0.0728
980b26cd-21a6-4517-826c-71f21874bfb1	1	55322085	56638292	1041	0.2961
980b26cd-21a6-4517-826c-71f21874bfb1	1	56644278	58141919	1298	0.1481
980b26cd-21a6-4517-826c-71f21874bfb1	1	58141994	73863825	10148	-0.0656
980b26cd-21a6-4517-826c-71f21874bfb1	1	73864566	73921975	50	0.374
980b26cd-21a6-4517-826c-71f21874bfb1	1	73923205	240655348	85214	-0.0721
980b26cd-21a6-4517-826c-71f21874bfb1	1	240657216	240657773	3	-2.6263
980b26cd-21a6-4517-826c-71f21874bfb1	1	240662000	247650984	3788	-0.0742
980b26cd-21a6-4517-826c-71f21874bfb1	2	480597	47487538	28497	-0.0697
980b26cd-21a6-4517-826c-71f21874bfb1	2	47493281	69182882	12235	-0.0327
980b26cd-21a6-4517-826c-71f21874bfb1	2	69186808	131672061	28228	-0.0678
980b26cd-21a6-4517-826c-71f21874bfb1	2	131674651	227938638	55020	-0.0558
980b26cd-21a6-4517-826c-71f21874bfb1	2	227938921	228102344	116	-0.0867
980b26cd-21a6-4517-826c-71f21874bfb1	2	228104450	228106326	2	-1.4078
980b26cd-21a6-4517-826c-71f21874bfb1	2	228106362	234783051	3794	-0.08
980b26cd-21a6-4517-826c-71f21874bfb1	2	234783831	234820511	39	-0.3677
980b26cd-21a6-4517-826c-71f21874bfb1	2	234820586	235594357	489	-0.0949
980b26cd-21a6-4517-826c-71f21874bfb1	2	235594686	236953839	900	-0.3348
980b26cd-21a6-4517-826c-71f21874bfb1	2	236956338	241537572	2594	-0.0911
980b26cd-21a6-4517-826c-71f21874bfb1	3	2170634	2323933	129	0.8054
980b26cd-21a6-4517-826c-71f21874bfb1	3	2780268	3216204	347	0.3805
980b26cd-21a6-4517-826c-71f21874bfb1	3	3216718	11052147	4789	0.5055
980b26cd-21a6-4517-826c-71f21874bfb1	3	11054444	11066468	8	0.2693
980b26cd-21a6-4517-826c-71f21874bfb1	3	11088334	25195905	8334	0.6354
980b26cd-21a6-4517-826c-71f21874bfb1	3	25199704	47821089	13435	-0.0708
980b26cd-21a6-4517-826c-71f21874bfb1	3	47825983	48043041	85	0.2109
980b26cd-21a6-4517-826c-71f21874bfb1	3	48045408	57794347	5221	-0.0861
980b26cd-21a6-4517-826c-71f21874bfb1	3	57796455	58182679	214	0.656
980b26cd-21a6-4517-826c-71f21874bfb1	3	58183745	118473272	32455	-0.071
980b26cd-21a6-4517-826c-71f21874bfb1	3	118473396	118529733	41	0.4026
980b26cd-21a6-4517-826c-71f21874bfb1	3	118530269	135306608	9685	-0.079
980b26cd-21a6-4517-826c-71f21874bfb1	3	135307320	138490502	1502	0.6323
980b26cd-21a6-4517-826c-71f21874bfb1	3	138490718	188076590	25686	-0.0686
980b26cd-21a6-4517-826c-71f21874bfb1	3	188076971	188229356	121	0.146
980b26cd-21a6-4517-826c-71f21874bfb1	3	188229437	194673832	4038	-0.0772
980b26cd-21a6-4517-826c-71f21874bfb1	3	194674033	195423709	398	0.6232
980b26cd-21a6-4517-826c-71f21874bfb1	3	195428692	196770477	294	-0.1137
980b26cd-21a6-4517-826c-71f21874bfb1	3	197242908	197812401	152	0.6469
980b26cd-21a6-4517-826c-71f21874bfb1	4	1059384	5885561	2463	0.4189
980b26cd-21a6-4517-826c-71f21874bfb1	4	5893698	7814012	1396	0.2781
980b26cd-21a6-4517-826c-71f21874bfb1	4	7815761	7822453	7	0.5111
980b26cd-21a6-4517-826c-71f21874bfb1	4	7825324	8692113	457	-0.1123
980b26cd-21a6-4517-826c-71f21874bfb1	4	8692663	15080861	4133	0.102
980b26cd-21a6-4517-826c-71f21874bfb1	4	15082639	25783824	7092	-0.0772
980b26cd-21a6-4517-826c-71f21874bfb1	4	25784205	28296795	1593	-0.3192
980b26cd-21a6-4517-826c-71f21874bfb1	4	28301080	29190232	547	0.1419
980b26cd-21a6-4517-826c-71f21874bfb1	4	29190593	35157086	3379	0.2962
980b26cd-21a6-4517-826c-71f21874bfb1	4	35157288	35157455	2	-2.1105
980b26cd-21a6-4517-826c-71f21874bfb1	4	35157570	35455872	164	0.325
980b26cd-21a6-4517-826c-71f21874bfb1	4	35467408	35592812	102	0.073
980b26cd-21a6-4517-826c-71f21874bfb1	4	35593290	37753344	1454	0.3023
980b26cd-21a6-4517-826c-71f21874bfb1	4	37754191	38573778	604	0.1132
980b26cd-21a6-4517-826c-71f21874bfb1	4	38574354	40346603	881	0.276
980b26cd-21a6-4517-826c-71f21874bfb1	4	40347202	40379193	28	0.5556
980b26cd-21a6-4517-826c-71f21874bfb1	4	40381978	40544227	91	0.118
980b26cd-21a6-4517-826c-71f21874bfb1	4	40546040	40946757	215	0.4867
980b26cd-21a6-4517-826c-71f21874bfb1	4	40950344	41495073	385	0.1494
980b26cd-21a6-4517-826c-71f21874bfb1	4	41498175	41983461	304	0.3332
980b26cd-21a6-4517-826c-71f21874bfb1	4	41984223	42188674	110	0.2302
980b26cd-21a6-4517-826c-71f21874bfb1	4	42191773	43785042	748	0.133
980b26cd-21a6-4517-826c-71f21874bfb1	4	43785462	44667194	418	-0.3248
980b26cd-21a6-4517-826c-71f21874bfb1	4	44671084	47301125	1270	0.1351
980b26cd-21a6-4517-826c-71f21874bfb1	4	47301160	47893218	361	0.3214
980b26cd-21a6-4517-826c-71f21874bfb1	4	47898186	47934955	21	0.1576
980b26cd-21a6-4517-826c-71f21874bfb1	4	47935625	48067890	78	-0.3328
980b26cd-21a6-4517-826c-71f21874bfb1	4	51832470	51887833	40	0.2709
980b26cd-21a6-4517-826c-71f21874bfb1	4	51890435	52128029	131	0.3724
980b26cd-21a6-4517-826c-71f21874bfb1	4	52129371	52313154	111	0.527
980b26cd-21a6-4517-826c-71f21874bfb1	4	52313677	52434150	65	0.6868
980b26cd-21a6-4517-826c-71f21874bfb1	4	52434512	54227808	1064	0.4832
980b26cd-21a6-4517-826c-71f21874bfb1	4	54236287	54308370	145	0.3901
980b26cd-21a6-4517-826c-71f21874bfb1	4	54315748	58502393	2701	-0.0527
980b26cd-21a6-4517-826c-71f21874bfb1	4	58505823	58769803	156	0.6779
980b26cd-21a6-4517-826c-71f21874bfb1	4	58770287	60626202	1101	-0.0649
980b26cd-21a6-4517-826c-71f21874bfb1	4	60644977	81998648	11530	0.0852
980b26cd-21a6-4517-826c-71f21874bfb1	4	82003995	82005724	6	0.8097
980b26cd-21a6-4517-826c-71f21874bfb1	4	82006035	82732057	425	0.0825
980b26cd-21a6-4517-826c-71f21874bfb1	4	82732709	84160989	867	-0.0645
980b26cd-21a6-4517-826c-71f21874bfb1	4	84161085	89848773	3434	0.1716
980b26cd-21a6-4517-826c-71f21874bfb1	4	89849104	90201247	140	0.7807
980b26cd-21a6-4517-826c-71f21874bfb1	4	90201318	90986161	439	0.6648
980b26cd-21a6-4517-826c-71f21874bfb1	4	90986619	91322925	234	-0.1137
980b26cd-21a6-4517-826c-71f21874bfb1	4	91323149	91401656	44	0.2806
980b26cd-21a6-4517-826c-71f21874bfb1	4	91407153	103099624	6317	-0.0644
980b26cd-21a6-4517-826c-71f21874bfb1	4	103099789	103391940	138	0.1588
980b26cd-21a6-4517-826c-71f21874bfb1	4	103394996	146403485	23547	-0.0604
980b26cd-21a6-4517-826c-71f21874bfb1	4	146404773	148234218	1094	0.1434
980b26cd-21a6-4517-826c-71f21874bfb1	4	148234776	148235933	3	-1.0239
980b26cd-21a6-4517-826c-71f21874bfb1	4	148248906	149402973	568	0.1356
980b26cd-21a6-4517-826c-71f21874bfb1	4	149403092	149566419	81	-0.0958
980b26cd-21a6-4517-826c-71f21874bfb1	4	149571184	150244573	385	0.1231
980b26cd-21a6-4517-826c-71f21874bfb1	4	150245085	150245782	4	-0.7072
980b26cd-21a6-4517-826c-71f21874bfb1	4	150248148	154831156	2501	0.1533
980b26cd-21a6-4517-826c-71f21874bfb1	4	154831984	155856726	677	0.324
980b26cd-21a6-4517-826c-71f21874bfb1	4	155868459	157649327	1101	0.1464
980b26cd-21a6-4517-826c-71f21874bfb1	4	157649392	157962144	187	0.3329
980b26cd-21a6-4517-826c-71f21874bfb1	4	157962922	187842528	15689	0.134
980b26cd-21a6-4517-826c-71f21874bfb1	5	913983	5542466	3198	0.4338
980b26cd-21a6-4517-826c-71f21874bfb1	5	5542733	12356620	4983	0.5733
980b26cd-21a6-4517-826c-71f21874bfb1	5	12357056	12767729	172	0.4552
980b26cd-21a6-4517-826c-71f21874bfb1	5	12769451	15331010	1587	0.8043
980b26cd-21a6-4517-826c-71f21874bfb1	5	15331022	15332903	11	0.327
980b26cd-21a6-4517-826c-71f21874bfb1	5	15333229	18498577	1397	0.8016
980b26cd-21a6-4517-826c-71f21874bfb1	5	18498828	18620152	67	0.6798
980b26cd-21a6-4517-826c-71f21874bfb1	5	18622325	20136661	786	0.5672
980b26cd-21a6-4517-826c-71f21874bfb1	5	20137233	21859843	693	0.6779
980b26cd-21a6-4517-826c-71f21874bfb1	5	21862054	22115481	133	1.072
980b26cd-21a6-4517-826c-71f21874bfb1	5	22124454	24935534	1592	0.6797
980b26cd-21a6-4517-826c-71f21874bfb1	5	24941984	25070595	74	0.7607
980b26cd-21a6-4517-826c-71f21874bfb1	5	25075962	26123922	462	1.0236
980b26cd-21a6-4517-826c-71f21874bfb1	5	26124982	26418795	166	0.7959
980b26cd-21a6-4517-826c-71f21874bfb1	5	26419189	30956277	2513	0.6975
980b26cd-21a6-4517-826c-71f21874bfb1	5	30959697	33944112	2132	0.8115
980b26cd-21a6-4517-826c-71f21874bfb1	5	34754143	35310875	359	0.1211
980b26cd-21a6-4517-826c-71f21874bfb1	5	35312485	37668430	1311	0.5741
980b26cd-21a6-4517-826c-71f21874bfb1	5	37669577	38252081	460	0.724
980b26cd-21a6-4517-826c-71f21874bfb1	5	38253280	44985349	3836	0.1259
980b26cd-21a6-4517-826c-71f21874bfb1	5	45004945	45009304	2	-1.4918
980b26cd-21a6-4517-826c-71f21874bfb1	5	45017755	67846619	10316	0.1383
980b26cd-21a6-4517-826c-71f21874bfb1	5	67856946	69016227	785	-0.0903
980b26cd-21a6-4517-826c-71f21874bfb1	5	69016721	71854585	485	0.1075
980b26cd-21a6-4517-826c-71f21874bfb1	5	71858967	149576469	43854	-0.0684
980b26cd-21a6-4517-826c-71f21874bfb1	5	149579015	156279879	4403	0.0307
980b26cd-21a6-4517-826c-71f21874bfb1	5	156280280	156682820	294	-0.0977
980b26cd-21a6-4517-826c-71f21874bfb1	5	156685690	156840971	98	0.0022
980b26cd-21a6-4517-826c-71f21874bfb1	5	156844281	172573324	10291	0.061
980b26cd-21a6-4517-826c-71f21874bfb1	5	172573775	180934240	4431	-0.0092
980b26cd-21a6-4517-826c-71f21874bfb1	6	1011760	1417485	389	-0.3424
980b26cd-21a6-4517-826c-71f21874bfb1	6	1417925	1418652	2	-2.2326
980b26cd-21a6-4517-826c-71f21874bfb1	6	1418932	2431531	652	-0.329
980b26cd-21a6-4517-826c-71f21874bfb1	6	2432173	31229737	18304	-0.076
980b26cd-21a6-4517-826c-71f21874bfb1	6	31230932	38907976	3455	-0.3389
980b26cd-21a6-4517-826c-71f21874bfb1	6	38908006	38912519	6	-0.112
980b26cd-21a6-4517-826c-71f21874bfb1	6	38914118	39184681	206	0.1317
980b26cd-21a6-4517-826c-71f21874bfb1	6	39190738	39222511	35	-0.2956
980b26cd-21a6-4517-826c-71f21874bfb1	6	39223062	45382126	3747	0.1505
980b26cd-21a6-4517-826c-71f21874bfb1	6	45382140	107735306	32844	-0.0668
980b26cd-21a6-4517-826c-71f21874bfb1	6	107738227	107806347	56	0.2498
980b26cd-21a6-4517-826c-71f21874bfb1	6	107808041	108197478	246	-0.0737
980b26cd-21a6-4517-826c-71f21874bfb1	6	108204013	108677750	235	0.1263
980b26cd-21a6-4517-826c-71f21874bfb1	6	108679539	109473131	487	-0.0661
980b26cd-21a6-4517-826c-71f21874bfb1	6	109473426	111003292	916	0.1943
980b26cd-21a6-4517-826c-71f21874bfb1	6	111003552	141536514	17929	-0.0581
980b26cd-21a6-4517-826c-71f21874bfb1	6	141540508	142045397	243	0.6677
980b26cd-21a6-4517-826c-71f21874bfb1	6	142048204	170596889	17172	-0.0692
980b26cd-21a6-4517-826c-71f21874bfb1	7	664936	743634	18	0.1499
980b26cd-21a6-4517-826c-71f21874bfb1	7	745923	8761082	3326	0.2979
980b26cd-21a6-4517-826c-71f21874bfb1	7	9192894	11122836	839	0.119
980b26cd-21a6-4517-826c-71f21874bfb1	7	11124213	11220369	87	0.4215
980b26cd-21a6-4517-826c-71f21874bfb1	7	11221195	11441686	179	0.5505
980b26cd-21a6-4517-826c-71f21874bfb1	7	11442551	11813382	296	0.7035
980b26cd-21a6-4517-826c-71f21874bfb1	7	11814030	12224099	347	0.5763
980b26cd-21a6-4517-826c-71f21874bfb1	7	12224525	13233107	631	0.7177
980b26cd-21a6-4517-826c-71f21874bfb1	7	13235917	13282262	30	0.4338
980b26cd-21a6-4517-826c-71f21874bfb1	7	13282560	13354998	49	0.7676
980b26cd-21a6-4517-826c-71f21874bfb1	7	13359070	13377022	14	1.5063
980b26cd-21a6-4517-826c-71f21874bfb1	7	13384786	13465171	77	0.8173
980b26cd-21a6-4517-826c-71f21874bfb1	7	13477329	14568002	930	1.3619
980b26cd-21a6-4517-826c-71f21874bfb1	7	14578880	14592928	13	0.9503
980b26cd-21a6-4517-826c-71f21874bfb1	7	14594975	14774407	118	0.8313
980b26cd-21a6-4517-826c-71f21874bfb1	7	14777143	15148740	254	0.5995
980b26cd-21a6-4517-826c-71f21874bfb1	7	15149207	15171470	14	1.2346
980b26cd-21a6-4517-826c-71f21874bfb1	7	15173752	15272416	55	0.5811
980b26cd-21a6-4517-826c-71f21874bfb1	7	15278112	15294345	10	1.3195
980b26cd-21a6-4517-826c-71f21874bfb1	7	15333569	15382200	23	0.3682
980b26cd-21a6-4517-826c-71f21874bfb1	7	15437267	15457784	38	1.1878
980b26cd-21a6-4517-826c-71f21874bfb1	7	15461893	16204575	567	0.5741
980b26cd-21a6-4517-826c-71f21874bfb1	7	16204783	16633224	284	0.9112
980b26cd-21a6-4517-826c-71f21874bfb1	7	16637518	20656022	1748	0.5806
980b26cd-21a6-4517-826c-71f21874bfb1	7	20656075	21112080	311	0.2366
980b26cd-21a6-4517-826c-71f21874bfb1	7	21120838	21144747	32	1.0829
980b26cd-21a6-4517-826c-71f21874bfb1	7	21145393	21155965	13	1.5051
980b26cd-21a6-4517-826c-71f21874bfb1	7	21157471	21269669	76	1.0812
980b26cd-21a6-4517-826c-71f21874bfb1	7	21271024	21337166	61	1.3444
980b26cd-21a6-4517-826c-71f21874bfb1	7	21346171	21393994	39	0.7134
980b26cd-21a6-4517-826c-71f21874bfb1	7	21397046	21488214	54	1.2926
980b26cd-21a6-4517-826c-71f21874bfb1	7	21488706	21568772	45	1.6587
980b26cd-21a6-4517-826c-71f21874bfb1	7	21572701	21746829	130	1.3032
980b26cd-21a6-4517-826c-71f21874bfb1	7	21748989	22128608	308	1.0646
980b26cd-21a6-4517-826c-71f21874bfb1	7	22129460	23343516	873	0.1291
980b26cd-21a6-4517-826c-71f21874bfb1	7	23344020	24119329	468	1.0112
980b26cd-21a6-4517-826c-71f21874bfb1	7	24120160	25140217	849	0.1416
980b26cd-21a6-4517-826c-71f21874bfb1	7	25142786	25521085	319	1.0227
980b26cd-21a6-4517-826c-71f21874bfb1	7	25523928	25632885	103	0.164
980b26cd-21a6-4517-826c-71f21874bfb1	7	25636331	25648208	13	1.1691
980b26cd-21a6-4517-826c-71f21874bfb1	7	25650887	26553157	553	0.1267
980b26cd-21a6-4517-826c-71f21874bfb1	7	26554026	26821826	214	0.3297
980b26cd-21a6-4517-826c-71f21874bfb1	7	26824554	26895550	33	1.2099
980b26cd-21a6-4517-826c-71f21874bfb1	7	26896920	26919963	16	0.2928
980b26cd-21a6-4517-826c-71f21874bfb1	7	26920689	29075310	1474	1.1105
980b26cd-21a6-4517-826c-71f21874bfb1	7	29075638	29820943	221	0.9657
980b26cd-21a6-4517-826c-71f21874bfb1	7	29825388	30204671	257	1.0936
980b26cd-21a6-4517-826c-71f21874bfb1	7	30205297	31702436	994	0.2937
980b26cd-21a6-4517-826c-71f21874bfb1	7	31704966	31945366	178	0.4385
980b26cd-21a6-4517-826c-71f21874bfb1	7	31947262	34295345	1491	0.3027
980b26cd-21a6-4517-826c-71f21874bfb1	7	34296445	34628551	220	1.0648
980b26cd-21a6-4517-826c-71f21874bfb1	7	34643220	34892995	146	0.2872
980b26cd-21a6-4517-826c-71f21874bfb1	7	34894270	36140264	804	-0.3237
980b26cd-21a6-4517-826c-71f21874bfb1	7	36141891	36242099	100	0.8469
980b26cd-21a6-4517-826c-71f21874bfb1	7	36242119	36394824	97	1.3883
980b26cd-21a6-4517-826c-71f21874bfb1	7	36397297	36673086	225	0.856
980b26cd-21a6-4517-826c-71f21874bfb1	7	36678221	36741096	46	-0.3145
980b26cd-21a6-4517-826c-71f21874bfb1	7	36742238	36762554	25	0.9043
980b26cd-21a6-4517-826c-71f21874bfb1	7	36763358	37557900	596	-0.3011
980b26cd-21a6-4517-826c-71f21874bfb1	7	37561943	37602508	40	0.8325
980b26cd-21a6-4517-826c-71f21874bfb1	7	37606893	37625842	9	1.3548
980b26cd-21a6-4517-826c-71f21874bfb1	7	37626246	38381277	452	0.8616
980b26cd-21a6-4517-826c-71f21874bfb1	7	38383956	41412542	1889	-0.3106
980b26cd-21a6-4517-826c-71f21874bfb1	7	41413144	41838419	314	0.8713
980b26cd-21a6-4517-826c-71f21874bfb1	7	41842624	52527504	6857	-0.3243
980b26cd-21a6-4517-826c-71f21874bfb1	7	52527617	55629026	2170	-0.0748
980b26cd-21a6-4517-826c-71f21874bfb1	7	55631059	57864241	432	0.1167
980b26cd-21a6-4517-826c-71f21874bfb1	7	57876479	96697981	15698	-0.0776
980b26cd-21a6-4517-826c-71f21874bfb1	7	96701164	99124955	1166	0.1331
980b26cd-21a6-4517-826c-71f21874bfb1	7	99125563	102383740	1243	0.0824
980b26cd-21a6-4517-826c-71f21874bfb1	7	102383801	124093850	11646	0.1344
980b26cd-21a6-4517-826c-71f21874bfb1	7	124100714	128780854	2461	-0.3032
980b26cd-21a6-4517-826c-71f21874bfb1	7	128781081	129275892	234	-0.0591
980b26cd-21a6-4517-826c-71f21874bfb1	7	129277034	148504037	10703	-0.3194
980b26cd-21a6-4517-826c-71f21874bfb1	7	148504038	152502813	1848	-0.0768
980b26cd-21a6-4517-826c-71f21874bfb1	7	152503451	158592540	3229	-0.3367
980b26cd-21a6-4517-826c-71f21874bfb1	8	667625	867737	121	1.21
980b26cd-21a6-4517-826c-71f21874bfb1	8	868749	1822296	425	1.5095
980b26cd-21a6-4517-826c-71f21874bfb1	8	1822408	2116413	202	1.2211
980b26cd-21a6-4517-826c-71f21874bfb1	8	2117303	2166022	38	0.9022
980b26cd-21a6-4517-826c-71f21874bfb1	8	2849664	3515693	607	0.2745
980b26cd-21a6-4517-826c-71f21874bfb1	8	3519085	3569258	63	0.5977
980b26cd-21a6-4517-826c-71f21874bfb1	8	3569631	3571547	4	1.3035
980b26cd-21a6-4517-826c-71f21874bfb1	8	3573128	3882670	213	0.5419
980b26cd-21a6-4517-826c-71f21874bfb1	8	3883274	4231716	204	0.4185
980b26cd-21a6-4517-826c-71f21874bfb1	8	4243452	5390815	772	0.534
980b26cd-21a6-4517-826c-71f21874bfb1	8	6348805	6429154	72	0.8325
980b26cd-21a6-4517-826c-71f21874bfb1	8	6430195	6752642	319	0.5957
980b26cd-21a6-4517-826c-71f21874bfb1	8	6753586	6787873	43	1.3371
980b26cd-21a6-4517-826c-71f21874bfb1	8	6794403	6967890	153	0.6745
980b26cd-21a6-4517-826c-71f21874bfb1	8	6968014	9917508	973	-0.0775
980b26cd-21a6-4517-826c-71f21874bfb1	8	9918006	10116622	151	-0.3965
980b26cd-21a6-4517-826c-71f21874bfb1	8	10518434	11035856	388	0.2876
980b26cd-21a6-4517-826c-71f21874bfb1	8	11036638	11188885	102	0.4795
980b26cd-21a6-4517-826c-71f21874bfb1	8	11192900	11205494	8	1.4139
980b26cd-21a6-4517-826c-71f21874bfb1	8	11207049	11639119	277	1.0863
980b26cd-21a6-4517-826c-71f21874bfb1	8	11639177	11695846	34	1.314
980b26cd-21a6-4517-826c-71f21874bfb1	8	11707578	11801118	69	0.4442
980b26cd-21a6-4517-826c-71f21874bfb1	8	12704441	14778447	1647	-0.0892
980b26cd-21a6-4517-826c-71f21874bfb1	8	14778813	16724609	1279	0.1371
980b26cd-21a6-4517-826c-71f21874bfb1	8	16728427	29425043	9100	-0.0815
980b26cd-21a6-4517-826c-71f21874bfb1	8	29427236	35970296	3902	-0.3276
980b26cd-21a6-4517-826c-71f21874bfb1	8	35973528	38082834	1024	-0.0628
980b26cd-21a6-4517-826c-71f21874bfb1	8	38084349	38245581	63	1.0378
980b26cd-21a6-4517-826c-71f21874bfb1	8	38248363	38248759	14	0.5833
980b26cd-21a6-4517-826c-71f21874bfb1	8	38248978	38852497	278	1.0722
980b26cd-21a6-4517-826c-71f21874bfb1	8	38853098	46547532	2484	-0.08
980b26cd-21a6-4517-826c-71f21874bfb1	8	46549323	46967391	177	0.8769
980b26cd-21a6-4517-826c-71f21874bfb1	8	46967718	47724528	263	1.1097
980b26cd-21a6-4517-826c-71f21874bfb1	8	47728887	47894613	76	0.0568
980b26cd-21a6-4517-826c-71f21874bfb1	8	47894691	52817061	2668	-0.073
980b26cd-21a6-4517-826c-71f21874bfb1	8	52818083	52944147	91	0.1887
980b26cd-21a6-4517-826c-71f21874bfb1	8	52948564	57287943	2540	-0.0685
980b26cd-21a6-4517-826c-71f21874bfb1	8	57292070	57383200	63	0.1738
980b26cd-21a6-4517-826c-71f21874bfb1	8	57385513	65096267	4731	-0.0578
980b26cd-21a6-4517-826c-71f21874bfb1	8	65096941	65432752	194	0.1437
980b26cd-21a6-4517-826c-71f21874bfb1	8	65435530	75321260	5903	-0.0581
980b26cd-21a6-4517-826c-71f21874bfb1	8	75321996	77713480	1342	0.028
980b26cd-21a6-4517-826c-71f21874bfb1	8	77717977	77899795	72	1.2035
980b26cd-21a6-4517-826c-71f21874bfb1	8	77901531	79797186	1052	0.0264
980b26cd-21a6-4517-826c-71f21874bfb1	8	79800865	79822890	19	0.9545
980b26cd-21a6-4517-826c-71f21874bfb1	8	79823286	79855367	25	1.2361
980b26cd-21a6-4517-826c-71f21874bfb1	8	79856637	79874413	9	0.9327
980b26cd-21a6-4517-826c-71f21874bfb1	8	79876714	109138485	16255	0.0253
980b26cd-21a6-4517-826c-71f21874bfb1	8	109138863	114389640	2711	-0.0102
980b26cd-21a6-4517-826c-71f21874bfb1	8	114392398	115375423	455	0.7194
980b26cd-21a6-4517-826c-71f21874bfb1	8	115378684	115744962	221	0.8252
980b26cd-21a6-4517-826c-71f21874bfb1	8	115746498	115852763	63	0.7199
980b26cd-21a6-4517-826c-71f21874bfb1	8	115855264	116418453	321	0.0339
980b26cd-21a6-4517-826c-71f21874bfb1	8	116425393	116520854	68	-0.2569
980b26cd-21a6-4517-826c-71f21874bfb1	8	116521066	117391028	566	0.0283
980b26cd-21a6-4517-826c-71f21874bfb1	8	117391166	123963614	4455	-0.2087
980b26cd-21a6-4517-826c-71f21874bfb1	8	123966472	124720879	478	0.0797
980b26cd-21a6-4517-826c-71f21874bfb1	8	124729925	132072142	5092	-0.2223
980b26cd-21a6-4517-826c-71f21874bfb1	8	132072961	132530968	393	1.0186
980b26cd-21a6-4517-826c-71f21874bfb1	8	132537077	136945309	3294	-0.2203
980b26cd-21a6-4517-826c-71f21874bfb1	8	136949463	138234784	1016	0.2055
980b26cd-21a6-4517-826c-71f21874bfb1	8	138234866	138390083	155	0.5701
980b26cd-21a6-4517-826c-71f21874bfb1	8	138390576	138401847	5	0.1072
980b26cd-21a6-4517-826c-71f21874bfb1	8	138405136	140314964	1523	-0.264
980b26cd-21a6-4517-826c-71f21874bfb1	8	140318930	144123152	705	0.3052
980b26cd-21a6-4517-826c-71f21874bfb1	8	144164776	144182542	10	-0.269
980b26cd-21a6-4517-826c-71f21874bfb1	9	789794	805002	32	-0.6758
980b26cd-21a6-4517-826c-71f21874bfb1	9	811548	4184968	2444	-0.2011
980b26cd-21a6-4517-826c-71f21874bfb1	9	4185441	4334720	90	-0.6319
980b26cd-21a6-4517-826c-71f21874bfb1	9	4338987	4378727	34	-0.0965
980b26cd-21a6-4517-826c-71f21874bfb1	9	4380484	4425995	43	-0.7145
980b26cd-21a6-4517-826c-71f21874bfb1	9	4426631	4468892	46	-0.101
980b26cd-21a6-4517-826c-71f21874bfb1	9	4473481	4673941	136	-0.5841
980b26cd-21a6-4517-826c-71f21874bfb1	9	4677647	5998501	742	-0.0454
980b26cd-21a6-4517-826c-71f21874bfb1	9	6000195	21294511	9657	-0.3187
980b26cd-21a6-4517-826c-71f21874bfb1	9	21294550	24934409	2280	-0.5963
980b26cd-21a6-4517-826c-71f21874bfb1	9	24934493	24934861	2	-2.5297
980b26cd-21a6-4517-826c-71f21874bfb1	9	24935110	29057745	2253	-0.6182
980b26cd-21a6-4517-826c-71f21874bfb1	9	29061612	30289029	625	-0.0782
980b26cd-21a6-4517-826c-71f21874bfb1	9	30289313	31574890	676	-0.3057
980b26cd-21a6-4517-826c-71f21874bfb1	9	31577015	31894726	223	0.1313
980b26cd-21a6-4517-826c-71f21874bfb1	9	31894766	31918288	16	0.0556
980b26cd-21a6-4517-826c-71f21874bfb1	9	31921474	31973638	33	-0.2973
980b26cd-21a6-4517-826c-71f21874bfb1	9	31974715	32145132	145	0.1117
980b26cd-21a6-4517-826c-71f21874bfb1	9	32146318	32187427	28	-0.2921
980b26cd-21a6-4517-826c-71f21874bfb1	9	32191136	32218528	26	0.1445
980b26cd-21a6-4517-826c-71f21874bfb1	9	32218799	32224468	8	-0.2513
980b26cd-21a6-4517-826c-71f21874bfb1	9	32233407	32244236	11	0.1671
980b26cd-21a6-4517-826c-71f21874bfb1	9	32245335	32282980	31	-0.387
980b26cd-21a6-4517-826c-71f21874bfb1	9	32283013	32339480	38	0.0521
980b26cd-21a6-4517-826c-71f21874bfb1	9	32343184	32561303	128	-0.2833
980b26cd-21a6-4517-826c-71f21874bfb1	9	32561706	32671599	64	0.1506
980b26cd-21a6-4517-826c-71f21874bfb1	9	32675419	32726650	47	-0.3333
980b26cd-21a6-4517-826c-71f21874bfb1	9	32738074	32859236	95	-0.0697
980b26cd-21a6-4517-826c-71f21874bfb1	9	32861994	32943578	77	0.292
980b26cd-21a6-4517-826c-71f21874bfb1	9	32948864	32996866	33	-0.1166
980b26cd-21a6-4517-826c-71f21874bfb1	9	32998239	33020502	32	0.3222
980b26cd-21a6-4517-826c-71f21874bfb1	9	33020599	34614766	892	-0.0941
980b26cd-21a6-4517-826c-71f21874bfb1	9	34617766	34804780	95	0.3235
980b26cd-21a6-4517-826c-71f21874bfb1	9	34811273	36453179	848	-0.0812
980b26cd-21a6-4517-826c-71f21874bfb1	9	36457449	37013537	428	0.1845
980b26cd-21a6-4517-826c-71f21874bfb1	9	37013848	37918948	501	0.2845
980b26cd-21a6-4517-826c-71f21874bfb1	9	37921690	38070923	107	-0.1122
980b26cd-21a6-4517-826c-71f21874bfb1	9	38071508	38357068	209	0.2697
980b26cd-21a6-4517-826c-71f21874bfb1	9	38360494	38536839	164	-0.0976
980b26cd-21a6-4517-826c-71f21874bfb1	9	38537128	68435779	192	0.2428
980b26cd-21a6-4517-826c-71f21874bfb1	9	68437540	100982205	21809	-0.0794
980b26cd-21a6-4517-826c-71f21874bfb1	9	100990896	101843280	598	0.4411
980b26cd-21a6-4517-826c-71f21874bfb1	9	101844841	104868539	1652	0.1255
980b26cd-21a6-4517-826c-71f21874bfb1	9	104868614	104868630	2	-1.0978
980b26cd-21a6-4517-826c-71f21874bfb1	9	104868654	105220511	314	0.1105
980b26cd-21a6-4517-826c-71f21874bfb1	9	105220896	105222893	3	0.9988
980b26cd-21a6-4517-826c-71f21874bfb1	9	105223206	108898870	2687	0.1239
980b26cd-21a6-4517-826c-71f21874bfb1	9	108900070	108900127	2	-1.1433
980b26cd-21a6-4517-826c-71f21874bfb1	9	108901513	130683734	14046	0.1182
980b26cd-21a6-4517-826c-71f21874bfb1	9	130684248	133701837	2040	0.0467
980b26cd-21a6-4517-826c-71f21874bfb1	9	133705967	138044505	1640	0.3803
980b26cd-21a6-4517-826c-71f21874bfb1	10	366509	36175843	24835	0.0936
980b26cd-21a6-4517-826c-71f21874bfb1	10	36177125	36256684	62	-0.071
980b26cd-21a6-4517-826c-71f21874bfb1	10	36257477	36258245	2	-1.3765
980b26cd-21a6-4517-826c-71f21874bfb1	10	36258694	36575047	235	-0.0838
980b26cd-21a6-4517-826c-71f21874bfb1	10	36579396	36931281	224	0.088
980b26cd-21a6-4517-826c-71f21874bfb1	10	36931426	90021317	28589	-0.0835
980b26cd-21a6-4517-826c-71f21874bfb1	10	90025657	90422417	255	0.1332
980b26cd-21a6-4517-826c-71f21874bfb1	10	90430072	111049040	12175	-0.0851
980b26cd-21a6-4517-826c-71f21874bfb1	10	111053124	111328352	233	0.6046
980b26cd-21a6-4517-826c-71f21874bfb1	10	111334847	128159535	12060	-0.0845
980b26cd-21a6-4517-826c-71f21874bfb1	10	128160683	129458321	1039	0.1565
980b26cd-21a6-4517-826c-71f21874bfb1	10	129464651	129477956	16	-0.5238
980b26cd-21a6-4517-826c-71f21874bfb1	10	129478626	132245752	1094	0.1707
980b26cd-21a6-4517-826c-71f21874bfb1	10	132247418	133411599	289	-0.1204
980b26cd-21a6-4517-826c-71f21874bfb1	11	456012	3733898	1067	-0.0865
980b26cd-21a6-4517-826c-71f21874bfb1	11	3742972	59726914	31444	-0.0641
980b26cd-21a6-4517-826c-71f21874bfb1	11	59728319	77154518	7919	-0.1013
980b26cd-21a6-4517-826c-71f21874bfb1	11	77157383	78839190	929	0.4206
980b26cd-21a6-4517-826c-71f21874bfb1	11	78840177	79577664	638	-0.0923
980b26cd-21a6-4517-826c-71f21874bfb1	11	79578818	83908703	2797	0.4455
980b26cd-21a6-4517-826c-71f21874bfb1	11	83909066	83962984	28	0.936
980b26cd-21a6-4517-826c-71f21874bfb1	11	83963670	84683476	366	1.5949
980b26cd-21a6-4517-826c-71f21874bfb1	11	84684308	85013889	164	1.9093
980b26cd-21a6-4517-826c-71f21874bfb1	11	85014784	85256848	147	0.8456
980b26cd-21a6-4517-826c-71f21874bfb1	11	85257460	86399214	642	0.4289
980b26cd-21a6-4517-826c-71f21874bfb1	11	86405595	87149569	538	0.5471
980b26cd-21a6-4517-826c-71f21874bfb1	11	87149809	87235913	61	1.1482
980b26cd-21a6-4517-826c-71f21874bfb1	11	87235947	87652717	284	0.5435
980b26cd-21a6-4517-826c-71f21874bfb1	11	87660289	87697831	32	1.173
980b26cd-21a6-4517-826c-71f21874bfb1	11	87702190	88676765	634	0.4493
980b26cd-21a6-4517-826c-71f21874bfb1	11	88676976	89023513	235	0.5972
980b26cd-21a6-4517-826c-71f21874bfb1	11	89025423	98906782	5828	0.1256
980b26cd-21a6-4517-826c-71f21874bfb1	11	98910941	100916271	1452	-0.0674
980b26cd-21a6-4517-826c-71f21874bfb1	11	100923145	101077620	259	0.1039
980b26cd-21a6-4517-826c-71f21874bfb1	11	101077691	101337916	229	-0.0794
980b26cd-21a6-4517-826c-71f21874bfb1	11	101337999	101476362	96	0.1261
980b26cd-21a6-4517-826c-71f21874bfb1	11	101479689	101858539	290	0.5767
980b26cd-21a6-4517-826c-71f21874bfb1	11	101863343	102701365	358	1.2491
980b26cd-21a6-4517-826c-71f21874bfb1	11	102701380	102705080	13	0.5428
980b26cd-21a6-4517-826c-71f21874bfb1	11	102708042	105152622	1402	0.1252
980b26cd-21a6-4517-826c-71f21874bfb1	11	105153312	105171231	14	0.3429
980b26cd-21a6-4517-826c-71f21874bfb1	11	105173531	108197889	1721	-0.2993
980b26cd-21a6-4517-826c-71f21874bfb1	11	108203629	108614694	196	0.6126
980b26cd-21a6-4517-826c-71f21874bfb1	11	108615390	108655341	25	1.3207
980b26cd-21a6-4517-826c-71f21874bfb1	11	108655920	109074093	262	0.5788
980b26cd-21a6-4517-826c-71f21874bfb1	11	109091953	109128494	28	1.2066
980b26cd-21a6-4517-826c-71f21874bfb1	11	109131216	109419868	164	0.6478
980b26cd-21a6-4517-826c-71f21874bfb1	11	109426482	112552118	1984	0.135
980b26cd-21a6-4517-826c-71f21874bfb1	11	112553659	113394570	639	-0.3113
980b26cd-21a6-4517-826c-71f21874bfb1	11	113396219	114141436	514	0.1062
980b26cd-21a6-4517-826c-71f21874bfb1	11	114141736	117292927	2256	-0.3233
980b26cd-21a6-4517-826c-71f21874bfb1	11	117303702	118182056	682	0.5339
980b26cd-21a6-4517-826c-71f21874bfb1	11	118182320	118319892	95	0.2872
980b26cd-21a6-4517-826c-71f21874bfb1	11	118336938	120195452	1226	-0.3181
980b26cd-21a6-4517-826c-71f21874bfb1	11	120201471	120385628	103	0.5444
980b26cd-21a6-4517-826c-71f21874bfb1	11	120386655	128399416	5774	-0.3177
980b26cd-21a6-4517-826c-71f21874bfb1	11	128401246	128404582	2	-2.4663
980b26cd-21a6-4517-826c-71f21874bfb1	11	128407340	134272740	3846	-0.3224
980b26cd-21a6-4517-826c-71f21874bfb1	12	780472	7739526	4162	0.2793
980b26cd-21a6-4517-826c-71f21874bfb1	12	7747338	24113750	9534	0.1222
980b26cd-21a6-4517-826c-71f21874bfb1	12	24117039	24117671	2	-1.2669
980b26cd-21a6-4517-826c-71f21874bfb1	12	24121444	25224758	627	0.134
980b26cd-21a6-4517-826c-71f21874bfb1	12	25224775	25224800	2	-1.1813
980b26cd-21a6-4517-826c-71f21874bfb1	12	25225056	43454595	7885	0.1255
980b26cd-21a6-4517-826c-71f21874bfb1	12	43458582	45405027	1069	0.2893
980b26cd-21a6-4517-826c-71f21874bfb1	12	45406048	71297868	15119	0.1167
980b26cd-21a6-4517-826c-71f21874bfb1	12	71300730	71612945	136	-0.3217
980b26cd-21a6-4517-826c-71f21874bfb1	12	71624019	96218953	14833	0.1216
980b26cd-21a6-4517-826c-71f21874bfb1	12	96219811	111150380	9372	-0.0906
980b26cd-21a6-4517-826c-71f21874bfb1	12	111152634	111221862	41	-0.6613
980b26cd-21a6-4517-826c-71f21874bfb1	12	111226280	115537985	2554	-0.1044
980b26cd-21a6-4517-826c-71f21874bfb1	12	115540252	115773675	240	-0.6708
980b26cd-21a6-4517-826c-71f21874bfb1	12	115775030	116030230	197	-0.0889
980b26cd-21a6-4517-826c-71f21874bfb1	12	116038615	116709114	429	0.3
980b26cd-21a6-4517-826c-71f21874bfb1	12	116720444	120015022	2102	-0.0924
980b26cd-21a6-4517-826c-71f21874bfb1	12	120021690	120077539	31	0.3023
980b26cd-21a6-4517-826c-71f21874bfb1	12	120078280	132523494	5858	-0.099
980b26cd-21a6-4517-826c-71f21874bfb1	12	132524678	132605822	11	0.1915
980b26cd-21a6-4517-826c-71f21874bfb1	13	18874255	33854556	9252	-0.3162
980b26cd-21a6-4517-826c-71f21874bfb1	13	33857257	33997475	86	0.5072
980b26cd-21a6-4517-826c-71f21874bfb1	13	33999808	106127748	42278	-0.3017
980b26cd-21a6-4517-826c-71f21874bfb1	13	106128215	114226675	5213	-0.3303
980b26cd-21a6-4517-826c-71f21874bfb1	14	20033191	20615274	387	0.5869
980b26cd-21a6-4517-826c-71f21874bfb1	14	20621300	20872492	170	-0.0679
980b26cd-21a6-4517-826c-71f21874bfb1	14	20964296	21102114	84	0.6809
980b26cd-21a6-4517-826c-71f21874bfb1	14	21104997	21393131	154	-0.0577
980b26cd-21a6-4517-826c-71f21874bfb1	14	21396898	22852150	150	0.1465
980b26cd-21a6-4517-826c-71f21874bfb1	14	22853404	23403732	215	0.5914
980b26cd-21a6-4517-826c-71f21874bfb1	14	23403883	23843784	288	0.7071
980b26cd-21a6-4517-826c-71f21874bfb1	14	23845836	25629217	1091	0.587
980b26cd-21a6-4517-826c-71f21874bfb1	14	25629345	25848096	145	0.8029
980b26cd-21a6-4517-826c-71f21874bfb1	14	25848819	25876443	20	0.5811
980b26cd-21a6-4517-826c-71f21874bfb1	14	25887875	27082212	779	-0.097
980b26cd-21a6-4517-826c-71f21874bfb1	14	27144154	28332868	522	0.5919
980b26cd-21a6-4517-826c-71f21874bfb1	14	28332925	28373210	16	-0.0145
980b26cd-21a6-4517-826c-71f21874bfb1	14	28375166	28478043	52	0.4469
980b26cd-21a6-4517-826c-71f21874bfb1	14	28481646	28594399	73	-0.0662
980b26cd-21a6-4517-826c-71f21874bfb1	14	28594626	28594671	2	-1.5042
980b26cd-21a6-4517-826c-71f21874bfb1	14	28598299	29294374	383	-0.0833
980b26cd-21a6-4517-826c-71f21874bfb1	14	29296222	29496518	99	0.4823
980b26cd-21a6-4517-826c-71f21874bfb1	14	29496927	105533894	45048	-0.0734
980b26cd-21a6-4517-826c-71f21874bfb1	15	23437561	27732041	2625	-0.3408
980b26cd-21a6-4517-826c-71f21874bfb1	15	27732688	33052209	1010	-0.1017
980b26cd-21a6-4517-826c-71f21874bfb1	15	33053612	33730363	620	0.1101
980b26cd-21a6-4517-826c-71f21874bfb1	15	33734057	44790815	6242	-0.3329
980b26cd-21a6-4517-826c-71f21874bfb1	15	44792349	47182685	1303	0.1063
980b26cd-21a6-4517-826c-71f21874bfb1	15	47185860	50885439	2274	-0.0837
980b26cd-21a6-4517-826c-71f21874bfb1	15	50886160	56601648	3718	0.1096
980b26cd-21a6-4517-826c-71f21874bfb1	15	56603809	59461887	1812	0.6669
980b26cd-21a6-4517-826c-71f21874bfb1	15	59463321	65680948	4127	0.2801
980b26cd-21a6-4517-826c-71f21874bfb1	15	65684384	65844346	69	0.6277
980b26cd-21a6-4517-826c-71f21874bfb1	15	65845978	66530699	467	0.2534
980b26cd-21a6-4517-826c-71f21874bfb1	15	66530925	66996316	353	0.6519
980b26cd-21a6-4517-826c-71f21874bfb1	15	66996900	68097369	691	0.2733
980b26cd-21a6-4517-826c-71f21874bfb1	15	68098056	68158142	30	0.6929
980b26cd-21a6-4517-826c-71f21874bfb1	15	68158940	68219081	28	0.3616
980b26cd-21a6-4517-826c-71f21874bfb1	15	68225272	72087106	2495	0.6655
980b26cd-21a6-4517-826c-71f21874bfb1	15	72094579	72094884	2	-0.5887
980b26cd-21a6-4517-826c-71f21874bfb1	15	72097607	74853218	1477	0.6417
980b26cd-21a6-4517-826c-71f21874bfb1	15	74853980	75161712	120	0.8318
980b26cd-21a6-4517-826c-71f21874bfb1	15	75163103	75573462	121	0.5933
980b26cd-21a6-4517-826c-71f21874bfb1	15	75585029	77494561	824	0.7686
980b26cd-21a6-4517-826c-71f21874bfb1	15	77495021	79387499	1042	0.6549
980b26cd-21a6-4517-826c-71f21874bfb1	15	79387828	80495336	889	0.8706
980b26cd-21a6-4517-826c-71f21874bfb1	15	80495768	81016017	382	0.7668
980b26cd-21a6-4517-826c-71f21874bfb1	15	81016085	89721137	4820	0.8757
980b26cd-21a6-4517-826c-71f21874bfb1	15	89725101	91909156	1308	0.7825
980b26cd-21a6-4517-826c-71f21874bfb1	15	91910545	92649118	774	0.8585
980b26cd-21a6-4517-826c-71f21874bfb1	15	92649293	94101041	554	0.5078
980b26cd-21a6-4517-826c-71f21874bfb1	15	94105513	95100536	622	0.5777
980b26cd-21a6-4517-826c-71f21874bfb1	15	95102369	95432756	257	0.4811
980b26cd-21a6-4517-826c-71f21874bfb1	15	95437342	99734542	2976	0.6948
980b26cd-21a6-4517-826c-71f21874bfb1	15	99737090	101344124	632	0.5887
980b26cd-21a6-4517-826c-71f21874bfb1	16	603333	46476005	14017	-0.1074
980b26cd-21a6-4517-826c-71f21874bfb1	16	46481615	48362264	797	0.0206
980b26cd-21a6-4517-826c-71f21874bfb1	16	48362427	89317317	26286	-0.0953
980b26cd-21a6-4517-826c-71f21874bfb1	17	1074619	10326272	4835	0.0446
980b26cd-21a6-4517-826c-71f21874bfb1	17	10328100	16398447	2969	0.526
980b26cd-21a6-4517-826c-71f21874bfb1	17	16400717	17697265	646	0.6539
980b26cd-21a6-4517-826c-71f21874bfb1	17	17697396	18957222	469	0.4999
980b26cd-21a6-4517-826c-71f21874bfb1	17	18957450	21394819	792	0.224
980b26cd-21a6-4517-826c-71f21874bfb1	17	21395786	37488553	4782	0.1055
980b26cd-21a6-4517-826c-71f21874bfb1	17	37488935	38644236	355	0.2434
980b26cd-21a6-4517-826c-71f21874bfb1	17	38648480	69803000	15880	0.1013
980b26cd-21a6-4517-826c-71f21874bfb1	17	69803735	70672394	627	0.2441
980b26cd-21a6-4517-826c-71f21874bfb1	17	70673390	82959812	5865	0.0907
980b26cd-21a6-4517-826c-71f21874bfb1	18	326691	6960725	3305	0.2892
980b26cd-21a6-4517-826c-71f21874bfb1	18	6967012	21525317	5112	-0.0878
980b26cd-21a6-4517-826c-71f21874bfb1	18	21532731	21967284	175	0.3009
980b26cd-21a6-4517-826c-71f21874bfb1	18	21967949	25228380	2033	0.4348
980b26cd-21a6-4517-826c-71f21874bfb1	18	25232544	40719047	9510	0.3041
980b26cd-21a6-4517-826c-71f21874bfb1	18	40727977	40830865	65	0.0966
980b26cd-21a6-4517-826c-71f21874bfb1	18	40853367	43571861	1523	-0.3127
980b26cd-21a6-4517-826c-71f21874bfb1	18	43578764	46287348	1725	-0.074
980b26cd-21a6-4517-826c-71f21874bfb1	18	46295349	49006129	1883	0.28
980b26cd-21a6-4517-826c-71f21874bfb1	18	49013149	49013586	2	-1.2861
980b26cd-21a6-4517-826c-71f21874bfb1	18	49019851	50035337	625	0.27
980b26cd-21a6-4517-826c-71f21874bfb1	18	50037187	59981552	6623	-0.0708
980b26cd-21a6-4517-826c-71f21874bfb1	18	59982075	59982306	2	-1.4012
980b26cd-21a6-4517-826c-71f21874bfb1	18	59984989	60220925	146	-0.0723
980b26cd-21a6-4517-826c-71f21874bfb1	18	60223839	60224360	3	-1.1128
980b26cd-21a6-4517-826c-71f21874bfb1	18	60227084	62442283	1383	-0.0616
980b26cd-21a6-4517-826c-71f21874bfb1	18	62442865	64093154	1156	-0.299
980b26cd-21a6-4517-826c-71f21874bfb1	18	64094306	64606198	192	-0.0111
980b26cd-21a6-4517-826c-71f21874bfb1	18	64607085	71320343	3604	-0.3073
980b26cd-21a6-4517-826c-71f21874bfb1	18	71332295	73745658	96	0.0808
980b26cd-21a6-4517-826c-71f21874bfb1	18	73746107	75244914	934	0.3283
980b26cd-21a6-4517-826c-71f21874bfb1	18	75252347	75310212	42	0.1201
980b26cd-21a6-4517-826c-71f21874bfb1	18	75310325	75398401	94	-0.1033
980b26cd-21a6-4517-826c-71f21874bfb1	18	75399842	75624824	135	0.1279
980b26cd-21a6-4517-826c-71f21874bfb1	18	75632450	75632452	2	-1.1156
980b26cd-21a6-4517-826c-71f21874bfb1	18	75632855	79349796	2475	0.1248
980b26cd-21a6-4517-826c-71f21874bfb1	19	283868	7216760	2025	-0.124
980b26cd-21a6-4517-826c-71f21874bfb1	19	7218124	7741097	202	0.0491
980b26cd-21a6-4517-826c-71f21874bfb1	19	7742628	18829145	5069	-0.1099
980b26cd-21a6-4517-826c-71f21874bfb1	19	18833721	58370362	16829	0.0845
980b26cd-21a6-4517-826c-71f21874bfb1	20	472817	6609577	3763	-0.097
980b26cd-21a6-4517-826c-71f21874bfb1	20	6610765	7179348	321	0.0723
980b26cd-21a6-4517-826c-71f21874bfb1	20	7181432	25177561	12441	-0.0944
980b26cd-21a6-4517-826c-71f21874bfb1	20	25177605	31256075	394	0.0927
980b26cd-21a6-4517-826c-71f21874bfb1	20	31256170	37416980	2973	-0.0913
980b26cd-21a6-4517-826c-71f21874bfb1	20	37418393	40601290	2131	0.1159
980b26cd-21a6-4517-826c-71f21874bfb1	20	40601342	46997641	4243	0.2781
980b26cd-21a6-4517-826c-71f21874bfb1	20	46997740	53105142	3970	0.1111
980b26cd-21a6-4517-826c-71f21874bfb1	20	53106226	53108626	3	-1.0692
980b26cd-21a6-4517-826c-71f21874bfb1	20	53110370	63588502	7237	0.1133
980b26cd-21a6-4517-826c-71f21874bfb1	21	13974127	46262057	20559	-0.0821
980b26cd-21a6-4517-826c-71f21874bfb1	22	16934932	26508999	2560	0.0984
980b26cd-21a6-4517-826c-71f21874bfb1	22	26511933	30825509	2972	-0.1135
980b26cd-21a6-4517-826c-71f21874bfb1	22	30825991	36711623	4099	0.2586
980b26cd-21a6-4517-826c-71f21874bfb1	22	36713264	37499000	495	-0.1092
980b26cd-21a6-4517-826c-71f21874bfb1	22	37500855	38218122	296	0.2664
980b26cd-21a6-4517-826c-71f21874bfb1	22	38219290	48940621	6641	-0.1138
980b26cd-21a6-4517-826c-71f21874bfb1	X	3236359	17298588	5767	-0.3396
980b26cd-21a6-4517-826c-71f21874bfb1	X	17439381	17956959	265	0.9732
980b26cd-21a6-4517-826c-71f21874bfb1	X	17961256	18799585	384	0.82
980b26cd-21a6-4517-826c-71f21874bfb1	X	18800696	19581746	131	1.13
980b26cd-21a6-4517-826c-71f21874bfb1	X	19581949	20196505	273	0.9657
980b26cd-21a6-4517-826c-71f21874bfb1	X	20196724	20280952	25	1.1845
980b26cd-21a6-4517-826c-71f21874bfb1	X	20289598	20620283	201	0.8533
980b26cd-21a6-4517-826c-71f21874bfb1	X	20620903	21689003	435	0.1947
980b26cd-21a6-4517-826c-71f21874bfb1	X	21691149	23563934	1035	0.5064
980b26cd-21a6-4517-826c-71f21874bfb1	X	23575351	24210641	386	0.7406
980b26cd-21a6-4517-826c-71f21874bfb1	X	24211260	25869190	815	0.5465
980b26cd-21a6-4517-826c-71f21874bfb1	X	25872986	25879427	12	0.2342
980b26cd-21a6-4517-826c-71f21874bfb1	X	25879765	25881052	3	0.1566
980b26cd-21a6-4517-826c-71f21874bfb1	X	25887145	29273575	1978	-0.3457
980b26cd-21a6-4517-826c-71f21874bfb1	X	29273814	29952892	347	-0.1149
980b26cd-21a6-4517-826c-71f21874bfb1	X	29960759	30376533	274	-0.3652
980b26cd-21a6-4517-826c-71f21874bfb1	X	30378582	30457547	72	0.1143
980b26cd-21a6-4517-826c-71f21874bfb1	X	30457945	31419688	408	-0.3621
980b26cd-21a6-4517-826c-71f21874bfb1	X	31420545	31666758	144	0.143
980b26cd-21a6-4517-826c-71f21874bfb1	X	31672862	32236463	423	0.4352
980b26cd-21a6-4517-826c-71f21874bfb1	X	32237530	34662680	526	1.0176
980b26cd-21a6-4517-826c-71f21874bfb1	X	34662795	34722625	28	0.6793
980b26cd-21a6-4517-826c-71f21874bfb1	X	34724484	35187404	252	1.0693
980b26cd-21a6-4517-826c-71f21874bfb1	X	35189184	35644143	252	1.2037
980b26cd-21a6-4517-826c-71f21874bfb1	X	35644676	37022080	741	1.0463
980b26cd-21a6-4517-826c-71f21874bfb1	X	37023908	39446206	1097	-0.3263
980b26cd-21a6-4517-826c-71f21874bfb1	X	39447100	41170927	928	0.1799
980b26cd-21a6-4517-826c-71f21874bfb1	X	41173251	55441051	5692	-0.137
980b26cd-21a6-4517-826c-71f21874bfb1	X	55441080	56761257	471	0.0459
980b26cd-21a6-4517-826c-71f21874bfb1	X	56761271	57563167	368	-0.1422
980b26cd-21a6-4517-826c-71f21874bfb1	X	57566727	67387456	1814	0.0252
980b26cd-21a6-4517-826c-71f21874bfb1	X	67389926	69749650	1134	-0.1415
980b26cd-21a6-4517-826c-71f21874bfb1	X	69749980	70476899	230	0.0087
980b26cd-21a6-4517-826c-71f21874bfb1	X	70478305	74813543	1624	-0.3482
980b26cd-21a6-4517-826c-71f21874bfb1	X	74814353	76676645	355	-0.138
980b26cd-21a6-4517-826c-71f21874bfb1	X	76676783	79007070	719	-0.3322
980b26cd-21a6-4517-826c-71f21874bfb1	X	79007312	79333207	195	0.0627
980b26cd-21a6-4517-826c-71f21874bfb1	X	79334646	80445544	627	0.9307
980b26cd-21a6-4517-826c-71f21874bfb1	X	80447169	80500049	20	0.5834
980b26cd-21a6-4517-826c-71f21874bfb1	X	80508194	80525045	7	1.1108
980b26cd-21a6-4517-826c-71f21874bfb1	X	80530435	81527420	436	0.5598
980b26cd-21a6-4517-826c-71f21874bfb1	X	81528799	81706104	81	0.9542
980b26cd-21a6-4517-826c-71f21874bfb1	X	81709541	81908648	92	1.229
980b26cd-21a6-4517-826c-71f21874bfb1	X	81911503	81989446	37	0.9848
980b26cd-21a6-4517-826c-71f21874bfb1	X	81989784	82038645	27	1.2036
980b26cd-21a6-4517-826c-71f21874bfb1	X	82043221	82328747	113	1.6307
980b26cd-21a6-4517-826c-71f21874bfb1	X	82331282	82481140	65	1.214
980b26cd-21a6-4517-826c-71f21874bfb1	X	82481512	82726432	109	1.5696
980b26cd-21a6-4517-826c-71f21874bfb1	X	82727603	82729930	2	-0.134
980b26cd-21a6-4517-826c-71f21874bfb1	X	82733124	83196594	269	1.6034
980b26cd-21a6-4517-826c-71f21874bfb1	X	83197564	83487594	114	1.3054
980b26cd-21a6-4517-826c-71f21874bfb1	X	83488121	83619196	68	1.7831
980b26cd-21a6-4517-826c-71f21874bfb1	X	83619816	83781138	12	0.8553
980b26cd-21a6-4517-826c-71f21874bfb1	X	83781734	84156508	182	0.1468
980b26cd-21a6-4517-826c-71f21874bfb1	X	84164796	85369470	281	0.0127
980b26cd-21a6-4517-826c-71f21874bfb1	X	85371833	85475235	60	0.2523
980b26cd-21a6-4517-826c-71f21874bfb1	X	85475310	86241483	531	0.5638
980b26cd-21a6-4517-826c-71f21874bfb1	X	86245172	87237002	625	0.7336
980b26cd-21a6-4517-826c-71f21874bfb1	X	87237490	87276700	30	0.4811
980b26cd-21a6-4517-826c-71f21874bfb1	X	87277403	87283207	2	-0.6167
980b26cd-21a6-4517-826c-71f21874bfb1	X	87283665	87409943	74	0.4634
980b26cd-21a6-4517-826c-71f21874bfb1	X	87410136	87593227	130	0.3427
980b26cd-21a6-4517-826c-71f21874bfb1	X	87593977	88390710	424	0.4758
980b26cd-21a6-4517-826c-71f21874bfb1	X	88390904	92713077	1153	-0.1389
980b26cd-21a6-4517-826c-71f21874bfb1	X	92725552	93897149	414	0.5173
980b26cd-21a6-4517-826c-71f21874bfb1	X	93897719	97501373	1242	0.1806
980b26cd-21a6-4517-826c-71f21874bfb1	X	97502322	98662619	674	0.0365
980b26cd-21a6-4517-826c-71f21874bfb1	X	98662905	102650018	1863	-0.1294
980b26cd-21a6-4517-826c-71f21874bfb1	X	102661959	102762757	42	0.3818
980b26cd-21a6-4517-826c-71f21874bfb1	X	102764023	105777679	1443	-0.1382
980b26cd-21a6-4517-826c-71f21874bfb1	X	105782510	106357714	252	0.0439
980b26cd-21a6-4517-826c-71f21874bfb1	X	106364744	112311980	2791	-0.1357
980b26cd-21a6-4517-826c-71f21874bfb1	X	112312363	114708396	1330	0.0341
980b26cd-21a6-4517-826c-71f21874bfb1	X	114713704	116755592	642	-0.133
980b26cd-21a6-4517-826c-71f21874bfb1	X	116761246	118070280	627	0.6093
980b26cd-21a6-4517-826c-71f21874bfb1	X	118084190	118403310	213	0.3998
980b26cd-21a6-4517-826c-71f21874bfb1	X	118403772	125437977	3727	-0.133
980b26cd-21a6-4517-826c-71f21874bfb1	X	125440310	125451486	10	0.2218
980b26cd-21a6-4517-826c-71f21874bfb1	X	125451704	126184436	232	0.0152
980b26cd-21a6-4517-826c-71f21874bfb1	X	126184665	127470598	621	0.1702
980b26cd-21a6-4517-826c-71f21874bfb1	X	127470929	127478931	2	1.3502
980b26cd-21a6-4517-826c-71f21874bfb1	X	127479031	128634716	309	0.1851
980b26cd-21a6-4517-826c-71f21874bfb1	X	128634974	129213170	344	0.4153
980b26cd-21a6-4517-826c-71f21874bfb1	X	129213317	141933556	5198	0.039
980b26cd-21a6-4517-826c-71f21874bfb1	X	141933865	143003669	658	0.1679
980b26cd-21a6-4517-826c-71f21874bfb1	X	143006517	144415201	824	0.0306
980b26cd-21a6-4517-826c-71f21874bfb1	X	144416140	144720467	94	-0.136
980b26cd-21a6-4517-826c-71f21874bfb1	X	144721706	155677414	4933	-0.5907
