GDC_Aliquot	Chromosome	Start	End	Num_Probes	Segment_Mean
4c725b73-5279-4559-bc1b-d1b7a08b5740	1	3301765	21086451	10101	0.4752
4c725b73-5279-4559-bc1b-d1b7a08b5740	1	21090067	55315148	17806	-0.1253
4c725b73-5279-4559-bc1b-d1b7a08b5740	1	55315260	56919641	1294	-0.0141
4c725b73-5279-4559-bc1b-d1b7a08b5740	1	56925477	93865059	23306	-0.0439
4c725b73-5279-4559-bc1b-d1b7a08b5740	1	93869168	101278187	4644	-0.0045
4c725b73-5279-4559-bc1b-d1b7a08b5740	1	101278912	114012715	7195	-0.082
4c725b73-5279-4559-bc1b-d1b7a08b5740	1	114014669	114151650	107	0.0117
4c725b73-5279-4559-bc1b-d1b7a08b5740	1	114154398	114154411	2	-1.0289
4c725b73-5279-4559-bc1b-d1b7a08b5740	1	114155472	114875888	433	-0.0609
4c725b73-5279-4559-bc1b-d1b7a08b5740	1	114876105	115452029	431	0.025
4c725b73-5279-4559-bc1b-d1b7a08b5740	1	115452166	118472549	1902	-0.0603
4c725b73-5279-4559-bc1b-d1b7a08b5740	1	118474252	118541868	57	0.3181
4c725b73-5279-4559-bc1b-d1b7a08b5740	1	118544489	149918981	872	-0.0249
4c725b73-5279-4559-bc1b-d1b7a08b5740	1	149927059	151682193	651	0.0982
4c725b73-5279-4559-bc1b-d1b7a08b5740	1	151684347	153303896	984	0.1639
4c725b73-5279-4559-bc1b-d1b7a08b5740	1	153304947	157313421	1873	0.0854
4c725b73-5279-4559-bc1b-d1b7a08b5740	1	157313621	157321759	5	-0.2058
4c725b73-5279-4559-bc1b-d1b7a08b5740	1	157323085	158544739	875	0.1555
4c725b73-5279-4559-bc1b-d1b7a08b5740	1	158544845	158545295	8	-0.3686
4c725b73-5279-4559-bc1b-d1b7a08b5740	1	158580102	160019981	937	0.1737
4c725b73-5279-4559-bc1b-d1b7a08b5740	1	160020138	161733408	903	0.1117
4c725b73-5279-4559-bc1b-d1b7a08b5740	1	161733735	162729262	791	0.186
4c725b73-5279-4559-bc1b-d1b7a08b5740	1	162730715	163316975	481	0.247
4c725b73-5279-4559-bc1b-d1b7a08b5740	1	163317043	169057692	4384	0.1625
4c725b73-5279-4559-bc1b-d1b7a08b5740	1	169058982	173647768	3062	0.2077
4c725b73-5279-4559-bc1b-d1b7a08b5740	1	173648380	176139849	1166	0.1394
4c725b73-5279-4559-bc1b-d1b7a08b5740	1	176147992	176240386	45	-0.3669
4c725b73-5279-4559-bc1b-d1b7a08b5740	1	176240661	176371568	27	-0.6957
4c725b73-5279-4559-bc1b-d1b7a08b5740	1	176373704	181077232	3036	-0.3448
4c725b73-5279-4559-bc1b-d1b7a08b5740	1	181077775	181078644	2	-1.9471
4c725b73-5279-4559-bc1b-d1b7a08b5740	1	181080263	187350858	4094	-0.3187
4c725b73-5279-4559-bc1b-d1b7a08b5740	1	187351621	196069715	5188	-0.3779
4c725b73-5279-4559-bc1b-d1b7a08b5740	1	196070413	199639205	1967	-0.322
4c725b73-5279-4559-bc1b-d1b7a08b5740	1	199645088	199753720	54	-0.8378
4c725b73-5279-4559-bc1b-d1b7a08b5740	1	199762642	200504351	521	-0.3421
4c725b73-5279-4559-bc1b-d1b7a08b5740	1	200512773	206575513	3763	-0.3992
4c725b73-5279-4559-bc1b-d1b7a08b5740	1	206577596	213054136	4542	-0.3509
4c725b73-5279-4559-bc1b-d1b7a08b5740	1	213059213	218007188	3401	-0.3056
4c725b73-5279-4559-bc1b-d1b7a08b5740	1	218008881	218008896	2	-1.7468
4c725b73-5279-4559-bc1b-d1b7a08b5740	1	218008915	218832678	561	-0.3051
4c725b73-5279-4559-bc1b-d1b7a08b5740	1	218835272	218835556	3	-1.7018
4c725b73-5279-4559-bc1b-d1b7a08b5740	1	218837376	225744086	4277	-0.3204
4c725b73-5279-4559-bc1b-d1b7a08b5740	1	225748758	227541437	1048	-0.3519
4c725b73-5279-4559-bc1b-d1b7a08b5740	1	227545368	231126556	2210	-0.4107
4c725b73-5279-4559-bc1b-d1b7a08b5740	1	231126928	247650984	10720	-0.3557
4c725b73-5279-4559-bc1b-d1b7a08b5740	2	480597	5447909	2679	0.1053
4c725b73-5279-4559-bc1b-d1b7a08b5740	2	5448487	5448621	2	-1.1303
4c725b73-5279-4559-bc1b-d1b7a08b5740	2	5454791	6310410	717	0.0872
4c725b73-5279-4559-bc1b-d1b7a08b5740	2	6311078	11873230	3795	0.1502
4c725b73-5279-4559-bc1b-d1b7a08b5740	2	11875637	13465469	1119	0.2125
4c725b73-5279-4559-bc1b-d1b7a08b5740	2	13466367	15630977	1383	0.1497
4c725b73-5279-4559-bc1b-d1b7a08b5740	2	15632331	16882898	940	-0.1802
4c725b73-5279-4559-bc1b-d1b7a08b5740	2	16883124	17978669	733	-0.0896
4c725b73-5279-4559-bc1b-d1b7a08b5740	2	17979377	20741995	2007	-0.0355
4c725b73-5279-4559-bc1b-d1b7a08b5740	2	20742481	23578750	1768	-0.0987
4c725b73-5279-4559-bc1b-d1b7a08b5740	2	23578796	27142498	1651	-0.158
4c725b73-5279-4559-bc1b-d1b7a08b5740	2	27146390	39588158	6572	0.156
4c725b73-5279-4559-bc1b-d1b7a08b5740	2	39588646	41974955	1542	0.217
4c725b73-5279-4559-bc1b-d1b7a08b5740	2	41978364	47703017	3837	0.171
4c725b73-5279-4559-bc1b-d1b7a08b5740	2	47705079	52473130	2455	0.12
4c725b73-5279-4559-bc1b-d1b7a08b5740	2	52473134	58297018	3125	0.1833
4c725b73-5279-4559-bc1b-d1b7a08b5740	2	58297064	62301551	2349	0.1171
4c725b73-5279-4559-bc1b-d1b7a08b5740	2	62303092	69216099	4211	0.1806
4c725b73-5279-4559-bc1b-d1b7a08b5740	2	69216205	71336444	1349	0.1269
4c725b73-5279-4559-bc1b-d1b7a08b5740	2	71340277	72053363	413	0.1778
4c725b73-5279-4559-bc1b-d1b7a08b5740	2	72055014	72055748	2	-1.1007
4c725b73-5279-4559-bc1b-d1b7a08b5740	2	72057681	76816955	2531	0.1732
4c725b73-5279-4559-bc1b-d1b7a08b5740	2	76819198	83191822	3262	0.0799
4c725b73-5279-4559-bc1b-d1b7a08b5740	2	83192084	97822371	3124	0.1438
4c725b73-5279-4559-bc1b-d1b7a08b5740	2	97824895	98022050	94	-0.0382
4c725b73-5279-4559-bc1b-d1b7a08b5740	2	98022496	98059645	14	0.1573
4c725b73-5279-4559-bc1b-d1b7a08b5740	2	98059813	98064932	4	0.8888
4c725b73-5279-4559-bc1b-d1b7a08b5740	2	98066046	99950101	1023	0.1232
4c725b73-5279-4559-bc1b-d1b7a08b5740	2	99952581	114740595	8108	0.1817
4c725b73-5279-4559-bc1b-d1b7a08b5740	2	114744603	115206736	235	0.1515
4c725b73-5279-4559-bc1b-d1b7a08b5740	2	115207465	116714666	778	0.088
4c725b73-5279-4559-bc1b-d1b7a08b5740	2	116718438	134504166	8778	0.1594
4c725b73-5279-4559-bc1b-d1b7a08b5740	2	134505090	136509131	1094	0.1016
4c725b73-5279-4559-bc1b-d1b7a08b5740	2	136510305	143404165	3900	0.1658
4c725b73-5279-4559-bc1b-d1b7a08b5740	2	143408041	144719299	718	0.1894
4c725b73-5279-4559-bc1b-d1b7a08b5740	2	144724197	144729222	4	-0.823
4c725b73-5279-4559-bc1b-d1b7a08b5740	2	144730052	145120288	214	0.2452
4c725b73-5279-4559-bc1b-d1b7a08b5740	2	145129017	145133201	6	0.9787
4c725b73-5279-4559-bc1b-d1b7a08b5740	2	145133871	146773558	846	0.2171
4c725b73-5279-4559-bc1b-d1b7a08b5740	2	146773937	149101780	1178	0.1491
4c725b73-5279-4559-bc1b-d1b7a08b5740	2	149102959	166699682	10368	0.1998
4c725b73-5279-4559-bc1b-d1b7a08b5740	2	166702588	166814362	71	0.5489
4c725b73-5279-4559-bc1b-d1b7a08b5740	2	166819047	182881059	10104	0.1926
4c725b73-5279-4559-bc1b-d1b7a08b5740	2	182881729	185433729	1171	0.1273
4c725b73-5279-4559-bc1b-d1b7a08b5740	2	186024241	188294102	1066	-0.3264
4c725b73-5279-4559-bc1b-d1b7a08b5740	2	188297531	192428917	2369	-0.2842
4c725b73-5279-4559-bc1b-d1b7a08b5740	2	192431673	207464165	7838	-0.3294
4c725b73-5279-4559-bc1b-d1b7a08b5740	2	207466069	211822526	2579	-0.3836
4c725b73-5279-4559-bc1b-d1b7a08b5740	2	211822670	217958940	3910	-0.3255
4c725b73-5279-4559-bc1b-d1b7a08b5740	2	217961476	221605071	2215	-0.3828
4c725b73-5279-4559-bc1b-d1b7a08b5740	2	221605152	230033262	5253	-0.3281
4c725b73-5279-4559-bc1b-d1b7a08b5740	2	230035049	233507065	1743	-0.4152
4c725b73-5279-4559-bc1b-d1b7a08b5740	2	233513108	238705319	3516	-0.3462
4c725b73-5279-4559-bc1b-d1b7a08b5740	2	238710160	241537572	1482	-0.42
4c725b73-5279-4559-bc1b-d1b7a08b5740	3	2170634	9464994	4309	0.1829
4c725b73-5279-4559-bc1b-d1b7a08b5740	3	9466708	10448297	464	0.0925
4c725b73-5279-4559-bc1b-d1b7a08b5740	3	10448894	11780266	939	0.1651
4c725b73-5279-4559-bc1b-d1b7a08b5740	3	11780929	12302821	344	0.0257
4c725b73-5279-4559-bc1b-d1b7a08b5740	3	12302942	12563154	180	0.1704
4c725b73-5279-4559-bc1b-d1b7a08b5740	3	12568064	12785300	180	0.0552
4c725b73-5279-4559-bc1b-d1b7a08b5740	3	12785433	15583550	1810	-0.0077
4c725b73-5279-4559-bc1b-d1b7a08b5740	3	15593729	16280935	491	0.0979
4c725b73-5279-4559-bc1b-d1b7a08b5740	3	16281729	16480851	146	-0.3023
4c725b73-5279-4559-bc1b-d1b7a08b5740	3	16481075	17276646	502	0.0296
4c725b73-5279-4559-bc1b-d1b7a08b5740	3	17278706	20966143	1961	-0.0235
4c725b73-5279-4559-bc1b-d1b7a08b5740	3	20968958	32129603	6733	0.0383
4c725b73-5279-4559-bc1b-d1b7a08b5740	3	32129737	46402252	8441	-0.0269
4c725b73-5279-4559-bc1b-d1b7a08b5740	3	46402278	53485895	2933	-0.0795
4c725b73-5279-4559-bc1b-d1b7a08b5740	3	53486113	54156720	475	-0.0223
4c725b73-5279-4559-bc1b-d1b7a08b5740	3	54158655	56487922	1837	0.0385
4c725b73-5279-4559-bc1b-d1b7a08b5740	3	56491719	58584226	1142	-0.0388
4c725b73-5279-4559-bc1b-d1b7a08b5740	3	58587807	68824115	6480	0.0331
4c725b73-5279-4559-bc1b-d1b7a08b5740	3	68824246	69546985	562	-0.0574
4c725b73-5279-4559-bc1b-d1b7a08b5740	3	69547057	74845434	3774	0.0223
4c725b73-5279-4559-bc1b-d1b7a08b5740	3	74851375	78545799	1726	-0.0394
4c725b73-5279-4559-bc1b-d1b7a08b5740	3	78546425	81993892	1904	0.0041
4c725b73-5279-4559-bc1b-d1b7a08b5740	3	81993911	86396844	2071	-0.0594
4c725b73-5279-4559-bc1b-d1b7a08b5740	3	86397304	89247018	1467	0.007
4c725b73-5279-4559-bc1b-d1b7a08b5740	3	89247213	89297671	60	0.4712
4c725b73-5279-4559-bc1b-d1b7a08b5740	3	89307846	90369509	366	0.3724
4c725b73-5279-4559-bc1b-d1b7a08b5740	3	90375879	98052759	2036	0.1875
4c725b73-5279-4559-bc1b-d1b7a08b5740	3	98054029	101475916	1837	0.2692
4c725b73-5279-4559-bc1b-d1b7a08b5740	3	101477198	102553675	545	0.5841
4c725b73-5279-4559-bc1b-d1b7a08b5740	3	102554452	108877655	3795	-0.0345
4c725b73-5279-4559-bc1b-d1b7a08b5740	3	108877854	109392382	53	-0.2853
4c725b73-5279-4559-bc1b-d1b7a08b5740	3	109393348	126187449	9975	-0.0421
4c725b73-5279-4559-bc1b-d1b7a08b5740	3	126188973	126211306	31	-0.1681
4c725b73-5279-4559-bc1b-d1b7a08b5740	3	126212907	126213418	2	-1.2332
4c725b73-5279-4559-bc1b-d1b7a08b5740	3	126215273	130303359	2112	-0.0909
4c725b73-5279-4559-bc1b-d1b7a08b5740	3	130306113	135916626	3587	-0.034
4c725b73-5279-4559-bc1b-d1b7a08b5740	3	135918615	142945189	3637	-0.0771
4c725b73-5279-4559-bc1b-d1b7a08b5740	3	142945436	142945670	2	-1.0809
4c725b73-5279-4559-bc1b-d1b7a08b5740	3	142945977	143193661	153	-0.0788
4c725b73-5279-4559-bc1b-d1b7a08b5740	3	143194074	144483609	622	-0.0407
4c725b73-5279-4559-bc1b-d1b7a08b5740	3	144485472	147091734	1281	-0.0058
4c725b73-5279-4559-bc1b-d1b7a08b5740	3	147097489	147152712	32	-0.3128
4c725b73-5279-4559-bc1b-d1b7a08b5740	3	147153629	157589736	5701	-0.0066
4c725b73-5279-4559-bc1b-d1b7a08b5740	3	157592260	161631842	2201	-0.0366
4c725b73-5279-4559-bc1b-d1b7a08b5740	3	161632203	168507887	2957	-0.1212
4c725b73-5279-4559-bc1b-d1b7a08b5740	3	168509770	179158823	5483	-0.0357
4c725b73-5279-4559-bc1b-d1b7a08b5740	3	179158837	179158854	2	-1.6641
4c725b73-5279-4559-bc1b-d1b7a08b5740	3	179158942	180525125	913	-0.0503
4c725b73-5279-4559-bc1b-d1b7a08b5740	3	180533983	187162644	3282	-0.0854
4c725b73-5279-4559-bc1b-d1b7a08b5740	3	187163168	194192775	4561	-0.0255
4c725b73-5279-4559-bc1b-d1b7a08b5740	3	194193633	197812401	1116	-0.094
4c725b73-5279-4559-bc1b-d1b7a08b5740	4	1059384	12547339	6543	0.6281
4c725b73-5279-4559-bc1b-d1b7a08b5740	4	12547406	16545372	2962	0.68
4c725b73-5279-4559-bc1b-d1b7a08b5740	4	16545460	17379692	648	0.7577
4c725b73-5279-4559-bc1b-d1b7a08b5740	4	17379839	18851694	925	0.671
4c725b73-5279-4559-bc1b-d1b7a08b5740	4	18853469	20580496	1012	0.3886
4c725b73-5279-4559-bc1b-d1b7a08b5740	4	20585105	28551721	5233	0.3327
4c725b73-5279-4559-bc1b-d1b7a08b5740	4	28551755	47011283	10435	0.6428
4c725b73-5279-4559-bc1b-d1b7a08b5740	4	47012578	47940583	540	0.7333
4c725b73-5279-4559-bc1b-d1b7a08b5740	4	47941552	48002979	40	0.5947
4c725b73-5279-4559-bc1b-d1b7a08b5740	4	48006359	48018915	5	1.0889
4c725b73-5279-4559-bc1b-d1b7a08b5740	4	48022141	51832470	31	0.6171
4c725b73-5279-4559-bc1b-d1b7a08b5740	4	51832591	52201982	217	0.3917
4c725b73-5279-4559-bc1b-d1b7a08b5740	4	52205615	52989627	417	0.3252
4c725b73-5279-4559-bc1b-d1b7a08b5740	4	52991002	54187989	761	0.4244
4c725b73-5279-4559-bc1b-d1b7a08b5740	4	54190477	54254415	50	0.189
4c725b73-5279-4559-bc1b-d1b7a08b5740	4	54254508	55857033	1241	0.3692
4c725b73-5279-4559-bc1b-d1b7a08b5740	4	55858319	70941694	7796	0.136
4c725b73-5279-4559-bc1b-d1b7a08b5740	4	70947088	73335493	1278	0.1916
4c725b73-5279-4559-bc1b-d1b7a08b5740	4	73335818	74969815	985	0.2561
4c725b73-5279-4559-bc1b-d1b7a08b5740	4	74970639	78254134	2115	0.1781
4c725b73-5279-4559-bc1b-d1b7a08b5740	4	78255253	81365988	1775	0.2351
4c725b73-5279-4559-bc1b-d1b7a08b5740	4	81367410	86154667	2985	0.1849
4c725b73-5279-4559-bc1b-d1b7a08b5740	4	86154948	93390130	3902	0.1496
4c725b73-5279-4559-bc1b-d1b7a08b5740	4	93391192	96736143	2042	0.2027
4c725b73-5279-4559-bc1b-d1b7a08b5740	4	96743356	103391243	3619	0.1573
4c725b73-5279-4559-bc1b-d1b7a08b5740	4	103391940	105622440	1262	0.107
4c725b73-5279-4559-bc1b-d1b7a08b5740	4	105623292	112988203	4157	0.1545
4c725b73-5279-4559-bc1b-d1b7a08b5740	4	112988363	114382847	959	0.2247
4c725b73-5279-4559-bc1b-d1b7a08b5740	4	114382939	117459273	1604	0.1329
4c725b73-5279-4559-bc1b-d1b7a08b5740	4	117459552	117460136	2	-1.2163
4c725b73-5279-4559-bc1b-d1b7a08b5740	4	117463578	118709172	679	0.1621
4c725b73-5279-4559-bc1b-d1b7a08b5740	4	118709227	125075631	3700	0.2133
4c725b73-5279-4559-bc1b-d1b7a08b5740	4	125075658	129601931	2360	0.1681
4c725b73-5279-4559-bc1b-d1b7a08b5740	4	129603066	136914504	3321	0.1041
4c725b73-5279-4559-bc1b-d1b7a08b5740	4	136918486	150828321	7971	0.1544
4c725b73-5279-4559-bc1b-d1b7a08b5740	4	150829725	153967741	1783	0.1246
4c725b73-5279-4559-bc1b-d1b7a08b5740	4	153968686	158482013	2724	0.2069
4c725b73-5279-4559-bc1b-d1b7a08b5740	4	158485211	160922022	1478	0.1526
4c725b73-5279-4559-bc1b-d1b7a08b5740	4	160922692	165334552	2248	0.0851
4c725b73-5279-4559-bc1b-d1b7a08b5740	4	165338567	167367850	1133	0.1431
4c725b73-5279-4559-bc1b-d1b7a08b5740	4	167374423	169343967	1176	0.2069
4c725b73-5279-4559-bc1b-d1b7a08b5740	4	169350019	175908175	3492	0.121
4c725b73-5279-4559-bc1b-d1b7a08b5740	4	175909502	178120900	1401	0.1835
4c725b73-5279-4559-bc1b-d1b7a08b5740	4	178131354	187842528	4534	0.1137
4c725b73-5279-4559-bc1b-d1b7a08b5740	5	913983	1936428	148	0.1485
4c725b73-5279-4559-bc1b-d1b7a08b5740	5	1936939	2324217	307	-0.0435
4c725b73-5279-4559-bc1b-d1b7a08b5740	5	2330256	4109508	1570	0.1591
4c725b73-5279-4559-bc1b-d1b7a08b5740	5	4110008	10671179	5142	0.2259
4c725b73-5279-4559-bc1b-d1b7a08b5740	5	10672639	18374206	4140	0.2998
4c725b73-5279-4559-bc1b-d1b7a08b5740	5	18375639	22604501	1983	0.2128
4c725b73-5279-4559-bc1b-d1b7a08b5740	5	22609046	26588241	2174	0.5684
4c725b73-5279-4559-bc1b-d1b7a08b5740	5	26589012	28569797	1069	0.6613
4c725b73-5279-4559-bc1b-d1b7a08b5740	5	28572749	30888667	1291	0.5995
4c725b73-5279-4559-bc1b-d1b7a08b5740	5	30888900	37280403	3810	0.667
4c725b73-5279-4559-bc1b-d1b7a08b5740	5	37281370	37382706	46	0.3959
4c725b73-5279-4559-bc1b-d1b7a08b5740	5	37400521	40497075	2028	0.6791
4c725b73-5279-4559-bc1b-d1b7a08b5740	5	40498475	45378354	2436	0.6237
4c725b73-5279-4559-bc1b-d1b7a08b5740	5	45383300	51336885	298	0.3295
4c725b73-5279-4559-bc1b-d1b7a08b5740	5	51337012	52760543	808	-0.0705
4c725b73-5279-4559-bc1b-d1b7a08b5740	5	52760598	53575150	545	0.011
4c725b73-5279-4559-bc1b-d1b7a08b5740	5	53577946	62178337	5443	-0.0658
4c725b73-5279-4559-bc1b-d1b7a08b5740	5	62179000	62797890	365	-0.156
4c725b73-5279-4559-bc1b-d1b7a08b5740	5	62798018	64314332	486	-0.0866
4c725b73-5279-4559-bc1b-d1b7a08b5740	5	64315313	68949151	3012	-0.0329
4c725b73-5279-4559-bc1b-d1b7a08b5740	5	68949463	69408109	203	-0.1129
4c725b73-5279-4559-bc1b-d1b7a08b5740	5	69417660	69448492	20	-0.3825
4c725b73-5279-4559-bc1b-d1b7a08b5740	5	71364924	71680040	168	-0.0953
4c725b73-5279-4559-bc1b-d1b7a08b5740	5	71680052	71999504	245	-0.0458
4c725b73-5279-4559-bc1b-d1b7a08b5740	5	71999648	72778131	463	0.017
4c725b73-5279-4559-bc1b-d1b7a08b5740	5	72778528	73855854	683	-0.0593
4c725b73-5279-4559-bc1b-d1b7a08b5740	5	73862103	73887305	14	-0.4757
4c725b73-5279-4559-bc1b-d1b7a08b5740	5	73888981	74446694	489	-0.0285
4c725b73-5279-4559-bc1b-d1b7a08b5740	5	74448741	79994005	3262	-0.0845
4c725b73-5279-4559-bc1b-d1b7a08b5740	5	79998490	80612086	340	-0.2014
4c725b73-5279-4559-bc1b-d1b7a08b5740	5	80613297	92731043	6408	-0.0686
4c725b73-5279-4559-bc1b-d1b7a08b5740	5	92731291	98655799	3196	-0.0377
4c725b73-5279-4559-bc1b-d1b7a08b5740	5	98656682	105236926	2612	-0.0843
4c725b73-5279-4559-bc1b-d1b7a08b5740	5	105311213	105353394	24	-0.447
4c725b73-5279-4559-bc1b-d1b7a08b5740	5	105353986	111169260	3286	-0.0644
4c725b73-5279-4559-bc1b-d1b7a08b5740	5	111172231	112273513	730	0.0093
4c725b73-5279-4559-bc1b-d1b7a08b5740	5	112274544	137552643	15352	-0.0611
4c725b73-5279-4559-bc1b-d1b7a08b5740	5	137553118	142511728	2348	-0.1125
4c725b73-5279-4559-bc1b-d1b7a08b5740	5	142512082	145113732	1719	-0.0466
4c725b73-5279-4559-bc1b-d1b7a08b5740	5	145113800	146667628	961	-0.1132
4c725b73-5279-4559-bc1b-d1b7a08b5740	5	146668239	161012239	9567	-0.0549
4c725b73-5279-4559-bc1b-d1b7a08b5740	5	161013946	166757444	3521	-0.103
4c725b73-5279-4559-bc1b-d1b7a08b5740	5	166758378	170084275	2483	-0.0486
4c725b73-5279-4559-bc1b-d1b7a08b5740	5	170085059	170091030	9	-0.8935
4c725b73-5279-4559-bc1b-d1b7a08b5740	5	170091166	175547573	3662	-0.1097
4c725b73-5279-4559-bc1b-d1b7a08b5740	5	175548841	180934240	2281	-0.1539
4c725b73-5279-4559-bc1b-d1b7a08b5740	6	1011760	4924474	2769	0.1101
4c725b73-5279-4559-bc1b-d1b7a08b5740	6	4925779	15092434	7428	0.0744
4c725b73-5279-4559-bc1b-d1b7a08b5740	6	15093995	15219075	66	-0.1229
4c725b73-5279-4559-bc1b-d1b7a08b5740	6	15230033	25936086	7243	0.0764
4c725b73-5279-4559-bc1b-d1b7a08b5740	6	25942508	35482312	3184	0.0407
4c725b73-5279-4559-bc1b-d1b7a08b5740	6	35482949	36671708	620	0.0845
4c725b73-5279-4559-bc1b-d1b7a08b5740	6	36672299	52144802	9585	0.123
4c725b73-5279-4559-bc1b-d1b7a08b5740	6	52145026	54845278	1846	0.3128
4c725b73-5279-4559-bc1b-d1b7a08b5740	6	54852437	57341496	1405	0.3688
4c725b73-5279-4559-bc1b-d1b7a08b5740	6	57341687	64184429	1233	0.3254
4c725b73-5279-4559-bc1b-d1b7a08b5740	6	64187071	64486558	137	0.507
4c725b73-5279-4559-bc1b-d1b7a08b5740	6	64489352	64682087	114	0.3133
4c725b73-5279-4559-bc1b-d1b7a08b5740	6	64682155	65112100	243	0.5165
4c725b73-5279-4559-bc1b-d1b7a08b5740	6	65112412	65245250	20	0.3104
4c725b73-5279-4559-bc1b-d1b7a08b5740	6	65245410	65993736	467	0.1191
4c725b73-5279-4559-bc1b-d1b7a08b5740	6	65994010	67991204	1157	-0.1266
4c725b73-5279-4559-bc1b-d1b7a08b5740	6	67992178	74510496	3865	-0.6768
4c725b73-5279-4559-bc1b-d1b7a08b5740	6	74514488	81084805	3532	-0.3525
4c725b73-5279-4559-bc1b-d1b7a08b5740	6	81085425	81569520	335	-0.0395
4c725b73-5279-4559-bc1b-d1b7a08b5740	6	81569947	81866060	149	0.4732
4c725b73-5279-4559-bc1b-d1b7a08b5740	6	81867250	83161083	677	0.3083
4c725b73-5279-4559-bc1b-d1b7a08b5740	6	83163165	84981384	1123	-0.0538
4c725b73-5279-4559-bc1b-d1b7a08b5740	6	84981458	87103949	1097	-0.3507
4c725b73-5279-4559-bc1b-d1b7a08b5740	6	87104125	87245272	76	-0.121
4c725b73-5279-4559-bc1b-d1b7a08b5740	6	87246526	87363146	82	0.0896
4c725b73-5279-4559-bc1b-d1b7a08b5740	6	87364486	87375482	12	-0.1251
4c725b73-5279-4559-bc1b-d1b7a08b5740	6	87379442	89960221	1588	-0.4168
4c725b73-5279-4559-bc1b-d1b7a08b5740	6	89961395	92240816	1411	-0.7256
4c725b73-5279-4559-bc1b-d1b7a08b5740	6	92241856	93318764	729	-0.4356
4c725b73-5279-4559-bc1b-d1b7a08b5740	6	93319279	93319323	2	-1.9438
4c725b73-5279-4559-bc1b-d1b7a08b5740	6	93320064	93442168	94	-0.436
4c725b73-5279-4559-bc1b-d1b7a08b5740	6	93446953	104155418	5238	-0.7845
4c725b73-5279-4559-bc1b-d1b7a08b5740	6	104155786	137121609	19688	-0.7386
4c725b73-5279-4559-bc1b-d1b7a08b5740	6	137122976	137123666	2	-3.2518
4c725b73-5279-4559-bc1b-d1b7a08b5740	6	137124222	144310821	4129	-0.7466
4c725b73-5279-4559-bc1b-d1b7a08b5740	6	144313197	144316020	3	-2.6043
4c725b73-5279-4559-bc1b-d1b7a08b5740	6	144317229	147515146	1915	-0.7283
4c725b73-5279-4559-bc1b-d1b7a08b5740	6	147518555	154669930	5131	-0.0477
4c725b73-5279-4559-bc1b-d1b7a08b5740	6	154673928	156071025	935	0.016
4c725b73-5279-4559-bc1b-d1b7a08b5740	6	156071073	161140901	3170	-0.0509
4c725b73-5279-4559-bc1b-d1b7a08b5740	6	161141079	169199737	3955	-0.0989
4c725b73-5279-4559-bc1b-d1b7a08b5740	6	169201214	169202866	3	-1.7862
4c725b73-5279-4559-bc1b-d1b7a08b5740	6	169204037	169224077	21	-0.1662
4c725b73-5279-4559-bc1b-d1b7a08b5740	6	169224123	170596889	612	-0.0375
4c725b73-5279-4559-bc1b-d1b7a08b5740	7	664936	665647	2	-0.1993
4c725b73-5279-4559-bc1b-d1b7a08b5740	7	669137	6758397	2305	0.3233
4c725b73-5279-4559-bc1b-d1b7a08b5740	7	7115109	9202211	1062	0.3919
4c725b73-5279-4559-bc1b-d1b7a08b5740	7	9202219	11216474	904	0.3404
4c725b73-5279-4559-bc1b-d1b7a08b5740	7	11219171	11219978	4	-0.3295
4c725b73-5279-4559-bc1b-d1b7a08b5740	7	11220369	12008929	636	0.3686
4c725b73-5279-4559-bc1b-d1b7a08b5740	7	12009460	13094232	751	0.4032
4c725b73-5279-4559-bc1b-d1b7a08b5740	7	13095349	13099425	4	-0.4723
4c725b73-5279-4559-bc1b-d1b7a08b5740	7	13099517	14112430	840	0.4191
4c725b73-5279-4559-bc1b-d1b7a08b5740	7	14112770	14112826	2	-1.1925
4c725b73-5279-4559-bc1b-d1b7a08b5740	7	14112934	20374759	3249	0.4354
4c725b73-5279-4559-bc1b-d1b7a08b5740	7	20374945	24789826	3226	0.3861
4c725b73-5279-4559-bc1b-d1b7a08b5740	7	24792341	24792836	2	-0.8383
4c725b73-5279-4559-bc1b-d1b7a08b5740	7	24793532	33212157	5424	0.3816
4c725b73-5279-4559-bc1b-d1b7a08b5740	7	33218459	34743673	1009	0.4354
4c725b73-5279-4559-bc1b-d1b7a08b5740	7	34744285	37908687	2237	0.3575
4c725b73-5279-4559-bc1b-d1b7a08b5740	7	37908817	39624659	1137	0.4146
4c725b73-5279-4559-bc1b-d1b7a08b5740	7	39629147	40329903	360	0.3569
4c725b73-5279-4559-bc1b-d1b7a08b5740	7	40330306	42687333	1607	0.4551
4c725b73-5279-4559-bc1b-d1b7a08b5740	7	43250941	45969122	1443	-0.0748
4c725b73-5279-4559-bc1b-d1b7a08b5740	7	45970501	48618676	1956	-0.028
4c725b73-5279-4559-bc1b-d1b7a08b5740	7	48620366	53345631	3438	-0.0842
4c725b73-5279-4559-bc1b-d1b7a08b5740	7	53348407	53952290	294	2.1125
4c725b73-5279-4559-bc1b-d1b7a08b5740	7	53952428	55723742	1315	1.9496
4c725b73-5279-4559-bc1b-d1b7a08b5740	7	55725317	55949241	80	1.2208
4c725b73-5279-4559-bc1b-d1b7a08b5740	7	55955038	57176334	301	1.1007
4c725b73-5279-4559-bc1b-d1b7a08b5740	7	57184979	65052476	482	0.8082
4c725b73-5279-4559-bc1b-d1b7a08b5740	7	65714988	77155440	4537	0.5523
4c725b73-5279-4559-bc1b-d1b7a08b5740	7	77156835	77570349	270	0.6779
4c725b73-5279-4559-bc1b-d1b7a08b5740	7	77570369	77683157	60	0.4703
4c725b73-5279-4559-bc1b-d1b7a08b5740	7	77685501	81001598	2202	0.6919
4c725b73-5279-4559-bc1b-d1b7a08b5740	7	81002696	81002956	3	-0.6102
4c725b73-5279-4559-bc1b-d1b7a08b5740	7	81006349	85857308	2855	0.6981
4c725b73-5279-4559-bc1b-d1b7a08b5740	7	85857941	88229619	1224	0.6089
4c725b73-5279-4559-bc1b-d1b7a08b5740	7	88230249	96097418	3779	0.6972
4c725b73-5279-4559-bc1b-d1b7a08b5740	7	96098066	97634309	907	0.6142
4c725b73-5279-4559-bc1b-d1b7a08b5740	7	97635253	97691614	43	0.7288
4c725b73-5279-4559-bc1b-d1b7a08b5740	7	97692662	103043564	1978	0.0778
4c725b73-5279-4559-bc1b-d1b7a08b5740	7	103043980	109040240	3571	0.1746
4c725b73-5279-4559-bc1b-d1b7a08b5740	7	109042575	114355560	2472	-0.7496
4c725b73-5279-4559-bc1b-d1b7a08b5740	7	114355576	117122386	1671	-0.6627
4c725b73-5279-4559-bc1b-d1b7a08b5740	7	117125721	121478507	2305	-0.7287
4c725b73-5279-4559-bc1b-d1b7a08b5740	7	121479008	121480181	3	-3.2654
4c725b73-5279-4559-bc1b-d1b7a08b5740	7	121481184	127273060	3184	-0.769
4c725b73-5279-4559-bc1b-d1b7a08b5740	7	127274647	127339850	55	0.17
4c725b73-5279-4559-bc1b-d1b7a08b5740	7	127345223	132581344	2781	0.6338
4c725b73-5279-4559-bc1b-d1b7a08b5740	7	132591091	132592619	4	0.108
4c725b73-5279-4559-bc1b-d1b7a08b5740	7	132602252	138008002	3429	-0.73
4c725b73-5279-4559-bc1b-d1b7a08b5740	7	138008142	154648975	8126	-0.7999
4c725b73-5279-4559-bc1b-d1b7a08b5740	7	154649003	154649801	3	-2.9546
4c725b73-5279-4559-bc1b-d1b7a08b5740	7	154651621	158592540	2359	-0.8233
4c725b73-5279-4559-bc1b-d1b7a08b5740	8	667625	3625109	1508	0.4116
4c725b73-5279-4559-bc1b-d1b7a08b5740	8	3630124	3630522	3	1.6042
4c725b73-5279-4559-bc1b-d1b7a08b5740	8	3630780	6808221	1592	0.4061
4c725b73-5279-4559-bc1b-d1b7a08b5740	8	6832651	11528546	2044	-0.0063
4c725b73-5279-4559-bc1b-d1b7a08b5740	8	11632385	14120709	1146	0.6087
4c725b73-5279-4559-bc1b-d1b7a08b5740	8	14121758	14419915	275	0.3949
4c725b73-5279-4559-bc1b-d1b7a08b5740	8	14426755	15537635	912	0.6478
4c725b73-5279-4559-bc1b-d1b7a08b5740	8	15583077	22794657	5307	0.0598
4c725b73-5279-4559-bc1b-d1b7a08b5740	8	22795018	23502448	408	0.2263
4c725b73-5279-4559-bc1b-d1b7a08b5740	8	23505888	23928846	340	0.0432
4c725b73-5279-4559-bc1b-d1b7a08b5740	8	23928868	24912031	630	0.4697
4c725b73-5279-4559-bc1b-d1b7a08b5740	8	24915673	26714627	1312	0.0435
4c725b73-5279-4559-bc1b-d1b7a08b5740	8	26714673	26714770	2	-2.0297
4c725b73-5279-4559-bc1b-d1b7a08b5740	8	26714934	32899993	4201	0.0402
4c725b73-5279-4559-bc1b-d1b7a08b5740	8	32900314	35309053	1205	-0.0217
4c725b73-5279-4559-bc1b-d1b7a08b5740	8	35309260	35916957	326	0.0258
4c725b73-5279-4559-bc1b-d1b7a08b5740	8	35923854	36220823	132	1.063
4c725b73-5279-4559-bc1b-d1b7a08b5740	8	36223363	36630399	125	1.2438
4c725b73-5279-4559-bc1b-d1b7a08b5740	8	36633719	36921324	162	1.0264
4c725b73-5279-4559-bc1b-d1b7a08b5740	8	36922691	37433396	373	0.4833
4c725b73-5279-4559-bc1b-d1b7a08b5740	8	37440347	37532467	58	0.7645
4c725b73-5279-4559-bc1b-d1b7a08b5740	8	37535343	37540184	5	1.133
4c725b73-5279-4559-bc1b-d1b7a08b5740	8	37540560	37686979	75	1.468
4c725b73-5279-4559-bc1b-d1b7a08b5740	8	37690259	37716447	9	2.3469
4c725b73-5279-4559-bc1b-d1b7a08b5740	8	37719244	37725475	5	1.3376
4c725b73-5279-4559-bc1b-d1b7a08b5740	8	37732928	37799944	21	2.2938
4c725b73-5279-4559-bc1b-d1b7a08b5740	8	37807137	37931840	40	1.8784
4c725b73-5279-4559-bc1b-d1b7a08b5740	8	37942994	37957510	6	0.6724
4c725b73-5279-4559-bc1b-d1b7a08b5740	8	37960503	38313003	148	1.8236
4c725b73-5279-4559-bc1b-d1b7a08b5740	8	38313968	38941539	285	2.1865
4c725b73-5279-4559-bc1b-d1b7a08b5740	8	38945158	38992733	27	1.5588
4c725b73-5279-4559-bc1b-d1b7a08b5740	8	38994917	39031432	13	0.8385
4c725b73-5279-4559-bc1b-d1b7a08b5740	8	39034203	39087099	23	1.2179
4c725b73-5279-4559-bc1b-d1b7a08b5740	8	39091263	39122349	19	0.8098
4c725b73-5279-4559-bc1b-d1b7a08b5740	8	39123218	39213087	38	1.5399
4c725b73-5279-4559-bc1b-d1b7a08b5740	8	39213441	39284714	39	2.1393
4c725b73-5279-4559-bc1b-d1b7a08b5740	8	39286601	39352527	33	1.6493
4c725b73-5279-4559-bc1b-d1b7a08b5740	8	39538338	39763671	150	0.7867
4c725b73-5279-4559-bc1b-d1b7a08b5740	8	39764045	40579137	623	0.5933
4c725b73-5279-4559-bc1b-d1b7a08b5740	8	40579255	41403608	508	0.6948
4c725b73-5279-4559-bc1b-d1b7a08b5740	8	41404025	43080575	973	0.4318
4c725b73-5279-4559-bc1b-d1b7a08b5740	8	46547532	47057253	211	0.6224
4c725b73-5279-4559-bc1b-d1b7a08b5740	8	47059724	49220835	1008	0.762
4c725b73-5279-4559-bc1b-d1b7a08b5740	8	49220916	50784602	771	0.6341
4c725b73-5279-4559-bc1b-d1b7a08b5740	8	50789446	51978515	709	0.4702
4c725b73-5279-4559-bc1b-d1b7a08b5740	8	51978545	51980167	3	1.0558
4c725b73-5279-4559-bc1b-d1b7a08b5740	8	51981624	56316228	2525	0.1362
4c725b73-5279-4559-bc1b-d1b7a08b5740	8	56316550	58228463	1247	-0.0516
4c725b73-5279-4559-bc1b-d1b7a08b5740	8	58230713	63528345	3365	-0.1217
4c725b73-5279-4559-bc1b-d1b7a08b5740	8	63530679	63628071	47	0.4295
4c725b73-5279-4559-bc1b-d1b7a08b5740	8	63631437	63670240	20	-0.1466
4c725b73-5279-4559-bc1b-d1b7a08b5740	8	63672173	68010685	2221	0.4971
4c725b73-5279-4559-bc1b-d1b7a08b5740	8	68010751	69294368	832	0.6135
4c725b73-5279-4559-bc1b-d1b7a08b5740	8	69295362	69295681	2	-0.6281
4c725b73-5279-4559-bc1b-d1b7a08b5740	8	69295711	70265785	644	0.6009
4c725b73-5279-4559-bc1b-d1b7a08b5740	8	70266402	70694961	204	0.4912
4c725b73-5279-4559-bc1b-d1b7a08b5740	8	70733452	70908880	70	0.6759
4c725b73-5279-4559-bc1b-d1b7a08b5740	8	70911078	73753023	1941	0.7961
4c725b73-5279-4559-bc1b-d1b7a08b5740	8	73756407	75066247	813	0.7086
4c725b73-5279-4559-bc1b-d1b7a08b5740	8	75140327	75358422	108	1.0139
4c725b73-5279-4559-bc1b-d1b7a08b5740	8	75362354	76531607	689	0.8477
4c725b73-5279-4559-bc1b-d1b7a08b5740	8	76535299	76975818	242	0.9715
4c725b73-5279-4559-bc1b-d1b7a08b5740	8	76976875	78999798	1033	0.747
4c725b73-5279-4559-bc1b-d1b7a08b5740	8	79007164	82298363	1872	0.898
4c725b73-5279-4559-bc1b-d1b7a08b5740	8	82300609	83807513	783	0.7511
4c725b73-5279-4559-bc1b-d1b7a08b5740	8	83808008	86065447	1106	0.6404
4c725b73-5279-4559-bc1b-d1b7a08b5740	8	86065839	87573707	728	0.2557
4c725b73-5279-4559-bc1b-d1b7a08b5740	8	87575885	88647862	587	0.5105
4c725b73-5279-4559-bc1b-d1b7a08b5740	8	88650522	91957716	1849	0.7094
4c725b73-5279-4559-bc1b-d1b7a08b5740	8	91958394	94511655	1577	0.5727
4c725b73-5279-4559-bc1b-d1b7a08b5740	8	94511981	94620118	67	0.2059
4c725b73-5279-4559-bc1b-d1b7a08b5740	8	94622722	95147052	290	0.2865
4c725b73-5279-4559-bc1b-d1b7a08b5740	8	95150736	95812299	510	0.375
4c725b73-5279-4559-bc1b-d1b7a08b5740	8	95812312	95812325	2	-0.4228
4c725b73-5279-4559-bc1b-d1b7a08b5740	8	95812494	96201741	266	0.3766
4c725b73-5279-4559-bc1b-d1b7a08b5740	8	96201887	97213521	575	0.2502
4c725b73-5279-4559-bc1b-d1b7a08b5740	8	97213521	109544816	6871	0.1708
4c725b73-5279-4559-bc1b-d1b7a08b5740	8	109545865	114974964	2702	0.087
4c725b73-5279-4559-bc1b-d1b7a08b5740	8	114977618	118858457	2594	0.1712
4c725b73-5279-4559-bc1b-d1b7a08b5740	8	118858691	122706835	2527	0.2217
4c725b73-5279-4559-bc1b-d1b7a08b5740	8	122711090	128126503	3785	0.1595
4c725b73-5279-4559-bc1b-d1b7a08b5740	8	128129610	129455058	892	0.2273
4c725b73-5279-4559-bc1b-d1b7a08b5740	8	129455426	134623093	3942	0.1621
4c725b73-5279-4559-bc1b-d1b7a08b5740	8	134623238	144182542	4933	0.095
4c725b73-5279-4559-bc1b-d1b7a08b5740	9	789794	2250413	888	-0.0558
4c725b73-5279-4559-bc1b-d1b7a08b5740	9	2250760	7135405	2860	0.0044
4c725b73-5279-4559-bc1b-d1b7a08b5740	9	7136345	9098698	1462	-0.0518
4c725b73-5279-4559-bc1b-d1b7a08b5740	9	9102393	12540761	1156	-0.4341
4c725b73-5279-4559-bc1b-d1b7a08b5740	9	12541971	12717475	86	-0.1995
4c725b73-5279-4559-bc1b-d1b7a08b5740	9	12718151	13650512	620	-0.0441
4c725b73-5279-4559-bc1b-d1b7a08b5740	9	13656742	13784838	139	0.3047
4c725b73-5279-4559-bc1b-d1b7a08b5740	9	13785444	22628636	6844	-0.7394
4c725b73-5279-4559-bc1b-d1b7a08b5740	9	22628657	29718936	4144	-0.8219
4c725b73-5279-4559-bc1b-d1b7a08b5740	9	29721602	30419130	304	0.6405
4c725b73-5279-4559-bc1b-d1b7a08b5740	9	30597972	31254130	426	0.1022
4c725b73-5279-4559-bc1b-d1b7a08b5740	9	31257752	31434344	91	0.3134
4c725b73-5279-4559-bc1b-d1b7a08b5740	9	31434901	31445216	6	0.0603
4c725b73-5279-4559-bc1b-d1b7a08b5740	9	31446177	32703789	851	0.4486
4c725b73-5279-4559-bc1b-d1b7a08b5740	9	32705364	33652111	642	0.083
4c725b73-5279-4559-bc1b-d1b7a08b5740	9	33653153	33743685	63	0.339
4c725b73-5279-4559-bc1b-d1b7a08b5740	9	33751336	34790535	534	-0.2912
4c725b73-5279-4559-bc1b-d1b7a08b5740	9	34791807	36493748	873	-0.0483
4c725b73-5279-4559-bc1b-d1b7a08b5740	9	36494818	37841229	887	-0.3128
4c725b73-5279-4559-bc1b-d1b7a08b5740	9	37848688	68425024	697	-0.1245
4c725b73-5279-4559-bc1b-d1b7a08b5740	9	68426962	69303116	776	0.2345
4c725b73-5279-4559-bc1b-d1b7a08b5740	9	69303348	74108779	3162	0.3161
4c725b73-5279-4559-bc1b-d1b7a08b5740	9	74109040	80010217	4239	0.2159
4c725b73-5279-4559-bc1b-d1b7a08b5740	9	80012538	103708438	15185	-0.1197
4c725b73-5279-4559-bc1b-d1b7a08b5740	9	103709464	107280953	2350	-0.0575
4c725b73-5279-4559-bc1b-d1b7a08b5740	9	107284392	107288231	6	-4.4653
4c725b73-5279-4559-bc1b-d1b7a08b5740	9	107297152	107535161	194	-0.1521
4c725b73-5279-4559-bc1b-d1b7a08b5740	9	107536424	107905941	284	-0.1023
4c725b73-5279-4559-bc1b-d1b7a08b5740	9	107906294	111301696	2768	-0.0466
4c725b73-5279-4559-bc1b-d1b7a08b5740	9	111301736	114670633	2074	-0.1004
4c725b73-5279-4559-bc1b-d1b7a08b5740	9	114670646	117765831	2384	-0.0445
4c725b73-5279-4559-bc1b-d1b7a08b5740	9	117766964	123325080	3768	-0.1121
4c725b73-5279-4559-bc1b-d1b7a08b5740	9	123328128	134158523	6315	-0.161
4c725b73-5279-4559-bc1b-d1b7a08b5740	9	134205105	134205128	2	-2.0146
4c725b73-5279-4559-bc1b-d1b7a08b5740	9	134206607	137333703	1143	-0.1653
4c725b73-5279-4559-bc1b-d1b7a08b5740	9	137396353	138044505	236	0.3774
4c725b73-5279-4559-bc1b-d1b7a08b5740	10	366509	3368485	1572	-0.0951
4c725b73-5279-4559-bc1b-d1b7a08b5740	10	3370582	5504915	1767	-0.0117
4c725b73-5279-4559-bc1b-d1b7a08b5740	10	5508710	13877042	6408	-0.099
4c725b73-5279-4559-bc1b-d1b7a08b5740	10	13877291	22394449	6034	-0.7709
4c725b73-5279-4559-bc1b-d1b7a08b5740	10	22401726	24359439	1326	-0.3545
4c725b73-5279-4559-bc1b-d1b7a08b5740	10	24360886	25480428	699	-0.7672
4c725b73-5279-4559-bc1b-d1b7a08b5740	10	25480856	27459411	1192	-0.382
4c725b73-5279-4559-bc1b-d1b7a08b5740	10	27469397	27565596	64	0.887
4c725b73-5279-4559-bc1b-d1b7a08b5740	10	27566833	27843902	193	1.0099
4c725b73-5279-4559-bc1b-d1b7a08b5740	10	27844258	27951296	65	1.4665
4c725b73-5279-4559-bc1b-d1b7a08b5740	10	27952763	27971614	13	1.0885
4c725b73-5279-4559-bc1b-d1b7a08b5740	10	27973689	28674135	477	0.6353
4c725b73-5279-4559-bc1b-d1b7a08b5740	10	28674854	29138604	390	0.843
4c725b73-5279-4559-bc1b-d1b7a08b5740	10	29143853	33677193	3193	-0.7792
4c725b73-5279-4559-bc1b-d1b7a08b5740	10	33687036	34433757	542	-0.1225
4c725b73-5279-4559-bc1b-d1b7a08b5740	10	34434323	34501338	41	-0.4059
4c725b73-5279-4559-bc1b-d1b7a08b5740	10	34502999	37657506	1808	-0.7671
4c725b73-5279-4559-bc1b-d1b7a08b5740	10	37665425	37749355	50	0.316
4c725b73-5279-4559-bc1b-d1b7a08b5740	10	37755543	38658289	349	-0.1189
4c725b73-5279-4559-bc1b-d1b7a08b5740	10	38660948	38770921	34	0.205
4c725b73-5279-4559-bc1b-d1b7a08b5740	10	42450960	43595957	694	0.5489
4c725b73-5279-4559-bc1b-d1b7a08b5740	10	43597613	45092433	1034	0.6622
4c725b73-5279-4559-bc1b-d1b7a08b5740	10	45093043	46041001	288	-0.0812
4c725b73-5279-4559-bc1b-d1b7a08b5740	10	47084490	47327025	184	0.6417
4c725b73-5279-4559-bc1b-d1b7a08b5740	10	48188464	49084955	742	-0.0486
4c725b73-5279-4559-bc1b-d1b7a08b5740	10	49085411	49169826	75	0.7144
4c725b73-5279-4559-bc1b-d1b7a08b5740	10	49171675	49207545	25	0.4652
4c725b73-5279-4559-bc1b-d1b7a08b5740	10	49210904	53801387	2569	-0.0491
4c725b73-5279-4559-bc1b-d1b7a08b5740	10	53801885	56532980	1249	-0.1245
4c725b73-5279-4559-bc1b-d1b7a08b5740	10	56536265	57188264	354	-0.0674
4c725b73-5279-4559-bc1b-d1b7a08b5740	10	57188325	64514564	4885	-0.0282
4c725b73-5279-4559-bc1b-d1b7a08b5740	10	64515186	75613776	6079	-0.0992
4c725b73-5279-4559-bc1b-d1b7a08b5740	10	75614399	78832740	2573	-0.0348
4c725b73-5279-4559-bc1b-d1b7a08b5740	10	78833186	87866979	5486	-0.0999
4c725b73-5279-4559-bc1b-d1b7a08b5740	10	87868348	91878514	2771	-0.0239
4c725b73-5279-4559-bc1b-d1b7a08b5740	10	91879075	99980032	4697	-0.0841
4c725b73-5279-4559-bc1b-d1b7a08b5740	10	99984038	103363264	1612	0.2995
4c725b73-5279-4559-bc1b-d1b7a08b5740	10	103367411	110563429	4620	0.3527
4c725b73-5279-4559-bc1b-d1b7a08b5740	10	110564257	113583528	2218	0.3973
4c725b73-5279-4559-bc1b-d1b7a08b5740	10	113587240	126009440	8722	0.3395
4c725b73-5279-4559-bc1b-d1b7a08b5740	10	126009454	127045643	859	0.4119
4c725b73-5279-4559-bc1b-d1b7a08b5740	10	127045747	127818543	623	0.3561
4c725b73-5279-4559-bc1b-d1b7a08b5740	10	127818614	128075206	198	0.2689
4c725b73-5279-4559-bc1b-d1b7a08b5740	10	128076971	131290740	1954	0.3246
4c725b73-5279-4559-bc1b-d1b7a08b5740	10	131290827	133411599	537	0.2369
4c725b73-5279-4559-bc1b-d1b7a08b5740	11	456012	7262018	3377	-0.3135
4c725b73-5279-4559-bc1b-d1b7a08b5740	11	7269563	10414489	2036	-0.0693
4c725b73-5279-4559-bc1b-d1b7a08b5740	11	10415792	10416806	3	-1.2202
4c725b73-5279-4559-bc1b-d1b7a08b5740	11	10418797	11268044	681	-0.0322
4c725b73-5279-4559-bc1b-d1b7a08b5740	11	11268372	11272017	7	-0.645
4c725b73-5279-4559-bc1b-d1b7a08b5740	11	11272063	14438351	2575	-0.0178
4c725b73-5279-4559-bc1b-d1b7a08b5740	11	14440582	18852520	2727	-0.0871
4c725b73-5279-4559-bc1b-d1b7a08b5740	11	18854682	20616618	1508	-0.0219
4c725b73-5279-4559-bc1b-d1b7a08b5740	11	20616675	25345628	3160	-0.0968
4c725b73-5279-4559-bc1b-d1b7a08b5740	11	25346213	29732375	2760	-0.007
4c725b73-5279-4559-bc1b-d1b7a08b5740	11	29744514	34530979	3048	-0.055
4c725b73-5279-4559-bc1b-d1b7a08b5740	11	34531990	37921805	1990	-0.0072
4c725b73-5279-4559-bc1b-d1b7a08b5740	11	37922649	38214376	148	-0.165
4c725b73-5279-4559-bc1b-d1b7a08b5740	11	38216934	38220585	4	-1.0197
4c725b73-5279-4559-bc1b-d1b7a08b5740	11	38229372	38513490	187	-0.1327
4c725b73-5279-4559-bc1b-d1b7a08b5740	11	38515047	38989786	263	-0.8614
4c725b73-5279-4559-bc1b-d1b7a08b5740	11	38993952	43372149	2924	-0.1087
4c725b73-5279-4559-bc1b-d1b7a08b5740	11	43376713	47462291	2383	-0.7997
4c725b73-5279-4559-bc1b-d1b7a08b5740	11	47468121	47962125	214	-0.1182
4c725b73-5279-4559-bc1b-d1b7a08b5740	11	47962640	49423807	409	0.0068
4c725b73-5279-4559-bc1b-d1b7a08b5740	11	49426977	49527299	40	0.9739
4c725b73-5279-4559-bc1b-d1b7a08b5740	11	49530972	49573696	21	0.6106
4c725b73-5279-4559-bc1b-d1b7a08b5740	11	49576158	49845009	119	0.9224
4c725b73-5279-4559-bc1b-d1b7a08b5740	11	49848775	49992218	65	0.5742
4c725b73-5279-4559-bc1b-d1b7a08b5740	11	50060063	56244856	8	0.4033
4c725b73-5279-4559-bc1b-d1b7a08b5740	11	56246322	56496063	153	-0.1228
4c725b73-5279-4559-bc1b-d1b7a08b5740	11	56503403	56623077	60	0.4287
4c725b73-5279-4559-bc1b-d1b7a08b5740	11	56628522	56649785	11	-0.1565
4c725b73-5279-4559-bc1b-d1b7a08b5740	11	56652157	56971726	183	0.3761
4c725b73-5279-4559-bc1b-d1b7a08b5740	11	56971832	57038216	44	-0.6762
4c725b73-5279-4559-bc1b-d1b7a08b5740	11	57043737	57060104	11	-0.0699
4c725b73-5279-4559-bc1b-d1b7a08b5740	11	57061764	57766617	403	-0.7633
4c725b73-5279-4559-bc1b-d1b7a08b5740	11	57774038	58739878	572	-0.0897
4c725b73-5279-4559-bc1b-d1b7a08b5740	11	58740429	58780311	19	-0.8203
4c725b73-5279-4559-bc1b-d1b7a08b5740	11	58781491	58844226	21	-0.1158
4c725b73-5279-4559-bc1b-d1b7a08b5740	11	58849881	59216030	194	-0.7418
4c725b73-5279-4559-bc1b-d1b7a08b5740	11	59221573	59327419	55	-0.0676
4c725b73-5279-4559-bc1b-d1b7a08b5740	11	59328307	60340652	614	-0.7813
4c725b73-5279-4559-bc1b-d1b7a08b5740	11	60343649	63355388	1559	-0.1013
4c725b73-5279-4559-bc1b-d1b7a08b5740	11	63359382	63897410	236	0.3094
4c725b73-5279-4559-bc1b-d1b7a08b5740	11	63898533	65936447	361	0.7182
4c725b73-5279-4559-bc1b-d1b7a08b5740	11	65941956	68020773	613	0.4728
4c725b73-5279-4559-bc1b-d1b7a08b5740	11	68031956	68617866	259	0.9453
4c725b73-5279-4559-bc1b-d1b7a08b5740	11	68620516	68755235	59	0.603
4c725b73-5279-4559-bc1b-d1b7a08b5740	11	68756486	69189642	265	-0.1321
4c725b73-5279-4559-bc1b-d1b7a08b5740	11	69191192	69754650	349	0.6686
4c725b73-5279-4559-bc1b-d1b7a08b5740	11	69757916	70336138	295	-0.105
4c725b73-5279-4559-bc1b-d1b7a08b5740	11	70343411	70370365	19	-0.8602
4c725b73-5279-4559-bc1b-d1b7a08b5740	11	70371239	70395998	16	-0.1567
4c725b73-5279-4559-bc1b-d1b7a08b5740	11	70402628	71097714	341	-0.8855
4c725b73-5279-4559-bc1b-d1b7a08b5740	11	71101066	71325140	150	-0.1858
4c725b73-5279-4559-bc1b-d1b7a08b5740	11	71328583	72275734	427	0.3
4c725b73-5279-4559-bc1b-d1b7a08b5740	11	72279374	72320436	25	0.6525
4c725b73-5279-4559-bc1b-d1b7a08b5740	11	72327811	72954013	285	0.3177
4c725b73-5279-4559-bc1b-d1b7a08b5740	11	72955574	74871920	1023	0.6573
4c725b73-5279-4559-bc1b-d1b7a08b5740	11	74883610	75375626	257	1.4408
4c725b73-5279-4559-bc1b-d1b7a08b5740	11	75375641	76430072	576	1.6881
4c725b73-5279-4559-bc1b-d1b7a08b5740	11	76431975	76437238	5	-0.9124
4c725b73-5279-4559-bc1b-d1b7a08b5740	11	76437698	77051831	354	1.5642
4c725b73-5279-4559-bc1b-d1b7a08b5740	11	77052706	79223441	1314	1.6957
4c725b73-5279-4559-bc1b-d1b7a08b5740	11	79225783	80147819	729	-0.7938
4c725b73-5279-4559-bc1b-d1b7a08b5740	11	80152549	81182446	750	0.3747
4c725b73-5279-4559-bc1b-d1b7a08b5740	11	81182838	82098994	587	-0.8208
4c725b73-5279-4559-bc1b-d1b7a08b5740	11	82104270	82217335	78	0.9208
4c725b73-5279-4559-bc1b-d1b7a08b5740	11	82218976	82284835	46	2.1957
4c725b73-5279-4559-bc1b-d1b7a08b5740	11	82285580	82743522	204	1.0054
4c725b73-5279-4559-bc1b-d1b7a08b5740	11	82744328	82746904	2	2.4192
4c725b73-5279-4559-bc1b-d1b7a08b5740	11	82748397	84358092	989	1.0059
4c725b73-5279-4559-bc1b-d1b7a08b5740	11	84472844	85718031	643	0.3624
4c725b73-5279-4559-bc1b-d1b7a08b5740	11	85762205	88880175	2124	-0.7315
4c725b73-5279-4559-bc1b-d1b7a08b5740	11	88880436	89010264	69	-0.4352
4c725b73-5279-4559-bc1b-d1b7a08b5740	11	89013780	90192826	393	-0.6989
4c725b73-5279-4559-bc1b-d1b7a08b5740	11	90193504	93949247	2189	-0.8203
4c725b73-5279-4559-bc1b-d1b7a08b5740	11	93949703	98270972	2915	-0.759
4c725b73-5279-4559-bc1b-d1b7a08b5740	11	98350106	99441775	757	2.0395
4c725b73-5279-4559-bc1b-d1b7a08b5740	11	99442605	100957738	1109	2.3525
4c725b73-5279-4559-bc1b-d1b7a08b5740	11	100958789	101173559	319	2.7265
4c725b73-5279-4559-bc1b-d1b7a08b5740	11	101173850	102037910	593	2.5365
4c725b73-5279-4559-bc1b-d1b7a08b5740	11	102041840	102487376	90	2.4
4c725b73-5279-4559-bc1b-d1b7a08b5740	11	102488746	102488934	2	-0.2587
4c725b73-5279-4559-bc1b-d1b7a08b5740	11	102489169	103978845	893	2.3859
4c725b73-5279-4559-bc1b-d1b7a08b5740	11	103984005	103984171	2	-0.9761
4c725b73-5279-4559-bc1b-d1b7a08b5740	11	103985980	105156114	690	2.3996
4c725b73-5279-4559-bc1b-d1b7a08b5740	11	105158148	106495162	793	2.8204
4c725b73-5279-4559-bc1b-d1b7a08b5740	11	106497216	134272740	18708	-0.7721
4c725b73-5279-4559-bc1b-d1b7a08b5740	12	780472	10667336	5403	0.5208
4c725b73-5279-4559-bc1b-d1b7a08b5740	12	10671773	19856548	5611	0.6425
4c725b73-5279-4559-bc1b-d1b7a08b5740	12	19857028	21176879	778	0.7318
4c725b73-5279-4559-bc1b-d1b7a08b5740	12	21178615	21578816	273	0.8495
4c725b73-5279-4559-bc1b-d1b7a08b5740	12	21578848	25491723	2548	0.6886
4c725b73-5279-4559-bc1b-d1b7a08b5740	12	25492074	30475429	3388	0.7481
4c725b73-5279-4559-bc1b-d1b7a08b5740	12	30477740	38827290	1731	0.6462
4c725b73-5279-4559-bc1b-d1b7a08b5740	12	38829764	40724471	1081	-0.0948
4c725b73-5279-4559-bc1b-d1b7a08b5740	12	40724870	48555272	4373	-0.0443
4c725b73-5279-4559-bc1b-d1b7a08b5740	12	48557824	53776983	2626	-0.0926
4c725b73-5279-4559-bc1b-d1b7a08b5740	12	53785818	62065818	4720	-0.0416
4c725b73-5279-4559-bc1b-d1b7a08b5740	12	62066119	71253667	5950	-0.0072
4c725b73-5279-4559-bc1b-d1b7a08b5740	12	71254690	74785641	1820	-0.0639
4c725b73-5279-4559-bc1b-d1b7a08b5740	12	74792132	74792534	3	-1.2119
4c725b73-5279-4559-bc1b-d1b7a08b5740	12	74793920	81930660	4576	-0.012
4c725b73-5279-4559-bc1b-d1b7a08b5740	12	81934067	84158837	1298	-0.0678
4c725b73-5279-4559-bc1b-d1b7a08b5740	12	84160131	86016626	1100	0.0168
4c725b73-5279-4559-bc1b-d1b7a08b5740	12	86017863	87411325	637	-0.0768
4c725b73-5279-4559-bc1b-d1b7a08b5740	12	87412375	91528493	2396	0.0055
4c725b73-5279-4559-bc1b-d1b7a08b5740	12	91528997	93659888	1332	-0.0567
4c725b73-5279-4559-bc1b-d1b7a08b5740	12	93665355	94218132	480	-0.024
4c725b73-5279-4559-bc1b-d1b7a08b5740	12	94218519	108663597	9608	-0.0597
4c725b73-5279-4559-bc1b-d1b7a08b5740	12	108666462	113662146	2538	-0.1214
4c725b73-5279-4559-bc1b-d1b7a08b5740	12	113664264	119557901	3977	-0.0687
4c725b73-5279-4559-bc1b-d1b7a08b5740	12	119557968	123819538	1856	-0.1428
4c725b73-5279-4559-bc1b-d1b7a08b5740	12	123825985	125846774	1383	-0.056
4c725b73-5279-4559-bc1b-d1b7a08b5740	12	125848344	125865611	10	-0.851
4c725b73-5279-4559-bc1b-d1b7a08b5740	12	125866742	127002679	741	-0.0341
4c725b73-5279-4559-bc1b-d1b7a08b5740	12	127006387	127009134	5	-0.7986
4c725b73-5279-4559-bc1b-d1b7a08b5740	12	127010817	127689393	559	-0.0134
4c725b73-5279-4559-bc1b-d1b7a08b5740	12	127690165	132605822	1580	-0.1269
4c725b73-5279-4559-bc1b-d1b7a08b5740	13	18874255	28837833	5753	-0.2945
4c725b73-5279-4559-bc1b-d1b7a08b5740	13	28838581	49107583	13564	-0.2431
4c725b73-5279-4559-bc1b-d1b7a08b5740	13	49108410	54326858	2111	-0.2989
4c725b73-5279-4559-bc1b-d1b7a08b5740	13	54328454	65442037	5175	-0.1797
4c725b73-5279-4559-bc1b-d1b7a08b5740	13	65445242	73243471	4352	-0.1246
4c725b73-5279-4559-bc1b-d1b7a08b5740	13	73246352	78352137	3517	-0.081
4c725b73-5279-4559-bc1b-d1b7a08b5740	13	78354959	85113874	3959	-0.1201
4c725b73-5279-4559-bc1b-d1b7a08b5740	13	85116328	90332404	2926	-0.1736
4c725b73-5279-4559-bc1b-d1b7a08b5740	13	90333651	97401690	4498	-0.0871
4c725b73-5279-4559-bc1b-d1b7a08b5740	13	97402338	97402863	2	-1.6711
4c725b73-5279-4559-bc1b-d1b7a08b5740	13	97405911	99090229	1180	-0.0971
4c725b73-5279-4559-bc1b-d1b7a08b5740	13	99091373	107496099	5736	-0.4278
4c725b73-5279-4559-bc1b-d1b7a08b5740	13	107496294	107496462	2	-2.7126
4c725b73-5279-4559-bc1b-d1b7a08b5740	13	107497668	107576154	86	-0.4877
4c725b73-5279-4559-bc1b-d1b7a08b5740	13	107576670	107858068	249	-0.1172
4c725b73-5279-4559-bc1b-d1b7a08b5740	13	107860674	114226675	3855	-0.4553
4c725b73-5279-4559-bc1b-d1b7a08b5740	14	20033191	21229662	709	0.4832
4c725b73-5279-4559-bc1b-d1b7a08b5740	14	21229782	34337631	7190	0.3668
4c725b73-5279-4559-bc1b-d1b7a08b5740	14	34337885	34384079	34	0.4966
4c725b73-5279-4559-bc1b-d1b7a08b5740	14	34384812	48952418	6944	0.3085
4c725b73-5279-4559-bc1b-d1b7a08b5740	14	48953312	63135152	9089	0.3741
4c725b73-5279-4559-bc1b-d1b7a08b5740	14	63138827	72039159	5171	0.3124
4c725b73-5279-4559-bc1b-d1b7a08b5740	14	72039902	72835430	669	0.379
4c725b73-5279-4559-bc1b-d1b7a08b5740	14	72841768	83771450	6942	0.3074
4c725b73-5279-4559-bc1b-d1b7a08b5740	14	83771751	87731495	2488	0.3603
4c725b73-5279-4559-bc1b-d1b7a08b5740	14	87736219	94040245	3725	0.2829
4c725b73-5279-4559-bc1b-d1b7a08b5740	14	94040687	101462956	5292	0.3075
4c725b73-5279-4559-bc1b-d1b7a08b5740	14	101464080	105533894	1551	0.2608
4c725b73-5279-4559-bc1b-d1b7a08b5740	15	23437561	23735028	212	0.3651
4c725b73-5279-4559-bc1b-d1b7a08b5740	15	23739469	32642856	3086	0.2739
4c725b73-5279-4559-bc1b-d1b7a08b5740	15	32645262	33814531	1048	0.3982
4c725b73-5279-4559-bc1b-d1b7a08b5740	15	33815160	35211375	757	0.155
4c725b73-5279-4559-bc1b-d1b7a08b5740	15	35211767	38113701	1924	0.2069
4c725b73-5279-4559-bc1b-d1b7a08b5740	15	38118381	40035100	1378	0.2651
4c725b73-5279-4559-bc1b-d1b7a08b5740	15	40035372	42916246	1385	0.1556
4c725b73-5279-4559-bc1b-d1b7a08b5740	15	42923059	44122257	467	0.2757
4c725b73-5279-4559-bc1b-d1b7a08b5740	15	44136784	47276509	1642	0.152
4c725b73-5279-4559-bc1b-d1b7a08b5740	15	47277537	50147756	1865	0.2253
4c725b73-5279-4559-bc1b-d1b7a08b5740	15	50152203	53411901	2021	0.1729
4c725b73-5279-4559-bc1b-d1b7a08b5740	15	53412132	56187682	1853	0.1336
4c725b73-5279-4559-bc1b-d1b7a08b5740	15	56188435	63692865	5275	0.1854
4c725b73-5279-4559-bc1b-d1b7a08b5740	15	63696566	66683495	1553	0.1085
4c725b73-5279-4559-bc1b-d1b7a08b5740	15	66685406	68516112	1234	0.1739
4c725b73-5279-4559-bc1b-d1b7a08b5740	15	68519446	68524284	6	0.7954
4c725b73-5279-4559-bc1b-d1b7a08b5740	15	68524670	70741674	1408	0.1399
4c725b73-5279-4559-bc1b-d1b7a08b5740	15	70741805	70741906	3	1.2024
4c725b73-5279-4559-bc1b-d1b7a08b5740	15	70741930	71690992	640	0.1909
4c725b73-5279-4559-bc1b-d1b7a08b5740	15	71691435	80085229	4374	0.1264
4c725b73-5279-4559-bc1b-d1b7a08b5740	15	80087545	87439483	4078	0.1657
4c725b73-5279-4559-bc1b-d1b7a08b5740	15	87440770	96646936	5885	0.2832
4c725b73-5279-4559-bc1b-d1b7a08b5740	15	96651238	98493707	1257	0.3384
4c725b73-5279-4559-bc1b-d1b7a08b5740	15	98494578	101344124	1457	0.4992
4c725b73-5279-4559-bc1b-d1b7a08b5740	16	603333	5307571	1788	0.0844
4c725b73-5279-4559-bc1b-d1b7a08b5740	16	5310633	14564415	6429	0.1402
4c725b73-5279-4559-bc1b-d1b7a08b5740	16	14565102	18851456	71	0.0044
4c725b73-5279-4559-bc1b-d1b7a08b5740	16	18854886	20638474	961	-0.1611
4c725b73-5279-4559-bc1b-d1b7a08b5740	16	20638723	25285219	1938	-0.4457
4c725b73-5279-4559-bc1b-d1b7a08b5740	16	25295755	27853438	1828	0.113
4c725b73-5279-4559-bc1b-d1b7a08b5740	16	27854901	29411088	446	0.2308
4c725b73-5279-4559-bc1b-d1b7a08b5740	16	29411192	31812037	572	-0.1671
4c725b73-5279-4559-bc1b-d1b7a08b5740	16	31812529	31838978	9	0.0529
4c725b73-5279-4559-bc1b-d1b7a08b5740	16	31841585	47195416	275	-1.0052
4c725b73-5279-4559-bc1b-d1b7a08b5740	16	47196062	49203839	1123	-0.2064
4c725b73-5279-4559-bc1b-d1b7a08b5740	16	49207864	51508608	1565	-0.2706
4c725b73-5279-4559-bc1b-d1b7a08b5740	16	51509950	53308018	1307	-0.4288
4c725b73-5279-4559-bc1b-d1b7a08b5740	16	53310477	56883235	2666	-0.3697
4c725b73-5279-4559-bc1b-d1b7a08b5740	16	56883257	60169699	2019	-0.4216
4c725b73-5279-4559-bc1b-d1b7a08b5740	16	60170522	60171303	2	-2.3574
4c725b73-5279-4559-bc1b-d1b7a08b5740	16	60171987	63482498	1998	-0.4178
4c725b73-5279-4559-bc1b-d1b7a08b5740	16	63488455	66150766	1985	-0.3258
4c725b73-5279-4559-bc1b-d1b7a08b5740	16	66152814	69294112	1468	-0.4113
4c725b73-5279-4559-bc1b-d1b7a08b5740	16	69298894	69373083	37	0.1351
4c725b73-5279-4559-bc1b-d1b7a08b5740	16	69374012	70554133	412	-0.4167
4c725b73-5279-4559-bc1b-d1b7a08b5740	16	70558902	70667246	56	-0.002
4c725b73-5279-4559-bc1b-d1b7a08b5740	16	70670199	71178773	88	-0.3688
4c725b73-5279-4559-bc1b-d1b7a08b5740	16	71182102	71216133	23	0.0649
4c725b73-5279-4559-bc1b-d1b7a08b5740	16	71217892	71735819	306	-0.3969
4c725b73-5279-4559-bc1b-d1b7a08b5740	16	71736240	71813381	33	0.2029
4c725b73-5279-4559-bc1b-d1b7a08b5740	16	71817902	71872694	29	-0.3568
4c725b73-5279-4559-bc1b-d1b7a08b5740	16	71879174	73356385	776	-0.6246
4c725b73-5279-4559-bc1b-d1b7a08b5740	16	73356403	73357243	4	-3.7963
4c725b73-5279-4559-bc1b-d1b7a08b5740	16	73359422	75085127	1088	-0.6466
4c725b73-5279-4559-bc1b-d1b7a08b5740	16	75088954	75137129	24	-0.0504
4c725b73-5279-4559-bc1b-d1b7a08b5740	16	75137291	75358752	111	-0.6552
4c725b73-5279-4559-bc1b-d1b7a08b5740	16	75359454	75552646	70	-0.0462
4c725b73-5279-4559-bc1b-d1b7a08b5740	16	75553322	76886033	860	-0.6505
4c725b73-5279-4559-bc1b-d1b7a08b5740	16	76889372	77208882	295	0.0032
4c725b73-5279-4559-bc1b-d1b7a08b5740	16	77210815	77588563	429	-0.6799
4c725b73-5279-4559-bc1b-d1b7a08b5740	16	77589019	77961576	312	-0.0137
4c725b73-5279-4559-bc1b-d1b7a08b5740	16	77964225	77964407	2	-1.1219
4c725b73-5279-4559-bc1b-d1b7a08b5740	16	77966413	78109529	80	0.0356
4c725b73-5279-4559-bc1b-d1b7a08b5740	16	78111300	78139257	15	0.4779
4c725b73-5279-4559-bc1b-d1b7a08b5740	16	78143818	78290185	148	-0.057
4c725b73-5279-4559-bc1b-d1b7a08b5740	16	78290706	78595423	370	-0.7474
4c725b73-5279-4559-bc1b-d1b7a08b5740	16	78596398	78617665	17	-0.0848
4c725b73-5279-4559-bc1b-d1b7a08b5740	16	78619490	78657012	33	-0.7221
4c725b73-5279-4559-bc1b-d1b7a08b5740	16	78659299	78689215	49	-0.0215
4c725b73-5279-4559-bc1b-d1b7a08b5740	16	78690808	79205069	382	-0.747
4c725b73-5279-4559-bc1b-d1b7a08b5740	16	79211923	79221177	22	0.4204
4c725b73-5279-4559-bc1b-d1b7a08b5740	16	79224440	79478644	222	0.0021
4c725b73-5279-4559-bc1b-d1b7a08b5740	16	79479120	80583969	1053	-0.6491
4c725b73-5279-4559-bc1b-d1b7a08b5740	16	80584392	83517902	2387	-0.321
4c725b73-5279-4559-bc1b-d1b7a08b5740	16	83519193	83519838	2	-2.3117
4c725b73-5279-4559-bc1b-d1b7a08b5740	16	83519976	83869666	428	-0.3454
4c725b73-5279-4559-bc1b-d1b7a08b5740	16	83870336	84009243	75	-4.9864
4c725b73-5279-4559-bc1b-d1b7a08b5740	16	84101888	84900412	25	-0.3879
4c725b73-5279-4559-bc1b-d1b7a08b5740	16	84903681	88459876	2436	-0.6809
4c725b73-5279-4559-bc1b-d1b7a08b5740	16	89234014	89287939	12	-0.0317
4c725b73-5279-4559-bc1b-d1b7a08b5740	16	89292732	89305431	13	-0.3873
4c725b73-5279-4559-bc1b-d1b7a08b5740	16	89307299	89317317	11	-0.006
4c725b73-5279-4559-bc1b-d1b7a08b5740	17	1074619	7624911	3185	0.3479
4c725b73-5279-4559-bc1b-d1b7a08b5740	17	7627186	7741014	43	-2.4513
4c725b73-5279-4559-bc1b-d1b7a08b5740	17	7745889	10901654	1912	-0.4632
4c725b73-5279-4559-bc1b-d1b7a08b5740	17	10901874	12992498	1549	-0.1144
4c725b73-5279-4559-bc1b-d1b7a08b5740	17	12992538	12992667	2	-1.669
4c725b73-5279-4559-bc1b-d1b7a08b5740	17	12996146	13923515	633	-0.0387
4c725b73-5279-4559-bc1b-d1b7a08b5740	17	13927776	13982059	65	0.3955
4c725b73-5279-4559-bc1b-d1b7a08b5740	17	13984704	17476148	963	-0.1162
4c725b73-5279-4559-bc1b-d1b7a08b5740	17	17476266	17606063	80	0.3754
4c725b73-5279-4559-bc1b-d1b7a08b5740	17	17607982	17857475	100	0.6663
4c725b73-5279-4559-bc1b-d1b7a08b5740	17	17859020	17875937	9	1.1607
4c725b73-5279-4559-bc1b-d1b7a08b5740	17	17879090	18105278	123	0.7081
4c725b73-5279-4559-bc1b-d1b7a08b5740	17	18105968	18109461	5	1.2823
4c725b73-5279-4559-bc1b-d1b7a08b5740	17	18110489	18889578	222	0.6934
4c725b73-5279-4559-bc1b-d1b7a08b5740	17	18890612	21774057	849	0.4586
4c725b73-5279-4559-bc1b-d1b7a08b5740	17	26943491	29031958	948	0.0866
4c725b73-5279-4559-bc1b-d1b7a08b5740	17	29032074	35342110	2859	-0.1366
4c725b73-5279-4559-bc1b-d1b7a08b5740	17	35344137	36067159	375	0.1236
4c725b73-5279-4559-bc1b-d1b7a08b5740	17	36567187	40596993	1835	0.0721
4c725b73-5279-4559-bc1b-d1b7a08b5740	17	40597285	41480343	519	0.1855
4c725b73-5279-4559-bc1b-d1b7a08b5740	17	41482034	46791110	1804	0.0714
4c725b73-5279-4559-bc1b-d1b7a08b5740	17	46791520	55513023	4709	0.1276
4c725b73-5279-4559-bc1b-d1b7a08b5740	17	55518019	56103227	499	0.8096
4c725b73-5279-4559-bc1b-d1b7a08b5740	17	56103244	56557407	340	0.7059
4c725b73-5279-4559-bc1b-d1b7a08b5740	17	56561587	57383822	634	0.6089
4c725b73-5279-4559-bc1b-d1b7a08b5740	17	57384884	58221773	574	0.301
4c725b73-5279-4559-bc1b-d1b7a08b5740	17	58225383	59110368	367	0.8227
4c725b73-5279-4559-bc1b-d1b7a08b5740	17	59111170	61024554	888	0.6112
4c725b73-5279-4559-bc1b-d1b7a08b5740	17	61029363	61134405	46	0.7577
4c725b73-5279-4559-bc1b-d1b7a08b5740	17	61137905	61431513	184	-0.0669
4c725b73-5279-4559-bc1b-d1b7a08b5740	17	61432215	61820468	202	1.1889
4c725b73-5279-4559-bc1b-d1b7a08b5740	17	61820636	63029010	524	0.8448
4c725b73-5279-4559-bc1b-d1b7a08b5740	17	63039767	68515943	2908	-0.1122
4c725b73-5279-4559-bc1b-d1b7a08b5740	17	68516100	72624975	3003	-0.0646
4c725b73-5279-4559-bc1b-d1b7a08b5740	17	72627631	73756434	850	-0.1447
4c725b73-5279-4559-bc1b-d1b7a08b5740	17	73763717	82959812	3480	0.2927
4c725b73-5279-4559-bc1b-d1b7a08b5740	18	326691	6764298	3156	0.0831
4c725b73-5279-4559-bc1b-d1b7a08b5740	18	6764634	8116627	987	0.7342
4c725b73-5279-4559-bc1b-d1b7a08b5740	18	8118247	8616038	423	0.5012
4c725b73-5279-4559-bc1b-d1b7a08b5740	18	8619271	11749613	2205	-1.3734
4c725b73-5279-4559-bc1b-d1b7a08b5740	18	11753181	12441430	392	0.1017
4c725b73-5279-4559-bc1b-d1b7a08b5740	18	12443068	14632450	1063	-0.4105
4c725b73-5279-4559-bc1b-d1b7a08b5740	18	14641845	35228424	8525	-0.742
4c725b73-5279-4559-bc1b-d1b7a08b5740	18	35240217	35358691	50	0.0038
4c725b73-5279-4559-bc1b-d1b7a08b5740	18	35361994	37162663	1147	-0.7227
4c725b73-5279-4559-bc1b-d1b7a08b5740	18	37163305	41294903	2491	-0.7944
4c725b73-5279-4559-bc1b-d1b7a08b5740	18	41294986	48289447	4364	-0.7389
4c725b73-5279-4559-bc1b-d1b7a08b5740	18	48291086	48291377	2	-2.8859
4c725b73-5279-4559-bc1b-d1b7a08b5740	18	48291896	48369200	58	-0.7812
4c725b73-5279-4559-bc1b-d1b7a08b5740	18	48371168	49464790	679	-0.3373
4c725b73-5279-4559-bc1b-d1b7a08b5740	18	49483097	73954610	13684	-0.7233
4c725b73-5279-4559-bc1b-d1b7a08b5740	18	73954681	79349796	3619	-0.8114
4c725b73-5279-4559-bc1b-d1b7a08b5740	19	283868	18705229	7275	0.2202
4c725b73-5279-4559-bc1b-d1b7a08b5740	19	18711128	23118339	1341	-0.1878
4c725b73-5279-4559-bc1b-d1b7a08b5740	19	23121746	23870190	442	-0.8171
4c725b73-5279-4559-bc1b-d1b7a08b5740	19	23872082	29741431	1558	-0.1616
4c725b73-5279-4559-bc1b-d1b7a08b5740	19	29741539	29743046	2	-1.4904
4c725b73-5279-4559-bc1b-d1b7a08b5740	19	29744659	30234227	333	-0.1707
4c725b73-5279-4559-bc1b-d1b7a08b5740	19	30235127	30373637	98	0.3656
4c725b73-5279-4559-bc1b-d1b7a08b5740	19	30373895	30416882	33	-0.2224
4c725b73-5279-4559-bc1b-d1b7a08b5740	19	30417335	30728435	228	0.0605
4c725b73-5279-4559-bc1b-d1b7a08b5740	19	30736771	30803661	42	0.1959
4c725b73-5279-4559-bc1b-d1b7a08b5740	19	30804093	31892758	777	0.3401
4c725b73-5279-4559-bc1b-d1b7a08b5740	19	31896321	33287334	869	0.1242
4c725b73-5279-4559-bc1b-d1b7a08b5740	19	33289355	33346326	37	-0.377
4c725b73-5279-4559-bc1b-d1b7a08b5740	19	33351374	37865376	2501	-0.5061
4c725b73-5279-4559-bc1b-d1b7a08b5740	19	37866112	45126504	3177	-0.4114
4c725b73-5279-4559-bc1b-d1b7a08b5740	19	45127629	54890291	3625	-0.7946
4c725b73-5279-4559-bc1b-d1b7a08b5740	19	54890992	58370362	1793	-0.1143
4c725b73-5279-4559-bc1b-d1b7a08b5740	20	472817	2127946	1030	-0.8455
4c725b73-5279-4559-bc1b-d1b7a08b5740	20	2128234	2128531	3	-2.9442
4c725b73-5279-4559-bc1b-d1b7a08b5740	20	2129426	7620176	3367	-0.8188
4c725b73-5279-4559-bc1b-d1b7a08b5740	20	7620514	11807008	2848	-0.7547
4c725b73-5279-4559-bc1b-d1b7a08b5740	20	11807456	22622364	7643	-0.8065
4c725b73-5279-4559-bc1b-d1b7a08b5740	20	22622527	22661119	28	0.209
4c725b73-5279-4559-bc1b-d1b7a08b5740	20	22662000	23947620	846	-0.0913
4c725b73-5279-4559-bc1b-d1b7a08b5740	20	23951201	25124253	708	0.1347
4c725b73-5279-4559-bc1b-d1b7a08b5740	20	25124316	31256075	435	0.4712
4c725b73-5279-4559-bc1b-d1b7a08b5740	20	31256170	31505230	122	0.2627
4c725b73-5279-4559-bc1b-d1b7a08b5740	20	31505268	34838409	1600	0.0829
4c725b73-5279-4559-bc1b-d1b7a08b5740	20	34844720	34846759	2	-1.3436
4c725b73-5279-4559-bc1b-d1b7a08b5740	20	34847358	34992897	64	0.0932
4c725b73-5279-4559-bc1b-d1b7a08b5740	20	34995930	36402238	653	0.8403
4c725b73-5279-4559-bc1b-d1b7a08b5740	20	36403431	36961878	217	0.6804
4c725b73-5279-4559-bc1b-d1b7a08b5740	20	36962811	37147626	181	0.5234
4c725b73-5279-4559-bc1b-d1b7a08b5740	20	37148663	37708780	347	0.7019
4c725b73-5279-4559-bc1b-d1b7a08b5740	20	37710478	39276535	952	1.0918
4c725b73-5279-4559-bc1b-d1b7a08b5740	20	39277031	39721770	382	0.6782
4c725b73-5279-4559-bc1b-d1b7a08b5740	20	39725311	39836207	77	1.2366
4c725b73-5279-4559-bc1b-d1b7a08b5740	20	39837390	39858371	13	0.5905
4c725b73-5279-4559-bc1b-d1b7a08b5740	20	39858607	39858797	2	-0.4526
4c725b73-5279-4559-bc1b-d1b7a08b5740	20	39858848	41443905	992	0.6646
4c725b73-5279-4559-bc1b-d1b7a08b5740	20	41444024	41730880	179	1.2206
4c725b73-5279-4559-bc1b-d1b7a08b5740	20	41731384	41731388	5	0.0511
4c725b73-5279-4559-bc1b-d1b7a08b5740	20	41732145	42098360	321	1.2342
4c725b73-5279-4559-bc1b-d1b7a08b5740	20	42100158	43683215	1113	1.4616
4c725b73-5279-4559-bc1b-d1b7a08b5740	20	43685628	52621911	5784	0.629
4c725b73-5279-4559-bc1b-d1b7a08b5740	20	52623072	55488105	2109	0.7077
4c725b73-5279-4559-bc1b-d1b7a08b5740	20	55489802	55506267	10	0.4888
4c725b73-5279-4559-bc1b-d1b7a08b5740	20	55549400	55569739	26	0.0977
4c725b73-5279-4559-bc1b-d1b7a08b5740	20	55575102	57047426	1124	0.6158
4c725b73-5279-4559-bc1b-d1b7a08b5740	20	57049019	57386300	247	0.0981
4c725b73-5279-4559-bc1b-d1b7a08b5740	20	57394641	58625589	964	0.1497
4c725b73-5279-4559-bc1b-d1b7a08b5740	20	58627385	63588502	3118	0.0779
4c725b73-5279-4559-bc1b-d1b7a08b5740	21	13974127	16222084	1376	-0.7658
4c725b73-5279-4559-bc1b-d1b7a08b5740	21	16235162	18302364	1307	1.2638
4c725b73-5279-4559-bc1b-d1b7a08b5740	21	18302379	18681525	235	0.8632
4c725b73-5279-4559-bc1b-d1b7a08b5740	21	18709841	20299690	1082	0.1293
4c725b73-5279-4559-bc1b-d1b7a08b5740	21	20303606	22165551	1364	0.201
4c725b73-5279-4559-bc1b-d1b7a08b5740	21	22165872	24179512	856	0.1393
4c725b73-5279-4559-bc1b-d1b7a08b5740	21	24180700	24180818	2	-1.6001
4c725b73-5279-4559-bc1b-d1b7a08b5740	21	24180833	24212961	53	0.1787
4c725b73-5279-4559-bc1b-d1b7a08b5740	21	24213066	24216026	5	-1.1039
4c725b73-5279-4559-bc1b-d1b7a08b5740	21	24216643	25885348	1063	0.1747
4c725b73-5279-4559-bc1b-d1b7a08b5740	21	25885833	30491056	3332	-0.3607
4c725b73-5279-4559-bc1b-d1b7a08b5740	21	30491952	30501339	9	-0.9401
4c725b73-5279-4559-bc1b-d1b7a08b5740	21	30502137	31129371	290	-0.3739
4c725b73-5279-4559-bc1b-d1b7a08b5740	21	31129572	34044606	1898	-0.4479
4c725b73-5279-4559-bc1b-d1b7a08b5740	21	34045080	40308178	4465	-0.3875
4c725b73-5279-4559-bc1b-d1b7a08b5740	21	40308944	46262057	3243	-0.465
4c725b73-5279-4559-bc1b-d1b7a08b5740	22	16934932	21742513	774	0.2386
4c725b73-5279-4559-bc1b-d1b7a08b5740	22	21744398	23804442	238	0.6695
4c725b73-5279-4559-bc1b-d1b7a08b5740	22	23805408	28638672	3287	0.7198
4c725b73-5279-4559-bc1b-d1b7a08b5740	22	28638976	30899095	1286	0.6587
4c725b73-5279-4559-bc1b-d1b7a08b5740	22	30899250	31349267	198	0.8537
4c725b73-5279-4559-bc1b-d1b7a08b5740	22	31349288	33276205	1323	0.6847
4c725b73-5279-4559-bc1b-d1b7a08b5740	22	33276517	35731208	2062	0.9075
4c725b73-5279-4559-bc1b-d1b7a08b5740	22	35732054	35979189	123	1.0626
4c725b73-5279-4559-bc1b-d1b7a08b5740	22	35994836	48940621	7801	0.8853
4c725b73-5279-4559-bc1b-d1b7a08b5740	X	3236359	3279226	35	0.4622
4c725b73-5279-4559-bc1b-d1b7a08b5740	X	3280904	3562319	196	1.0361
4c725b73-5279-4559-bc1b-d1b7a08b5740	X	4549828	4574312	27	0.5008
4c725b73-5279-4559-bc1b-d1b7a08b5740	X	5581074	10542978	1575	-0.1865
4c725b73-5279-4559-bc1b-d1b7a08b5740	X	10544796	16421658	3433	-0.0922
4c725b73-5279-4559-bc1b-d1b7a08b5740	X	16426450	17092085	353	-0.2191
4c725b73-5279-4559-bc1b-d1b7a08b5740	X	17095887	23678881	3022	-0.1601
4c725b73-5279-4559-bc1b-d1b7a08b5740	X	23686781	28451898	2569	-0.2212
4c725b73-5279-4559-bc1b-d1b7a08b5740	X	28452945	28497803	32	-0.5934
4c725b73-5279-4559-bc1b-d1b7a08b5740	X	28500293	28656142	82	-0.267
4c725b73-5279-4559-bc1b-d1b7a08b5740	X	28657886	29510724	531	0.1838
4c725b73-5279-4559-bc1b-d1b7a08b5740	X	29511028	34016287	2033	-0.2371
4c725b73-5279-4559-bc1b-d1b7a08b5740	X	34624287	43530740	4150	0.9189
4c725b73-5279-4559-bc1b-d1b7a08b5740	X	43536575	45043848	810	0.4753
4c725b73-5279-4559-bc1b-d1b7a08b5740	X	45044570	46322406	664	0.5578
4c725b73-5279-4559-bc1b-d1b7a08b5740	X	46325616	48232022	858	-0.1895
4c725b73-5279-4559-bc1b-d1b7a08b5740	X	48232077	53138842	1728	0.1566
4c725b73-5279-4559-bc1b-d1b7a08b5740	X	53140751	54782914	507	0.4585
4c725b73-5279-4559-bc1b-d1b7a08b5740	X	54785653	64998608	2081	0.6624
4c725b73-5279-4559-bc1b-d1b7a08b5740	X	65000485	67776282	1014	0.4741
4c725b73-5279-4559-bc1b-d1b7a08b5740	X	67778361	67842665	38	0.2088
4c725b73-5279-4559-bc1b-d1b7a08b5740	X	67846146	67852857	3	0.5899
4c725b73-5279-4559-bc1b-d1b7a08b5740	X	67854491	67923215	28	0.0065
4c725b73-5279-4559-bc1b-d1b7a08b5740	X	67923591	74553159	2700	0.1762
4c725b73-5279-4559-bc1b-d1b7a08b5740	X	74554630	81554939	2467	0.1322
4c725b73-5279-4559-bc1b-d1b7a08b5740	X	81555379	81555461	2	-1.2672
4c725b73-5279-4559-bc1b-d1b7a08b5740	X	81559396	93854159	4871	0.1149
4c725b73-5279-4559-bc1b-d1b7a08b5740	X	93854476	99483565	2352	-0.3122
4c725b73-5279-4559-bc1b-d1b7a08b5740	X	99496466	103534193	1867	-0.2313
4c725b73-5279-4559-bc1b-d1b7a08b5740	X	103534756	103826818	143	1.873
4c725b73-5279-4559-bc1b-d1b7a08b5740	X	103827498	103837435	14	2.5048
4c725b73-5279-4559-bc1b-d1b7a08b5740	X	103837519	103903886	36	1.9985
4c725b73-5279-4559-bc1b-d1b7a08b5740	X	103904848	111951706	3698	-0.21
4c725b73-5279-4559-bc1b-d1b7a08b5740	X	111956509	120031308	3891	-0.2701
4c725b73-5279-4559-bc1b-d1b7a08b5740	X	120035254	125421326	2842	-0.2142
4c725b73-5279-4559-bc1b-d1b7a08b5740	X	125423199	128846901	1319	-0.2907
4c725b73-5279-4559-bc1b-d1b7a08b5740	X	128847959	137936648	4014	-0.2251
4c725b73-5279-4559-bc1b-d1b7a08b5740	X	137936748	148583988	5427	-0.3139
4c725b73-5279-4559-bc1b-d1b7a08b5740	X	148587516	150607330	911	-0.2394
4c725b73-5279-4559-bc1b-d1b7a08b5740	X	150612325	152576711	1123	0.4667
4c725b73-5279-4559-bc1b-d1b7a08b5740	X	152588198	155677414	436	-0.3149
