GDC_Aliquot	Chromosome	Start	End	Num_Probes	Segment_Mean
1932098d-dd0d-472a-aa69-3910441fdbfb	1	3301765	23631293	11449	0.0079
1932098d-dd0d-472a-aa69-3910441fdbfb	1	23632431	23633123	2	-1.3448
1932098d-dd0d-472a-aa69-3910441fdbfb	1	23634378	71193669	27561	0.0046
1932098d-dd0d-472a-aa69-3910441fdbfb	1	71201522	71202198	3	-2.2537
1932098d-dd0d-472a-aa69-3910441fdbfb	1	71203223	193757206	56349	0.0025
1932098d-dd0d-472a-aa69-3910441fdbfb	1	193765066	193766389	2	-1.3103
1932098d-dd0d-472a-aa69-3910441fdbfb	1	193768328	227650150	21548	0
1932098d-dd0d-472a-aa69-3910441fdbfb	1	227654042	227654102	2	-1.1793
1932098d-dd0d-472a-aa69-3910441fdbfb	1	227658233	232417279	2930	-0.0003
1932098d-dd0d-472a-aa69-3910441fdbfb	1	232417993	232418031	2	-1.4901
1932098d-dd0d-472a-aa69-3910441fdbfb	1	232420378	247650984	9955	-0.0014
1932098d-dd0d-472a-aa69-3910441fdbfb	2	480597	44429485	26395	0.0021
1932098d-dd0d-472a-aa69-3910441fdbfb	2	44433300	44433945	3	-1.0783
1932098d-dd0d-472a-aa69-3910441fdbfb	2	44436013	241072273	105599	0.0017
1932098d-dd0d-472a-aa69-3910441fdbfb	2	241074641	241074746	2	-1.7053
1932098d-dd0d-472a-aa69-3910441fdbfb	2	241077474	241537572	265	-0.0169
1932098d-dd0d-472a-aa69-3910441fdbfb	3	2170634	3517985	801	-0.0016
1932098d-dd0d-472a-aa69-3910441fdbfb	3	3518459	3523843	6	-1.3178
1932098d-dd0d-472a-aa69-3910441fdbfb	3	3527735	41688084	23120	-0.0039
1932098d-dd0d-472a-aa69-3910441fdbfb	3	41690776	41691841	2	-1.4248
1932098d-dd0d-472a-aa69-3910441fdbfb	3	41693201	197812401	83294	-0.0011
1932098d-dd0d-472a-aa69-3910441fdbfb	4	1059384	187842528	103536	-0.0067
1932098d-dd0d-472a-aa69-3910441fdbfb	5	913983	56357305	29518	-0.0001
1932098d-dd0d-472a-aa69-3910441fdbfb	5	56357347	56358318	11	-0.5583
1932098d-dd0d-472a-aa69-3910441fdbfb	5	56358344	56958658	492	-0.0174
1932098d-dd0d-472a-aa69-3910441fdbfb	5	56958900	56959644	2	-1.3826
1932098d-dd0d-472a-aa69-3910441fdbfb	5	56960656	99077891	22783	-0.0008
1932098d-dd0d-472a-aa69-3910441fdbfb	5	99079353	99083057	3	0.8856
1932098d-dd0d-472a-aa69-3910441fdbfb	5	99083305	112502820	6622	-0.0045
1932098d-dd0d-472a-aa69-3910441fdbfb	5	112509195	113236877	681	0.5986
1932098d-dd0d-472a-aa69-3910441fdbfb	5	113238534	143033453	17244	0.0013
1932098d-dd0d-472a-aa69-3910441fdbfb	5	143036333	143036666	3	-1.161
1932098d-dd0d-472a-aa69-3910441fdbfb	5	143040507	180934240	23801	-0.0062
1932098d-dd0d-472a-aa69-3910441fdbfb	6	1011760	170596889	97208	-0.0021
1932098d-dd0d-472a-aa69-3910441fdbfb	7	664936	52173000	30720	0.0016
1932098d-dd0d-472a-aa69-3910441fdbfb	7	52173294	52176447	2	-1.314
1932098d-dd0d-472a-aa69-3910441fdbfb	7	52177293	158592540	51238	-0.0029
1932098d-dd0d-472a-aa69-3910441fdbfb	8	667625	3625109	1509	-0.0013
1932098d-dd0d-472a-aa69-3910441fdbfb	8	3630124	3630522	3	-1.5884
1932098d-dd0d-472a-aa69-3910441fdbfb	8	3630780	144182542	80744	-0.0018
1932098d-dd0d-472a-aa69-3910441fdbfb	9	789794	132710214	66263	0.0008
1932098d-dd0d-472a-aa69-3910441fdbfb	9	132712153	132863839	89	0.6061
1932098d-dd0d-472a-aa69-3910441fdbfb	9	132865530	138044505	2158	0.0107
1932098d-dd0d-472a-aa69-3910441fdbfb	10	366509	24219562	17020	0.0047
1932098d-dd0d-472a-aa69-3910441fdbfb	10	24234860	24256504	25	0.6472
1932098d-dd0d-472a-aa69-3910441fdbfb	10	24259789	133411599	64280	-0.0015
1932098d-dd0d-472a-aa69-3910441fdbfb	11	456012	20843941	13120	0.0036
1932098d-dd0d-472a-aa69-3910441fdbfb	11	20844024	20845012	4	-1.0406
1932098d-dd0d-472a-aa69-3910441fdbfb	11	20848008	134272740	64496	0.0015
1932098d-dd0d-472a-aa69-3910441fdbfb	12	780472	97944844	54806	0.0056
1932098d-dd0d-472a-aa69-3910441fdbfb	12	97945212	97945636	6	-0.9165
1932098d-dd0d-472a-aa69-3910441fdbfb	12	97946089	132605822	19580	0.0001
1932098d-dd0d-472a-aa69-3910441fdbfb	13	18874255	114226675	57006	-0.0014
1932098d-dd0d-472a-aa69-3910441fdbfb	14	20033191	105533894	49807	0.0035
1932098d-dd0d-472a-aa69-3910441fdbfb	15	23437561	101344124	44803	0.0098
1932098d-dd0d-472a-aa69-3910441fdbfb	16	603333	89317317	41229	0.0097
1932098d-dd0d-472a-aa69-3910441fdbfb	17	1074619	9719227	4386	0.0206
1932098d-dd0d-472a-aa69-3910441fdbfb	17	9721475	9722438	2	-1.1032
1932098d-dd0d-472a-aa69-3910441fdbfb	17	9725257	59134241	20820	0.0138
1932098d-dd0d-472a-aa69-3910441fdbfb	17	59140533	59142030	5	-1.1633
1932098d-dd0d-472a-aa69-3910441fdbfb	17	59142249	82959812	12079	0.0183
1932098d-dd0d-472a-aa69-3910441fdbfb	18	326691	8180971	4190	0.0108
1932098d-dd0d-472a-aa69-3910441fdbfb	18	8187789	8192919	5	-1.3669
1932098d-dd0d-472a-aa69-3910441fdbfb	18	8196941	54722849	24981	0.0018
1932098d-dd0d-472a-aa69-3910441fdbfb	18	54724343	54726513	2	-1.6495
1932098d-dd0d-472a-aa69-3910441fdbfb	18	54726933	79349796	13807	0.0032
1932098d-dd0d-472a-aa69-3910441fdbfb	19	283868	21528153	7976	0.0114
1932098d-dd0d-472a-aa69-3910441fdbfb	19	21534501	21538872	2	-2.2641
1932098d-dd0d-472a-aa69-3910441fdbfb	19	21539503	30793899	3372	0.0134
1932098d-dd0d-472a-aa69-3910441fdbfb	19	30797211	30797633	2	-1.3495
1932098d-dd0d-472a-aa69-3910441fdbfb	19	30799692	58370362	12808	0.01
1932098d-dd0d-472a-aa69-3910441fdbfb	20	472817	63588502	37567	0.0074
1932098d-dd0d-472a-aa69-3910441fdbfb	21	13974127	19546896	3566	0.0085
1932098d-dd0d-472a-aa69-3910441fdbfb	21	19553566	19553908	2	1.1682
1932098d-dd0d-472a-aa69-3910441fdbfb	21	19556922	41496204	14812	0.0072
1932098d-dd0d-472a-aa69-3910441fdbfb	21	41496268	41496286	2	-1.1532
1932098d-dd0d-472a-aa69-3910441fdbfb	21	41496410	42134417	492	0.0126
1932098d-dd0d-472a-aa69-3910441fdbfb	21	42137549	42139672	2	1.0324
1932098d-dd0d-472a-aa69-3910441fdbfb	21	42139792	46262057	1727	0.0006
1932098d-dd0d-472a-aa69-3910441fdbfb	22	16934932	48940621	17096	0.0162
1932098d-dd0d-472a-aa69-3910441fdbfb	X	3236359	151772870	63036	0.0179
1932098d-dd0d-472a-aa69-3910441fdbfb	X	151773147	151774889	2	-4.2992
1932098d-dd0d-472a-aa69-3910441fdbfb	X	151775946	155677414	838	0.025
