GDC_Aliquot	Chromosome	Start	End	Num_Probes	Segment_Mean
eb8961ec-fdd0-471b-8d94-99ef2cf3989e	1	3301765	80496194	44181	-0.0258
eb8961ec-fdd0-471b-8d94-99ef2cf3989e	1	80498782	80750348	152	-0.6453
eb8961ec-fdd0-471b-8d94-99ef2cf3989e	1	80752757	247650984	85282	-0.0185
eb8961ec-fdd0-471b-8d94-99ef2cf3989e	2	480597	6301099	3380	-0.0421
eb8961ec-fdd0-471b-8d94-99ef2cf3989e	2	6301189	47485641	25184	-0.0173
eb8961ec-fdd0-471b-8d94-99ef2cf3989e	2	47486535	47996593	272	-0.0598
eb8961ec-fdd0-471b-8d94-99ef2cf3989e	2	48010635	48010802	3	-1.6477
eb8961ec-fdd0-471b-8d94-99ef2cf3989e	2	48023690	50526423	1554	-0.025
eb8961ec-fdd0-471b-8d94-99ef2cf3989e	2	50526541	50526557	2	-1.3257
eb8961ec-fdd0-471b-8d94-99ef2cf3989e	2	50527675	68142711	9805	-0.0221
eb8961ec-fdd0-471b-8d94-99ef2cf3989e	2	68149121	68253839	54	0.3241
eb8961ec-fdd0-471b-8d94-99ef2cf3989e	2	68257781	77520409	5281	-0.0203
eb8961ec-fdd0-471b-8d94-99ef2cf3989e	2	77520543	77521469	2	-1.9723
eb8961ec-fdd0-471b-8d94-99ef2cf3989e	2	77523356	83730086	3156	-0.0337
eb8961ec-fdd0-471b-8d94-99ef2cf3989e	2	83730724	83744954	13	0.4362
eb8961ec-fdd0-471b-8d94-99ef2cf3989e	2	83745555	88356182	1814	-0.016
eb8961ec-fdd0-471b-8d94-99ef2cf3989e	2	88360069	88360088	2	-1.0826
eb8961ec-fdd0-471b-8d94-99ef2cf3989e	2	88365118	105869249	5947	-0.0198
eb8961ec-fdd0-471b-8d94-99ef2cf3989e	2	105871955	105872939	2	-1.8143
eb8961ec-fdd0-471b-8d94-99ef2cf3989e	2	105873081	113095212	3442	-0.0265
eb8961ec-fdd0-471b-8d94-99ef2cf3989e	2	113095215	113095804	2	-1.5253
eb8961ec-fdd0-471b-8d94-99ef2cf3989e	2	113101568	134140976	10311	-0.0312
eb8961ec-fdd0-471b-8d94-99ef2cf3989e	2	134142665	227865517	53888	-0.0142
eb8961ec-fdd0-471b-8d94-99ef2cf3989e	2	227869619	227872531	5	-0.9281
eb8961ec-fdd0-471b-8d94-99ef2cf3989e	2	227876534	241537572	7998	-0.0191
eb8961ec-fdd0-471b-8d94-99ef2cf3989e	3	2170634	88810475	50488	-0.02
eb8961ec-fdd0-471b-8d94-99ef2cf3989e	3	88812654	88812855	2	-1.3999
eb8961ec-fdd0-471b-8d94-99ef2cf3989e	3	88820719	153490559	33894	-0.0171
eb8961ec-fdd0-471b-8d94-99ef2cf3989e	3	153494421	153501100	6	-1.4376
eb8961ec-fdd0-471b-8d94-99ef2cf3989e	3	153501903	191562314	20067	-0.0186
eb8961ec-fdd0-471b-8d94-99ef2cf3989e	3	191566836	191566890	2	-2.3579
eb8961ec-fdd0-471b-8d94-99ef2cf3989e	3	191566911	197812401	2615	-0.0255
eb8961ec-fdd0-471b-8d94-99ef2cf3989e	4	1059384	76583247	42142	-0.0733
eb8961ec-fdd0-471b-8d94-99ef2cf3989e	4	76586710	77105476	307	0.3656
eb8961ec-fdd0-471b-8d94-99ef2cf3989e	4	77109536	91272005	8497	-0.0669
eb8961ec-fdd0-471b-8d94-99ef2cf3989e	4	91274287	187313758	52162	-0.0178
eb8961ec-fdd0-471b-8d94-99ef2cf3989e	4	187316040	187842528	314	-0.0466
eb8961ec-fdd0-471b-8d94-99ef2cf3989e	5	914118	50936713	26190	0.2745
eb8961ec-fdd0-471b-8d94-99ef2cf3989e	5	50936785	67146557	9629	0.3
eb8961ec-fdd0-471b-8d94-99ef2cf3989e	5	67147352	67286539	117	-1.0299
eb8961ec-fdd0-471b-8d94-99ef2cf3989e	5	67289479	160601571	52888	0.3027
eb8961ec-fdd0-471b-8d94-99ef2cf3989e	5	160602170	170429435	6557	0.2814
eb8961ec-fdd0-471b-8d94-99ef2cf3989e	5	170430091	180934240	5687	0.3073
eb8961ec-fdd0-471b-8d94-99ef2cf3989e	6	1011760	68019453	37498	-0.0231
eb8961ec-fdd0-471b-8d94-99ef2cf3989e	6	68021104	68021435	3	-1.9111
eb8961ec-fdd0-471b-8d94-99ef2cf3989e	6	68023800	170596889	59576	-0.019
eb8961ec-fdd0-471b-8d94-99ef2cf3989e	7	664936	821562	44	-0.0118
eb8961ec-fdd0-471b-8d94-99ef2cf3989e	7	821889	823168	2	-1.2618
eb8961ec-fdd0-471b-8d94-99ef2cf3989e	7	823296	16890902	8335	-0.0241
eb8961ec-fdd0-471b-8d94-99ef2cf3989e	7	16891415	16891617	2	-1.3585
eb8961ec-fdd0-471b-8d94-99ef2cf3989e	7	16891842	53249136	23108	-0.0224
eb8961ec-fdd0-471b-8d94-99ef2cf3989e	7	53250694	53251092	2	-1.3625
eb8961ec-fdd0-471b-8d94-99ef2cf3989e	7	53253990	55473098	1541	-0.0151
eb8961ec-fdd0-471b-8d94-99ef2cf3989e	7	55473595	77184039	5543	-0.0379
eb8961ec-fdd0-471b-8d94-99ef2cf3989e	7	77186233	86266222	5552	-0.0104
eb8961ec-fdd0-471b-8d94-99ef2cf3989e	7	86266686	86266705	2	-1.2411
eb8961ec-fdd0-471b-8d94-99ef2cf3989e	7	86272321	152710634	34613	-0.0215
eb8961ec-fdd0-471b-8d94-99ef2cf3989e	7	152710996	158592540	3124	-0.0609
eb8961ec-fdd0-471b-8d94-99ef2cf3989e	8	667625	3625109	1503	0.0724
eb8961ec-fdd0-471b-8d94-99ef2cf3989e	8	3630124	3630522	3	-1.2905
eb8961ec-fdd0-471b-8d94-99ef2cf3989e	8	3630780	144182542	80663	0.0967
eb8961ec-fdd0-471b-8d94-99ef2cf3989e	9	789794	18224662	10780	-0.1262
eb8961ec-fdd0-471b-8d94-99ef2cf3989e	9	18224696	18224774	2	-1.7034
eb8961ec-fdd0-471b-8d94-99ef2cf3989e	9	18224877	68429974	12783	-0.1315
eb8961ec-fdd0-471b-8d94-99ef2cf3989e	9	68430606	109748070	27741	-0.0244
eb8961ec-fdd0-471b-8d94-99ef2cf3989e	9	109748282	116695434	4677	-0.0002
eb8961ec-fdd0-471b-8d94-99ef2cf3989e	9	116695741	118657500	1498	-0.0242
eb8961ec-fdd0-471b-8d94-99ef2cf3989e	9	118659582	118659983	2	-1.6923
eb8961ec-fdd0-471b-8d94-99ef2cf3989e	9	118661832	138044505	10934	-0.0273
eb8961ec-fdd0-471b-8d94-99ef2cf3989e	10	366509	44939885	27871	-0.0222
eb8961ec-fdd0-471b-8d94-99ef2cf3989e	10	44943117	44946866	5	-1.1678
eb8961ec-fdd0-471b-8d94-99ef2cf3989e	10	44947556	133411599	53359	-0.0246
eb8961ec-fdd0-471b-8d94-99ef2cf3989e	11	456012	126819659	72506	-0.0212
eb8961ec-fdd0-471b-8d94-99ef2cf3989e	11	126821054	126821174	2	-1.8579
eb8961ec-fdd0-471b-8d94-99ef2cf3989e	11	126822302	133423124	4569	-0.0307
eb8961ec-fdd0-471b-8d94-99ef2cf3989e	11	133423628	133430436	3	-0.9885
eb8961ec-fdd0-471b-8d94-99ef2cf3989e	11	133430565	134272740	442	-0.011
eb8961ec-fdd0-471b-8d94-99ef2cf3989e	12	780472	69131822	36999	-0.0234
eb8961ec-fdd0-471b-8d94-99ef2cf3989e	12	69131949	69132107	2	-2.3004
eb8961ec-fdd0-471b-8d94-99ef2cf3989e	12	69133152	121008943	31883	-0.0233
eb8961ec-fdd0-471b-8d94-99ef2cf3989e	12	121011815	121012128	4	-1.4259
eb8961ec-fdd0-471b-8d94-99ef2cf3989e	12	121013347	132605822	5384	-0.0454
eb8961ec-fdd0-471b-8d94-99ef2cf3989e	13	18874255	30523320	6953	-0.2138
eb8961ec-fdd0-471b-8d94-99ef2cf3989e	13	30523505	102125675	42128	-0.1946
eb8961ec-fdd0-471b-8d94-99ef2cf3989e	13	102125846	114226675	7835	-0.2171
eb8961ec-fdd0-471b-8d94-99ef2cf3989e	14	20033191	83132732	36311	-0.0185
eb8961ec-fdd0-471b-8d94-99ef2cf3989e	14	83132797	83134534	4	-1.1266
eb8961ec-fdd0-471b-8d94-99ef2cf3989e	14	83134973	105533894	13424	-0.0236
eb8961ec-fdd0-471b-8d94-99ef2cf3989e	15	23437561	26575603	1828	-0.0478
eb8961ec-fdd0-471b-8d94-99ef2cf3989e	15	26579015	26580217	2	-1.5565
eb8961ec-fdd0-471b-8d94-99ef2cf3989e	15	26582007	31453165	1276	-0.0699
eb8961ec-fdd0-471b-8d94-99ef2cf3989e	15	31455031	54518628	13502	-0.0183
eb8961ec-fdd0-471b-8d94-99ef2cf3989e	15	54521799	54521815	2	-1.277
eb8961ec-fdd0-471b-8d94-99ef2cf3989e	15	54522666	55057005	393	-0.0322
eb8961ec-fdd0-471b-8d94-99ef2cf3989e	15	55057807	55057890	2	-1.7907
eb8961ec-fdd0-471b-8d94-99ef2cf3989e	15	55058017	77973345	13703	-0.0217
eb8961ec-fdd0-471b-8d94-99ef2cf3989e	15	77974385	78003655	11	-0.6556
eb8961ec-fdd0-471b-8d94-99ef2cf3989e	15	78004493	101344124	14029	-0.0288
eb8961ec-fdd0-471b-8d94-99ef2cf3989e	16	603333	60210011	23011	0.1303
eb8961ec-fdd0-471b-8d94-99ef2cf3989e	16	60211592	60331949	60	-0.6805
eb8961ec-fdd0-471b-8d94-99ef2cf3989e	16	60333227	89317317	18106	0.1328
eb8961ec-fdd0-471b-8d94-99ef2cf3989e	17	1074619	17316358	8224	-0.0273
eb8961ec-fdd0-471b-8d94-99ef2cf3989e	17	17320362	17320537	3	-1.4957
eb8961ec-fdd0-471b-8d94-99ef2cf3989e	17	17321184	37680103	6383	-0.0257
eb8961ec-fdd0-471b-8d94-99ef2cf3989e	17	37683125	44263619	2910	0.0675
eb8961ec-fdd0-471b-8d94-99ef2cf3989e	17	44274404	44277289	2	-1.7672
eb8961ec-fdd0-471b-8d94-99ef2cf3989e	17	44277949	77086722	17326	0.0771
eb8961ec-fdd0-471b-8d94-99ef2cf3989e	17	77089301	77089572	3	-0.9337
eb8961ec-fdd0-471b-8d94-99ef2cf3989e	17	77091639	82382648	2093	0.0745
eb8961ec-fdd0-471b-8d94-99ef2cf3989e	17	82399121	82403173	2	-1.0323
eb8961ec-fdd0-471b-8d94-99ef2cf3989e	17	82403670	82959812	309	0.0531
eb8961ec-fdd0-471b-8d94-99ef2cf3989e	18	326691	21297490	8324	-0.094
eb8961ec-fdd0-471b-8d94-99ef2cf3989e	18	21299564	53675521	20196	-0.0315
eb8961ec-fdd0-471b-8d94-99ef2cf3989e	18	53677765	73750005	10724	-0.017
eb8961ec-fdd0-471b-8d94-99ef2cf3989e	18	73752621	78445915	3188	-0.0486
eb8961ec-fdd0-471b-8d94-99ef2cf3989e	18	78446646	78741537	145	-0.0933
eb8961ec-fdd0-471b-8d94-99ef2cf3989e	18	78741589	78741662	2	-1.0387
eb8961ec-fdd0-471b-8d94-99ef2cf3989e	18	78744331	79349796	339	-0.0741
eb8961ec-fdd0-471b-8d94-99ef2cf3989e	19	283868	5633227	1401	-0.0403
eb8961ec-fdd0-471b-8d94-99ef2cf3989e	19	5633867	5636353	3	-1.4988
eb8961ec-fdd0-471b-8d94-99ef2cf3989e	19	5637877	13044729	3194	-0.025
eb8961ec-fdd0-471b-8d94-99ef2cf3989e	19	13044895	13047969	4	-1.0217
eb8961ec-fdd0-471b-8d94-99ef2cf3989e	19	13050449	58370362	19521	-0.0353
eb8961ec-fdd0-471b-8d94-99ef2cf3989e	20	472817	15979499	9777	-0.024
eb8961ec-fdd0-471b-8d94-99ef2cf3989e	20	15980908	15981044	2	-2.1109
eb8961ec-fdd0-471b-8d94-99ef2cf3989e	20	15985274	63588502	27737	-0.0265
eb8961ec-fdd0-471b-8d94-99ef2cf3989e	21	13974127	24213071	6275	-0.0283
eb8961ec-fdd0-471b-8d94-99ef2cf3989e	21	24215936	24216026	3	-1.0706
eb8961ec-fdd0-471b-8d94-99ef2cf3989e	21	24216643	46262057	14311	-0.0382
eb8961ec-fdd0-471b-8d94-99ef2cf3989e	22	16934932	48940621	17083	0.1336
eb8961ec-fdd0-471b-8d94-99ef2cf3989e	X	3236359	90067301	34758	0.0134
eb8961ec-fdd0-471b-8d94-99ef2cf3989e	X	90067793	90068285	2	-3.0056
eb8961ec-fdd0-471b-8d94-99ef2cf3989e	X	90074807	101904440	4387	-0.0095
eb8961ec-fdd0-471b-8d94-99ef2cf3989e	X	101905228	138550218	16961	0.0149
eb8961ec-fdd0-471b-8d94-99ef2cf3989e	X	138554721	143724563	2144	-0.0154
eb8961ec-fdd0-471b-8d94-99ef2cf3989e	X	143729831	144038277	194	-1.153
eb8961ec-fdd0-471b-8d94-99ef2cf3989e	X	144038371	144044881	6	-4.281
eb8961ec-fdd0-471b-8d94-99ef2cf3989e	X	144045055	144835369	324	-1.1813
eb8961ec-fdd0-471b-8d94-99ef2cf3989e	X	144841853	155677414	4839	0.0052
