GDC_Aliquot	Chromosome	Start	End	Num_Probes	Segment_Mean
3b0d8bbd-0cdf-4b12-a379-04dbd02ae640	1	3301765	28399444	13454	-0.3003
3b0d8bbd-0cdf-4b12-a379-04dbd02ae640	1	28402631	28402782	2	-2.6869
3b0d8bbd-0cdf-4b12-a379-04dbd02ae640	1	28403053	59205635	17548	-0.2784
3b0d8bbd-0cdf-4b12-a379-04dbd02ae640	1	59205654	96253902	23012	-0.2399
3b0d8bbd-0cdf-4b12-a379-04dbd02ae640	1	96257814	96258936	3	-2.1544
3b0d8bbd-0cdf-4b12-a379-04dbd02ae640	1	96262496	108961034	7085	-0.2329
3b0d8bbd-0cdf-4b12-a379-04dbd02ae640	1	108962290	108966416	3	1.1957
3b0d8bbd-0cdf-4b12-a379-04dbd02ae640	1	108966674	109486789	210	-0.244
3b0d8bbd-0cdf-4b12-a379-04dbd02ae640	1	109486853	114554046	3203	-0.2663
3b0d8bbd-0cdf-4b12-a379-04dbd02ae640	1	114559941	154157895	5407	0.4911
3b0d8bbd-0cdf-4b12-a379-04dbd02ae640	1	154158721	182234557	18023	0.1076
3b0d8bbd-0cdf-4b12-a379-04dbd02ae640	1	182235492	199582032	10333	0.1386
3b0d8bbd-0cdf-4b12-a379-04dbd02ae640	1	199586444	247650984	31097	0.1077
3b0d8bbd-0cdf-4b12-a379-04dbd02ae640	2	480597	45547318	27065	0.0909
3b0d8bbd-0cdf-4b12-a379-04dbd02ae640	2	45551808	45552079	3	-1.1981
3b0d8bbd-0cdf-4b12-a379-04dbd02ae640	2	45552960	96178352	23948	0.0943
3b0d8bbd-0cdf-4b12-a379-04dbd02ae640	2	96181947	99931297	1533	-0.657
3b0d8bbd-0cdf-4b12-a379-04dbd02ae640	2	99938713	167068281	36336	0.0984
3b0d8bbd-0cdf-4b12-a379-04dbd02ae640	2	167069849	167070427	3	2.5942
3b0d8bbd-0cdf-4b12-a379-04dbd02ae640	2	167070441	224342932	32884	0.1072
3b0d8bbd-0cdf-4b12-a379-04dbd02ae640	2	224343261	225321591	656	-0.2441
3b0d8bbd-0cdf-4b12-a379-04dbd02ae640	2	225322091	225324477	2	-1.5793
3b0d8bbd-0cdf-4b12-a379-04dbd02ae640	2	225324568	230924226	3299	-0.231
3b0d8bbd-0cdf-4b12-a379-04dbd02ae640	2	230924584	238839679	4823	0.0823
3b0d8bbd-0cdf-4b12-a379-04dbd02ae640	2	238842563	240352405	836	-0.2828
3b0d8bbd-0cdf-4b12-a379-04dbd02ae640	2	240352884	241537572	560	0.0511
3b0d8bbd-0cdf-4b12-a379-04dbd02ae640	3	2170634	8425825	3526	0.132
3b0d8bbd-0cdf-4b12-a379-04dbd02ae640	3	8427829	15570706	4676	0.0892
3b0d8bbd-0cdf-4b12-a379-04dbd02ae640	3	15570899	29276140	7817	0.1358
3b0d8bbd-0cdf-4b12-a379-04dbd02ae640	3	29276243	29276542	2	-1.4386
3b0d8bbd-0cdf-4b12-a379-04dbd02ae640	3	29277006	36817122	4735	0.1337
3b0d8bbd-0cdf-4b12-a379-04dbd02ae640	3	36818214	52740868	8192	0.0974
3b0d8bbd-0cdf-4b12-a379-04dbd02ae640	3	52742648	81206301	17824	0.1322
3b0d8bbd-0cdf-4b12-a379-04dbd02ae640	3	81208779	81292809	44	-0.6192
3b0d8bbd-0cdf-4b12-a379-04dbd02ae640	3	81295054	84649683	1620	0.154
3b0d8bbd-0cdf-4b12-a379-04dbd02ae640	3	84668772	84734108	53	-0.6923
3b0d8bbd-0cdf-4b12-a379-04dbd02ae640	3	84736081	85772129	451	0.1461
3b0d8bbd-0cdf-4b12-a379-04dbd02ae640	3	85774411	85858489	48	-0.7351
3b0d8bbd-0cdf-4b12-a379-04dbd02ae640	3	85858942	85877181	10	0.1981
3b0d8bbd-0cdf-4b12-a379-04dbd02ae640	3	85879740	86295990	227	-0.5861
3b0d8bbd-0cdf-4b12-a379-04dbd02ae640	3	86303363	86337208	20	0.1324
3b0d8bbd-0cdf-4b12-a379-04dbd02ae640	3	86344230	86478241	77	-0.6337
3b0d8bbd-0cdf-4b12-a379-04dbd02ae640	3	86483970	115222941	13395	0.1446
3b0d8bbd-0cdf-4b12-a379-04dbd02ae640	3	115226561	115722761	346	0.267
3b0d8bbd-0cdf-4b12-a379-04dbd02ae640	3	115725656	118613613	2060	0.1425
3b0d8bbd-0cdf-4b12-a379-04dbd02ae640	3	118616322	121944932	1632	-0.6325
3b0d8bbd-0cdf-4b12-a379-04dbd02ae640	3	121945115	124519283	1603	0.2731
3b0d8bbd-0cdf-4b12-a379-04dbd02ae640	3	124525632	128070029	2159	0.107
3b0d8bbd-0cdf-4b12-a379-04dbd02ae640	3	128071933	129594146	708	-0.6614
3b0d8bbd-0cdf-4b12-a379-04dbd02ae640	3	129594646	129598742	3	-2.2119
3b0d8bbd-0cdf-4b12-a379-04dbd02ae640	3	129598902	136718569	4140	-0.6351
3b0d8bbd-0cdf-4b12-a379-04dbd02ae640	3	136725210	137023166	112	0.2417
3b0d8bbd-0cdf-4b12-a379-04dbd02ae640	3	137027180	137147004	73	-0.6401
3b0d8bbd-0cdf-4b12-a379-04dbd02ae640	3	137147167	137604726	261	0.1176
3b0d8bbd-0cdf-4b12-a379-04dbd02ae640	3	137608133	137988433	223	0.2491
3b0d8bbd-0cdf-4b12-a379-04dbd02ae640	3	137996013	139349622	565	-0.6558
3b0d8bbd-0cdf-4b12-a379-04dbd02ae640	3	139353831	139369331	11	0.2037
3b0d8bbd-0cdf-4b12-a379-04dbd02ae640	3	139371634	139381133	13	-0.4244
3b0d8bbd-0cdf-4b12-a379-04dbd02ae640	3	139384133	139783825	273	0.114
3b0d8bbd-0cdf-4b12-a379-04dbd02ae640	3	139785554	141591134	1250	-0.6682
3b0d8bbd-0cdf-4b12-a379-04dbd02ae640	3	141593559	142473453	325	0.1157
3b0d8bbd-0cdf-4b12-a379-04dbd02ae640	3	142486645	142537145	22	-0.4256
3b0d8bbd-0cdf-4b12-a379-04dbd02ae640	3	142538001	142596352	31	0.19
3b0d8bbd-0cdf-4b12-a379-04dbd02ae640	3	142603228	146650017	2198	-0.6303
3b0d8bbd-0cdf-4b12-a379-04dbd02ae640	3	146652335	146660742	14	0.2368
3b0d8bbd-0cdf-4b12-a379-04dbd02ae640	3	147074820	147165665	43	-0.6625
3b0d8bbd-0cdf-4b12-a379-04dbd02ae640	3	147165860	147379480	38	0.1569
3b0d8bbd-0cdf-4b12-a379-04dbd02ae640	3	147382011	151097432	1961	-0.6114
3b0d8bbd-0cdf-4b12-a379-04dbd02ae640	3	151108605	151585396	349	0.2142
3b0d8bbd-0cdf-4b12-a379-04dbd02ae640	3	151601905	153582776	1186	-0.6016
3b0d8bbd-0cdf-4b12-a379-04dbd02ae640	3	153589189	153617602	23	0.3741
3b0d8bbd-0cdf-4b12-a379-04dbd02ae640	3	153621400	155913825	1146	-0.6251
3b0d8bbd-0cdf-4b12-a379-04dbd02ae640	3	155915845	155947989	17	0.1456
3b0d8bbd-0cdf-4b12-a379-04dbd02ae640	3	155953165	156389009	170	-0.6407
3b0d8bbd-0cdf-4b12-a379-04dbd02ae640	3	156389610	156461128	55	0.157
3b0d8bbd-0cdf-4b12-a379-04dbd02ae640	3	156464089	157423252	612	-0.6328
3b0d8bbd-0cdf-4b12-a379-04dbd02ae640	3	157428518	157526955	75	0.3484
3b0d8bbd-0cdf-4b12-a379-04dbd02ae640	3	157527568	157859443	217	-0.6193
3b0d8bbd-0cdf-4b12-a379-04dbd02ae640	3	157864721	158229784	167	0.1343
3b0d8bbd-0cdf-4b12-a379-04dbd02ae640	3	158232749	159455285	665	-0.6475
3b0d8bbd-0cdf-4b12-a379-04dbd02ae640	3	159456708	159484845	22	0.2055
3b0d8bbd-0cdf-4b12-a379-04dbd02ae640	3	159488804	163859683	2070	-0.6077
3b0d8bbd-0cdf-4b12-a379-04dbd02ae640	3	163860561	163872174	16	0.1045
3b0d8bbd-0cdf-4b12-a379-04dbd02ae640	3	163873196	168054482	1787	-0.612
3b0d8bbd-0cdf-4b12-a379-04dbd02ae640	3	168057334	168596894	289	0.3209
3b0d8bbd-0cdf-4b12-a379-04dbd02ae640	3	168602323	169540096	625	-0.651
3b0d8bbd-0cdf-4b12-a379-04dbd02ae640	3	169544248	169704734	101	0.3138
3b0d8bbd-0cdf-4b12-a379-04dbd02ae640	3	169707073	169739769	11	0.0307
3b0d8bbd-0cdf-4b12-a379-04dbd02ae640	3	169740411	169742472	4	-0.6263
3b0d8bbd-0cdf-4b12-a379-04dbd02ae640	3	169746346	170367928	336	0.1331
3b0d8bbd-0cdf-4b12-a379-04dbd02ae640	3	170375036	170377120	3	-1.0141
3b0d8bbd-0cdf-4b12-a379-04dbd02ae640	3	170385711	170474507	46	0.2816
3b0d8bbd-0cdf-4b12-a379-04dbd02ae640	3	170477108	170898779	265	-0.6435
3b0d8bbd-0cdf-4b12-a379-04dbd02ae640	3	170901010	170933496	13	0.2167
3b0d8bbd-0cdf-4b12-a379-04dbd02ae640	3	170939981	170947003	6	-0.8272
3b0d8bbd-0cdf-4b12-a379-04dbd02ae640	3	170952490	171142917	119	0.2783
3b0d8bbd-0cdf-4b12-a379-04dbd02ae640	3	171145393	179084166	3840	-0.6274
3b0d8bbd-0cdf-4b12-a379-04dbd02ae640	3	179087379	179234194	200	-0.4364
3b0d8bbd-0cdf-4b12-a379-04dbd02ae640	3	179234226	192650009	7670	-0.6356
3b0d8bbd-0cdf-4b12-a379-04dbd02ae640	3	192652859	193067518	228	0.1248
3b0d8bbd-0cdf-4b12-a379-04dbd02ae640	3	193068579	193093616	2	-1.0937
3b0d8bbd-0cdf-4b12-a379-04dbd02ae640	3	193094432	193416596	178	0.1519
3b0d8bbd-0cdf-4b12-a379-04dbd02ae640	3	193426315	197812401	1600	-0.6689
3b0d8bbd-0cdf-4b12-a379-04dbd02ae640	4	1059384	5974311	2522	-0.7057
3b0d8bbd-0cdf-4b12-a379-04dbd02ae640	4	5975276	6014987	27	0.2177
3b0d8bbd-0cdf-4b12-a379-04dbd02ae640	4	6016351	6496565	366	-0.7176
3b0d8bbd-0cdf-4b12-a379-04dbd02ae640	4	6497310	6550443	45	0.2149
3b0d8bbd-0cdf-4b12-a379-04dbd02ae640	4	6551650	8014437	975	-0.7481
3b0d8bbd-0cdf-4b12-a379-04dbd02ae640	4	8016429	8016529	2	-3.4632
3b0d8bbd-0cdf-4b12-a379-04dbd02ae640	4	8016692	9802900	445	-0.778
3b0d8bbd-0cdf-4b12-a379-04dbd02ae640	4	9804056	10181245	341	0.0765
3b0d8bbd-0cdf-4b12-a379-04dbd02ae640	4	10181796	11671096	1242	-0.6653
3b0d8bbd-0cdf-4b12-a379-04dbd02ae640	4	11671206	11688960	26	0.1682
3b0d8bbd-0cdf-4b12-a379-04dbd02ae640	4	11692360	12737508	652	-0.6154
3b0d8bbd-0cdf-4b12-a379-04dbd02ae640	4	12739804	12899112	114	0.1674
3b0d8bbd-0cdf-4b12-a379-04dbd02ae640	4	12899745	13235225	274	-0.6226
3b0d8bbd-0cdf-4b12-a379-04dbd02ae640	4	13240385	13259081	22	0.1528
3b0d8bbd-0cdf-4b12-a379-04dbd02ae640	4	13262517	13291110	44	-0.6495
3b0d8bbd-0cdf-4b12-a379-04dbd02ae640	4	13292609	18181098	3499	0.1218
3b0d8bbd-0cdf-4b12-a379-04dbd02ae640	4	18184901	23127622	3078	-0.643
3b0d8bbd-0cdf-4b12-a379-04dbd02ae640	4	23127694	23201159	28	0.0868
3b0d8bbd-0cdf-4b12-a379-04dbd02ae640	4	23201695	37214496	8632	0.2828
3b0d8bbd-0cdf-4b12-a379-04dbd02ae640	4	37216744	38161254	730	-0.0016
3b0d8bbd-0cdf-4b12-a379-04dbd02ae640	4	38162245	41464836	1887	0.2469
3b0d8bbd-0cdf-4b12-a379-04dbd02ae640	4	41467868	43322138	929	-0.0272
3b0d8bbd-0cdf-4b12-a379-04dbd02ae640	4	43324183	44661635	665	0.3093
3b0d8bbd-0cdf-4b12-a379-04dbd02ae640	4	44661930	44919743	146	0.0052
3b0d8bbd-0cdf-4b12-a379-04dbd02ae640	4	44920051	45100949	75	0.2764
3b0d8bbd-0cdf-4b12-a379-04dbd02ae640	4	45102887	46467753	661	0.018
3b0d8bbd-0cdf-4b12-a379-04dbd02ae640	4	46467980	46565156	33	0.2749
3b0d8bbd-0cdf-4b12-a379-04dbd02ae640	4	46565440	47609148	563	0.0176
3b0d8bbd-0cdf-4b12-a379-04dbd02ae640	4	47609897	47616668	5	-0.2328
3b0d8bbd-0cdf-4b12-a379-04dbd02ae640	4	47619738	48066809	247	-0.3813
3b0d8bbd-0cdf-4b12-a379-04dbd02ae640	4	48067890	68320462	9592	-0.6242
3b0d8bbd-0cdf-4b12-a379-04dbd02ae640	4	68322637	70164507	438	-0.3353
3b0d8bbd-0cdf-4b12-a379-04dbd02ae640	4	70165073	70969768	416	-0.6448
3b0d8bbd-0cdf-4b12-a379-04dbd02ae640	4	70970539	75379898	2541	-0.3641
3b0d8bbd-0cdf-4b12-a379-04dbd02ae640	4	75384354	79870820	2801	0.261
3b0d8bbd-0cdf-4b12-a379-04dbd02ae640	4	79871586	80553462	331	0.0123
3b0d8bbd-0cdf-4b12-a379-04dbd02ae640	4	80565118	88685477	4905	-0.3728
3b0d8bbd-0cdf-4b12-a379-04dbd02ae640	4	88685917	89642059	614	0.2784
3b0d8bbd-0cdf-4b12-a379-04dbd02ae640	4	89644056	90902759	659	-0.3506
3b0d8bbd-0cdf-4b12-a379-04dbd02ae640	4	90912684	91966494	568	0.2758
3b0d8bbd-0cdf-4b12-a379-04dbd02ae640	4	92021553	92295177	116	0.7146
3b0d8bbd-0cdf-4b12-a379-04dbd02ae640	4	92300180	94046848	865	0.1574
3b0d8bbd-0cdf-4b12-a379-04dbd02ae640	4	94051536	94069699	19	0.6122
3b0d8bbd-0cdf-4b12-a379-04dbd02ae640	4	94070409	94670825	283	0.1711
3b0d8bbd-0cdf-4b12-a379-04dbd02ae640	4	94670993	96316977	1089	-0.6381
3b0d8bbd-0cdf-4b12-a379-04dbd02ae640	4	96320386	97600577	699	0.2847
3b0d8bbd-0cdf-4b12-a379-04dbd02ae640	4	97601642	98038573	172	0.6863
3b0d8bbd-0cdf-4b12-a379-04dbd02ae640	4	98038719	98391197	192	0.3137
3b0d8bbd-0cdf-4b12-a379-04dbd02ae640	4	98391668	98576139	84	0.7028
3b0d8bbd-0cdf-4b12-a379-04dbd02ae640	4	98576394	103984411	3059	0.2815
3b0d8bbd-0cdf-4b12-a379-04dbd02ae640	4	103999322	104858637	436	0.7056
3b0d8bbd-0cdf-4b12-a379-04dbd02ae640	4	104859100	105137308	153	0.1463
3b0d8bbd-0cdf-4b12-a379-04dbd02ae640	4	105139454	106463192	734	0.5916
3b0d8bbd-0cdf-4b12-a379-04dbd02ae640	4	106463779	106519320	32	0.0914
3b0d8bbd-0cdf-4b12-a379-04dbd02ae640	4	106519706	106552356	14	0.6833
3b0d8bbd-0cdf-4b12-a379-04dbd02ae640	4	106558379	106600131	25	0.1042
3b0d8bbd-0cdf-4b12-a379-04dbd02ae640	4	106600286	106997464	221	0.5869
3b0d8bbd-0cdf-4b12-a379-04dbd02ae640	4	106997591	107282243	185	0.1704
3b0d8bbd-0cdf-4b12-a379-04dbd02ae640	4	107285712	107288118	10	0.7874
3b0d8bbd-0cdf-4b12-a379-04dbd02ae640	4	107288136	107680906	224	0.1544
3b0d8bbd-0cdf-4b12-a379-04dbd02ae640	4	107681131	107768095	47	0.7844
3b0d8bbd-0cdf-4b12-a379-04dbd02ae640	4	107768674	108163117	225	0.5776
3b0d8bbd-0cdf-4b12-a379-04dbd02ae640	4	108163414	108946126	446	0.8966
3b0d8bbd-0cdf-4b12-a379-04dbd02ae640	4	108950639	109654694	367	0.1473
3b0d8bbd-0cdf-4b12-a379-04dbd02ae640	4	109655667	109983334	205	0.5569
3b0d8bbd-0cdf-4b12-a379-04dbd02ae640	4	109984240	110367868	276	0.1476
3b0d8bbd-0cdf-4b12-a379-04dbd02ae640	4	110368558	110517912	81	-0.6669
3b0d8bbd-0cdf-4b12-a379-04dbd02ae640	4	110523817	111156545	370	0.1119
3b0d8bbd-0cdf-4b12-a379-04dbd02ae640	4	111170856	111306611	83	0.7584
3b0d8bbd-0cdf-4b12-a379-04dbd02ae640	4	111312416	111504309	92	0.1423
3b0d8bbd-0cdf-4b12-a379-04dbd02ae640	4	111506911	111698753	124	-0.5874
3b0d8bbd-0cdf-4b12-a379-04dbd02ae640	4	111701236	112319373	338	0.161
3b0d8bbd-0cdf-4b12-a379-04dbd02ae640	4	112326279	113452504	701	-0.6624
3b0d8bbd-0cdf-4b12-a379-04dbd02ae640	4	113460604	113943353	335	0.0986
3b0d8bbd-0cdf-4b12-a379-04dbd02ae640	4	113943935	114237874	170	-0.6329
3b0d8bbd-0cdf-4b12-a379-04dbd02ae640	4	114240021	114307360	38	0.1453
3b0d8bbd-0cdf-4b12-a379-04dbd02ae640	4	114310399	114513511	138	-0.6308
3b0d8bbd-0cdf-4b12-a379-04dbd02ae640	4	114522539	114532966	9	0.1673
3b0d8bbd-0cdf-4b12-a379-04dbd02ae640	4	114533889	114580762	29	-0.611
3b0d8bbd-0cdf-4b12-a379-04dbd02ae640	4	114595211	114641405	20	0.0802
3b0d8bbd-0cdf-4b12-a379-04dbd02ae640	4	114644503	114656964	11	-0.6188
3b0d8bbd-0cdf-4b12-a379-04dbd02ae640	4	114662309	114882261	120	0.1773
3b0d8bbd-0cdf-4b12-a379-04dbd02ae640	4	114884136	115186526	183	-0.5787
3b0d8bbd-0cdf-4b12-a379-04dbd02ae640	4	115186616	115210032	13	0.1103
3b0d8bbd-0cdf-4b12-a379-04dbd02ae640	4	115219188	116361465	582	-0.5647
3b0d8bbd-0cdf-4b12-a379-04dbd02ae640	4	116364186	116508284	45	0.1255
3b0d8bbd-0cdf-4b12-a379-04dbd02ae640	4	116511694	118540642	1142	-0.5999
3b0d8bbd-0cdf-4b12-a379-04dbd02ae640	4	118544902	120292726	1060	0.1183
3b0d8bbd-0cdf-4b12-a379-04dbd02ae640	4	120298155	121607439	772	-0.6197
3b0d8bbd-0cdf-4b12-a379-04dbd02ae640	4	121607859	122531988	434	0.1174
3b0d8bbd-0cdf-4b12-a379-04dbd02ae640	4	122532364	128241661	3080	-0.5894
3b0d8bbd-0cdf-4b12-a379-04dbd02ae640	4	128244350	128391787	82	0.1013
3b0d8bbd-0cdf-4b12-a379-04dbd02ae640	4	128392498	133546774	2404	-0.595
3b0d8bbd-0cdf-4b12-a379-04dbd02ae640	4	133546906	133932678	159	0.1322
3b0d8bbd-0cdf-4b12-a379-04dbd02ae640	4	134271522	137310470	1605	-0.6013
3b0d8bbd-0cdf-4b12-a379-04dbd02ae640	4	137312424	137683796	214	0.1703
3b0d8bbd-0cdf-4b12-a379-04dbd02ae640	4	137685553	138188598	327	0.6
3b0d8bbd-0cdf-4b12-a379-04dbd02ae640	4	138189079	138226508	13	-0.0069
3b0d8bbd-0cdf-4b12-a379-04dbd02ae640	4	138226578	138802106	454	0.609
3b0d8bbd-0cdf-4b12-a379-04dbd02ae640	4	138804969	139472538	400	0.1094
3b0d8bbd-0cdf-4b12-a379-04dbd02ae640	4	139479906	139513692	25	-0.5584
3b0d8bbd-0cdf-4b12-a379-04dbd02ae640	4	139515612	139640534	81	0.0935
3b0d8bbd-0cdf-4b12-a379-04dbd02ae640	4	139643636	141405400	1172	-0.668
3b0d8bbd-0cdf-4b12-a379-04dbd02ae640	4	141407666	142049069	370	0.1648
3b0d8bbd-0cdf-4b12-a379-04dbd02ae640	4	142051318	142073067	22	-0.678
3b0d8bbd-0cdf-4b12-a379-04dbd02ae640	4	142077025	142280601	138	0.1243
3b0d8bbd-0cdf-4b12-a379-04dbd02ae640	4	142294361	145069088	1388	-0.6156
3b0d8bbd-0cdf-4b12-a379-04dbd02ae640	4	145071217	145484819	201	0.107
3b0d8bbd-0cdf-4b12-a379-04dbd02ae640	4	145488860	145510002	11	-0.6359
3b0d8bbd-0cdf-4b12-a379-04dbd02ae640	4	145513046	145521827	7	0.3381
3b0d8bbd-0cdf-4b12-a379-04dbd02ae640	4	145523432	165196629	11066	-0.6282
3b0d8bbd-0cdf-4b12-a379-04dbd02ae640	4	165241456	165298209	21	0.1289
3b0d8bbd-0cdf-4b12-a379-04dbd02ae640	4	165301927	172122003	3841	-0.6213
3b0d8bbd-0cdf-4b12-a379-04dbd02ae640	4	172131770	173454603	586	0.0044
3b0d8bbd-0cdf-4b12-a379-04dbd02ae640	4	173456205	176672563	1877	0.2839
3b0d8bbd-0cdf-4b12-a379-04dbd02ae640	4	176673424	181158385	2167	0.5194
3b0d8bbd-0cdf-4b12-a379-04dbd02ae640	4	181161221	186995876	2709	0.2841
3b0d8bbd-0cdf-4b12-a379-04dbd02ae640	4	187001590	187042423	23	-0.6152
3b0d8bbd-0cdf-4b12-a379-04dbd02ae640	4	187043404	187594280	350	0.3091
3b0d8bbd-0cdf-4b12-a379-04dbd02ae640	4	187596435	187596746	3	1.1485
3b0d8bbd-0cdf-4b12-a379-04dbd02ae640	4	187596781	187842528	147	0.3253
3b0d8bbd-0cdf-4b12-a379-04dbd02ae640	5	913983	14397129	9345	-0.2218
3b0d8bbd-0cdf-4b12-a379-04dbd02ae640	5	14400165	91117886	39135	-0.191
3b0d8bbd-0cdf-4b12-a379-04dbd02ae640	5	91123696	92180534	509	0.0029
3b0d8bbd-0cdf-4b12-a379-04dbd02ae640	5	92182210	93957054	849	-0.1655
3b0d8bbd-0cdf-4b12-a379-04dbd02ae640	5	93957423	95251737	684	0.0015
3b0d8bbd-0cdf-4b12-a379-04dbd02ae640	5	95254776	100832826	2357	-0.1797
3b0d8bbd-0cdf-4b12-a379-04dbd02ae640	5	100833950	101243917	200	0.0053
3b0d8bbd-0cdf-4b12-a379-04dbd02ae640	5	101244113	102505465	507	-0.1779
3b0d8bbd-0cdf-4b12-a379-04dbd02ae640	5	102506051	109361898	3741	0.0073
3b0d8bbd-0cdf-4b12-a379-04dbd02ae640	5	109363460	115310332	3839	-0.1779
3b0d8bbd-0cdf-4b12-a379-04dbd02ae640	5	115314991	116204901	464	0.0073
3b0d8bbd-0cdf-4b12-a379-04dbd02ae640	5	116204953	126342156	6010	-0.1519
3b0d8bbd-0cdf-4b12-a379-04dbd02ae640	5	126342485	126498604	111	0.0162
3b0d8bbd-0cdf-4b12-a379-04dbd02ae640	5	126501362	127307228	430	-0.0842
3b0d8bbd-0cdf-4b12-a379-04dbd02ae640	5	127309139	131360893	2237	0.0171
3b0d8bbd-0cdf-4b12-a379-04dbd02ae640	5	131361302	136261266	3059	-0.1938
3b0d8bbd-0cdf-4b12-a379-04dbd02ae640	5	136262350	139403120	1739	-0.0297
3b0d8bbd-0cdf-4b12-a379-04dbd02ae640	5	139414478	142960629	1848	-0.1964
3b0d8bbd-0cdf-4b12-a379-04dbd02ae640	5	142963291	146002047	1909	-0.1409
3b0d8bbd-0cdf-4b12-a379-04dbd02ae640	5	146003188	148309005	1508	0.008
3b0d8bbd-0cdf-4b12-a379-04dbd02ae640	5	148309258	149006659	499	-0.1535
3b0d8bbd-0cdf-4b12-a379-04dbd02ae640	5	149010151	151729744	1826	-0.0423
3b0d8bbd-0cdf-4b12-a379-04dbd02ae640	5	151733956	152709328	676	-0.1729
3b0d8bbd-0cdf-4b12-a379-04dbd02ae640	5	152709399	153540383	486	-0.0217
3b0d8bbd-0cdf-4b12-a379-04dbd02ae640	5	153540540	154051223	378	-0.2259
3b0d8bbd-0cdf-4b12-a379-04dbd02ae640	5	154051429	162587775	5509	-0.0126
3b0d8bbd-0cdf-4b12-a379-04dbd02ae640	5	162589112	162589260	2	-1.4481
3b0d8bbd-0cdf-4b12-a379-04dbd02ae640	5	162591686	169281521	4467	-0.0063
3b0d8bbd-0cdf-4b12-a379-04dbd02ae640	5	169282063	169283810	2	1.2432
3b0d8bbd-0cdf-4b12-a379-04dbd02ae640	5	169283865	171031735	1262	-0.0219
3b0d8bbd-0cdf-4b12-a379-04dbd02ae640	5	171032181	173856262	1706	0.2483
3b0d8bbd-0cdf-4b12-a379-04dbd02ae640	5	173860481	180934240	3568	-0.0372
3b0d8bbd-0cdf-4b12-a379-04dbd02ae640	6	1011760	35600797	20653	-0.1739
3b0d8bbd-0cdf-4b12-a379-04dbd02ae640	6	35601342	35601504	2	-1.6435
3b0d8bbd-0cdf-4b12-a379-04dbd02ae640	6	35605468	45979730	6578	-0.1915
3b0d8bbd-0cdf-4b12-a379-04dbd02ae640	6	45980842	73740455	13569	-0.1403
3b0d8bbd-0cdf-4b12-a379-04dbd02ae640	6	73741506	80931586	3894	-0.6128
3b0d8bbd-0cdf-4b12-a379-04dbd02ae640	6	80939489	90116380	5322	-0.1482
3b0d8bbd-0cdf-4b12-a379-04dbd02ae640	6	90116990	96387660	2950	-0.6285
3b0d8bbd-0cdf-4b12-a379-04dbd02ae640	6	96388673	148931187	31238	-0.1389
3b0d8bbd-0cdf-4b12-a379-04dbd02ae640	6	148931540	170596889	12693	-0.1635
3b0d8bbd-0cdf-4b12-a379-04dbd02ae640	7	664936	7841390	2945	0.0945
3b0d8bbd-0cdf-4b12-a379-04dbd02ae640	7	7842257	21231415	7416	0.1476
3b0d8bbd-0cdf-4b12-a379-04dbd02ae640	7	21231678	21610947	249	0.075
3b0d8bbd-0cdf-4b12-a379-04dbd02ae640	7	21614290	55048129	21958	0.1207
3b0d8bbd-0cdf-4b12-a379-04dbd02ae640	7	55055653	78369319	6758	0.0942
3b0d8bbd-0cdf-4b12-a379-04dbd02ae640	7	78369503	95084585	8883	0.1411
3b0d8bbd-0cdf-4b12-a379-04dbd02ae640	7	95093729	102896035	3536	0.0936
3b0d8bbd-0cdf-4b12-a379-04dbd02ae640	7	102898660	147237542	23993	0.1251
3b0d8bbd-0cdf-4b12-a379-04dbd02ae640	7	147238504	158592540	6044	0.0985
3b0d8bbd-0cdf-4b12-a379-04dbd02ae640	8	667625	667667	2	0.497
3b0d8bbd-0cdf-4b12-a379-04dbd02ae640	8	667885	43080575	25004	-0.2751
3b0d8bbd-0cdf-4b12-a379-04dbd02ae640	8	46547532	58141019	6392	0.7218
3b0d8bbd-0cdf-4b12-a379-04dbd02ae640	8	58141141	93366475	20058	0.7422
3b0d8bbd-0cdf-4b12-a379-04dbd02ae640	8	93366488	102798864	5625	0.7139
3b0d8bbd-0cdf-4b12-a379-04dbd02ae640	8	102803106	120609800	10080	0.7495
3b0d8bbd-0cdf-4b12-a379-04dbd02ae640	8	120612452	144182542	14873	0.7153
3b0d8bbd-0cdf-4b12-a379-04dbd02ae640	9	789794	2627035	1232	-0.2681
3b0d8bbd-0cdf-4b12-a379-04dbd02ae640	9	2627121	2630785	3	-1.5178
3b0d8bbd-0cdf-4b12-a379-04dbd02ae640	9	2631568	2904116	222	-0.2643
3b0d8bbd-0cdf-4b12-a379-04dbd02ae640	9	2905850	2909111	9	-4.0332
3b0d8bbd-0cdf-4b12-a379-04dbd02ae640	9	2910063	21071990	11586	-0.2503
3b0d8bbd-0cdf-4b12-a379-04dbd02ae640	9	21073693	22665151	999	-2.8831
3b0d8bbd-0cdf-4b12-a379-04dbd02ae640	9	22665329	22665584	3	-1.165
3b0d8bbd-0cdf-4b12-a379-04dbd02ae640	9	22669167	22696186	28	-0.3181
3b0d8bbd-0cdf-4b12-a379-04dbd02ae640	9	22696307	32412293	5577	-0.2317
3b0d8bbd-0cdf-4b12-a379-04dbd02ae640	9	32415009	68423153	3857	-0.2822
3b0d8bbd-0cdf-4b12-a379-04dbd02ae640	9	68424128	83557807	10590	0.5082
3b0d8bbd-0cdf-4b12-a379-04dbd02ae640	9	83558482	99814360	10581	0.4767
3b0d8bbd-0cdf-4b12-a379-04dbd02ae640	9	99816598	128425400	18870	0.4974
3b0d8bbd-0cdf-4b12-a379-04dbd02ae640	9	128428543	128469124	21	-0.3355
3b0d8bbd-0cdf-4b12-a379-04dbd02ae640	9	128472940	138044505	4731	0.4636
3b0d8bbd-0cdf-4b12-a379-04dbd02ae640	10	366509	15468295	11015	-0.2205
3b0d8bbd-0cdf-4b12-a379-04dbd02ae640	10	15472728	77404846	34733	-0.1985
3b0d8bbd-0cdf-4b12-a379-04dbd02ae640	10	77404974	77407657	2	-1.907
3b0d8bbd-0cdf-4b12-a379-04dbd02ae640	10	77407703	115879035	24024	-0.2056
3b0d8bbd-0cdf-4b12-a379-04dbd02ae640	10	115882366	133411599	11328	-0.2291
3b0d8bbd-0cdf-4b12-a379-04dbd02ae640	11	456012	3665714	1032	0.0465
3b0d8bbd-0cdf-4b12-a379-04dbd02ae640	11	3666755	44027382	26744	0.0969
3b0d8bbd-0cdf-4b12-a379-04dbd02ae640	11	44027477	80487567	14932	0.0676
3b0d8bbd-0cdf-4b12-a379-04dbd02ae640	11	80488915	111437281	18957	0.1167
3b0d8bbd-0cdf-4b12-a379-04dbd02ae640	11	111437806	134272740	15743	0.0868
3b0d8bbd-0cdf-4b12-a379-04dbd02ae640	12	780472	3243017	1126	0.0903
3b0d8bbd-0cdf-4b12-a379-04dbd02ae640	12	3243079	3249903	2	1.3566
3b0d8bbd-0cdf-4b12-a379-04dbd02ae640	12	3250110	7373269	2867	0.087
3b0d8bbd-0cdf-4b12-a379-04dbd02ae640	12	7375733	47692834	20580	0.1189
3b0d8bbd-0cdf-4b12-a379-04dbd02ae640	12	47693291	58122317	5376	0.0767
3b0d8bbd-0cdf-4b12-a379-04dbd02ae640	12	58122998	101135686	26514	0.121
3b0d8bbd-0cdf-4b12-a379-04dbd02ae640	12	101135716	112942408	7237	0.0895
3b0d8bbd-0cdf-4b12-a379-04dbd02ae640	12	112943541	112943996	2	-1.287
3b0d8bbd-0cdf-4b12-a379-04dbd02ae640	12	112945626	132605822	10473	0.0871
3b0d8bbd-0cdf-4b12-a379-04dbd02ae640	13	18874255	32829039	8473	0.0962
3b0d8bbd-0cdf-4b12-a379-04dbd02ae640	13	32830356	35418534	1720	0.1358
3b0d8bbd-0cdf-4b12-a379-04dbd02ae640	13	35429321	54365500	11230	0.1146
3b0d8bbd-0cdf-4b12-a379-04dbd02ae640	13	54367990	110118246	33276	0.1348
3b0d8bbd-0cdf-4b12-a379-04dbd02ae640	13	110118455	114226675	2167	0.081
3b0d8bbd-0cdf-4b12-a379-04dbd02ae640	14	20033191	24387895	1702	0.084
3b0d8bbd-0cdf-4b12-a379-04dbd02ae640	14	24390751	62787535	21986	0.1127
3b0d8bbd-0cdf-4b12-a379-04dbd02ae640	14	62788549	79568522	10248	0.0888
3b0d8bbd-0cdf-4b12-a379-04dbd02ae640	14	79568825	89725055	6299	0.1191
3b0d8bbd-0cdf-4b12-a379-04dbd02ae640	14	89727634	105533894	9447	0.0779
3b0d8bbd-0cdf-4b12-a379-04dbd02ae640	15	23437561	101344124	44678	-0.1736
3b0d8bbd-0cdf-4b12-a379-04dbd02ae640	16	603333	31501765	13851	-0.1816
3b0d8bbd-0cdf-4b12-a379-04dbd02ae640	16	31507027	58356062	7944	0.069
3b0d8bbd-0cdf-4b12-a379-04dbd02ae640	16	58356718	58358536	2	-1.4132
3b0d8bbd-0cdf-4b12-a379-04dbd02ae640	16	58364191	60042329	1097	0.0924
3b0d8bbd-0cdf-4b12-a379-04dbd02ae640	16	60042592	66747393	4389	-0.1343
3b0d8bbd-0cdf-4b12-a379-04dbd02ae640	16	66759001	76727831	4934	0.0823
3b0d8bbd-0cdf-4b12-a379-04dbd02ae640	16	76728036	77023065	232	0.291
3b0d8bbd-0cdf-4b12-a379-04dbd02ae640	16	77027811	77038424	11	0.0491
3b0d8bbd-0cdf-4b12-a379-04dbd02ae640	16	77041387	82603723	4857	-0.1628
3b0d8bbd-0cdf-4b12-a379-04dbd02ae640	16	82604209	82604613	2	-1.5818
3b0d8bbd-0cdf-4b12-a379-04dbd02ae640	16	82605995	82893895	269	-0.2009
3b0d8bbd-0cdf-4b12-a379-04dbd02ae640	16	82896006	85753709	1557	0.0606
3b0d8bbd-0cdf-4b12-a379-04dbd02ae640	16	85757666	89317317	1970	-0.2001
3b0d8bbd-0cdf-4b12-a379-04dbd02ae640	17	1074619	39689951	15303	-0.1877
3b0d8bbd-0cdf-4b12-a379-04dbd02ae640	17	39692280	50732954	4711	0.2688
3b0d8bbd-0cdf-4b12-a379-04dbd02ae640	17	50734766	72167418	12524	0.3003
3b0d8bbd-0cdf-4b12-a379-04dbd02ae640	17	72167639	82959812	4678	0.2684
3b0d8bbd-0cdf-4b12-a379-04dbd02ae640	18	326691	63626091	34950	-0.1485
3b0d8bbd-0cdf-4b12-a379-04dbd02ae640	18	63627702	74030322	4335	-0.1073
3b0d8bbd-0cdf-4b12-a379-04dbd02ae640	18	74030583	79349796	3569	-0.169
3b0d8bbd-0cdf-4b12-a379-04dbd02ae640	19	283868	29969929	10775	0.0698
3b0d8bbd-0cdf-4b12-a379-04dbd02ae640	19	29974636	30312843	206	-0.7058
3b0d8bbd-0cdf-4b12-a379-04dbd02ae640	19	30315258	30315852	2	-2.0457
3b0d8bbd-0cdf-4b12-a379-04dbd02ae640	19	30316262	30525314	162	-0.6782
3b0d8bbd-0cdf-4b12-a379-04dbd02ae640	19	30526078	32816804	1576	0.0643
3b0d8bbd-0cdf-4b12-a379-04dbd02ae640	19	32824074	32931439	74	-0.7701
3b0d8bbd-0cdf-4b12-a379-04dbd02ae640	19	32935456	33074734	55	0.0198
3b0d8bbd-0cdf-4b12-a379-04dbd02ae640	19	33078594	33092386	11	-0.6906
3b0d8bbd-0cdf-4b12-a379-04dbd02ae640	19	33094264	34467936	905	0.0723
3b0d8bbd-0cdf-4b12-a379-04dbd02ae640	19	34467971	34660589	116	-0.1735
3b0d8bbd-0cdf-4b12-a379-04dbd02ae640	19	34661176	34708276	29	0.1341
3b0d8bbd-0cdf-4b12-a379-04dbd02ae640	19	34708823	35071409	219	-0.2349
3b0d8bbd-0cdf-4b12-a379-04dbd02ae640	19	35078135	35871959	457	0.0459
3b0d8bbd-0cdf-4b12-a379-04dbd02ae640	19	35874383	36007839	58	-0.2136
3b0d8bbd-0cdf-4b12-a379-04dbd02ae640	19	36010302	36362647	132	0.068
3b0d8bbd-0cdf-4b12-a379-04dbd02ae640	19	36362671	36362694	2	-1.0556
3b0d8bbd-0cdf-4b12-a379-04dbd02ae640	19	36368534	36697881	193	0.0734
3b0d8bbd-0cdf-4b12-a379-04dbd02ae640	19	36705532	36730515	17	-0.6213
3b0d8bbd-0cdf-4b12-a379-04dbd02ae640	19	36733752	37238623	242	0.0518
3b0d8bbd-0cdf-4b12-a379-04dbd02ae640	19	37244820	37389847	63	-0.6182
3b0d8bbd-0cdf-4b12-a379-04dbd02ae640	19	37402398	37555555	69	0.1037
3b0d8bbd-0cdf-4b12-a379-04dbd02ae640	19	37558775	40910238	1592	-0.6548
3b0d8bbd-0cdf-4b12-a379-04dbd02ae640	19	40923767	41597146	303	0.0584
3b0d8bbd-0cdf-4b12-a379-04dbd02ae640	19	41597702	41601326	5	-0.5355
3b0d8bbd-0cdf-4b12-a379-04dbd02ae640	19	41604871	41831018	105	0.0776
3b0d8bbd-0cdf-4b12-a379-04dbd02ae640	19	41831746	42635369	296	-0.5974
3b0d8bbd-0cdf-4b12-a379-04dbd02ae640	19	42636171	43534309	78	0.049
3b0d8bbd-0cdf-4b12-a379-04dbd02ae640	19	43536284	43590925	45	-0.3501
3b0d8bbd-0cdf-4b12-a379-04dbd02ae640	19	43595937	43690629	65	0.1157
3b0d8bbd-0cdf-4b12-a379-04dbd02ae640	19	43692074	43695371	7	-1.131
3b0d8bbd-0cdf-4b12-a379-04dbd02ae640	19	43704826	43837188	87	0.0583
3b0d8bbd-0cdf-4b12-a379-04dbd02ae640	19	43837807	48022250	1892	-0.6514
3b0d8bbd-0cdf-4b12-a379-04dbd02ae640	19	48022298	51349581	1294	0.0717
3b0d8bbd-0cdf-4b12-a379-04dbd02ae640	19	51350214	51711983	266	-0.6828
3b0d8bbd-0cdf-4b12-a379-04dbd02ae640	19	51715673	54003107	606	0.0735
3b0d8bbd-0cdf-4b12-a379-04dbd02ae640	19	54003128	54046913	18	0.5316
3b0d8bbd-0cdf-4b12-a379-04dbd02ae640	19	54063687	54099351	43	0.0776
3b0d8bbd-0cdf-4b12-a379-04dbd02ae640	19	54100903	54721301	254	0.5424
3b0d8bbd-0cdf-4b12-a379-04dbd02ae640	19	54871595	55079303	113	0.0024
3b0d8bbd-0cdf-4b12-a379-04dbd02ae640	19	55089368	55111860	12	-0.8885
3b0d8bbd-0cdf-4b12-a379-04dbd02ae640	19	55118621	55154321	19	0.0647
3b0d8bbd-0cdf-4b12-a379-04dbd02ae640	19	55166857	55508418	119	-0.6717
3b0d8bbd-0cdf-4b12-a379-04dbd02ae640	19	55511245	55645081	56	0.0253
3b0d8bbd-0cdf-4b12-a379-04dbd02ae640	19	55655747	55820038	82	-0.6484
3b0d8bbd-0cdf-4b12-a379-04dbd02ae640	19	55820569	55830208	7	0.1878
3b0d8bbd-0cdf-4b12-a379-04dbd02ae640	19	55830695	55840801	14	-0.6317
3b0d8bbd-0cdf-4b12-a379-04dbd02ae640	19	55846466	55874105	23	0.0561
3b0d8bbd-0cdf-4b12-a379-04dbd02ae640	19	55877505	55878871	3	-0.8519
3b0d8bbd-0cdf-4b12-a379-04dbd02ae640	19	55880153	56247597	137	0.0876
3b0d8bbd-0cdf-4b12-a379-04dbd02ae640	19	56251307	56522175	191	-0.6693
3b0d8bbd-0cdf-4b12-a379-04dbd02ae640	19	56524138	56833599	187	0.0702
3b0d8bbd-0cdf-4b12-a379-04dbd02ae640	19	56842685	56891840	26	-0.6663
3b0d8bbd-0cdf-4b12-a379-04dbd02ae640	19	56896471	57989309	590	0.0662
3b0d8bbd-0cdf-4b12-a379-04dbd02ae640	19	58011102	58083136	39	-0.5947
3b0d8bbd-0cdf-4b12-a379-04dbd02ae640	19	58086038	58202906	82	0.0503
3b0d8bbd-0cdf-4b12-a379-04dbd02ae640	19	58208118	58370362	92	0.4737
3b0d8bbd-0cdf-4b12-a379-04dbd02ae640	20	472817	5223993	2963	0.2852
3b0d8bbd-0cdf-4b12-a379-04dbd02ae640	20	5224106	19461006	9671	0.3103
3b0d8bbd-0cdf-4b12-a379-04dbd02ae640	20	19461055	63588502	24842	0.2757
3b0d8bbd-0cdf-4b12-a379-04dbd02ae640	21	13974127	14904421	593	-0.5861
3b0d8bbd-0cdf-4b12-a379-04dbd02ae640	21	14916082	15483252	443	-0.1773
3b0d8bbd-0cdf-4b12-a379-04dbd02ae640	21	15483319	16458427	487	-0.5523
3b0d8bbd-0cdf-4b12-a379-04dbd02ae640	21	16463146	16576568	69	0.1763
3b0d8bbd-0cdf-4b12-a379-04dbd02ae640	21	16576733	16693870	81	-0.1022
3b0d8bbd-0cdf-4b12-a379-04dbd02ae640	21	16693990	18132421	885	0.1457
3b0d8bbd-0cdf-4b12-a379-04dbd02ae640	21	18132538	20515492	1570	-0.145
3b0d8bbd-0cdf-4b12-a379-04dbd02ae640	21	20517449	21901115	1031	-0.5804
3b0d8bbd-0cdf-4b12-a379-04dbd02ae640	21	21901498	22108001	144	-0.1104
3b0d8bbd-0cdf-4b12-a379-04dbd02ae640	21	22108851	23734300	596	0.1664
3b0d8bbd-0cdf-4b12-a379-04dbd02ae640	21	23828538	24360841	464	-0.1464
3b0d8bbd-0cdf-4b12-a379-04dbd02ae640	21	24364836	24717803	228	-0.5746
3b0d8bbd-0cdf-4b12-a379-04dbd02ae640	21	24718152	25012268	230	-0.148
3b0d8bbd-0cdf-4b12-a379-04dbd02ae640	21	25012331	25752753	459	0.141
3b0d8bbd-0cdf-4b12-a379-04dbd02ae640	21	25755320	29305710	2527	-0.1478
3b0d8bbd-0cdf-4b12-a379-04dbd02ae640	21	29305751	30632027	909	0.1459
3b0d8bbd-0cdf-4b12-a379-04dbd02ae640	21	30638389	31292358	334	-0.1803
3b0d8bbd-0cdf-4b12-a379-04dbd02ae640	21	31295137	34266581	1954	0.1181
3b0d8bbd-0cdf-4b12-a379-04dbd02ae640	21	34275480	36003641	1217	-0.1841
3b0d8bbd-0cdf-4b12-a379-04dbd02ae640	21	36005494	36460323	173	0.1647
3b0d8bbd-0cdf-4b12-a379-04dbd02ae640	21	36462046	37013458	353	-0.2137
3b0d8bbd-0cdf-4b12-a379-04dbd02ae640	21	37016217	41111705	3198	0.121
3b0d8bbd-0cdf-4b12-a379-04dbd02ae640	21	41114329	41849731	633	-0.2158
3b0d8bbd-0cdf-4b12-a379-04dbd02ae640	21	41850025	44253766	1162	0.1165
3b0d8bbd-0cdf-4b12-a379-04dbd02ae640	21	44254692	45979081	695	-0.1897
3b0d8bbd-0cdf-4b12-a379-04dbd02ae640	21	45979461	46262057	107	0.1055
3b0d8bbd-0cdf-4b12-a379-04dbd02ae640	22	16934932	48940621	17066	0.2937
3b0d8bbd-0cdf-4b12-a379-04dbd02ae640	X	3236359	6530483	779	-0.2509
3b0d8bbd-0cdf-4b12-a379-04dbd02ae640	X	8173048	36754178	14306	0.3947
3b0d8bbd-0cdf-4b12-a379-04dbd02ae640	X	36756820	58291715	8837	0.3677
3b0d8bbd-0cdf-4b12-a379-04dbd02ae640	X	62952913	79819214	6069	-0.2029
3b0d8bbd-0cdf-4b12-a379-04dbd02ae640	X	79819658	79823166	8	-4.6594
3b0d8bbd-0cdf-4b12-a379-04dbd02ae640	X	79823378	148552213	31230	-0.2088
3b0d8bbd-0cdf-4b12-a379-04dbd02ae640	X	148552433	148553275	3	-2.2008
3b0d8bbd-0cdf-4b12-a379-04dbd02ae640	X	148576762	155677414	2464	-0.2593
