GDC_Aliquot	Chromosome	Start	End	Num_Probes	Segment_Mean
9f6c6cb9-9177-4d68-be4e-f2325deadd1a	1	3301765	247650984	129378	0.003
9f6c6cb9-9177-4d68-be4e-f2325deadd1a	2	480597	131664754	68916	0.0031
9f6c6cb9-9177-4d68-be4e-f2325deadd1a	2	131667919	131670848	5	-1.7344
9f6c6cb9-9177-4d68-be4e-f2325deadd1a	2	131672061	241537572	62904	0.0054
9f6c6cb9-9177-4d68-be4e-f2325deadd1a	3	2170634	197812401	106881	0.0019
9f6c6cb9-9177-4d68-be4e-f2325deadd1a	4	1059384	187842528	103189	0.0001
9f6c6cb9-9177-4d68-be4e-f2325deadd1a	5	913983	180934240	100822	0.0016
9f6c6cb9-9177-4d68-be4e-f2325deadd1a	6	1011760	164278151	94119	-0.0011
9f6c6cb9-9177-4d68-be4e-f2325deadd1a	6	164278289	164283260	4	-1.9364
9f6c6cb9-9177-4d68-be4e-f2325deadd1a	6	164383355	170596889	2759	0.0024
9f6c6cb9-9177-4d68-be4e-f2325deadd1a	7	664936	158592540	81723	-0.0002
9f6c6cb9-9177-4d68-be4e-f2325deadd1a	8	667625	133141329	75758	0.0006
9f6c6cb9-9177-4d68-be4e-f2325deadd1a	8	133142676	133148865	4	-2.0314
9f6c6cb9-9177-4d68-be4e-f2325deadd1a	8	133151196	144182542	6199	0.0076
9f6c6cb9-9177-4d68-be4e-f2325deadd1a	9	789794	138044505	68297	-0.0035
9f6c6cb9-9177-4d68-be4e-f2325deadd1a	10	366509	28214236	19467	-0.0016
9f6c6cb9-9177-4d68-be4e-f2325deadd1a	10	28219675	28219858	2	-2.4011
9f6c6cb9-9177-4d68-be4e-f2325deadd1a	10	28220367	121112763	53983	-0.0003
9f6c6cb9-9177-4d68-be4e-f2325deadd1a	10	121114834	121115932	5	-2.6039
9f6c6cb9-9177-4d68-be4e-f2325deadd1a	10	121115954	133411599	7613	-0.0063
9f6c6cb9-9177-4d68-be4e-f2325deadd1a	11	456012	110827866	61105	0.0009
9f6c6cb9-9177-4d68-be4e-f2325deadd1a	11	110828869	110829836	4	-2.1242
9f6c6cb9-9177-4d68-be4e-f2325deadd1a	11	110830723	134272740	16227	-0.0004
9f6c6cb9-9177-4d68-be4e-f2325deadd1a	12	780472	132605822	74132	0.0008
9f6c6cb9-9177-4d68-be4e-f2325deadd1a	13	18874255	80736494	35901	-0.0059
9f6c6cb9-9177-4d68-be4e-f2325deadd1a	13	80738036	80750870	2	-2.2685
9f6c6cb9-9177-4d68-be4e-f2325deadd1a	13	80753602	102897604	13644	0.0002
9f6c6cb9-9177-4d68-be4e-f2325deadd1a	13	102900292	102902186	2	-2.7486
9f6c6cb9-9177-4d68-be4e-f2325deadd1a	13	102904834	114226675	7262	-0.0103
9f6c6cb9-9177-4d68-be4e-f2325deadd1a	14	20033191	105533894	49639	-0.001
9f6c6cb9-9177-4d68-be4e-f2325deadd1a	15	23437561	53452238	15761	-0.0001
9f6c6cb9-9177-4d68-be4e-f2325deadd1a	15	53453377	53453972	2	-2.4052
9f6c6cb9-9177-4d68-be4e-f2325deadd1a	15	53454733	101344124	28900	-0.001
9f6c6cb9-9177-4d68-be4e-f2325deadd1a	16	603333	89317317	41094	0.0011
9f6c6cb9-9177-4d68-be4e-f2325deadd1a	17	1074619	13332284	6883	-0.0038
9f6c6cb9-9177-4d68-be4e-f2325deadd1a	17	13334220	13334330	2	-2.0442
9f6c6cb9-9177-4d68-be4e-f2325deadd1a	17	13334717	82959812	30310	0.0007
9f6c6cb9-9177-4d68-be4e-f2325deadd1a	18	326691	79349796	42839	-0.0025
9f6c6cb9-9177-4d68-be4e-f2325deadd1a	19	283868	56472596	23038	0.006
9f6c6cb9-9177-4d68-be4e-f2325deadd1a	19	56472909	56473006	2	-2.7636
9f6c6cb9-9177-4d68-be4e-f2325deadd1a	19	56473069	58370362	1062	0.0105
9f6c6cb9-9177-4d68-be4e-f2325deadd1a	20	472817	18836012	12145	-0.01
9f6c6cb9-9177-4d68-be4e-f2325deadd1a	20	18836445	18839781	2	-1.7887
9f6c6cb9-9177-4d68-be4e-f2325deadd1a	20	18842441	32139855	5190	-0.0059
9f6c6cb9-9177-4d68-be4e-f2325deadd1a	20	32139880	32140566	2	-2.0798
9f6c6cb9-9177-4d68-be4e-f2325deadd1a	20	32143235	63588502	20154	-0.0047
9f6c6cb9-9177-4d68-be4e-f2325deadd1a	21	13974127	46262057	20537	0.0006
9f6c6cb9-9177-4d68-be4e-f2325deadd1a	22	16934932	48940621	17049	-0.0051
9f6c6cb9-9177-4d68-be4e-f2325deadd1a	X	3236359	88303584	33747	0.0089
9f6c6cb9-9177-4d68-be4e-f2325deadd1a	X	88308265	88314444	2	-1.9941
9f6c6cb9-9177-4d68-be4e-f2325deadd1a	X	88314733	97067076	2613	-0.0023
9f6c6cb9-9177-4d68-be4e-f2325deadd1a	X	97068494	97071432	3	-1.8006
9f6c6cb9-9177-4d68-be4e-f2325deadd1a	X	97072240	155677414	26689	0.015
