GDC_Aliquot	Chromosome	Start	End	Num_Probes	Segment_Mean
caad6d94-41bc-401e-bc6d-8e80a6a0e25e	1	3301765	23498455	11304	-0.6884
caad6d94-41bc-401e-bc6d-8e80a6a0e25e	1	23502412	25751931	1012	0.2254
caad6d94-41bc-401e-bc6d-8e80a6a0e25e	1	25754560	28836056	1203	-0.6701
caad6d94-41bc-401e-bc6d-8e80a6a0e25e	1	28838049	36511086	4138	0.2404
caad6d94-41bc-401e-bc6d-8e80a6a0e25e	1	36511964	37314761	561	0.3049
caad6d94-41bc-401e-bc6d-8e80a6a0e25e	1	37314828	47429331	5293	0.2178
caad6d94-41bc-401e-bc6d-8e80a6a0e25e	1	47430543	48162464	564	0.3042
caad6d94-41bc-401e-bc6d-8e80a6a0e25e	1	48162531	53063835	2271	0.199
caad6d94-41bc-401e-bc6d-8e80a6a0e25e	1	53063976	58477823	4051	0.2381
caad6d94-41bc-401e-bc6d-8e80a6a0e25e	1	58482093	64731918	4277	0.2038
caad6d94-41bc-401e-bc6d-8e80a6a0e25e	1	64732983	111808818	28080	0.1728
caad6d94-41bc-401e-bc6d-8e80a6a0e25e	1	111813034	150290062	5305	0.2047
caad6d94-41bc-401e-bc6d-8e80a6a0e25e	1	150294432	158293864	4054	0.7183
caad6d94-41bc-401e-bc6d-8e80a6a0e25e	1	158293976	159692839	889	0.6543
caad6d94-41bc-401e-bc6d-8e80a6a0e25e	1	159693615	167767159	5792	0.733
caad6d94-41bc-401e-bc6d-8e80a6a0e25e	1	167768816	174884305	4591	0.6954
caad6d94-41bc-401e-bc6d-8e80a6a0e25e	1	174886354	184640686	6209	0.7291
caad6d94-41bc-401e-bc6d-8e80a6a0e25e	1	184646248	199999655	8869	0.6661
caad6d94-41bc-401e-bc6d-8e80a6a0e25e	1	200000275	201046839	689	0.713
caad6d94-41bc-401e-bc6d-8e80a6a0e25e	1	201046996	207063781	3834	0.7513
caad6d94-41bc-401e-bc6d-8e80a6a0e25e	1	207063987	240013568	22070	0.7177
caad6d94-41bc-401e-bc6d-8e80a6a0e25e	1	240014807	240046441	26	1.1363
caad6d94-41bc-401e-bc6d-8e80a6a0e25e	1	240055828	242122402	1497	0.7187
caad6d94-41bc-401e-bc6d-8e80a6a0e25e	1	242123603	242126157	3	-0.9502
caad6d94-41bc-401e-bc6d-8e80a6a0e25e	1	242129492	247649129	2783	0.7247
caad6d94-41bc-401e-bc6d-8e80a6a0e25e	1	247650404	247650984	2	0.1613
caad6d94-41bc-401e-bc6d-8e80a6a0e25e	2	480597	11626206	6979	-0.7344
caad6d94-41bc-401e-bc6d-8e80a6a0e25e	2	11627156	11628746	4	-3.0393
caad6d94-41bc-401e-bc6d-8e80a6a0e25e	2	11629648	28763484	10497	-0.722
caad6d94-41bc-401e-bc6d-8e80a6a0e25e	2	29003693	34281685	3163	0.2028
caad6d94-41bc-401e-bc6d-8e80a6a0e25e	2	34281885	42968330	4744	0.1718
caad6d94-41bc-401e-bc6d-8e80a6a0e25e	2	42971372	49704058	4281	0.2005
caad6d94-41bc-401e-bc6d-8e80a6a0e25e	2	49706141	58735571	4731	0.1559
caad6d94-41bc-401e-bc6d-8e80a6a0e25e	2	58738650	76499102	10381	0.1892
caad6d94-41bc-401e-bc6d-8e80a6a0e25e	2	76499678	85129583	4560	0.1524
caad6d94-41bc-401e-bc6d-8e80a6a0e25e	2	85130119	99663920	2944	0.19
caad6d94-41bc-401e-bc6d-8e80a6a0e25e	2	99666164	100978396	943	0.2467
caad6d94-41bc-401e-bc6d-8e80a6a0e25e	2	100978678	118775030	9304	0.1839
caad6d94-41bc-401e-bc6d-8e80a6a0e25e	2	118775398	121303109	1570	0.2437
caad6d94-41bc-401e-bc6d-8e80a6a0e25e	2	121303806	122882096	965	0.1876
caad6d94-41bc-401e-bc6d-8e80a6a0e25e	2	122882428	126391024	1283	0.1449
caad6d94-41bc-401e-bc6d-8e80a6a0e25e	2	126391562	134555037	4038	0.2077
caad6d94-41bc-401e-bc6d-8e80a6a0e25e	2	134555628	170071354	20332	0.154
caad6d94-41bc-401e-bc6d-8e80a6a0e25e	2	170071499	177834103	4966	0.1864
caad6d94-41bc-401e-bc6d-8e80a6a0e25e	2	177834236	201676308	12150	0.1458
caad6d94-41bc-401e-bc6d-8e80a6a0e25e	2	201676984	208374882	3869	0.1829
caad6d94-41bc-401e-bc6d-8e80a6a0e25e	2	208374897	214475059	3611	0.1443
caad6d94-41bc-401e-bc6d-8e80a6a0e25e	2	214475611	215216483	445	0.1749
caad6d94-41bc-401e-bc6d-8e80a6a0e25e	2	215226448	224455485	6034	0.2034
caad6d94-41bc-401e-bc6d-8e80a6a0e25e	2	224458111	229024106	2817	0.1631
caad6d94-41bc-401e-bc6d-8e80a6a0e25e	2	229028341	229029408	4	-0.7336
caad6d94-41bc-401e-bc6d-8e80a6a0e25e	2	229032316	234397555	2962	0.1915
caad6d94-41bc-401e-bc6d-8e80a6a0e25e	2	234400639	241146319	4091	0.2445
caad6d94-41bc-401e-bc6d-8e80a6a0e25e	2	241151326	241537572	215	0.194
caad6d94-41bc-401e-bc6d-8e80a6a0e25e	3	2170634	16188295	8598	0.2169
caad6d94-41bc-401e-bc6d-8e80a6a0e25e	3	16188318	37473850	12521	0.172
caad6d94-41bc-401e-bc6d-8e80a6a0e25e	3	37474336	74210348	22081	0.1986
caad6d94-41bc-401e-bc6d-8e80a6a0e25e	3	74212838	89767116	7789	0.1443
caad6d94-41bc-401e-bc6d-8e80a6a0e25e	3	89768352	89772513	2	-1.4609
caad6d94-41bc-401e-bc6d-8e80a6a0e25e	3	89773066	98238271	2314	0.1352
caad6d94-41bc-401e-bc6d-8e80a6a0e25e	3	98249458	98251224	2	-1.5033
caad6d94-41bc-401e-bc6d-8e80a6a0e25e	3	98252873	122691681	13890	0.1526
caad6d94-41bc-401e-bc6d-8e80a6a0e25e	3	122692174	128710537	3644	0.2283
caad6d94-41bc-401e-bc6d-8e80a6a0e25e	3	128711771	128712082	3	-0.7866
caad6d94-41bc-401e-bc6d-8e80a6a0e25e	3	128714553	130406145	724	0.2067
caad6d94-41bc-401e-bc6d-8e80a6a0e25e	3	130406272	133015565	1654	0.1651
caad6d94-41bc-401e-bc6d-8e80a6a0e25e	3	133017538	141668185	4983	0.2055
caad6d94-41bc-401e-bc6d-8e80a6a0e25e	3	141668272	150491018	4276	0.1569
caad6d94-41bc-401e-bc6d-8e80a6a0e25e	3	150494293	197812401	24378	-0.7378
caad6d94-41bc-401e-bc6d-8e80a6a0e25e	4	1059384	2901558	663	0.2051
caad6d94-41bc-401e-bc6d-8e80a6a0e25e	4	2904726	7134993	2647	0.2672
caad6d94-41bc-401e-bc6d-8e80a6a0e25e	4	7135475	7135904	5	-0.5825
caad6d94-41bc-401e-bc6d-8e80a6a0e25e	4	7136266	10110811	1329	0.2719
caad6d94-41bc-401e-bc6d-8e80a6a0e25e	4	10110838	26539457	11415	0.1961
caad6d94-41bc-401e-bc6d-8e80a6a0e25e	4	26539743	37047105	6159	0.1453
caad6d94-41bc-401e-bc6d-8e80a6a0e25e	4	37048728	42850834	3646	0.1858
caad6d94-41bc-401e-bc6d-8e80a6a0e25e	4	42852035	47084774	1870	0.1371
caad6d94-41bc-401e-bc6d-8e80a6a0e25e	4	47085862	57748628	4470	0.1885
caad6d94-41bc-401e-bc6d-8e80a6a0e25e	4	57767078	138432904	44142	0.1508
caad6d94-41bc-401e-bc6d-8e80a6a0e25e	4	138433467	157054664	10680	0.1726
caad6d94-41bc-401e-bc6d-8e80a6a0e25e	4	157054856	181889781	13579	0.1544
caad6d94-41bc-401e-bc6d-8e80a6a0e25e	4	181893044	181895448	2	-1.5115
caad6d94-41bc-401e-bc6d-8e80a6a0e25e	4	181896315	182202042	235	0.1723
caad6d94-41bc-401e-bc6d-8e80a6a0e25e	4	182207213	187842528	2399	0.2139
caad6d94-41bc-401e-bc6d-8e80a6a0e25e	5	913983	11539510	7661	0.2264
caad6d94-41bc-401e-bc6d-8e80a6a0e25e	5	11540227	13878734	1198	0.1634
caad6d94-41bc-401e-bc6d-8e80a6a0e25e	5	13883621	15331173	1069	0.2091
caad6d94-41bc-401e-bc6d-8e80a6a0e25e	5	15331195	15333229	10	-0.3169
caad6d94-41bc-401e-bc6d-8e80a6a0e25e	5	15333744	17791907	967	0.2226
caad6d94-41bc-401e-bc6d-8e80a6a0e25e	5	17793103	31294704	7209	0.1458
caad6d94-41bc-401e-bc6d-8e80a6a0e25e	5	31295868	39762909	5047	0.1942
caad6d94-41bc-401e-bc6d-8e80a6a0e25e	5	39766904	52423889	3738	0.1498
caad6d94-41bc-401e-bc6d-8e80a6a0e25e	5	52424850	84415953	18149	0.1841
caad6d94-41bc-401e-bc6d-8e80a6a0e25e	5	84416034	107121401	10799	0.1442
caad6d94-41bc-401e-bc6d-8e80a6a0e25e	5	107124986	129212427	13491	0.1679
caad6d94-41bc-401e-bc6d-8e80a6a0e25e	5	129213026	133131334	2020	0.153
caad6d94-41bc-401e-bc6d-8e80a6a0e25e	5	133131735	137656731	3119	0.2329
caad6d94-41bc-401e-bc6d-8e80a6a0e25e	5	137658621	167071370	18202	0.1918
caad6d94-41bc-401e-bc6d-8e80a6a0e25e	5	167072463	180934240	8217	0.2321
caad6d94-41bc-401e-bc6d-8e80a6a0e25e	6	1011760	52069294	30661	-0.7281
caad6d94-41bc-401e-bc6d-8e80a6a0e25e	6	52073953	52221449	103	1.3588
caad6d94-41bc-401e-bc6d-8e80a6a0e25e	6	52224761	57347009	3171	-0.7288
caad6d94-41bc-401e-bc6d-8e80a6a0e25e	6	61527062	106681345	24962	0.1583
caad6d94-41bc-401e-bc6d-8e80a6a0e25e	6	106682101	112348392	3405	0.1935
caad6d94-41bc-401e-bc6d-8e80a6a0e25e	6	112348848	149680684	22281	0.1604
caad6d94-41bc-401e-bc6d-8e80a6a0e25e	6	149680830	151721367	1362	0.2164
caad6d94-41bc-401e-bc6d-8e80a6a0e25e	6	151722375	157072315	3791	0.1792
caad6d94-41bc-401e-bc6d-8e80a6a0e25e	6	157077041	170596889	7062	0.2149
caad6d94-41bc-401e-bc6d-8e80a6a0e25e	7	664936	3325809	1036	-0.7685
caad6d94-41bc-401e-bc6d-8e80a6a0e25e	7	3469994	3784889	108	0.1551
caad6d94-41bc-401e-bc6d-8e80a6a0e25e	7	3785237	6025563	841	0.2475
caad6d94-41bc-401e-bc6d-8e80a6a0e25e	7	6026173	15499237	5390	0.1658
caad6d94-41bc-401e-bc6d-8e80a6a0e25e	7	15525921	15559045	18	-0.6271
caad6d94-41bc-401e-bc6d-8e80a6a0e25e	7	15559804	22058487	3527	0.1711
caad6d94-41bc-401e-bc6d-8e80a6a0e25e	7	22058519	51397583	19117	0.2027
caad6d94-41bc-401e-bc6d-8e80a6a0e25e	7	51409762	53037907	1240	0.7147
caad6d94-41bc-401e-bc6d-8e80a6a0e25e	7	53040580	67376938	3148	0.1801
caad6d94-41bc-401e-bc6d-8e80a6a0e25e	7	67379052	72474353	3112	0.2269
caad6d94-41bc-401e-bc6d-8e80a6a0e25e	7	72474775	76393107	944	0.1966
caad6d94-41bc-401e-bc6d-8e80a6a0e25e	7	76407292	93879223	9027	0.1483
caad6d94-41bc-401e-bc6d-8e80a6a0e25e	7	93880033	108246220	7332	0.1838
caad6d94-41bc-401e-bc6d-8e80a6a0e25e	7	108246980	127977320	10579	0.148
caad6d94-41bc-401e-bc6d-8e80a6a0e25e	7	127977719	131546273	1707	0.1853
caad6d94-41bc-401e-bc6d-8e80a6a0e25e	7	131547749	132810538	856	0.2514
caad6d94-41bc-401e-bc6d-8e80a6a0e25e	7	132811949	152676568	10639	0.1908
caad6d94-41bc-401e-bc6d-8e80a6a0e25e	7	152677078	158592540	3141	0.2402
caad6d94-41bc-401e-bc6d-8e80a6a0e25e	8	667625	13594940	5967	0.2238
caad6d94-41bc-401e-bc6d-8e80a6a0e25e	8	13595364	16856482	2297	0.1681
caad6d94-41bc-401e-bc6d-8e80a6a0e25e	8	16856688	19039193	1803	0.2054
caad6d94-41bc-401e-bc6d-8e80a6a0e25e	8	19039879	23584240	3166	0.2393
caad6d94-41bc-401e-bc6d-8e80a6a0e25e	8	23586874	41890244	11147	0.2029
caad6d94-41bc-401e-bc6d-8e80a6a0e25e	8	41891781	75487749	17426	0.1826
caad6d94-41bc-401e-bc6d-8e80a6a0e25e	8	75489696	93181430	9546	0.1558
caad6d94-41bc-401e-bc6d-8e80a6a0e25e	8	93181821	99186731	3658	0.1925
caad6d94-41bc-401e-bc6d-8e80a6a0e25e	8	99188231	99190254	2	-1.4233
caad6d94-41bc-401e-bc6d-8e80a6a0e25e	8	99191338	110155486	6027	0.174
caad6d94-41bc-401e-bc6d-8e80a6a0e25e	8	110156404	115795473	2875	0.1246
caad6d94-41bc-401e-bc6d-8e80a6a0e25e	8	115797489	119556645	2605	0.1848
caad6d94-41bc-401e-bc6d-8e80a6a0e25e	8	119556686	119558606	2	-2.0161
caad6d94-41bc-401e-bc6d-8e80a6a0e25e	8	119559316	122372229	1750	0.1774
caad6d94-41bc-401e-bc6d-8e80a6a0e25e	8	122380096	123115689	546	0.2312
caad6d94-41bc-401e-bc6d-8e80a6a0e25e	8	123116758	123116966	3	-0.8697
caad6d94-41bc-401e-bc6d-8e80a6a0e25e	8	123117832	136242494	9470	0.1996
caad6d94-41bc-401e-bc6d-8e80a6a0e25e	8	136245608	138077961	1232	0.1443
caad6d94-41bc-401e-bc6d-8e80a6a0e25e	8	138077989	140342829	1817	0.2645
caad6d94-41bc-401e-bc6d-8e80a6a0e25e	8	140344635	144182542	701	0.2087
caad6d94-41bc-401e-bc6d-8e80a6a0e25e	9	789794	2968205	1546	0.2089
caad6d94-41bc-401e-bc6d-8e80a6a0e25e	9	2968290	13051713	5089	0.1802
caad6d94-41bc-401e-bc6d-8e80a6a0e25e	9	13052404	13052852	3	-1.0261
caad6d94-41bc-401e-bc6d-8e80a6a0e25e	9	13053049	19670096	5346	0.1936
caad6d94-41bc-401e-bc6d-8e80a6a0e25e	9	19670795	32056831	7420	0.1487
caad6d94-41bc-401e-bc6d-8e80a6a0e25e	9	32056928	84118047	15060	0.1896
caad6d94-41bc-401e-bc6d-8e80a6a0e25e	9	84118426	99492194	10092	0.2128
caad6d94-41bc-401e-bc6d-8e80a6a0e25e	9	99507145	105889101	3716	0.173
caad6d94-41bc-401e-bc6d-8e80a6a0e25e	9	105893957	133601526	18347	0.2189
caad6d94-41bc-401e-bc6d-8e80a6a0e25e	9	133601710	136135943	1225	0.2766
caad6d94-41bc-401e-bc6d-8e80a6a0e25e	9	136136282	138044505	486	0.1961
caad6d94-41bc-401e-bc6d-8e80a6a0e25e	10	366509	391161	19	0.2544
caad6d94-41bc-401e-bc6d-8e80a6a0e25e	10	391973	392000	2	-0.9718
caad6d94-41bc-401e-bc6d-8e80a6a0e25e	10	396267	5140534	3124	0.2048
caad6d94-41bc-401e-bc6d-8e80a6a0e25e	10	5142666	5143109	2	-1.194
caad6d94-41bc-401e-bc6d-8e80a6a0e25e	10	5143390	15687989	8078	0.1989
caad6d94-41bc-401e-bc6d-8e80a6a0e25e	10	15692238	28379169	8414	0.1684
caad6d94-41bc-401e-bc6d-8e80a6a0e25e	10	28385635	50716389	10045	0.1973
caad6d94-41bc-401e-bc6d-8e80a6a0e25e	10	50719256	133411599	51219	-0.71
caad6d94-41bc-401e-bc6d-8e80a6a0e25e	11	456012	56246322	30475	-0.7074
caad6d94-41bc-401e-bc6d-8e80a6a0e25e	11	56247303	60632681	2503	0.1828
caad6d94-41bc-401e-bc6d-8e80a6a0e25e	11	60633317	69247794	3220	0.2059
caad6d94-41bc-401e-bc6d-8e80a6a0e25e	11	69248261	71450017	1242	0.2877
caad6d94-41bc-401e-bc6d-8e80a6a0e25e	11	71450911	79971503	4709	0.2201
caad6d94-41bc-401e-bc6d-8e80a6a0e25e	11	79974013	91832284	7129	0.1689
caad6d94-41bc-401e-bc6d-8e80a6a0e25e	11	91835890	94910778	1756	0.2098
caad6d94-41bc-401e-bc6d-8e80a6a0e25e	11	94912372	108259985	8465	0.1638
caad6d94-41bc-401e-bc6d-8e80a6a0e25e	11	108267100	134272740	17687	-0.7049
caad6d94-41bc-401e-bc6d-8e80a6a0e25e	12	780472	6466809	3606	0.2237
caad6d94-41bc-401e-bc6d-8e80a6a0e25e	12	6467555	52135060	23189	0.157
caad6d94-41bc-401e-bc6d-8e80a6a0e25e	12	52137645	53224045	674	0.2441
caad6d94-41bc-401e-bc6d-8e80a6a0e25e	12	53224646	71533435	10985	0.1656
caad6d94-41bc-401e-bc6d-8e80a6a0e25e	12	71533467	92617631	12517	0.1394
caad6d94-41bc-401e-bc6d-8e80a6a0e25e	12	92617935	103530301	6949	0.1692
caad6d94-41bc-401e-bc6d-8e80a6a0e25e	12	103531323	109648034	4100	0.2093
caad6d94-41bc-401e-bc6d-8e80a6a0e25e	12	109649975	112927471	1658	0.1702
caad6d94-41bc-401e-bc6d-8e80a6a0e25e	12	112927648	120184883	4682	0.2307
caad6d94-41bc-401e-bc6d-8e80a6a0e25e	12	120185378	123552865	1463	0.181
caad6d94-41bc-401e-bc6d-8e80a6a0e25e	12	123555522	126887121	2117	0.229
caad6d94-41bc-401e-bc6d-8e80a6a0e25e	12	126889117	126889193	2	-1.7034
caad6d94-41bc-401e-bc6d-8e80a6a0e25e	12	126890667	132605822	2229	0.2198
caad6d94-41bc-401e-bc6d-8e80a6a0e25e	13	18874255	20692710	590	0.2069
caad6d94-41bc-401e-bc6d-8e80a6a0e25e	13	20695206	51147436	19046	-0.7193
caad6d94-41bc-401e-bc6d-8e80a6a0e25e	13	51150488	51150651	2	-5.1177
caad6d94-41bc-401e-bc6d-8e80a6a0e25e	13	51152233	57896832	3007	-0.7012
caad6d94-41bc-401e-bc6d-8e80a6a0e25e	13	57897312	57900253	3	-3.5619
caad6d94-41bc-401e-bc6d-8e80a6a0e25e	13	57900558	83510712	14706	-0.7235
caad6d94-41bc-401e-bc6d-8e80a6a0e25e	13	83513895	83516506	5	-2.9816
caad6d94-41bc-401e-bc6d-8e80a6a0e25e	13	83518922	101912131	11288	-0.7282
caad6d94-41bc-401e-bc6d-8e80a6a0e25e	13	101920793	109186424	5223	0.1794
caad6d94-41bc-401e-bc6d-8e80a6a0e25e	13	109189550	113132633	2466	0.2397
caad6d94-41bc-401e-bc6d-8e80a6a0e25e	13	113132651	114226675	358	0.1804
caad6d94-41bc-401e-bc6d-8e80a6a0e25e	14	20033191	105533894	49494	-0.7106
caad6d94-41bc-401e-bc6d-8e80a6a0e25e	15	23437561	55809966	17299	-0.6849
caad6d94-41bc-401e-bc6d-8e80a6a0e25e	15	55813096	101344124	27313	0.2304
caad6d94-41bc-401e-bc6d-8e80a6a0e25e	16	603333	1111810	101	0.2921
caad6d94-41bc-401e-bc6d-8e80a6a0e25e	16	1129031	4899814	1474	0.2089
caad6d94-41bc-401e-bc6d-8e80a6a0e25e	16	4899945	6583259	1209	0.2775
caad6d94-41bc-401e-bc6d-8e80a6a0e25e	16	7081613	29261283	10581	-0.6922
caad6d94-41bc-401e-bc6d-8e80a6a0e25e	16	29278656	29281946	3	-4.2894
caad6d94-41bc-401e-bc6d-8e80a6a0e25e	16	29282801	88457407	27547	-0.673
caad6d94-41bc-401e-bc6d-8e80a6a0e25e	16	88459366	89317317	39	0.2426
caad6d94-41bc-401e-bc6d-8e80a6a0e25e	17	1074619	11936223	5921	-0.6917
caad6d94-41bc-401e-bc6d-8e80a6a0e25e	17	11936430	12018627	40	0.2004
caad6d94-41bc-401e-bc6d-8e80a6a0e25e	17	12024113	12039748	8	-0.6676
caad6d94-41bc-401e-bc6d-8e80a6a0e25e	17	12053675	12823395	534	1.467
caad6d94-41bc-401e-bc6d-8e80a6a0e25e	17	12825811	13018328	152	0.81
caad6d94-41bc-401e-bc6d-8e80a6a0e25e	17	13022960	13023595	2	0.5489
caad6d94-41bc-401e-bc6d-8e80a6a0e25e	17	13024337	13257331	177	-0.6861
caad6d94-41bc-401e-bc6d-8e80a6a0e25e	17	13264723	16067535	805	0.2402
caad6d94-41bc-401e-bc6d-8e80a6a0e25e	17	16068337	17220547	483	0.0927
caad6d94-41bc-401e-bc6d-8e80a6a0e25e	17	17220667	17221339	2	1.2064
caad6d94-41bc-401e-bc6d-8e80a6a0e25e	17	17222727	20384303	1239	0.0728
caad6d94-41bc-401e-bc6d-8e80a6a0e25e	17	20387400	82959812	27814	0.2132
caad6d94-41bc-401e-bc6d-8e80a6a0e25e	18	326691	5545821	2729	0.1666
caad6d94-41bc-401e-bc6d-8e80a6a0e25e	18	5548880	25706360	8224	0.2078
caad6d94-41bc-401e-bc6d-8e80a6a0e25e	18	25708796	28206916	1607	0.1858
caad6d94-41bc-401e-bc6d-8e80a6a0e25e	18	28206963	36120044	4609	0.1599
caad6d94-41bc-401e-bc6d-8e80a6a0e25e	18	36120833	36255046	94	0.2219
caad6d94-41bc-401e-bc6d-8e80a6a0e25e	18	36255359	36255425	2	-0.8359
caad6d94-41bc-401e-bc6d-8e80a6a0e25e	18	36258288	37230290	729	0.1887
caad6d94-41bc-401e-bc6d-8e80a6a0e25e	18	37233265	37785625	382	0.2715
caad6d94-41bc-401e-bc6d-8e80a6a0e25e	18	37787886	44660445	3965	0.1762
caad6d94-41bc-401e-bc6d-8e80a6a0e25e	18	44660593	50969111	4306	0.2224
caad6d94-41bc-401e-bc6d-8e80a6a0e25e	18	50969457	56917361	3772	0.1751
caad6d94-41bc-401e-bc6d-8e80a6a0e25e	18	56918356	59947183	2154	0.2301
caad6d94-41bc-401e-bc6d-8e80a6a0e25e	18	59947859	62623306	1666	0.1875
caad6d94-41bc-401e-bc6d-8e80a6a0e25e	18	62624902	71290972	4841	0.1573
caad6d94-41bc-401e-bc6d-8e80a6a0e25e	18	71292325	79349796	3793	0.2221
caad6d94-41bc-401e-bc6d-8e80a6a0e25e	19	283868	23872082	9048	0.206
caad6d94-41bc-401e-bc6d-8e80a6a0e25e	19	27749470	28758800	750	1.1396
caad6d94-41bc-401e-bc6d-8e80a6a0e25e	19	28762536	28776158	11	0.5279
caad6d94-41bc-401e-bc6d-8e80a6a0e25e	19	28776655	28791520	7	1.0081
caad6d94-41bc-401e-bc6d-8e80a6a0e25e	19	28791952	33787492	3519	0.2349
caad6d94-41bc-401e-bc6d-8e80a6a0e25e	19	33787740	52331957	8251	0.1869
caad6d94-41bc-401e-bc6d-8e80a6a0e25e	19	52332211	52335496	2	-1.745
caad6d94-41bc-401e-bc6d-8e80a6a0e25e	19	52336221	57103806	1890	0.1954
caad6d94-41bc-401e-bc6d-8e80a6a0e25e	19	57104108	57105415	2	-1.7183
caad6d94-41bc-401e-bc6d-8e80a6a0e25e	19	57109644	58370362	629	0.194
caad6d94-41bc-401e-bc6d-8e80a6a0e25e	20	472817	1936086	870	0.1927
caad6d94-41bc-401e-bc6d-8e80a6a0e25e	20	1936563	1936644	2	-2.3253
caad6d94-41bc-401e-bc6d-8e80a6a0e25e	20	1938678	59276907	33893	0.2186
caad6d94-41bc-401e-bc6d-8e80a6a0e25e	20	59277492	62841244	2481	0.2863
caad6d94-41bc-401e-bc6d-8e80a6a0e25e	20	62847542	63588502	217	0.2326
caad6d94-41bc-401e-bc6d-8e80a6a0e25e	21	13974127	30060118	10369	0.1723
caad6d94-41bc-401e-bc6d-8e80a6a0e25e	21	30061862	38721974	5723	0.2127
caad6d94-41bc-401e-bc6d-8e80a6a0e25e	21	38725912	42706020	3155	0.2529
caad6d94-41bc-401e-bc6d-8e80a6a0e25e	21	42708445	46262057	1300	0.2174
caad6d94-41bc-401e-bc6d-8e80a6a0e25e	22	16934932	25210240	1676	0.2311
caad6d94-41bc-401e-bc6d-8e80a6a0e25e	22	25210380	25210907	5	-0.4422
caad6d94-41bc-401e-bc6d-8e80a6a0e25e	22	25211818	27857880	2196	0.2614
caad6d94-41bc-401e-bc6d-8e80a6a0e25e	22	27858739	32368936	2468	0.2176
caad6d94-41bc-401e-bc6d-8e80a6a0e25e	22	32370865	35560965	2793	0.2653
caad6d94-41bc-401e-bc6d-8e80a6a0e25e	22	35564674	42625548	3339	0.2058
caad6d94-41bc-401e-bc6d-8e80a6a0e25e	22	42626687	48940621	4582	0.2656
caad6d94-41bc-401e-bc6d-8e80a6a0e25e	X	3236359	73414182	27975	0.0376
caad6d94-41bc-401e-bc6d-8e80a6a0e25e	X	73420783	155677414	35760	-0.0201
