GDC_Aliquot	Chromosome	Start	End	Num_Probes	Segment_Mean
49d0d805-4d4c-4502-9944-656b408f302a	1	3301765	4380689	648	0.0319
49d0d805-4d4c-4502-9944-656b408f302a	1	4380852	4385857	11	-0.6242
49d0d805-4d4c-4502-9944-656b408f302a	1	4387361	4971809	548	0.0761
49d0d805-4d4c-4502-9944-656b408f302a	1	4979033	5030959	54	-0.2007
49d0d805-4d4c-4502-9944-656b408f302a	1	5033681	5185758	66	0.0801
49d0d805-4d4c-4502-9944-656b408f302a	1	5187022	5187295	2	-2.0522
49d0d805-4d4c-4502-9944-656b408f302a	1	5190437	48502184	22902	0.0119
49d0d805-4d4c-4502-9944-656b408f302a	1	48508685	49005065	398	-0.0883
49d0d805-4d4c-4502-9944-656b408f302a	1	49005094	56116363	3785	0.0086
49d0d805-4d4c-4502-9944-656b408f302a	1	56118472	56151158	21	-0.2846
49d0d805-4d4c-4502-9944-656b408f302a	1	56151289	56170134	14	0.2722
49d0d805-4d4c-4502-9944-656b408f302a	1	56170583	56337940	164	-0.1542
49d0d805-4d4c-4502-9944-656b408f302a	1	56344522	56712116	255	0.0362
49d0d805-4d4c-4502-9944-656b408f302a	1	56712155	57164605	419	-0.0784
49d0d805-4d4c-4502-9944-656b408f302a	1	57169270	57181451	12	-0.8131
49d0d805-4d4c-4502-9944-656b408f302a	1	57181792	58969751	1430	-0.0277
49d0d805-4d4c-4502-9944-656b408f302a	1	58973396	58973763	2	-1.6274
49d0d805-4d4c-4502-9944-656b408f302a	1	58978643	59112910	114	-0.0612
49d0d805-4d4c-4502-9944-656b408f302a	1	59116294	59116876	2	-1.4951
49d0d805-4d4c-4502-9944-656b408f302a	1	59117761	60176827	648	-0.0569
49d0d805-4d4c-4502-9944-656b408f302a	1	60178809	60202030	14	-0.513
49d0d805-4d4c-4502-9944-656b408f302a	1	60202232	60755052	334	-0.0482
49d0d805-4d4c-4502-9944-656b408f302a	1	60755070	60763583	16	-0.4779
49d0d805-4d4c-4502-9944-656b408f302a	1	60782638	60810581	24	-0.074
49d0d805-4d4c-4502-9944-656b408f302a	1	60812964	63597502	1917	0.0219
49d0d805-4d4c-4502-9944-656b408f302a	1	63598707	69025477	3884	-0.0218
49d0d805-4d4c-4502-9944-656b408f302a	1	69028556	72535253	1805	0.0272
49d0d805-4d4c-4502-9944-656b408f302a	1	72537400	72637844	38	-0.3999
49d0d805-4d4c-4502-9944-656b408f302a	1	72642875	74604047	1073	-0.0241
49d0d805-4d4c-4502-9944-656b408f302a	1	74605319	74605341	2	-2.4652
49d0d805-4d4c-4502-9944-656b408f302a	1	74605709	76642157	1312	-0.016
49d0d805-4d4c-4502-9944-656b408f302a	1	76642225	76688123	30	-0.4196
49d0d805-4d4c-4502-9944-656b408f302a	1	76688541	83302991	3822	0.0091
49d0d805-4d4c-4502-9944-656b408f302a	1	83316750	83338115	18	-0.5045
49d0d805-4d4c-4502-9944-656b408f302a	1	83338121	84928683	1067	-0.0168
49d0d805-4d4c-4502-9944-656b408f302a	1	84930475	84933089	2	-2.8487
49d0d805-4d4c-4502-9944-656b408f302a	1	84933296	181416696	40223	-0.0073
49d0d805-4d4c-4502-9944-656b408f302a	1	181416907	181419645	5	-1.135
49d0d805-4d4c-4502-9944-656b408f302a	1	181419956	187261000	3795	-0.0075
49d0d805-4d4c-4502-9944-656b408f302a	1	187261022	187270186	9	-0.7349
49d0d805-4d4c-4502-9944-656b408f302a	1	187270297	187407651	73	0.0712
49d0d805-4d4c-4502-9944-656b408f302a	1	187408877	187428912	20	-0.5571
49d0d805-4d4c-4502-9944-656b408f302a	1	187429810	187492740	60	-0.0782
49d0d805-4d4c-4502-9944-656b408f302a	1	187495952	187646938	97	0.0517
49d0d805-4d4c-4502-9944-656b408f302a	1	187654408	187690036	32	-0.2722
49d0d805-4d4c-4502-9944-656b408f302a	1	187691503	187986168	206	0.0636
49d0d805-4d4c-4502-9944-656b408f302a	1	187987295	187998392	8	-0.4743
49d0d805-4d4c-4502-9944-656b408f302a	1	187999003	188942559	559	0.0219
49d0d805-4d4c-4502-9944-656b408f302a	1	188943052	189053842	72	0.2344
49d0d805-4d4c-4502-9944-656b408f302a	1	189063349	192259926	1682	0.021
49d0d805-4d4c-4502-9944-656b408f302a	1	192260305	192655324	279	-0.1193
49d0d805-4d4c-4502-9944-656b408f302a	1	192656771	197271476	2626	0.0476
49d0d805-4d4c-4502-9944-656b408f302a	1	197271959	207010749	6071	0.0019
49d0d805-4d4c-4502-9944-656b408f302a	1	207013450	207016229	3	-1.8213
49d0d805-4d4c-4502-9944-656b408f302a	1	207017603	207189541	101	-0.1397
49d0d805-4d4c-4502-9944-656b408f302a	1	207192627	208253636	748	0.0652
49d0d805-4d4c-4502-9944-656b408f302a	1	208256863	208768130	424	-0.0442
49d0d805-4d4c-4502-9944-656b408f302a	1	208773057	208783982	25	-0.5106
49d0d805-4d4c-4502-9944-656b408f302a	1	208787531	216924694	5583	-0.0109
49d0d805-4d4c-4502-9944-656b408f302a	1	216928029	217063710	54	-0.3052
49d0d805-4d4c-4502-9944-656b408f302a	1	217063854	221761450	3155	0.0001
49d0d805-4d4c-4502-9944-656b408f302a	1	221764439	222338091	429	-0.114
49d0d805-4d4c-4502-9944-656b408f302a	1	222338596	223639485	655	-0.0064
49d0d805-4d4c-4502-9944-656b408f302a	1	223640201	223641075	3	-1.141
49d0d805-4d4c-4502-9944-656b408f302a	1	223643889	224918097	811	-0.0183
49d0d805-4d4c-4502-9944-656b408f302a	1	224920030	231893993	3985	0.0281
49d0d805-4d4c-4502-9944-656b408f302a	1	231894119	231894556	2	-1.7203
49d0d805-4d4c-4502-9944-656b408f302a	1	231897973	232171485	218	-0.0126
49d0d805-4d4c-4502-9944-656b408f302a	1	232171760	232172819	3	-1.3361
49d0d805-4d4c-4502-9944-656b408f302a	1	232173797	247650984	10124	0.0188
49d0d805-4d4c-4502-9944-656b408f302a	2	480597	6155026	3235	0.0389
49d0d805-4d4c-4502-9944-656b408f302a	2	6155392	6155624	3	-1.3715
49d0d805-4d4c-4502-9944-656b408f302a	2	6156922	7225016	879	0.0173
49d0d805-4d4c-4502-9944-656b408f302a	2	7225188	7230873	6	-0.7506
49d0d805-4d4c-4502-9944-656b408f302a	2	7231558	14269087	4620	0.0205
49d0d805-4d4c-4502-9944-656b408f302a	2	14270645	14740694	324	-0.1122
49d0d805-4d4c-4502-9944-656b408f302a	2	14743703	16255110	1016	0.0442
49d0d805-4d4c-4502-9944-656b408f302a	2	16255224	18855367	1867	-0.0341
49d0d805-4d4c-4502-9944-656b408f302a	2	18856490	21711700	1932	0.0196
49d0d805-4d4c-4502-9944-656b408f302a	2	21711914	21712357	2	-2.0515
49d0d805-4d4c-4502-9944-656b408f302a	2	21717177	22366970	297	-0.0222
49d0d805-4d4c-4502-9944-656b408f302a	2	22373663	22625061	169	-0.1933
49d0d805-4d4c-4502-9944-656b408f302a	2	22629371	29417639	3534	0.0179
49d0d805-4d4c-4502-9944-656b408f302a	2	29417691	29957515	489	-0.0662
49d0d805-4d4c-4502-9944-656b408f302a	2	29957533	38197965	4111	0.0351
49d0d805-4d4c-4502-9944-656b408f302a	2	38199135	38207261	14	-0.5321
49d0d805-4d4c-4502-9944-656b408f302a	2	38207767	40430864	1314	0.0059
49d0d805-4d4c-4502-9944-656b408f302a	2	40431796	40442937	13	-0.5816
49d0d805-4d4c-4502-9944-656b408f302a	2	40443511	44040661	2235	0.0009
49d0d805-4d4c-4502-9944-656b408f302a	2	44046571	44095529	23	-0.44
49d0d805-4d4c-4502-9944-656b408f302a	2	44095910	46496097	1755	0.0128
49d0d805-4d4c-4502-9944-656b408f302a	2	46496202	46496226	2	-1.4026
49d0d805-4d4c-4502-9944-656b408f302a	2	46497039	48841557	1321	0.0016
49d0d805-4d4c-4502-9944-656b408f302a	2	48844331	49119680	136	-0.1753
49d0d805-4d4c-4502-9944-656b408f302a	2	49126799	52864553	1953	0.0347
49d0d805-4d4c-4502-9944-656b408f302a	2	52865662	52995029	98	-0.2068
49d0d805-4d4c-4502-9944-656b408f302a	2	52995824	56206084	1682	0.0108
49d0d805-4d4c-4502-9944-656b408f302a	2	56209120	56261133	44	-0.417
49d0d805-4d4c-4502-9944-656b408f302a	2	56262320	56469187	128	0.0058
49d0d805-4d4c-4502-9944-656b408f302a	2	56470224	56541153	14	-0.5565
49d0d805-4d4c-4502-9944-656b408f302a	2	56541212	57547315	523	-0.0235
49d0d805-4d4c-4502-9944-656b408f302a	2	57549112	57554021	8	-0.7504
49d0d805-4d4c-4502-9944-656b408f302a	2	57557743	59257645	983	0.0165
49d0d805-4d4c-4502-9944-656b408f302a	2	59260116	59520336	165	-0.1772
49d0d805-4d4c-4502-9944-656b408f302a	2	59520559	59583489	55	0.1327
49d0d805-4d4c-4502-9944-656b408f302a	2	59584749	59945695	297	-0.1225
49d0d805-4d4c-4502-9944-656b408f302a	2	59948340	60112450	126	0.0121
49d0d805-4d4c-4502-9944-656b408f302a	2	60112887	60123997	14	-0.5223
49d0d805-4d4c-4502-9944-656b408f302a	2	60124377	66192552	3296	0.0015
49d0d805-4d4c-4502-9944-656b408f302a	2	66194571	66195101	2	-1.91
49d0d805-4d4c-4502-9944-656b408f302a	2	66196088	66266720	48	0.0247
49d0d805-4d4c-4502-9944-656b408f302a	2	66266810	66277471	7	-0.4981
49d0d805-4d4c-4502-9944-656b408f302a	2	66277912	66391022	83	0.0314
49d0d805-4d4c-4502-9944-656b408f302a	2	66397244	66398189	2	-1.6589
49d0d805-4d4c-4502-9944-656b408f302a	2	66413231	67845631	1028	-0.0023
49d0d805-4d4c-4502-9944-656b408f302a	2	67849352	67994753	67	-0.3854
49d0d805-4d4c-4502-9944-656b408f302a	2	67994967	79991713	6471	0.0083
49d0d805-4d4c-4502-9944-656b408f302a	2	79991858	80020860	28	-0.3707
49d0d805-4d4c-4502-9944-656b408f302a	2	80020875	96911924	4708	0.0003
49d0d805-4d4c-4502-9944-656b408f302a	2	96913658	101220595	2165	0.0554
49d0d805-4d4c-4502-9944-656b408f302a	2	101222260	105601914	2731	0.0153
49d0d805-4d4c-4502-9944-656b408f302a	2	105606380	105606784	5	-1.5864
49d0d805-4d4c-4502-9944-656b408f302a	2	105612453	114422918	4279	0.0126
49d0d805-4d4c-4502-9944-656b408f302a	2	114432288	114487863	38	-0.3221
49d0d805-4d4c-4502-9944-656b408f302a	2	114488763	116150720	845	0.0176
49d0d805-4d4c-4502-9944-656b408f302a	2	116151858	116153745	3	-1.4193
49d0d805-4d4c-4502-9944-656b408f302a	2	116155461	142986274	13772	0.0081
49d0d805-4d4c-4502-9944-656b408f302a	2	142987496	142989280	3	-1.8984
49d0d805-4d4c-4502-9944-656b408f302a	2	142989395	145921128	1607	-0.0187
49d0d805-4d4c-4502-9944-656b408f302a	2	145921835	145921914	2	-2.8949
49d0d805-4d4c-4502-9944-656b408f302a	2	145923110	234961849	51167	0.0012
49d0d805-4d4c-4502-9944-656b408f302a	2	234963575	240056625	3125	0.0698
49d0d805-4d4c-4502-9944-656b408f302a	2	240056884	241537572	767	0.0072
49d0d805-4d4c-4502-9944-656b408f302a	3	2170634	3296065	556	-0.0103
49d0d805-4d4c-4502-9944-656b408f302a	3	3297800	3300849	4	-1.6972
49d0d805-4d4c-4502-9944-656b408f302a	3	3301509	3494230	205	-0.1056
49d0d805-4d4c-4502-9944-656b408f302a	3	3495042	3496652	2	-2.1542
49d0d805-4d4c-4502-9944-656b408f302a	3	3497431	6142218	1123	-0.0183
49d0d805-4d4c-4502-9944-656b408f302a	3	6143031	6159248	4	-1.4327
49d0d805-4d4c-4502-9944-656b408f302a	3	6160659	6203133	38	0.0162
49d0d805-4d4c-4502-9944-656b408f302a	3	6203149	6297326	79	0.1741
49d0d805-4d4c-4502-9944-656b408f302a	3	6298248	8538551	1595	-0.0403
49d0d805-4d4c-4502-9944-656b408f302a	3	8538893	8780118	175	0.0701
49d0d805-4d4c-4502-9944-656b408f302a	3	8825517	8846580	21	-0.309
49d0d805-4d4c-4502-9944-656b408f302a	3	8847392	9000003	139	0.0688
49d0d805-4d4c-4502-9944-656b408f302a	3	9000111	9000245	2	-1.3534
49d0d805-4d4c-4502-9944-656b408f302a	3	9001992	10638036	961	0.0198
49d0d805-4d4c-4502-9944-656b408f302a	3	10642473	10647986	13	-0.5047
49d0d805-4d4c-4502-9944-656b408f302a	3	10649499	11596061	598	0.0383
49d0d805-4d4c-4502-9944-656b408f302a	3	11597045	11620648	27	0.3371
49d0d805-4d4c-4502-9944-656b408f302a	3	11621921	12097266	360	0.0326
49d0d805-4d4c-4502-9944-656b408f302a	3	12103482	12150940	23	-0.3253
49d0d805-4d4c-4502-9944-656b408f302a	3	12154122	14949919	1880	0.0307
49d0d805-4d4c-4502-9944-656b408f302a	3	14954568	16737194	1197	-0.0033
49d0d805-4d4c-4502-9944-656b408f302a	3	16737264	16738255	4	-1.3469
49d0d805-4d4c-4502-9944-656b408f302a	3	16741834	68496490	29928	-0.0154
49d0d805-4d4c-4502-9944-656b408f302a	3	68497013	68503157	11	-0.8511
49d0d805-4d4c-4502-9944-656b408f302a	3	68503965	76280140	4935	-0.0275
49d0d805-4d4c-4502-9944-656b408f302a	3	76292906	90267926	7123	0.0278
49d0d805-4d4c-4502-9944-656b408f302a	3	90287340	91462299	20	-0.602
49d0d805-4d4c-4502-9944-656b408f302a	3	94015345	96819709	1402	0.0254
49d0d805-4d4c-4502-9944-656b408f302a	3	96824848	101119676	2261	-0.0048
49d0d805-4d4c-4502-9944-656b408f302a	3	101119837	101143757	20	-0.5368
49d0d805-4d4c-4502-9944-656b408f302a	3	101143777	103695067	1304	0.0156
49d0d805-4d4c-4502-9944-656b408f302a	3	103697005	103716658	21	-0.4926
49d0d805-4d4c-4502-9944-656b408f302a	3	103717112	125988232	12989	-0.0111
49d0d805-4d4c-4502-9944-656b408f302a	3	125989866	128388177	1485	0.0601
49d0d805-4d4c-4502-9944-656b408f302a	3	128389969	139679253	6111	-0.0009
49d0d805-4d4c-4502-9944-656b408f302a	3	139687000	139705714	15	-0.4597
49d0d805-4d4c-4502-9944-656b408f302a	3	139706208	139951087	166	-0.1208
49d0d805-4d4c-4502-9944-656b408f302a	3	139953178	139968958	17	-0.507
49d0d805-4d4c-4502-9944-656b408f302a	3	139970070	139995279	28	-0.0475
49d0d805-4d4c-4502-9944-656b408f302a	3	139998254	140037078	51	0.1553
49d0d805-4d4c-4502-9944-656b408f302a	3	140039894	140122354	78	-0.0918
49d0d805-4d4c-4502-9944-656b408f302a	3	140123708	140126031	8	-1.4895
49d0d805-4d4c-4502-9944-656b408f302a	3	140129255	147437811	3649	-0.0046
49d0d805-4d4c-4502-9944-656b408f302a	3	147750170	147750922	4	-1.4535
49d0d805-4d4c-4502-9944-656b408f302a	3	147751312	152472160	2820	0.0001
49d0d805-4d4c-4502-9944-656b408f302a	3	152472532	152473129	3	-2.0222
49d0d805-4d4c-4502-9944-656b408f302a	3	152474436	197812401	23178	0.0046
49d0d805-4d4c-4502-9944-656b408f302a	4	1059384	2684464	567	-0.0344
49d0d805-4d4c-4502-9944-656b408f302a	4	2684511	8556138	3667	0.0411
49d0d805-4d4c-4502-9944-656b408f302a	4	8556382	11762454	1826	-0.0338
49d0d805-4d4c-4502-9944-656b408f302a	4	11762674	11770339	10	-0.7544
49d0d805-4d4c-4502-9944-656b408f302a	4	11770437	13672170	1247	-0.0289
49d0d805-4d4c-4502-9944-656b408f302a	4	13675417	14910780	1023	-0.1131
49d0d805-4d4c-4502-9944-656b408f302a	4	14911003	21543173	4365	-0.0179
49d0d805-4d4c-4502-9944-656b408f302a	4	21543229	21564199	27	-1.4316
49d0d805-4d4c-4502-9944-656b408f302a	4	21564555	28578562	4532	-0.0193
49d0d805-4d4c-4502-9944-656b408f302a	4	28586067	33201695	2720	0.0298
49d0d805-4d4c-4502-9944-656b408f302a	4	33202791	33220523	13	-0.5355
49d0d805-4d4c-4502-9944-656b408f302a	4	33221258	35865983	1420	0.0392
49d0d805-4d4c-4502-9944-656b408f302a	4	35868471	36403265	381	-0.043
49d0d805-4d4c-4502-9944-656b408f302a	4	36407345	36523097	79	0.1613
49d0d805-4d4c-4502-9944-656b408f302a	4	36525236	36529842	5	-0.3492
49d0d805-4d4c-4502-9944-656b408f302a	4	36530096	36530747	3	-2.2787
49d0d805-4d4c-4502-9944-656b408f302a	4	36531117	45258915	4941	0.0017
49d0d805-4d4c-4502-9944-656b408f302a	4	45261360	45261609	2	-2.0227
49d0d805-4d4c-4502-9944-656b408f302a	4	45261895	54466769	3081	-0.0039
49d0d805-4d4c-4502-9944-656b408f302a	4	54469825	54524213	56	-0.3696
49d0d805-4d4c-4502-9944-656b408f302a	4	54526064	57703590	2122	-0.0297
49d0d805-4d4c-4502-9944-656b408f302a	4	57703946	57704588	2	-2.4717
49d0d805-4d4c-4502-9944-656b408f302a	4	57706727	116970512	32906	-0.0003
49d0d805-4d4c-4502-9944-656b408f302a	4	116970587	116971710	4	-1.7291
49d0d805-4d4c-4502-9944-656b408f302a	4	116971909	127042747	5658	0.0057
49d0d805-4d4c-4502-9944-656b408f302a	4	127042868	127051621	10	-0.7556
49d0d805-4d4c-4502-9944-656b408f302a	4	127054917	129333779	1033	0.0025
49d0d805-4d4c-4502-9944-656b408f302a	4	129334387	129343362	10	-1.2317
49d0d805-4d4c-4502-9944-656b408f302a	4	129347713	142480485	7090	0.0048
49d0d805-4d4c-4502-9944-656b408f302a	4	142483929	142534134	35	-0.3675
49d0d805-4d4c-4502-9944-656b408f302a	4	142535407	148684948	3289	0.0055
49d0d805-4d4c-4502-9944-656b408f302a	4	148695841	149081020	234	-0.1533
49d0d805-4d4c-4502-9944-656b408f302a	4	149084729	153844029	2486	-0.0054
49d0d805-4d4c-4502-9944-656b408f302a	4	153844182	153988481	100	-0.1932
49d0d805-4d4c-4502-9944-656b408f302a	4	153989780	165589281	6585	0.013
49d0d805-4d4c-4502-9944-656b408f302a	4	165589597	165600921	10	-0.6504
49d0d805-4d4c-4502-9944-656b408f302a	4	165603115	177245424	6409	0.0132
49d0d805-4d4c-4502-9944-656b408f302a	4	177245810	177942806	451	0.1117
49d0d805-4d4c-4502-9944-656b408f302a	4	177948216	182200078	2226	-0.0073
49d0d805-4d4c-4502-9944-656b408f302a	4	182200470	184221102	563	0.0903
49d0d805-4d4c-4502-9944-656b408f302a	4	184221337	185568725	425	-0.0064
49d0d805-4d4c-4502-9944-656b408f302a	4	185570269	186982322	879	0.0941
49d0d805-4d4c-4502-9944-656b408f302a	4	186982769	187842528	531	-0.0029
49d0d805-4d4c-4502-9944-656b408f302a	5	913983	1963721	175	0.0295
49d0d805-4d4c-4502-9944-656b408f302a	5	1965882	3543936	1373	0.1054
49d0d805-4d4c-4502-9944-656b408f302a	5	3543992	14883327	8125	0.0165
49d0d805-4d4c-4502-9944-656b408f302a	5	14883583	16292596	429	-0.0872
49d0d805-4d4c-4502-9944-656b408f302a	5	16293923	30466702	7379	0.0243
49d0d805-4d4c-4502-9944-656b408f302a	5	30467795	170470749	77503	-0.0096
49d0d805-4d4c-4502-9944-656b408f302a	5	170471394	173662124	1882	0.0488
49d0d805-4d4c-4502-9944-656b408f302a	5	173663233	178749764	2633	-0.0054
49d0d805-4d4c-4502-9944-656b408f302a	5	178750468	180934240	1119	0.0471
49d0d805-4d4c-4502-9944-656b408f302a	6	1011760	5919511	3462	0.047
49d0d805-4d4c-4502-9944-656b408f302a	6	5923459	62834024	31037	-0.0019
49d0d805-4d4c-4502-9944-656b408f302a	6	62834592	62876877	7	-1.1165
49d0d805-4d4c-4502-9944-656b408f302a	6	62888548	156388241	54634	-0.0013
49d0d805-4d4c-4502-9944-656b408f302a	6	156390409	160207775	2302	0.0444
49d0d805-4d4c-4502-9944-656b408f302a	6	160221496	160240066	11	-0.563
49d0d805-4d4c-4502-9944-656b408f302a	6	160244811	164184681	2345	0.0598
49d0d805-4d4c-4502-9944-656b408f302a	6	164186569	165229942	636	-0.0304
49d0d805-4d4c-4502-9944-656b408f302a	6	165230125	170596889	2221	0.0722
49d0d805-4d4c-4502-9944-656b408f302a	7	664936	8508033	3207	-0.0082
49d0d805-4d4c-4502-9944-656b408f302a	7	8508942	8509378	3	-2.3298
49d0d805-4d4c-4502-9944-656b408f302a	7	8509428	16836650	5127	0.0313
49d0d805-4d4c-4502-9944-656b408f302a	7	16840602	67419129	26054	0.0026
49d0d805-4d4c-4502-9944-656b408f302a	7	67419508	69203923	1204	-0.0936
49d0d805-4d4c-4502-9944-656b408f302a	7	69208109	69795136	309	-0.0059
49d0d805-4d4c-4502-9944-656b408f302a	7	69797347	69801093	3	-1.0174
49d0d805-4d4c-4502-9944-656b408f302a	7	69804315	71958709	1292	0.0024
49d0d805-4d4c-4502-9944-656b408f302a	7	71958727	71959095	2	-2.253
49d0d805-4d4c-4502-9944-656b408f302a	7	71960791	79346146	2745	-0.0048
49d0d805-4d4c-4502-9944-656b408f302a	7	79348647	86604868	4212	0.0307
49d0d805-4d4c-4502-9944-656b408f302a	7	86615738	93695753	3141	-0.015
49d0d805-4d4c-4502-9944-656b408f302a	7	93696018	93710825	16	0.4832
49d0d805-4d4c-4502-9944-656b408f302a	7	93711268	106469563	6500	-0.0195
49d0d805-4d4c-4502-9944-656b408f302a	7	106470554	106470937	2	-2.2616
49d0d805-4d4c-4502-9944-656b408f302a	7	106471226	139830863	18215	-0.0156
49d0d805-4d4c-4502-9944-656b408f302a	7	139836929	152964541	6531	0.0218
49d0d805-4d4c-4502-9944-656b408f302a	7	152964559	152994115	25	-0.3672
49d0d805-4d4c-4502-9944-656b408f302a	7	152999736	158592540	3000	0.0545
49d0d805-4d4c-4502-9944-656b408f302a	8	667625	3513150	1376	0.0765
49d0d805-4d4c-4502-9944-656b408f302a	8	3514509	5066947	987	-0.0199
49d0d805-4d4c-4502-9944-656b408f302a	8	5067620	5111892	52	-0.3226
49d0d805-4d4c-4502-9944-656b408f302a	8	5113266	5311878	119	0.0141
49d0d805-4d4c-4502-9944-656b408f302a	8	5312688	5352527	50	-0.234
49d0d805-4d4c-4502-9944-656b408f302a	8	5352963	6423784	115	-0.0331
49d0d805-4d4c-4502-9944-656b408f302a	8	6426251	19012994	7318	0.036
49d0d805-4d4c-4502-9944-656b408f302a	8	19015307	41171372	13833	-0.0246
49d0d805-4d4c-4502-9944-656b408f302a	8	41172906	51116860	3287	0.0195
49d0d805-4d4c-4502-9944-656b408f302a	8	51117007	51117178	2	-2.0593
49d0d805-4d4c-4502-9944-656b408f302a	8	51117470	61208001	6160	0.0131
49d0d805-4d4c-4502-9944-656b408f302a	8	61213993	62886638	1122	-0.0267
49d0d805-4d4c-4502-9944-656b408f302a	8	62887622	62901660	9	-0.9692
49d0d805-4d4c-4502-9944-656b408f302a	8	62901848	68060672	2656	-0.0225
49d0d805-4d4c-4502-9944-656b408f302a	8	68060917	68083965	24	0.414
49d0d805-4d4c-4502-9944-656b408f302a	8	68084285	72006509	2430	-0.0091
49d0d805-4d4c-4502-9944-656b408f302a	8	72006852	72007177	2	1.3357
49d0d805-4d4c-4502-9944-656b408f302a	8	72012659	72050900	44	-0.053
49d0d805-4d4c-4502-9944-656b408f302a	8	72052618	72088990	26	0.2252
49d0d805-4d4c-4502-9944-656b408f302a	8	72089330	72098995	13	-0.2483
49d0d805-4d4c-4502-9944-656b408f302a	8	72107704	72119411	13	0.1543
49d0d805-4d4c-4502-9944-656b408f302a	8	72126075	72135636	11	-0.3592
49d0d805-4d4c-4502-9944-656b408f302a	8	72136124	72136137	2	-2.2049
49d0d805-4d4c-4502-9944-656b408f302a	8	72136252	81368418	5294	-0.0045
49d0d805-4d4c-4502-9944-656b408f302a	8	81371976	81376232	4	-1.8925
49d0d805-4d4c-4502-9944-656b408f302a	8	81377315	85997975	2329	0.0124
49d0d805-4d4c-4502-9944-656b408f302a	8	85998848	86011077	10	-0.6591
49d0d805-4d4c-4502-9944-656b408f302a	8	86011690	97314745	6523	0.0015
49d0d805-4d4c-4502-9944-656b408f302a	8	97316879	97325122	15	-0.6185
49d0d805-4d4c-4502-9944-656b408f302a	8	97327049	117521727	10974	0.0064
49d0d805-4d4c-4502-9944-656b408f302a	8	117523114	119948221	1795	-0.0432
49d0d805-4d4c-4502-9944-656b408f302a	8	119949226	119950080	3	-1.7994
49d0d805-4d4c-4502-9944-656b408f302a	8	119952886	138653631	13151	-0.0262
49d0d805-4d4c-4502-9944-656b408f302a	8	138655230	139573411	814	0.0077
49d0d805-4d4c-4502-9944-656b408f302a	8	139574452	144182542	1248	0.0334
49d0d805-4d4c-4502-9944-656b408f302a	9	789794	2879563	1442	-0.0056
49d0d805-4d4c-4502-9944-656b408f302a	9	2881608	2985697	139	-0.1906
49d0d805-4d4c-4502-9944-656b408f302a	9	2987680	17753041	8685	0.0172
49d0d805-4d4c-4502-9944-656b408f302a	9	17756104	21132153	2803	-0.0469
49d0d805-4d4c-4502-9944-656b408f302a	9	21132496	24022292	1872	0.0209
49d0d805-4d4c-4502-9944-656b408f302a	9	24027325	24028599	4	-1.8937
49d0d805-4d4c-4502-9944-656b408f302a	9	24036392	28027317	2534	0.0185
49d0d805-4d4c-4502-9944-656b408f302a	9	28027696	28029610	4	-1.4055
49d0d805-4d4c-4502-9944-656b408f302a	9	28030633	28585284	189	0.0374
49d0d805-4d4c-4502-9944-656b408f302a	9	28586158	28981483	2	-1.1949
49d0d805-4d4c-4502-9944-656b408f302a	9	28981528	29338612	230	-0.0332
49d0d805-4d4c-4502-9944-656b408f302a	9	29340916	29565995	110	0.1204
49d0d805-4d4c-4502-9944-656b408f302a	9	29572458	29648923	57	-0.1138
49d0d805-4d4c-4502-9944-656b408f302a	9	29649454	30898975	508	0.0985
49d0d805-4d4c-4502-9944-656b408f302a	9	30899624	68904298	5299	0.0027
49d0d805-4d4c-4502-9944-656b408f302a	9	68904614	68904681	2	-1.7757
49d0d805-4d4c-4502-9944-656b408f302a	9	68906460	69926972	759	-0.0091
49d0d805-4d4c-4502-9944-656b408f302a	9	69934008	70175618	198	-0.1574
49d0d805-4d4c-4502-9944-656b408f302a	9	70178093	70395253	94	0.0887
49d0d805-4d4c-4502-9944-656b408f302a	9	70395932	70453923	28	-0.1706
49d0d805-4d4c-4502-9944-656b408f302a	9	70455702	70456403	3	-1.2833
49d0d805-4d4c-4502-9944-656b408f302a	9	70456724	72212150	1265	-0.0579
49d0d805-4d4c-4502-9944-656b408f302a	9	72214226	75428011	1985	0.0059
49d0d805-4d4c-4502-9944-656b408f302a	9	75429129	75734628	257	-0.1708
49d0d805-4d4c-4502-9944-656b408f302a	9	75735141	79346407	2617	-0.0199
49d0d805-4d4c-4502-9944-656b408f302a	9	79346492	79373236	26	-0.5954
49d0d805-4d4c-4502-9944-656b408f302a	9	79377971	87255494	5405	-0.0039
49d0d805-4d4c-4502-9944-656b408f302a	9	87257209	96262126	5904	0.0429
49d0d805-4d4c-4502-9944-656b408f302a	9	96266955	100884035	2712	0.0109
49d0d805-4d4c-4502-9944-656b408f302a	9	100889747	101672161	566	-0.0385
49d0d805-4d4c-4502-9944-656b408f302a	9	101672294	101674361	2	-1.8721
49d0d805-4d4c-4502-9944-656b408f302a	9	101675178	102382852	363	-0.0317
49d0d805-4d4c-4502-9944-656b408f302a	9	102384124	102384601	2	-2.0218
49d0d805-4d4c-4502-9944-656b408f302a	9	102384783	109747256	5021	-0.024
49d0d805-4d4c-4502-9944-656b408f302a	9	109748070	109754066	14	-0.3125
49d0d805-4d4c-4502-9944-656b408f302a	9	109754899	109756099	4	-1.0478
49d0d805-4d4c-4502-9944-656b408f302a	9	109756254	109769186	26	-0.3092
49d0d805-4d4c-4502-9944-656b408f302a	9	109769697	110710386	666	-0.0263
49d0d805-4d4c-4502-9944-656b408f302a	9	110710530	110757623	26	-0.469
49d0d805-4d4c-4502-9944-656b408f302a	9	110759830	117756238	4852	-0.0152
49d0d805-4d4c-4502-9944-656b408f302a	9	117756513	117761900	17	-0.6222
49d0d805-4d4c-4502-9944-656b408f302a	9	117763224	118406816	437	-0.0751
49d0d805-4d4c-4502-9944-656b408f302a	9	118407598	119218914	521	0.0451
49d0d805-4d4c-4502-9944-656b408f302a	9	119220731	119987248	713	-0.0962
49d0d805-4d4c-4502-9944-656b408f302a	9	119988880	134795468	8662	0.0097
49d0d805-4d4c-4502-9944-656b408f302a	9	134796202	134797475	2	-2.6298
49d0d805-4d4c-4502-9944-656b408f302a	9	134797798	135497914	348	0.0634
49d0d805-4d4c-4502-9944-656b408f302a	9	135498986	137489883	550	-0.0344
49d0d805-4d4c-4502-9944-656b408f302a	9	137496163	138044505	202	0.0549
49d0d805-4d4c-4502-9944-656b408f302a	10	366509	3220914	1431	0.0862
49d0d805-4d4c-4502-9944-656b408f302a	10	3222256	3227702	8	-0.648
49d0d805-4d4c-4502-9944-656b408f302a	10	3228477	3862391	564	0.0515
49d0d805-4d4c-4502-9944-656b408f302a	10	3863691	4082477	187	-0.0025
49d0d805-4d4c-4502-9944-656b408f302a	10	4083923	4087104	5	-1.2618
49d0d805-4d4c-4502-9944-656b408f302a	10	4087277	8176787	3152	0.0145
49d0d805-4d4c-4502-9944-656b408f302a	10	8178748	8411179	203	-0.1085
49d0d805-4d4c-4502-9944-656b408f302a	10	8411756	8414685	10	-0.8659
49d0d805-4d4c-4502-9944-656b408f302a	10	8415866	8594218	187	-0.1308
49d0d805-4d4c-4502-9944-656b408f302a	10	8594938	18750227	7605	0.0081
49d0d805-4d4c-4502-9944-656b408f302a	10	18753233	26837974	5302	-0.0208
49d0d805-4d4c-4502-9944-656b408f302a	10	26838575	26838957	2	-1.6856
49d0d805-4d4c-4502-9944-656b408f302a	10	26839620	29072512	1414	-0.0336
49d0d805-4d4c-4502-9944-656b408f302a	10	29075986	57955202	13771	0.0208
49d0d805-4d4c-4502-9944-656b408f302a	10	57955953	57956860	2	-2.2144
49d0d805-4d4c-4502-9944-656b408f302a	10	57961039	63909527	3966	-0.0048
49d0d805-4d4c-4502-9944-656b408f302a	10	63910004	63923046	19	-0.5283
49d0d805-4d4c-4502-9944-656b408f302a	10	63924712	71849302	4710	0.0242
49d0d805-4d4c-4502-9944-656b408f302a	10	71852520	77239232	2899	-0.0223
49d0d805-4d4c-4502-9944-656b408f302a	10	77241885	77256525	27	-0.4443
49d0d805-4d4c-4502-9944-656b408f302a	10	77257306	77455977	205	0.0191
49d0d805-4d4c-4502-9944-656b408f302a	10	77456665	77459322	6	-0.7645
49d0d805-4d4c-4502-9944-656b408f302a	10	77461714	78275500	572	0.0306
49d0d805-4d4c-4502-9944-656b408f302a	10	78281594	78287661	2	-1.3023
49d0d805-4d4c-4502-9944-656b408f302a	10	78289788	78358544	91	-0.0154
49d0d805-4d4c-4502-9944-656b408f302a	10	78359656	79032771	549	0.0546
49d0d805-4d4c-4502-9944-656b408f302a	10	79032928	79039216	13	-0.3688
49d0d805-4d4c-4502-9944-656b408f302a	10	79039563	81833881	1398	0.0588
49d0d805-4d4c-4502-9944-656b408f302a	10	81838693	85435688	2658	-0.0153
49d0d805-4d4c-4502-9944-656b408f302a	10	85436713	85703221	179	-0.1875
49d0d805-4d4c-4502-9944-656b408f302a	10	85703311	89862990	2579	-0.0087
49d0d805-4d4c-4502-9944-656b408f302a	10	89867897	89899040	20	-0.524
49d0d805-4d4c-4502-9944-656b408f302a	10	89902621	104233772	8021	-0.0028
49d0d805-4d4c-4502-9944-656b408f302a	10	104233938	105475914	878	-0.0783
49d0d805-4d4c-4502-9944-656b408f302a	10	105482009	111263408	3745	-0.0018
49d0d805-4d4c-4502-9944-656b408f302a	10	111263464	111360888	86	-0.2794
49d0d805-4d4c-4502-9944-656b408f302a	10	111367332	111762347	305	0.0174
49d0d805-4d4c-4502-9944-656b408f302a	10	111762996	111825151	44	-0.2887
49d0d805-4d4c-4502-9944-656b408f302a	10	111825254	117910241	4226	0.0196
49d0d805-4d4c-4502-9944-656b408f302a	10	117912637	117938949	27	-0.3629
49d0d805-4d4c-4502-9944-656b408f302a	10	117939483	120293127	1527	0.0005
49d0d805-4d4c-4502-9944-656b408f302a	10	120298177	120439403	111	-0.1773
49d0d805-4d4c-4502-9944-656b408f302a	10	120440118	121484054	980	0.0145
49d0d805-4d4c-4502-9944-656b408f302a	10	121484216	121715198	253	0.103
49d0d805-4d4c-4502-9944-656b408f302a	10	121716018	121724527	13	-0.4649
49d0d805-4d4c-4502-9944-656b408f302a	10	121726410	133411599	6954	0.0571
49d0d805-4d4c-4502-9944-656b408f302a	11	456012	5489396	2284	-0.0113
49d0d805-4d4c-4502-9944-656b408f302a	11	5489458	5498454	23	-0.5687
49d0d805-4d4c-4502-9944-656b408f302a	11	5498832	13761683	5845	0.011
49d0d805-4d4c-4502-9944-656b408f302a	11	13762029	13773203	10	-0.6191
49d0d805-4d4c-4502-9944-656b408f302a	11	13775231	13829634	36	-0.0355
49d0d805-4d4c-4502-9944-656b408f302a	11	13831114	13832905	5	-0.6121
49d0d805-4d4c-4502-9944-656b408f302a	11	13833501	13902130	58	-0.0426
49d0d805-4d4c-4502-9944-656b408f302a	11	13903590	13919649	24	-0.4504
49d0d805-4d4c-4502-9944-656b408f302a	11	13922467	14025650	82	-0.1352
49d0d805-4d4c-4502-9944-656b408f302a	11	14026545	15785584	1042	-0.0095
49d0d805-4d4c-4502-9944-656b408f302a	11	15796962	15811268	22	-0.6944
49d0d805-4d4c-4502-9944-656b408f302a	11	15817595	21049098	3834	0.0016
49d0d805-4d4c-4502-9944-656b408f302a	11	21049367	21051733	4	-1.5752
49d0d805-4d4c-4502-9944-656b408f302a	11	21052594	94713923	37586	-0.0055
49d0d805-4d4c-4502-9944-656b408f302a	11	94716711	94736846	23	-0.5314
49d0d805-4d4c-4502-9944-656b408f302a	11	94742892	131817480	24891	0.0045
49d0d805-4d4c-4502-9944-656b408f302a	11	131818151	131832116	18	-0.6299
49d0d805-4d4c-4502-9944-656b408f302a	11	131833130	132183293	308	0.0278
49d0d805-4d4c-4502-9944-656b408f302a	11	132183605	132184897	3	-1.0235
49d0d805-4d4c-4502-9944-656b408f302a	11	132185079	134272740	1046	0.0421
49d0d805-4d4c-4502-9944-656b408f302a	12	780472	1752621	209	0.0571
49d0d805-4d4c-4502-9944-656b408f302a	12	1752814	1835331	45	-0.1761
49d0d805-4d4c-4502-9944-656b408f302a	12	1835653	2251047	245	0.0364
49d0d805-4d4c-4502-9944-656b408f302a	12	2252294	2257155	2	-1.4614
49d0d805-4d4c-4502-9944-656b408f302a	12	2257186	4050282	1156	0.057
49d0d805-4d4c-4502-9944-656b408f302a	12	4051728	4061869	15	-0.4639
49d0d805-4d4c-4502-9944-656b408f302a	12	4068682	5808990	1530	0.022
49d0d805-4d4c-4502-9944-656b408f302a	12	5813779	5815888	6	-0.9223
49d0d805-4d4c-4502-9944-656b408f302a	12	5816188	13612777	3989	0.0107
49d0d805-4d4c-4502-9944-656b408f302a	12	13612859	14217979	425	-0.1432
49d0d805-4d4c-4502-9944-656b408f302a	12	14218994	54866956	20592	-0.0036
49d0d805-4d4c-4502-9944-656b408f302a	12	54867269	54879606	4	-2.0344
49d0d805-4d4c-4502-9944-656b408f302a	12	54880142	132605822	45775	-0.014
49d0d805-4d4c-4502-9944-656b408f302a	13	18874255	28089170	5227	0.044
49d0d805-4d4c-4502-9944-656b408f302a	13	28095902	28096737	6	-0.6637
49d0d805-4d4c-4502-9944-656b408f302a	13	28097373	29111013	675	0.0399
49d0d805-4d4c-4502-9944-656b408f302a	13	29111419	29111991	4	-1.0164
49d0d805-4d4c-4502-9944-656b408f302a	13	29115865	29598358	407	0.058
49d0d805-4d4c-4502-9944-656b408f302a	13	29598614	61215273	18447	-0.0018
49d0d805-4d4c-4502-9944-656b408f302a	13	61219253	61229551	3	-1.9029
49d0d805-4d4c-4502-9944-656b408f302a	13	61231995	82067700	11855	0.0137
49d0d805-4d4c-4502-9944-656b408f302a	13	82070032	82070234	2	-2.0049
49d0d805-4d4c-4502-9944-656b408f302a	13	82070448	90292099	4528	0.0421
49d0d805-4d4c-4502-9944-656b408f302a	13	90292180	98136918	4965	0.003
49d0d805-4d4c-4502-9944-656b408f302a	13	98137939	101786928	2492	0.0397
49d0d805-4d4c-4502-9944-656b408f302a	13	101788670	103678303	1563	-0.0455
49d0d805-4d4c-4502-9944-656b408f302a	13	103679163	105963780	1215	0.0234
49d0d805-4d4c-4502-9944-656b408f302a	13	105963934	105974060	15	-0.6071
49d0d805-4d4c-4502-9944-656b408f302a	13	105975478	107121200	845	0.0086
49d0d805-4d4c-4502-9944-656b408f302a	13	107123528	107138366	10	-0.5793
49d0d805-4d4c-4502-9944-656b408f302a	13	107142490	107185775	30	0.0336
49d0d805-4d4c-4502-9944-656b408f302a	13	107190593	107195084	8	-0.3777
49d0d805-4d4c-4502-9944-656b408f302a	13	107196773	107312310	107	0.0695
49d0d805-4d4c-4502-9944-656b408f302a	13	107313734	107325503	9	-0.3164
49d0d805-4d4c-4502-9944-656b408f302a	13	107335034	107390755	51	0.1136
49d0d805-4d4c-4502-9944-656b408f302a	13	107392477	107432984	43	-0.1641
49d0d805-4d4c-4502-9944-656b408f302a	13	107436728	107456652	16	0.3238
49d0d805-4d4c-4502-9944-656b408f302a	13	107457023	107542748	81	-0.0903
49d0d805-4d4c-4502-9944-656b408f302a	13	107544014	107568285	23	0.2142
49d0d805-4d4c-4502-9944-656b408f302a	13	107569808	107703981	140	-0.1039
49d0d805-4d4c-4502-9944-656b408f302a	13	107707651	107958636	173	0.0868
49d0d805-4d4c-4502-9944-656b408f302a	13	107959265	107977937	16	-0.5872
49d0d805-4d4c-4502-9944-656b408f302a	13	107978622	108120632	112	0.0103
49d0d805-4d4c-4502-9944-656b408f302a	13	108120845	108127047	7	-0.425
49d0d805-4d4c-4502-9944-656b408f302a	13	108127077	108127107	2	-1.7039
49d0d805-4d4c-4502-9944-656b408f302a	13	108127402	108751585	465	0.013
49d0d805-4d4c-4502-9944-656b408f302a	13	108754817	112268784	2473	0.0609
49d0d805-4d4c-4502-9944-656b408f302a	13	112302165	112313010	3	-2.1486
49d0d805-4d4c-4502-9944-656b408f302a	13	112319207	114226675	718	0.0476
49d0d805-4d4c-4502-9944-656b408f302a	14	20033191	25613872	2505	-0.0157
49d0d805-4d4c-4502-9944-656b408f302a	14	25616750	25625043	15	-0.8237
49d0d805-4d4c-4502-9944-656b408f302a	14	25625334	52368925	14484	0.0009
49d0d805-4d4c-4502-9944-656b408f302a	14	52369338	52370475	4	-1.3453
49d0d805-4d4c-4502-9944-656b408f302a	14	52371366	55825657	2076	0.0028
49d0d805-4d4c-4502-9944-656b408f302a	14	55825954	55827028	7	-1.3013
49d0d805-4d4c-4502-9944-656b408f302a	14	55828618	105533894	30430	0.0036
49d0d805-4d4c-4502-9944-656b408f302a	15	23437561	23496927	35	0.142
49d0d805-4d4c-4502-9944-656b408f302a	15	23499025	23504809	10	-0.6409
49d0d805-4d4c-4502-9944-656b408f302a	15	23504898	32882915	3443	0.0506
49d0d805-4d4c-4502-9944-656b408f302a	15	32882940	36090836	2137	0.0044
49d0d805-4d4c-4502-9944-656b408f302a	15	36090996	36135011	50	-0.3131
49d0d805-4d4c-4502-9944-656b408f302a	15	36135648	38709114	1704	-0.0048
49d0d805-4d4c-4502-9944-656b408f302a	15	38709342	38713887	13	-0.7726
49d0d805-4d4c-4502-9944-656b408f302a	15	38714785	39343272	520	-0.0131
49d0d805-4d4c-4502-9944-656b408f302a	15	39344026	39490535	68	-0.2646
49d0d805-4d4c-4502-9944-656b408f302a	15	39491372	52620043	7103	-0.006
49d0d805-4d4c-4502-9944-656b408f302a	15	52620587	53306960	522	-0.109
49d0d805-4d4c-4502-9944-656b408f302a	15	53311713	53869230	437	-0.0205
49d0d805-4d4c-4502-9944-656b408f302a	15	53869860	53870636	2	-1.7055
49d0d805-4d4c-4502-9944-656b408f302a	15	53870685	59168598	3263	0.0231
49d0d805-4d4c-4502-9944-656b408f302a	15	59169046	61796221	2155	-0.0363
49d0d805-4d4c-4502-9944-656b408f302a	15	61798912	86662153	14025	0.0109
49d0d805-4d4c-4502-9944-656b408f302a	15	86663862	86915041	255	-0.1854
49d0d805-4d4c-4502-9944-656b408f302a	15	86917483	98102910	7074	-0.0119
49d0d805-4d4c-4502-9944-656b408f302a	15	98107981	98160119	58	-0.2596
49d0d805-4d4c-4502-9944-656b408f302a	15	98160780	98170740	14	0.2266
49d0d805-4d4c-4502-9944-656b408f302a	15	98175879	98221575	43	-0.2647
49d0d805-4d4c-4502-9944-656b408f302a	15	98221984	100205908	1063	0.0164
49d0d805-4d4c-4502-9944-656b408f302a	15	100206996	101344124	583	0.0626
49d0d805-4d4c-4502-9944-656b408f302a	16	603333	5725220	2096	-0.0109
49d0d805-4d4c-4502-9944-656b408f302a	16	5726479	5732838	6	-0.6542
49d0d805-4d4c-4502-9944-656b408f302a	16	5733021	6006245	235	0.0302
49d0d805-4d4c-4502-9944-656b408f302a	16	6007037	10120259	2627	-0.0699
49d0d805-4d4c-4502-9944-656b408f302a	16	10120384	10124776	10	-0.7403
49d0d805-4d4c-4502-9944-656b408f302a	16	10124868	10533648	299	-0.0783
49d0d805-4d4c-4502-9944-656b408f302a	16	10535402	19332486	3220	0.0024
49d0d805-4d4c-4502-9944-656b408f302a	16	19333436	22898055	1181	-0.0646
49d0d805-4d4c-4502-9944-656b408f302a	16	22901549	22903627	2	-2.4058
49d0d805-4d4c-4502-9944-656b408f302a	16	22903825	27197887	2962	-0.0656
49d0d805-4d4c-4502-9944-656b408f302a	16	27197990	49084188	2611	-0.0047
49d0d805-4d4c-4502-9944-656b408f302a	16	49084586	49098908	26	-0.4922
49d0d805-4d4c-4502-9944-656b408f302a	16	49100569	49202501	84	-0.028
49d0d805-4d4c-4502-9944-656b408f302a	16	49203127	49221826	22	-0.2745
49d0d805-4d4c-4502-9944-656b408f302a	16	49224751	49229965	3	0.3487
49d0d805-4d4c-4502-9944-656b408f302a	16	49236756	49271386	35	-0.2797
49d0d805-4d4c-4502-9944-656b408f302a	16	49271536	50888875	1037	0.0334
49d0d805-4d4c-4502-9944-656b408f302a	16	50891632	50901531	11	-0.5318
49d0d805-4d4c-4502-9944-656b408f302a	16	50903434	51720047	618	0.0063
49d0d805-4d4c-4502-9944-656b408f302a	16	51725238	52640575	707	-0.113
49d0d805-4d4c-4502-9944-656b408f302a	16	52641891	61519993	5892	-0.0003
49d0d805-4d4c-4502-9944-656b408f302a	16	61520165	61533643	11	-0.6723
49d0d805-4d4c-4502-9944-656b408f302a	16	61535062	79416700	10836	-0.0014
49d0d805-4d4c-4502-9944-656b408f302a	16	79417269	79417305	2	1.7722
49d0d805-4d4c-4502-9944-656b408f302a	16	79419458	79527837	103	-0.0516
49d0d805-4d4c-4502-9944-656b408f302a	16	79532012	79536241	16	-0.586
49d0d805-4d4c-4502-9944-656b408f302a	16	79537166	79920352	422	0.0037
49d0d805-4d4c-4502-9944-656b408f302a	16	79922229	80213989	313	-0.1302
49d0d805-4d4c-4502-9944-656b408f302a	16	80214529	85891852	3767	0.0005
49d0d805-4d4c-4502-9944-656b408f302a	16	85891878	87147322	1187	0.081
49d0d805-4d4c-4502-9944-656b408f302a	16	87147347	89317317	679	0.0143
49d0d805-4d4c-4502-9944-656b408f302a	17	1074619	32939688	12354	0.0052
49d0d805-4d4c-4502-9944-656b408f302a	17	32945352	32945438	3	-1.3408
49d0d805-4d4c-4502-9944-656b408f302a	17	32945687	32991310	38	-0.1049
49d0d805-4d4c-4502-9944-656b408f302a	17	32991529	33050525	73	0.1647
49d0d805-4d4c-4502-9944-656b408f302a	17	33050756	33091874	28	-0.1936
49d0d805-4d4c-4502-9944-656b408f302a	17	33093289	33266293	175	0.0329
49d0d805-4d4c-4502-9944-656b408f302a	17	33267149	33589813	325	-0.1343
49d0d805-4d4c-4502-9944-656b408f302a	17	33593550	49918872	6539	-0.0003
49d0d805-4d4c-4502-9944-656b408f302a	17	49921572	49922629	2	-1.2882
49d0d805-4d4c-4502-9944-656b408f302a	17	49922746	51702890	834	-0.0324
49d0d805-4d4c-4502-9944-656b408f302a	17	51704000	51780656	61	-0.2596
49d0d805-4d4c-4502-9944-656b408f302a	17	51780909	54684377	1639	-0.0067
49d0d805-4d4c-4502-9944-656b408f302a	17	54687239	54690393	3	-1.2507
49d0d805-4d4c-4502-9944-656b408f302a	17	54691149	79470107	13779	0.0072
49d0d805-4d4c-4502-9944-656b408f302a	17	79471697	79471877	2	1.8251
49d0d805-4d4c-4502-9944-656b408f302a	17	79476792	82613629	1081	0.0035
49d0d805-4d4c-4502-9944-656b408f302a	17	82613819	82614057	2	1.4982
49d0d805-4d4c-4502-9944-656b408f302a	17	82616656	82959812	178	0.0041
49d0d805-4d4c-4502-9944-656b408f302a	18	326691	24318884	9943	0.0173
49d0d805-4d4c-4502-9944-656b408f302a	18	24320484	30394151	3775	-0.0374
49d0d805-4d4c-4502-9944-656b408f302a	18	30396848	30401672	2	-2.6484
49d0d805-4d4c-4502-9944-656b408f302a	18	30403153	31934302	957	0.0098
49d0d805-4d4c-4502-9944-656b408f302a	18	31941508	32089798	117	-0.2011
49d0d805-4d4c-4502-9944-656b408f302a	18	32093739	32383734	208	-0.0131
49d0d805-4d4c-4502-9944-656b408f302a	18	32390213	32392434	2	-1.4928
49d0d805-4d4c-4502-9944-656b408f302a	18	32392811	33256461	555	0.0122
49d0d805-4d4c-4502-9944-656b408f302a	18	33258450	33284005	44	0.3233
49d0d805-4d4c-4502-9944-656b408f302a	18	33284034	33461708	96	0.0593
49d0d805-4d4c-4502-9944-656b408f302a	18	33462558	33469272	8	-0.6065
49d0d805-4d4c-4502-9944-656b408f302a	18	33474411	33489681	13	0.0873
49d0d805-4d4c-4502-9944-656b408f302a	18	33493007	33502688	10	-0.7553
49d0d805-4d4c-4502-9944-656b408f302a	18	33504871	37599845	2464	-0.0045
49d0d805-4d4c-4502-9944-656b408f302a	18	37600342	45590927	4794	-0.0602
49d0d805-4d4c-4502-9944-656b408f302a	18	45592027	66338266	13185	-0.005
49d0d805-4d4c-4502-9944-656b408f302a	18	66340993	66628898	173	0.0903
49d0d805-4d4c-4502-9944-656b408f302a	18	66630278	74247941	3004	0.0087
49d0d805-4d4c-4502-9944-656b408f302a	18	74248438	74543185	208	0.0912
49d0d805-4d4c-4502-9944-656b408f302a	18	74545200	74546289	4	0.9505
49d0d805-4d4c-4502-9944-656b408f302a	18	74556752	75651994	759	0.0896
49d0d805-4d4c-4502-9944-656b408f302a	18	75654839	75662896	8	-1.1763
49d0d805-4d4c-4502-9944-656b408f302a	18	75663717	79349796	2422	0.0742
49d0d805-4d4c-4502-9944-656b408f302a	19	283868	8924180	2769	-0.0388
49d0d805-4d4c-4502-9944-656b408f302a	19	8924638	8964889	29	-0.4531
49d0d805-4d4c-4502-9944-656b408f302a	19	8966182	9102350	72	-0.0839
49d0d805-4d4c-4502-9944-656b408f302a	19	9107275	9110898	5	-1.2133
49d0d805-4d4c-4502-9944-656b408f302a	19	9121131	28366062	6630	-0.0417
49d0d805-4d4c-4502-9944-656b408f302a	19	28369599	32109444	2769	0.0265
49d0d805-4d4c-4502-9944-656b408f302a	19	32109958	32117439	6	-1.0608
49d0d805-4d4c-4502-9944-656b408f302a	19	32120379	34842071	1701	0.0152
49d0d805-4d4c-4502-9944-656b408f302a	19	34842259	58370362	10094	-0.0248
49d0d805-4d4c-4502-9944-656b408f302a	20	472817	2212368	1115	-0.0093
49d0d805-4d4c-4502-9944-656b408f302a	20	2215792	2217642	5	-0.942
49d0d805-4d4c-4502-9944-656b408f302a	20	2217989	4399437	1231	-0.0272
49d0d805-4d4c-4502-9944-656b408f302a	20	4402979	4406869	12	-0.7164
49d0d805-4d4c-4502-9944-656b408f302a	20	4407468	5346114	687	-0.0095
49d0d805-4d4c-4502-9944-656b408f302a	20	5346676	5347080	2	-1.89
49d0d805-4d4c-4502-9944-656b408f302a	20	5348481	17158077	7773	-0.0351
49d0d805-4d4c-4502-9944-656b408f302a	20	17158880	55190346	20898	-0.0003
49d0d805-4d4c-4502-9944-656b408f302a	20	55190904	56230004	741	-0.0627
49d0d805-4d4c-4502-9944-656b408f302a	20	56231248	56245952	24	-0.4753
49d0d805-4d4c-4502-9944-656b408f302a	20	56247032	56257974	21	0.0184
49d0d805-4d4c-4502-9944-656b408f302a	20	56258375	60494599	3231	0.0503
49d0d805-4d4c-4502-9944-656b408f302a	20	60499679	60500143	2	-2.1075
49d0d805-4d4c-4502-9944-656b408f302a	20	60501096	60816933	226	0.0634
49d0d805-4d4c-4502-9944-656b408f302a	20	60816971	60862643	32	-0.2394
49d0d805-4d4c-4502-9944-656b408f302a	20	60862754	62056578	833	0.0767
49d0d805-4d4c-4502-9944-656b408f302a	20	62059098	63047076	416	-0.0363
49d0d805-4d4c-4502-9944-656b408f302a	20	63057536	63057841	3	-1.1277
49d0d805-4d4c-4502-9944-656b408f302a	20	63058131	63588502	141	-0.0273
49d0d805-4d4c-4502-9944-656b408f302a	21	13974127	14239999	110	0.0025
49d0d805-4d4c-4502-9944-656b408f302a	21	14240878	14244451	13	-0.5845
49d0d805-4d4c-4502-9944-656b408f302a	21	14248070	14537460	205	-0.0168
49d0d805-4d4c-4502-9944-656b408f302a	21	14540485	14604832	58	-0.2665
49d0d805-4d4c-4502-9944-656b408f302a	21	14607708	19419829	3059	0.0154
49d0d805-4d4c-4502-9944-656b408f302a	21	19423183	24720532	3140	0.0614
49d0d805-4d4c-4502-9944-656b408f302a	21	24720547	27245501	1869	0.0092
49d0d805-4d4c-4502-9944-656b408f302a	21	27258103	27258823	2	-2.0013
49d0d805-4d4c-4502-9944-656b408f302a	21	27262668	28757223	959	0.0086
49d0d805-4d4c-4502-9944-656b408f302a	21	28758222	28768718	27	-0.4723
49d0d805-4d4c-4502-9944-656b408f302a	21	28771759	41169914	8532	0.0083
49d0d805-4d4c-4502-9944-656b408f302a	21	41170248	42608841	1164	0.0734
49d0d805-4d4c-4502-9944-656b408f302a	21	42612602	46262057	1369	0.0032
49d0d805-4d4c-4502-9944-656b408f302a	22	16934932	25800090	1871	0.0093
49d0d805-4d4c-4502-9944-656b408f302a	22	25800382	25820393	15	-0.5855
49d0d805-4d4c-4502-9944-656b408f302a	22	25820644	25928649	139	0.0086
49d0d805-4d4c-4502-9944-656b408f302a	22	25929236	26020439	102	-0.1721
49d0d805-4d4c-4502-9944-656b408f302a	22	26020604	26033068	17	0.2539
49d0d805-4d4c-4502-9944-656b408f302a	22	26033370	26261813	201	-0.135
49d0d805-4d4c-4502-9944-656b408f302a	22	26262333	27039178	725	-0.0208
49d0d805-4d4c-4502-9944-656b408f302a	22	27039615	27080022	68	-0.2505
49d0d805-4d4c-4502-9944-656b408f302a	22	27080723	29416684	1593	0.0371
49d0d805-4d4c-4502-9944-656b408f302a	22	29421530	32121956	1432	-0.0275
49d0d805-4d4c-4502-9944-656b408f302a	22	32122115	33815390	1439	0.0258
49d0d805-4d4c-4502-9944-656b408f302a	22	33815448	33823180	11	-0.5574
49d0d805-4d4c-4502-9944-656b408f302a	22	33823232	33991424	164	0.0382
49d0d805-4d4c-4502-9944-656b408f302a	22	33995412	34301029	251	-0.1257
49d0d805-4d4c-4502-9944-656b408f302a	22	34302373	34751454	416	-0.0054
49d0d805-4d4c-4502-9944-656b408f302a	22	34756605	34994426	249	-0.1256
49d0d805-4d4c-4502-9944-656b408f302a	22	34999137	46683537	6491	0.0006
49d0d805-4d4c-4502-9944-656b408f302a	22	46683668	47729092	776	0.0741
49d0d805-4d4c-4502-9944-656b408f302a	22	47731948	47732928	2	-1.2439
49d0d805-4d4c-4502-9944-656b408f302a	22	47733525	48445293	709	0.0875
49d0d805-4d4c-4502-9944-656b408f302a	22	48446524	48940621	347	0.0341
49d0d805-4d4c-4502-9944-656b408f302a	X	3236359	6465006	719	-0.0391
49d0d805-4d4c-4502-9944-656b408f302a	X	6465048	6469247	3	-3.2703
49d0d805-4d4c-4502-9944-656b408f302a	X	6469253	8818678	168	-0.057
49d0d805-4d4c-4502-9944-656b408f302a	X	8821189	8821613	2	-1.9734
49d0d805-4d4c-4502-9944-656b408f302a	X	8822592	11934837	1744	-0.0349
49d0d805-4d4c-4502-9944-656b408f302a	X	11934993	11942780	2	-5.1813
49d0d805-4d4c-4502-9944-656b408f302a	X	11943110	13463511	1025	-0.0538
49d0d805-4d4c-4502-9944-656b408f302a	X	13464439	13464572	2	-2.2179
49d0d805-4d4c-4502-9944-656b408f302a	X	13465454	20698180	3290	-0.035
49d0d805-4d4c-4502-9944-656b408f302a	X	20698602	20698879	2	-3.9412
49d0d805-4d4c-4502-9944-656b408f302a	X	20699534	26537914	2974	-0.0116
49d0d805-4d4c-4502-9944-656b408f302a	X	26538975	26547003	3	-3.6175
49d0d805-4d4c-4502-9944-656b408f302a	X	26547641	155677414	52835	-0.0041
