GDC_Aliquot	Chromosome	Start	End	Num_Probes	Segment_Mean
77d2ed4f-892f-465e-a00d-65979ffaffe8	1	3301765	82454355	45404	0.0521
77d2ed4f-892f-465e-a00d-65979ffaffe8	1	82463916	83125839	470	-0.4088
77d2ed4f-892f-465e-a00d-65979ffaffe8	1	83126410	174427275	37422	-0.3766
77d2ed4f-892f-465e-a00d-65979ffaffe8	1	174427912	217934746	27331	-0.3945
77d2ed4f-892f-465e-a00d-65979ffaffe8	1	217935591	217938336	2	-2.7413
77d2ed4f-892f-465e-a00d-65979ffaffe8	1	217939280	247650984	18816	-0.392
77d2ed4f-892f-465e-a00d-65979ffaffe8	2	480597	3656050	1311	-0.4804
77d2ed4f-892f-465e-a00d-65979ffaffe8	2	3656317	3657701	2	-2.4801
77d2ed4f-892f-465e-a00d-65979ffaffe8	2	3659392	7073010	2672	-0.4288
77d2ed4f-892f-465e-a00d-65979ffaffe8	2	7075318	7075890	3	-1.8021
77d2ed4f-892f-465e-a00d-65979ffaffe8	2	7076100	21960935	10014	-0.4136
77d2ed4f-892f-465e-a00d-65979ffaffe8	2	21966368	22948336	550	0.2534
77d2ed4f-892f-465e-a00d-65979ffaffe8	2	22948356	23145110	181	-0.0089
77d2ed4f-892f-465e-a00d-65979ffaffe8	2	23145368	28759961	2788	0.2671
77d2ed4f-892f-465e-a00d-65979ffaffe8	2	28763484	53989913	14528	-0.0299
77d2ed4f-892f-465e-a00d-65979ffaffe8	2	54475237	60626804	3763	0.25
77d2ed4f-892f-465e-a00d-65979ffaffe8	2	60636123	61036289	199	0.4489
77d2ed4f-892f-465e-a00d-65979ffaffe8	2	61040695	61478745	201	0.2462
77d2ed4f-892f-465e-a00d-65979ffaffe8	2	61482537	63116536	774	-0.0135
77d2ed4f-892f-465e-a00d-65979ffaffe8	2	63117177	64772597	792	0.2692
77d2ed4f-892f-465e-a00d-65979ffaffe8	2	64772867	66116446	960	-0.0068
77d2ed4f-892f-465e-a00d-65979ffaffe8	2	66122469	66749445	397	0.2482
77d2ed4f-892f-465e-a00d-65979ffaffe8	2	66749741	66826941	45	-0.0344
77d2ed4f-892f-465e-a00d-65979ffaffe8	2	66827716	67293443	347	0.2597
77d2ed4f-892f-465e-a00d-65979ffaffe8	2	67296553	67726241	342	-0.0241
77d2ed4f-892f-465e-a00d-65979ffaffe8	2	67728787	68432386	487	0.2783
77d2ed4f-892f-465e-a00d-65979ffaffe8	2	68434117	68743086	38	-0.0901
77d2ed4f-892f-465e-a00d-65979ffaffe8	2	68748574	68814005	60	0.2675
77d2ed4f-892f-465e-a00d-65979ffaffe8	2	68815317	68878504	54	-0.0409
77d2ed4f-892f-465e-a00d-65979ffaffe8	2	68879010	72676605	2313	0.2643
77d2ed4f-892f-465e-a00d-65979ffaffe8	2	72678309	72970430	120	-0.0399
77d2ed4f-892f-465e-a00d-65979ffaffe8	2	72971203	76414665	1849	0.2566
77d2ed4f-892f-465e-a00d-65979ffaffe8	2	76415662	88831554	5910	-0.051
77d2ed4f-892f-465e-a00d-65979ffaffe8	2	94675825	96229584	358	0.2056
77d2ed4f-892f-465e-a00d-65979ffaffe8	2	96229894	134954573	19673	0.2343
77d2ed4f-892f-465e-a00d-65979ffaffe8	2	134956404	140963573	3115	0.2046
77d2ed4f-892f-465e-a00d-65979ffaffe8	2	140963622	141490859	370	0.0311
77d2ed4f-892f-465e-a00d-65979ffaffe8	2	141490977	155095579	7976	0.2149
77d2ed4f-892f-465e-a00d-65979ffaffe8	2	155096158	155096417	2	-1.7082
77d2ed4f-892f-465e-a00d-65979ffaffe8	2	155099897	161176151	3542	0.2254
77d2ed4f-892f-465e-a00d-65979ffaffe8	2	161176286	167637109	3544	0.1965
77d2ed4f-892f-465e-a00d-65979ffaffe8	2	167638319	178933139	7210	0.2286
77d2ed4f-892f-465e-a00d-65979ffaffe8	2	178935564	197164033	8989	0.1967
77d2ed4f-892f-465e-a00d-65979ffaffe8	2	197165035	208021862	6201	0.2194
77d2ed4f-892f-465e-a00d-65979ffaffe8	2	208022730	215855861	4699	0.1922
77d2ed4f-892f-465e-a00d-65979ffaffe8	2	215856095	241537572	15707	0.2208
77d2ed4f-892f-465e-a00d-65979ffaffe8	3	2170634	11091146	5283	-0.0157
77d2ed4f-892f-465e-a00d-65979ffaffe8	3	11097893	12264173	743	-0.3826
77d2ed4f-892f-465e-a00d-65979ffaffe8	3	12267691	12400153	80	0.0006
77d2ed4f-892f-465e-a00d-65979ffaffe8	3	12402776	12726437	264	-0.3286
77d2ed4f-892f-465e-a00d-65979ffaffe8	3	12727195	12818368	54	0.0011
77d2ed4f-892f-465e-a00d-65979ffaffe8	3	12819489	12852255	22	-0.4941
77d2ed4f-892f-465e-a00d-65979ffaffe8	3	12856277	18845700	3701	-0.0166
77d2ed4f-892f-465e-a00d-65979ffaffe8	3	18846173	18890522	26	-0.4179
77d2ed4f-892f-465e-a00d-65979ffaffe8	3	18896312	18964793	22	-0.0073
77d2ed4f-892f-465e-a00d-65979ffaffe8	3	18968589	20115548	578	-0.3974
77d2ed4f-892f-465e-a00d-65979ffaffe8	3	20115585	22177673	920	-0.0512
77d2ed4f-892f-465e-a00d-65979ffaffe8	3	22185876	22961483	400	-0.4024
77d2ed4f-892f-465e-a00d-65979ffaffe8	3	22963659	23029466	35	-0.2258
77d2ed4f-892f-465e-a00d-65979ffaffe8	3	23030092	23097634	34	-0.021
77d2ed4f-892f-465e-a00d-65979ffaffe8	3	23097688	23130028	26	-0.4407
77d2ed4f-892f-465e-a00d-65979ffaffe8	3	23139868	24138277	565	-0.0113
77d2ed4f-892f-465e-a00d-65979ffaffe8	3	24148693	74035920	30322	-0.3738
77d2ed4f-892f-465e-a00d-65979ffaffe8	3	74036644	94015345	8096	-0.4073
77d2ed4f-892f-465e-a00d-65979ffaffe8	3	94015827	191394665	53082	-0.0237
77d2ed4f-892f-465e-a00d-65979ffaffe8	3	191394815	191641584	177	-0.4257
77d2ed4f-892f-465e-a00d-65979ffaffe8	3	191642375	197812401	2569	-0.0159
77d2ed4f-892f-465e-a00d-65979ffaffe8	4	1059384	27243616	16437	0.2549
77d2ed4f-892f-465e-a00d-65979ffaffe8	4	27244061	28578562	891	0.2157
77d2ed4f-892f-465e-a00d-65979ffaffe8	4	28586067	28802261	153	-0.0631
77d2ed4f-892f-465e-a00d-65979ffaffe8	4	28802482	37182831	4886	0.2063
77d2ed4f-892f-465e-a00d-65979ffaffe8	4	37182846	57699274	9826	0.2435
77d2ed4f-892f-465e-a00d-65979ffaffe8	4	57699673	59240898	840	0.2165
77d2ed4f-892f-465e-a00d-65979ffaffe8	4	59242746	67533393	4532	0.1852
77d2ed4f-892f-465e-a00d-65979ffaffe8	4	67533869	90513298	12914	0.2196
77d2ed4f-892f-465e-a00d-65979ffaffe8	4	90515641	98419768	4246	0.1927
77d2ed4f-892f-465e-a00d-65979ffaffe8	4	98429817	124285637	14642	0.2164
77d2ed4f-892f-465e-a00d-65979ffaffe8	4	124285655	137691822	6595	0.1901
77d2ed4f-892f-465e-a00d-65979ffaffe8	4	137692200	147647840	5861	0.2204
77d2ed4f-892f-465e-a00d-65979ffaffe8	4	147651148	147655114	8	-0.7735
77d2ed4f-892f-465e-a00d-65979ffaffe8	4	147665339	159794673	6915	0.2217
77d2ed4f-892f-465e-a00d-65979ffaffe8	4	159794761	167762139	4332	0.1916
77d2ed4f-892f-465e-a00d-65979ffaffe8	4	167763212	170294699	1461	0.2327
77d2ed4f-892f-465e-a00d-65979ffaffe8	4	170294805	180603978	5648	0.188
77d2ed4f-892f-465e-a00d-65979ffaffe8	4	180604429	187842528	3240	0.2294
77d2ed4f-892f-465e-a00d-65979ffaffe8	5	914118	6355281	3877	0.8664
77d2ed4f-892f-465e-a00d-65979ffaffe8	5	6357067	17398619	6975	0.701
77d2ed4f-892f-465e-a00d-65979ffaffe8	5	17398746	23101564	2718	0.7689
77d2ed4f-892f-465e-a00d-65979ffaffe8	5	23101737	23754865	404	-0.1174
77d2ed4f-892f-465e-a00d-65979ffaffe8	5	23756832	25077162	752	-0.4826
77d2ed4f-892f-465e-a00d-65979ffaffe8	5	25384764	25528133	108	0.58
77d2ed4f-892f-465e-a00d-65979ffaffe8	5	25533882	26306303	447	0.7788
77d2ed4f-892f-465e-a00d-65979ffaffe8	5	26308613	31307678	2887	0.6854
77d2ed4f-892f-465e-a00d-65979ffaffe8	5	31308154	33147239	1296	0.868
77d2ed4f-892f-465e-a00d-65979ffaffe8	5	33148865	36403178	1668	0.9614
77d2ed4f-892f-465e-a00d-65979ffaffe8	5	36403445	36404072	2	2.4269
77d2ed4f-892f-465e-a00d-65979ffaffe8	5	36405360	38857264	1474	0.961
77d2ed4f-892f-465e-a00d-65979ffaffe8	5	38857423	39840418	648	1.0814
77d2ed4f-892f-465e-a00d-65979ffaffe8	5	39843593	43910646	2252	0.931
77d2ed4f-892f-465e-a00d-65979ffaffe8	5	43916505	45383300	613	0.3682
77d2ed4f-892f-465e-a00d-65979ffaffe8	5	50828231	53945163	1848	0.2189
77d2ed4f-892f-465e-a00d-65979ffaffe8	5	53947522	54214652	191	-0.0529
77d2ed4f-892f-465e-a00d-65979ffaffe8	5	54214671	82765591	16029	0.2322
77d2ed4f-892f-465e-a00d-65979ffaffe8	5	82768029	82768221	2	-1.624
77d2ed4f-892f-465e-a00d-65979ffaffe8	5	82771326	83711514	599	0.2409
77d2ed4f-892f-465e-a00d-65979ffaffe8	5	83717599	88398343	2340	0.1805
77d2ed4f-892f-465e-a00d-65979ffaffe8	5	88400086	100545701	5762	0.2086
77d2ed4f-892f-465e-a00d-65979ffaffe8	5	100547648	107234108	3152	0.1784
77d2ed4f-892f-465e-a00d-65979ffaffe8	5	107235160	117191079	6328	0.2174
77d2ed4f-892f-465e-a00d-65979ffaffe8	5	117191709	119547643	1491	0.1971
77d2ed4f-892f-465e-a00d-65979ffaffe8	5	119547989	120173698	365	0.2347
77d2ed4f-892f-465e-a00d-65979ffaffe8	5	120176163	128765411	4972	0.1496
77d2ed4f-892f-465e-a00d-65979ffaffe8	5	128767335	132419959	1937	0.1189
77d2ed4f-892f-465e-a00d-65979ffaffe8	5	132420277	163860618	19689	0.1603
77d2ed4f-892f-465e-a00d-65979ffaffe8	5	163861866	166071583	1314	0.1098
77d2ed4f-892f-465e-a00d-65979ffaffe8	5	166073705	180934240	8917	0.1554
77d2ed4f-892f-465e-a00d-65979ffaffe8	6	1011760	7244996	4596	-0.4131
77d2ed4f-892f-465e-a00d-65979ffaffe8	6	7247015	7248226	4	-1.8991
77d2ed4f-892f-465e-a00d-65979ffaffe8	6	7248692	57329320	29425	-0.3986
77d2ed4f-892f-465e-a00d-65979ffaffe8	6	57341122	71110282	5103	-0.1674
77d2ed4f-892f-465e-a00d-65979ffaffe8	6	71110298	113353014	23920	-0.324
77d2ed4f-892f-465e-a00d-65979ffaffe8	6	113353220	113377390	17	-1.1686
77d2ed4f-892f-465e-a00d-65979ffaffe8	6	113382365	133195575	11413	-0.3225
77d2ed4f-892f-465e-a00d-65979ffaffe8	6	133195602	133195943	2	-1.8108
77d2ed4f-892f-465e-a00d-65979ffaffe8	6	133196162	133743024	407	-0.3278
77d2ed4f-892f-465e-a00d-65979ffaffe8	6	133743385	165737707	20215	0.0442
77d2ed4f-892f-465e-a00d-65979ffaffe8	6	165737940	166365809	459	-0.3444
77d2ed4f-892f-465e-a00d-65979ffaffe8	6	166368655	166528206	112	0.0064
77d2ed4f-892f-465e-a00d-65979ffaffe8	6	166529258	166544695	21	-0.3573
77d2ed4f-892f-465e-a00d-65979ffaffe8	6	166544900	166600505	53	0.0001
77d2ed4f-892f-465e-a00d-65979ffaffe8	6	166604286	170596889	1211	-0.3567
77d2ed4f-892f-465e-a00d-65979ffaffe8	7	664936	26179939	13962	-0.0228
77d2ed4f-892f-465e-a00d-65979ffaffe8	7	26182832	39285883	8558	-0.391
77d2ed4f-892f-465e-a00d-65979ffaffe8	7	39292693	39570642	182	-0.0252
77d2ed4f-892f-465e-a00d-65979ffaffe8	7	39570755	42687333	2002	-0.3936
77d2ed4f-892f-465e-a00d-65979ffaffe8	7	43250941	43501346	170	-0.0315
77d2ed4f-892f-465e-a00d-65979ffaffe8	7	43502183	57876479	8631	-0.3998
77d2ed4f-892f-465e-a00d-65979ffaffe8	7	63672748	74953065	4606	0.3025
77d2ed4f-892f-465e-a00d-65979ffaffe8	7	74972480	76424968	394	0.7312
77d2ed4f-892f-465e-a00d-65979ffaffe8	7	76426530	77782293	389	1.0859
77d2ed4f-892f-465e-a00d-65979ffaffe8	7	77784799	82010453	2800	0.7084
77d2ed4f-892f-465e-a00d-65979ffaffe8	7	82011576	82553123	253	1.1225
77d2ed4f-892f-465e-a00d-65979ffaffe8	7	82554167	82746832	120	0.7355
77d2ed4f-892f-465e-a00d-65979ffaffe8	7	82753141	88511864	3236	0.1072
77d2ed4f-892f-465e-a00d-65979ffaffe8	7	88517017	90693567	192	0.7386
77d2ed4f-892f-465e-a00d-65979ffaffe8	7	90693972	92536548	1102	1.0735
77d2ed4f-892f-465e-a00d-65979ffaffe8	7	92542959	98568063	3655	0.7091
77d2ed4f-892f-465e-a00d-65979ffaffe8	7	98568093	99634203	386	1.1052
77d2ed4f-892f-465e-a00d-65979ffaffe8	7	99641793	100702034	371	0.6882
77d2ed4f-892f-465e-a00d-65979ffaffe8	7	100704471	102158380	561	1.0699
77d2ed4f-892f-465e-a00d-65979ffaffe8	7	102160203	106113162	2149	0.6887
77d2ed4f-892f-465e-a00d-65979ffaffe8	7	106114802	106859913	513	1.0942
77d2ed4f-892f-465e-a00d-65979ffaffe8	7	106861053	106953163	50	0.8072
77d2ed4f-892f-465e-a00d-65979ffaffe8	7	106956479	109394100	1317	1.0937
77d2ed4f-892f-465e-a00d-65979ffaffe8	7	109398800	119341993	5095	0.6975
77d2ed4f-892f-465e-a00d-65979ffaffe8	7	119342552	119791270	177	1.0574
77d2ed4f-892f-465e-a00d-65979ffaffe8	7	119792817	124457294	2694	0.6869
77d2ed4f-892f-465e-a00d-65979ffaffe8	7	124462572	126079078	816	0.0949
77d2ed4f-892f-465e-a00d-65979ffaffe8	7	126079396	126079402	2	-1.5731
77d2ed4f-892f-465e-a00d-65979ffaffe8	7	126081764	138457458	7158	0.1398
77d2ed4f-892f-465e-a00d-65979ffaffe8	7	138461679	139239106	439	0.7388
77d2ed4f-892f-465e-a00d-65979ffaffe8	7	139239915	141762501	1455	0.1352
77d2ed4f-892f-465e-a00d-65979ffaffe8	7	141762737	144598877	938	0.7062
77d2ed4f-892f-465e-a00d-65979ffaffe8	7	144598974	146852632	1178	0.1003
77d2ed4f-892f-465e-a00d-65979ffaffe8	7	146853648	155290368	4467	0.7119
77d2ed4f-892f-465e-a00d-65979ffaffe8	7	155290672	155418991	53	1.1446
77d2ed4f-892f-465e-a00d-65979ffaffe8	7	155419697	156194644	529	0.7472
77d2ed4f-892f-465e-a00d-65979ffaffe8	7	156195997	157194340	573	1.1132
77d2ed4f-892f-465e-a00d-65979ffaffe8	7	157195242	158592540	664	0.7208
77d2ed4f-892f-465e-a00d-65979ffaffe8	8	667625	4997032	2299	0.2166
77d2ed4f-892f-465e-a00d-65979ffaffe8	8	4997115	18053349	6940	0.229
77d2ed4f-892f-465e-a00d-65979ffaffe8	8	18053427	21270616	2698	0.2634
77d2ed4f-892f-465e-a00d-65979ffaffe8	8	21273191	21667858	349	0.3371
77d2ed4f-892f-465e-a00d-65979ffaffe8	8	21670858	30333728	5611	0.2568
77d2ed4f-892f-465e-a00d-65979ffaffe8	8	30334068	75438464	23945	0.2391
77d2ed4f-892f-465e-a00d-65979ffaffe8	8	75438949	90851740	8331	0.2011
77d2ed4f-892f-465e-a00d-65979ffaffe8	8	90853979	91297268	179	-0.4304
77d2ed4f-892f-465e-a00d-65979ffaffe8	8	91301412	96223367	3038	0.2197
77d2ed4f-892f-465e-a00d-65979ffaffe8	8	96270116	96286303	9	-0.4877
77d2ed4f-892f-465e-a00d-65979ffaffe8	8	96286728	96293408	4	-0.8527
77d2ed4f-892f-465e-a00d-65979ffaffe8	8	96298402	96318463	14	-0.4018
77d2ed4f-892f-465e-a00d-65979ffaffe8	8	96318523	96318798	2	-1.8142
77d2ed4f-892f-465e-a00d-65979ffaffe8	8	96320969	97873318	988	-0.4528
77d2ed4f-892f-465e-a00d-65979ffaffe8	8	97881636	103833192	3363	0.227
77d2ed4f-892f-465e-a00d-65979ffaffe8	8	103833981	103836965	2	-0.8342
77d2ed4f-892f-465e-a00d-65979ffaffe8	8	103838250	109406232	2954	0.2206
77d2ed4f-892f-465e-a00d-65979ffaffe8	8	109406399	116000026	3399	0.1798
77d2ed4f-892f-465e-a00d-65979ffaffe8	8	116000575	144182542	18036	0.2282
77d2ed4f-892f-465e-a00d-65979ffaffe8	9	789794	11275227	6319	-0.7011
77d2ed4f-892f-465e-a00d-65979ffaffe8	9	12527414	12650961	51	-1.22
77d2ed4f-892f-465e-a00d-65979ffaffe8	9	12650996	13543895	571	-1.4828
77d2ed4f-892f-465e-a00d-65979ffaffe8	9	13544283	13578388	26	-0.3759
77d2ed4f-892f-465e-a00d-65979ffaffe8	9	13583941	15392517	1537	-2.0491
77d2ed4f-892f-465e-a00d-65979ffaffe8	9	15393065	15586536	102	-0.454
77d2ed4f-892f-465e-a00d-65979ffaffe8	9	15587183	15593242	6	-1.7021
77d2ed4f-892f-465e-a00d-65979ffaffe8	9	15595605	18434622	2262	-0.3929
77d2ed4f-892f-465e-a00d-65979ffaffe8	9	18434649	19228387	746	-0.9144
77d2ed4f-892f-465e-a00d-65979ffaffe8	9	19231645	19410357	88	-0.3511
77d2ed4f-892f-465e-a00d-65979ffaffe8	9	19410757	23461166	2756	-1.7976
77d2ed4f-892f-465e-a00d-65979ffaffe8	9	23465179	23583332	94	-1.3595
77d2ed4f-892f-465e-a00d-65979ffaffe8	9	23584958	23585314	2	-7.4436
77d2ed4f-892f-465e-a00d-65979ffaffe8	9	23585352	25149140	975	-1.3092
77d2ed4f-892f-465e-a00d-65979ffaffe8	9	25150143	32671541	4137	-0.6791
77d2ed4f-892f-465e-a00d-65979ffaffe8	9	32671599	32675419	2	-2.4997
77d2ed4f-892f-465e-a00d-65979ffaffe8	9	32676163	33519208	599	-0.6683
77d2ed4f-892f-465e-a00d-65979ffaffe8	9	33530199	33923775	242	0.0923
77d2ed4f-892f-465e-a00d-65979ffaffe8	9	33927882	36798028	1448	-0.6735
77d2ed4f-892f-465e-a00d-65979ffaffe8	9	36798745	36800629	2	-3.0374
77d2ed4f-892f-465e-a00d-65979ffaffe8	9	36801149	38752071	1386	-0.7035
77d2ed4f-892f-465e-a00d-65979ffaffe8	9	68423153	138044505	44859	0.2581
77d2ed4f-892f-465e-a00d-65979ffaffe8	10	366509	840969	174	0.0039
77d2ed4f-892f-465e-a00d-65979ffaffe8	10	848898	17503814	12377	-0.3917
77d2ed4f-892f-465e-a00d-65979ffaffe8	10	17511148	21970916	2978	-0.8943
77d2ed4f-892f-465e-a00d-65979ffaffe8	10	21972492	48582221	13104	-0.3736
77d2ed4f-892f-465e-a00d-65979ffaffe8	10	48582505	48585261	4	-2.387
77d2ed4f-892f-465e-a00d-65979ffaffe8	10	48585470	48930414	321	-0.444
77d2ed4f-892f-465e-a00d-65979ffaffe8	10	48930475	128478302	49873	-0.3791
77d2ed4f-892f-465e-a00d-65979ffaffe8	10	128479794	133411599	2170	-0.4536
77d2ed4f-892f-465e-a00d-65979ffaffe8	11	456012	21419688	13605	0.1011
77d2ed4f-892f-465e-a00d-65979ffaffe8	11	21419725	26091328	2952	0.0641
77d2ed4f-892f-465e-a00d-65979ffaffe8	11	26094019	37974037	7334	0.0963
77d2ed4f-892f-465e-a00d-65979ffaffe8	11	37974389	42856834	3141	0.0631
77d2ed4f-892f-465e-a00d-65979ffaffe8	11	42858843	50092125	3614	0.104
77d2ed4f-892f-465e-a00d-65979ffaffe8	11	50096159	76580581	9522	-0.0267
77d2ed4f-892f-465e-a00d-65979ffaffe8	11	76590272	76606627	9	-0.8425
77d2ed4f-892f-465e-a00d-65979ffaffe8	11	76611208	76832632	166	-0.0249
77d2ed4f-892f-465e-a00d-65979ffaffe8	11	76837146	76838168	3	-0.7558
77d2ed4f-892f-465e-a00d-65979ffaffe8	11	76839898	76882259	23	-0.0999
77d2ed4f-892f-465e-a00d-65979ffaffe8	11	76884349	77088333	99	-0.8261
77d2ed4f-892f-465e-a00d-65979ffaffe8	11	77088346	77103425	5	-3.4549
77d2ed4f-892f-465e-a00d-65979ffaffe8	11	77107967	81448012	2904	-0.9234
77d2ed4f-892f-465e-a00d-65979ffaffe8	11	81455969	101144391	12251	-0.0382
77d2ed4f-892f-465e-a00d-65979ffaffe8	11	101148866	101357781	133	-0.9232
77d2ed4f-892f-465e-a00d-65979ffaffe8	11	101358007	101387274	23	-0.1168
77d2ed4f-892f-465e-a00d-65979ffaffe8	11	101391694	101484395	68	-0.8677
77d2ed4f-892f-465e-a00d-65979ffaffe8	11	101493772	102685878	626	-0.0324
77d2ed4f-892f-465e-a00d-65979ffaffe8	11	102686635	104553537	1159	-0.3984
77d2ed4f-892f-465e-a00d-65979ffaffe8	11	104554341	105509709	449	-0.0195
77d2ed4f-892f-465e-a00d-65979ffaffe8	11	105510199	107668203	1368	-0.4023
77d2ed4f-892f-465e-a00d-65979ffaffe8	11	107668629	107830300	100	-0.0263
77d2ed4f-892f-465e-a00d-65979ffaffe8	11	107830627	108773438	376	-0.385
77d2ed4f-892f-465e-a00d-65979ffaffe8	11	108774895	109020178	145	-0.0109
77d2ed4f-892f-465e-a00d-65979ffaffe8	11	109027026	115138037	4114	-0.3845
77d2ed4f-892f-465e-a00d-65979ffaffe8	11	115140147	115214866	51	-0.0292
77d2ed4f-892f-465e-a00d-65979ffaffe8	11	115215228	115222277	6	-0.5631
77d2ed4f-892f-465e-a00d-65979ffaffe8	11	115222450	115294593	55	-0.0012
77d2ed4f-892f-465e-a00d-65979ffaffe8	11	115297512	115906319	417	-0.4043
77d2ed4f-892f-465e-a00d-65979ffaffe8	11	115907470	116093430	128	0.0113
77d2ed4f-892f-465e-a00d-65979ffaffe8	11	116097836	134272740	12576	-0.3974
77d2ed4f-892f-465e-a00d-65979ffaffe8	12	780472	1112660	165	0.8513
77d2ed4f-892f-465e-a00d-65979ffaffe8	12	1117070	4454562	1848	0.7058
77d2ed4f-892f-465e-a00d-65979ffaffe8	12	4454644	22264397	10509	0.6516
77d2ed4f-892f-465e-a00d-65979ffaffe8	12	22264407	22267576	2	-0.9506
77d2ed4f-892f-465e-a00d-65979ffaffe8	12	22267663	33368216	7181	0.6657
77d2ed4f-892f-465e-a00d-65979ffaffe8	12	38827290	81419369	24825	0.1689
77d2ed4f-892f-465e-a00d-65979ffaffe8	12	81420790	88248142	3745	0.1378
77d2ed4f-892f-465e-a00d-65979ffaffe8	12	88248818	91525110	1965	0.1668
77d2ed4f-892f-465e-a00d-65979ffaffe8	12	91528380	113044400	13651	0.1894
77d2ed4f-892f-465e-a00d-65979ffaffe8	12	113048725	113052272	2	-1.1047
77d2ed4f-892f-465e-a00d-65979ffaffe8	12	113056518	125505078	7220	0.2022
77d2ed4f-892f-465e-a00d-65979ffaffe8	12	125505327	125516076	2	-0.8578
77d2ed4f-892f-465e-a00d-65979ffaffe8	12	125516321	126334378	731	0.1885
77d2ed4f-892f-465e-a00d-65979ffaffe8	12	126334393	126337865	4	-0.4869
77d2ed4f-892f-465e-a00d-65979ffaffe8	12	126346650	128640884	1041	0.1965
77d2ed4f-892f-465e-a00d-65979ffaffe8	12	128641084	132605822	1399	0.1736
77d2ed4f-892f-465e-a00d-65979ffaffe8	13	18874255	46039979	17132	-0.3237
77d2ed4f-892f-465e-a00d-65979ffaffe8	13	46043077	46043233	3	-1.8914
77d2ed4f-892f-465e-a00d-65979ffaffe8	13	46045583	52483236	3206	-0.2966
77d2ed4f-892f-465e-a00d-65979ffaffe8	13	52599178	53709630	688	0.3899
77d2ed4f-892f-465e-a00d-65979ffaffe8	13	53711860	71852691	8933	0.3521
77d2ed4f-892f-465e-a00d-65979ffaffe8	13	71853634	79896897	5446	0.3857
77d2ed4f-892f-465e-a00d-65979ffaffe8	13	79897051	90715380	6095	0.3513
77d2ed4f-892f-465e-a00d-65979ffaffe8	13	90715792	103176542	8365	0.3965
77d2ed4f-892f-465e-a00d-65979ffaffe8	13	103177389	105952788	1673	0.351
77d2ed4f-892f-465e-a00d-65979ffaffe8	13	105953117	114226675	5375	0.4096
77d2ed4f-892f-465e-a00d-65979ffaffe8	14	20033191	20408554	241	0.2522
77d2ed4f-892f-465e-a00d-65979ffaffe8	14	20412169	20482024	64	0.3201
77d2ed4f-892f-465e-a00d-65979ffaffe8	14	20482102	20805213	211	0.7003
77d2ed4f-892f-465e-a00d-65979ffaffe8	14	20805592	20872492	42	0.347
77d2ed4f-892f-465e-a00d-65979ffaffe8	14	20964296	21065663	68	0.0077
77d2ed4f-892f-465e-a00d-65979ffaffe8	14	21066749	22903537	333	0.4972
77d2ed4f-892f-465e-a00d-65979ffaffe8	14	22903728	22989947	29	0.7704
77d2ed4f-892f-465e-a00d-65979ffaffe8	14	22996260	23403732	174	0.2672
77d2ed4f-892f-465e-a00d-65979ffaffe8	14	23403883	23954373	359	0.7105
77d2ed4f-892f-465e-a00d-65979ffaffe8	14	23954835	24031436	19	0.2936
77d2ed4f-892f-465e-a00d-65979ffaffe8	14	24031630	24332429	129	0.7034
77d2ed4f-892f-465e-a00d-65979ffaffe8	14	24337594	24342678	6	0.0387
77d2ed4f-892f-465e-a00d-65979ffaffe8	14	24343175	25073461	489	0.2818
77d2ed4f-892f-465e-a00d-65979ffaffe8	14	25074647	25090617	19	-0.0662
77d2ed4f-892f-465e-a00d-65979ffaffe8	14	25091471	25092197	2	-1.6392
77d2ed4f-892f-465e-a00d-65979ffaffe8	14	25094880	26294421	802	-0.0227
77d2ed4f-892f-465e-a00d-65979ffaffe8	14	26300516	26300519	3	-1.5607
77d2ed4f-892f-465e-a00d-65979ffaffe8	14	26300708	26443478	112	-0.0089
77d2ed4f-892f-465e-a00d-65979ffaffe8	14	26445648	27082038	384	-0.3886
77d2ed4f-892f-465e-a00d-65979ffaffe8	14	27082212	27619161	261	-0.0444
77d2ed4f-892f-465e-a00d-65979ffaffe8	14	27764475	30135017	1269	0.256
77d2ed4f-892f-465e-a00d-65979ffaffe8	14	30135148	30219556	61	0.4744
77d2ed4f-892f-465e-a00d-65979ffaffe8	14	30220667	30654945	230	0.2437
77d2ed4f-892f-465e-a00d-65979ffaffe8	14	30656765	30968707	182	0.0142
77d2ed4f-892f-465e-a00d-65979ffaffe8	14	30972225	31369649	172	-0.3673
77d2ed4f-892f-465e-a00d-65979ffaffe8	14	31371956	33665566	1702	0.0012
77d2ed4f-892f-465e-a00d-65979ffaffe8	14	33666933	34634943	666	0.2951
77d2ed4f-892f-465e-a00d-65979ffaffe8	14	34704418	34922157	109	-0.3767
77d2ed4f-892f-465e-a00d-65979ffaffe8	14	34925814	35022137	48	-0.1021
77d2ed4f-892f-465e-a00d-65979ffaffe8	14	35043129	35836833	306	0.2539
77d2ed4f-892f-465e-a00d-65979ffaffe8	14	35837903	37141277	1003	-0.0277
77d2ed4f-892f-465e-a00d-65979ffaffe8	14	37145052	38826646	863	-0.3973
77d2ed4f-892f-465e-a00d-65979ffaffe8	14	38828700	39428009	330	-0.0481
77d2ed4f-892f-465e-a00d-65979ffaffe8	14	39428506	39570726	81	0.2401
77d2ed4f-892f-465e-a00d-65979ffaffe8	14	39570865	40883413	612	-0.0532
77d2ed4f-892f-465e-a00d-65979ffaffe8	14	40883590	40897069	4	-1.2265
77d2ed4f-892f-465e-a00d-65979ffaffe8	14	40900554	46041994	1964	-0.043
77d2ed4f-892f-465e-a00d-65979ffaffe8	14	46043510	46990316	465	-0.3981
77d2ed4f-892f-465e-a00d-65979ffaffe8	14	46993862	47049277	40	-0.0782
77d2ed4f-892f-465e-a00d-65979ffaffe8	14	47051036	47099865	34	-0.4057
77d2ed4f-892f-465e-a00d-65979ffaffe8	14	47100298	47831170	414	-0.0295
77d2ed4f-892f-465e-a00d-65979ffaffe8	14	47834860	50447858	1395	-0.3717
77d2ed4f-892f-465e-a00d-65979ffaffe8	14	50459161	52098252	1209	0.0047
77d2ed4f-892f-465e-a00d-65979ffaffe8	14	52099962	52236668	107	-0.3661
77d2ed4f-892f-465e-a00d-65979ffaffe8	14	52236749	52265301	23	0.0256
77d2ed4f-892f-465e-a00d-65979ffaffe8	14	52266005	63741627	7194	-0.3887
77d2ed4f-892f-465e-a00d-65979ffaffe8	14	63758025	65475993	1157	-0.017
77d2ed4f-892f-465e-a00d-65979ffaffe8	14	65479819	76053462	6127	-0.3781
77d2ed4f-892f-465e-a00d-65979ffaffe8	14	76059741	76219535	115	-0.0604
77d2ed4f-892f-465e-a00d-65979ffaffe8	14	76222043	76587970	231	0.5109
77d2ed4f-892f-465e-a00d-65979ffaffe8	14	76592190	82780176	4098	-0.904
77d2ed4f-892f-465e-a00d-65979ffaffe8	14	82781152	98607115	10407	-0.343
77d2ed4f-892f-465e-a00d-65979ffaffe8	14	98608534	98783478	136	0.6098
77d2ed4f-892f-465e-a00d-65979ffaffe8	14	98974537	99517087	447	-0.3443
77d2ed4f-892f-465e-a00d-65979ffaffe8	14	99519992	99907141	256	0.6807
77d2ed4f-892f-465e-a00d-65979ffaffe8	14	99910552	99931274	20	-0.3291
77d2ed4f-892f-465e-a00d-65979ffaffe8	14	99939084	99969159	13	0.8211
77d2ed4f-892f-465e-a00d-65979ffaffe8	14	99969622	103069047	1564	-0.3535
77d2ed4f-892f-465e-a00d-65979ffaffe8	14	103075221	103116465	9	0.4707
77d2ed4f-892f-465e-a00d-65979ffaffe8	14	103119256	105413121	807	1.0166
77d2ed4f-892f-465e-a00d-65979ffaffe8	14	105432155	105533894	24	0.4345
77d2ed4f-892f-465e-a00d-65979ffaffe8	15	23437561	101344124	44759	0.2267
77d2ed4f-892f-465e-a00d-65979ffaffe8	16	603333	31841585	14015	0.0045
77d2ed4f-892f-465e-a00d-65979ffaffe8	16	46470502	50798821	2382	-0.8922
77d2ed4f-892f-465e-a00d-65979ffaffe8	16	50807884	50817665	10	-1.9242
77d2ed4f-892f-465e-a00d-65979ffaffe8	16	50817918	54822053	3061	-0.9005
77d2ed4f-892f-465e-a00d-65979ffaffe8	16	54825780	61539299	4233	-0.0089
77d2ed4f-892f-465e-a00d-65979ffaffe8	16	61541971	85273406	15103	-0.3745
77d2ed4f-892f-465e-a00d-65979ffaffe8	16	85275193	85277474	3	-4.655
77d2ed4f-892f-465e-a00d-65979ffaffe8	16	85278272	89317317	2215	-0.4291
77d2ed4f-892f-465e-a00d-65979ffaffe8	17	1074619	9441100	4201	-0.0677
77d2ed4f-892f-465e-a00d-65979ffaffe8	17	9442007	11021678	1016	0.2754
77d2ed4f-892f-465e-a00d-65979ffaffe8	17	11021787	12935760	1408	0.0977
77d2ed4f-892f-465e-a00d-65979ffaffe8	17	12936414	12963229	34	-0.3069
77d2ed4f-892f-465e-a00d-65979ffaffe8	17	12970070	17665632	1792	0.1
77d2ed4f-892f-465e-a00d-65979ffaffe8	17	17665698	18957997	481	0.2202
77d2ed4f-892f-465e-a00d-65979ffaffe8	17	19246050	38991105	6079	-0.0183
77d2ed4f-892f-465e-a00d-65979ffaffe8	17	38993320	54502491	7021	0.2623
77d2ed4f-892f-465e-a00d-65979ffaffe8	17	54518442	55028419	373	0.486
77d2ed4f-892f-465e-a00d-65979ffaffe8	17	55028894	55223033	126	0.2641
77d2ed4f-892f-465e-a00d-65979ffaffe8	17	55223851	59495103	2825	0.5086
77d2ed4f-892f-465e-a00d-65979ffaffe8	17	59498669	60992834	681	0.4346
77d2ed4f-892f-465e-a00d-65979ffaffe8	17	60992931	82959812	11215	0.5031
77d2ed4f-892f-465e-a00d-65979ffaffe8	18	326691	21109102	8261	0.4454
77d2ed4f-892f-465e-a00d-65979ffaffe8	18	21109786	70643252	30413	-0.2826
77d2ed4f-892f-465e-a00d-65979ffaffe8	18	70645531	77449728	3035	-0.3178
77d2ed4f-892f-465e-a00d-65979ffaffe8	18	77450086	77452114	3	-2.9508
77d2ed4f-892f-465e-a00d-65979ffaffe8	18	77452258	79349796	1168	-0.334
77d2ed4f-892f-465e-a00d-65979ffaffe8	19	283868	3902557	881	-0.3464
77d2ed4f-892f-465e-a00d-65979ffaffe8	19	3902724	3903006	2	-2.446
77d2ed4f-892f-465e-a00d-65979ffaffe8	19	3903832	23872082	8134	-0.307
77d2ed4f-892f-465e-a00d-65979ffaffe8	19	27749470	30118304	1820	0.04
77d2ed4f-892f-465e-a00d-65979ffaffe8	19	30118640	30119493	2	-1.0721
77d2ed4f-892f-465e-a00d-65979ffaffe8	19	30122281	34397147	2865	0.0372
77d2ed4f-892f-465e-a00d-65979ffaffe8	19	34398644	34690110	171	0.1905
77d2ed4f-892f-465e-a00d-65979ffaffe8	19	34690196	34708823	14	0.3498
77d2ed4f-892f-465e-a00d-65979ffaffe8	19	34711049	35358159	431	0.7693
77d2ed4f-892f-465e-a00d-65979ffaffe8	19	35358269	37991749	1246	0.6291
77d2ed4f-892f-465e-a00d-65979ffaffe8	19	37994825	38080483	66	1.0298
77d2ed4f-892f-465e-a00d-65979ffaffe8	19	38083707	40428074	1131	0.5956
77d2ed4f-892f-465e-a00d-65979ffaffe8	19	40428284	58370362	7326	-0.1584
77d2ed4f-892f-465e-a00d-65979ffaffe8	20	472817	692780	146	0.3829
77d2ed4f-892f-465e-a00d-65979ffaffe8	20	692898	1254374	272	0.4671
77d2ed4f-892f-465e-a00d-65979ffaffe8	20	1255767	4819603	2341	0.321
77d2ed4f-892f-465e-a00d-65979ffaffe8	20	4869687	6434047	866	0.4244
77d2ed4f-892f-465e-a00d-65979ffaffe8	20	6436609	9631771	1930	0.3093
77d2ed4f-892f-465e-a00d-65979ffaffe8	20	9631789	11487048	1507	0.4313
77d2ed4f-892f-465e-a00d-65979ffaffe8	20	11487693	31247668	9885	0.31
77d2ed4f-892f-465e-a00d-65979ffaffe8	20	31256075	32944823	817	0.0604
77d2ed4f-892f-465e-a00d-65979ffaffe8	20	32945534	33463099	343	0.2455
77d2ed4f-892f-465e-a00d-65979ffaffe8	20	33463313	35730989	1000	0.3943
77d2ed4f-892f-465e-a00d-65979ffaffe8	20	35739813	36435130	291	0.2504
77d2ed4f-892f-465e-a00d-65979ffaffe8	20	36435619	36916270	188	0.3727
77d2ed4f-892f-465e-a00d-65979ffaffe8	20	36921032	37184911	218	0.2526
77d2ed4f-892f-465e-a00d-65979ffaffe8	20	37190393	39599325	1518	0.392
77d2ed4f-892f-465e-a00d-65979ffaffe8	20	39604521	51533921	7902	0.243
77d2ed4f-892f-465e-a00d-65979ffaffe8	20	51534134	57850968	4566	0.1057
77d2ed4f-892f-465e-a00d-65979ffaffe8	20	57850983	63155226	3608	0.2464
77d2ed4f-892f-465e-a00d-65979ffaffe8	20	63158074	63588502	120	0.4994
77d2ed4f-892f-465e-a00d-65979ffaffe8	21	13974127	23270950	5618	-0.3826
77d2ed4f-892f-465e-a00d-65979ffaffe8	21	23271314	23366809	55	-0.022
77d2ed4f-892f-465e-a00d-65979ffaffe8	21	23366835	30204783	4819	-0.3766
77d2ed4f-892f-465e-a00d-65979ffaffe8	21	30206598	30283700	53	-0.017
77d2ed4f-892f-465e-a00d-65979ffaffe8	21	30284160	38526482	5436	-0.3576
77d2ed4f-892f-465e-a00d-65979ffaffe8	21	38529577	40205303	1240	-0.1016
77d2ed4f-892f-465e-a00d-65979ffaffe8	21	40205892	40451665	204	0.0315
77d2ed4f-892f-465e-a00d-65979ffaffe8	21	40451749	44827515	2574	-0.3111
77d2ed4f-892f-465e-a00d-65979ffaffe8	21	44834696	44857442	18	-0.8548
77d2ed4f-892f-465e-a00d-65979ffaffe8	21	44857572	46262057	533	-0.3647
77d2ed4f-892f-465e-a00d-65979ffaffe8	22	16934932	23474170	860	-0.3829
77d2ed4f-892f-465e-a00d-65979ffaffe8	22	23474201	35234747	8089	0.0077
77d2ed4f-892f-465e-a00d-65979ffaffe8	22	35234841	48940621	8109	-0.0164
77d2ed4f-892f-465e-a00d-65979ffaffe8	X	3236359	8177692	777	-0.289
77d2ed4f-892f-465e-a00d-65979ffaffe8	X	8183618	54077137	21446	0.1088
77d2ed4f-892f-465e-a00d-65979ffaffe8	X	54077317	57294351	1296	0.2481
77d2ed4f-892f-465e-a00d-65979ffaffe8	X	57301738	79765140	6382	-0.0355
77d2ed4f-892f-465e-a00d-65979ffaffe8	X	79776828	79861301	60	0.2219
77d2ed4f-892f-465e-a00d-65979ffaffe8	X	79861527	90062251	4771	-0.0676
77d2ed4f-892f-465e-a00d-65979ffaffe8	X	90063033	93268728	694	-0.6453
77d2ed4f-892f-465e-a00d-65979ffaffe8	X	93269056	155677414	28122	-0.0522
