GDC_Aliquot	Chromosome	Start	End	Num_Probes	Segment_Mean
ae0fe7b8-3e13-4418-8e42-1d1572e6936b	1	3301765	26730873	12795	-0.4439
ae0fe7b8-3e13-4418-8e42-1d1572e6936b	1	26741188	48053141	11233	-0.147
ae0fe7b8-3e13-4418-8e42-1d1572e6936b	1	48053843	62180510	8917	-0.1757
ae0fe7b8-3e13-4418-8e42-1d1572e6936b	1	62181086	89967930	17211	-0.4942
ae0fe7b8-3e13-4418-8e42-1d1572e6936b	1	89968166	89971073	7	-5.01
ae0fe7b8-3e13-4418-8e42-1d1572e6936b	1	89971610	89977671	3	-2.291
ae0fe7b8-3e13-4418-8e42-1d1572e6936b	1	89986113	113208595	13530	-0.5005
ae0fe7b8-3e13-4418-8e42-1d1572e6936b	1	113208823	113209018	2	-2.7529
ae0fe7b8-3e13-4418-8e42-1d1572e6936b	1	113209037	146716041	4186	-0.4881
ae0fe7b8-3e13-4418-8e42-1d1572e6936b	1	149906351	152302521	995	0.3146
ae0fe7b8-3e13-4418-8e42-1d1572e6936b	1	152302977	157295539	2494	0.359
ae0fe7b8-3e13-4418-8e42-1d1572e6936b	1	157300051	164683642	4936	0.3212
ae0fe7b8-3e13-4418-8e42-1d1572e6936b	1	164686204	165498571	785	0.3766
ae0fe7b8-3e13-4418-8e42-1d1572e6936b	1	165498628	171684189	4406	0.3218
ae0fe7b8-3e13-4418-8e42-1d1572e6936b	1	171684422	175015661	1928	0.2917
ae0fe7b8-3e13-4418-8e42-1d1572e6936b	1	175015749	185100429	6349	0.3325
ae0fe7b8-3e13-4418-8e42-1d1572e6936b	1	185101760	200606806	9124	0.2714
ae0fe7b8-3e13-4418-8e42-1d1572e6936b	1	200613204	209620126	5939	0.3568
ae0fe7b8-3e13-4418-8e42-1d1572e6936b	1	209620674	210603920	745	0.2472
ae0fe7b8-3e13-4418-8e42-1d1572e6936b	1	210604989	210607203	3	-0.7698
ae0fe7b8-3e13-4418-8e42-1d1572e6936b	1	210609581	215259367	3121	0.2294
ae0fe7b8-3e13-4418-8e42-1d1572e6936b	1	215262458	218004190	1828	0.1815
ae0fe7b8-3e13-4418-8e42-1d1572e6936b	1	218006249	218008896	6	-0.5777
ae0fe7b8-3e13-4418-8e42-1d1572e6936b	1	218008915	218255756	190	0.1938
ae0fe7b8-3e13-4418-8e42-1d1572e6936b	1	218256102	247650984	18604	0.2287
ae0fe7b8-3e13-4418-8e42-1d1572e6936b	2	480597	46300401	27641	-0.4638
ae0fe7b8-3e13-4418-8e42-1d1572e6936b	2	46301148	46303919	3	-2.7855
ae0fe7b8-3e13-4418-8e42-1d1572e6936b	2	46304197	81965264	19975	-0.4674
ae0fe7b8-3e13-4418-8e42-1d1572e6936b	2	81967193	81969821	3	-0.0648
ae0fe7b8-3e13-4418-8e42-1d1572e6936b	2	82090732	85112936	1685	0.7976
ae0fe7b8-3e13-4418-8e42-1d1572e6936b	2	85113324	86443441	680	0.8756
ae0fe7b8-3e13-4418-8e42-1d1572e6936b	2	86444085	94675825	595	0.8225
ae0fe7b8-3e13-4418-8e42-1d1572e6936b	2	94675975	94703691	10	0.4002
ae0fe7b8-3e13-4418-8e42-1d1572e6936b	2	94706535	94833666	40	0.2175
ae0fe7b8-3e13-4418-8e42-1d1572e6936b	2	94833669	95403809	196	0.3509
ae0fe7b8-3e13-4418-8e42-1d1572e6936b	2	95405756	101060201	2436	0.218
ae0fe7b8-3e13-4418-8e42-1d1572e6936b	2	101060720	103081917	1218	0.1638
ae0fe7b8-3e13-4418-8e42-1d1572e6936b	2	103082926	104410351	779	0.1069
ae0fe7b8-3e13-4418-8e42-1d1572e6936b	2	104410666	111717890	3682	0.1784
ae0fe7b8-3e13-4418-8e42-1d1572e6936b	2	111720547	111737323	5	0.9207
ae0fe7b8-3e13-4418-8e42-1d1572e6936b	2	111741134	114628878	1552	0.1723
ae0fe7b8-3e13-4418-8e42-1d1572e6936b	2	114629270	117514716	1187	0.1139
ae0fe7b8-3e13-4418-8e42-1d1572e6936b	2	117514769	120311535	1737	0.1817
ae0fe7b8-3e13-4418-8e42-1d1572e6936b	2	120315886	121945545	961	0.2101
ae0fe7b8-3e13-4418-8e42-1d1572e6936b	2	121947227	126427355	1967	0.1232
ae0fe7b8-3e13-4418-8e42-1d1572e6936b	2	126427648	127793796	788	0.173
ae0fe7b8-3e13-4418-8e42-1d1572e6936b	2	127795429	127796774	3	-0.6893
ae0fe7b8-3e13-4418-8e42-1d1572e6936b	2	127802243	134635388	3267	0.1612
ae0fe7b8-3e13-4418-8e42-1d1572e6936b	2	134635540	167685237	18735	0.1224
ae0fe7b8-3e13-4418-8e42-1d1572e6936b	2	167688690	179841775	7733	0.1516
ae0fe7b8-3e13-4418-8e42-1d1572e6936b	2	179841842	197214835	8464	0.1123
ae0fe7b8-3e13-4418-8e42-1d1572e6936b	2	197215656	197455417	89	0.1781
ae0fe7b8-3e13-4418-8e42-1d1572e6936b	2	197459087	197486320	11	0.6792
ae0fe7b8-3e13-4418-8e42-1d1572e6936b	2	197487555	197551716	20	0.0865
ae0fe7b8-3e13-4418-8e42-1d1572e6936b	2	197557674	198287337	390	0.5775
ae0fe7b8-3e13-4418-8e42-1d1572e6936b	2	198290010	201030880	1686	0.1408
ae0fe7b8-3e13-4418-8e42-1d1572e6936b	2	201031921	206349462	2975	0.584
ae0fe7b8-3e13-4418-8e42-1d1572e6936b	2	206352204	209142218	1653	0.1295
ae0fe7b8-3e13-4418-8e42-1d1572e6936b	2	209142599	229415507	12695	-0.7511
ae0fe7b8-3e13-4418-8e42-1d1572e6936b	2	229417777	229421935	2	-3.2835
ae0fe7b8-3e13-4418-8e42-1d1572e6936b	2	229422423	233324589	1842	-0.7616
ae0fe7b8-3e13-4418-8e42-1d1572e6936b	2	233326182	233326656	3	-2.8289
ae0fe7b8-3e13-4418-8e42-1d1572e6936b	2	233327174	239137164	3721	-0.7355
ae0fe7b8-3e13-4418-8e42-1d1572e6936b	2	239137733	239139610	2	-4.4155
ae0fe7b8-3e13-4418-8e42-1d1572e6936b	2	239143835	241537572	1361	-0.7526
ae0fe7b8-3e13-4418-8e42-1d1572e6936b	3	2170634	8230516	3428	0.3969
ae0fe7b8-3e13-4418-8e42-1d1572e6936b	3	8231029	15078541	4479	0.4448
ae0fe7b8-3e13-4418-8e42-1d1572e6936b	3	15079441	16582509	1008	0.4041
ae0fe7b8-3e13-4418-8e42-1d1572e6936b	3	16582589	18220365	903	0.3499
ae0fe7b8-3e13-4418-8e42-1d1572e6936b	3	18225882	18235642	7	-0.6929
ae0fe7b8-3e13-4418-8e42-1d1572e6936b	3	18236691	36404099	10702	0.3683
ae0fe7b8-3e13-4418-8e42-1d1572e6936b	3	36404826	41157986	2963	0.4096
ae0fe7b8-3e13-4418-8e42-1d1572e6936b	3	41161400	41333913	247	0.3085
ae0fe7b8-3e13-4418-8e42-1d1572e6936b	3	41334083	69429678	16003	0.4118
ae0fe7b8-3e13-4418-8e42-1d1572e6936b	3	69431887	70468078	792	0.2705
ae0fe7b8-3e13-4418-8e42-1d1572e6936b	3	70468124	74074574	2591	0.3126
ae0fe7b8-3e13-4418-8e42-1d1572e6936b	3	74074712	82706220	4493	0.253
ae0fe7b8-3e13-4418-8e42-1d1572e6936b	3	82706841	82707026	2	1.4183
ae0fe7b8-3e13-4418-8e42-1d1572e6936b	3	82709592	106816864	10504	0.2405
ae0fe7b8-3e13-4418-8e42-1d1572e6936b	3	106817207	122697331	9102	0.3839
ae0fe7b8-3e13-4418-8e42-1d1572e6936b	3	122697578	129651589	4056	0.4494
ae0fe7b8-3e13-4418-8e42-1d1572e6936b	3	129652676	131957154	1263	0.3804
ae0fe7b8-3e13-4418-8e42-1d1572e6936b	3	131957740	142005802	5887	0.4126
ae0fe7b8-3e13-4418-8e42-1d1572e6936b	3	142008144	149375306	3429	0.3728
ae0fe7b8-3e13-4418-8e42-1d1572e6936b	3	149381582	151430180	1228	-0.3081
ae0fe7b8-3e13-4418-8e42-1d1572e6936b	3	151432634	151583409	82	0.1485
ae0fe7b8-3e13-4418-8e42-1d1572e6936b	3	151585396	151692136	83	-0.2924
ae0fe7b8-3e13-4418-8e42-1d1572e6936b	3	151696157	157269906	3019	0.141
ae0fe7b8-3e13-4418-8e42-1d1572e6936b	3	157273603	157304799	34	0.5207
ae0fe7b8-3e13-4418-8e42-1d1572e6936b	3	157306867	157327720	11	0.2189
ae0fe7b8-3e13-4418-8e42-1d1572e6936b	3	157328061	182718773	12792	-0.304
ae0fe7b8-3e13-4418-8e42-1d1572e6936b	3	182719954	197812401	7838	-0.2727
ae0fe7b8-3e13-4418-8e42-1d1572e6936b	4	1059384	5591618	2201	0.3185
ae0fe7b8-3e13-4418-8e42-1d1572e6936b	4	5591810	8609449	2086	0.3651
ae0fe7b8-3e13-4418-8e42-1d1572e6936b	4	8614369	10382492	604	0.3171
ae0fe7b8-3e13-4418-8e42-1d1572e6936b	4	10385128	23875606	9316	0.2538
ae0fe7b8-3e13-4418-8e42-1d1572e6936b	4	23879854	26175750	1626	0.2972
ae0fe7b8-3e13-4418-8e42-1d1572e6936b	4	26176244	27715796	930	0.2549
ae0fe7b8-3e13-4418-8e42-1d1572e6936b	4	27718168	36617417	5231	0.2179
ae0fe7b8-3e13-4418-8e42-1d1572e6936b	4	36617970	42406155	3561	0.2682
ae0fe7b8-3e13-4418-8e42-1d1572e6936b	4	42410670	47273586	2281	0.2251
ae0fe7b8-3e13-4418-8e42-1d1572e6936b	4	47273732	52245977	710	0.2599
ae0fe7b8-3e13-4418-8e42-1d1572e6936b	4	52246188	53850763	979	0.2963
ae0fe7b8-3e13-4418-8e42-1d1572e6936b	4	53850843	58134554	2875	0.1932
ae0fe7b8-3e13-4418-8e42-1d1572e6936b	4	58140307	72835775	7387	0.148
ae0fe7b8-3e13-4418-8e42-1d1572e6936b	4	72843709	89826348	10289	0.1677
ae0fe7b8-3e13-4418-8e42-1d1572e6936b	4	89826410	112150411	12318	0.1443
ae0fe7b8-3e13-4418-8e42-1d1572e6936b	4	112150539	124538250	7015	0.194
ae0fe7b8-3e13-4418-8e42-1d1572e6936b	4	124539196	124541780	3	-1.0015
ae0fe7b8-3e13-4418-8e42-1d1572e6936b	4	124541870	129521828	2602	0.2042
ae0fe7b8-3e13-4418-8e42-1d1572e6936b	4	129524194	137328732	3628	0.1724
ae0fe7b8-3e13-4418-8e42-1d1572e6936b	4	137329428	150590265	7644	0.2096
ae0fe7b8-3e13-4418-8e42-1d1572e6936b	4	150591371	183288582	17904	0.1127
ae0fe7b8-3e13-4418-8e42-1d1572e6936b	4	183292405	185543171	638	0.154
ae0fe7b8-3e13-4418-8e42-1d1572e6936b	4	185544207	185618054	62	0.2739
ae0fe7b8-3e13-4418-8e42-1d1572e6936b	4	185621317	187842528	1369	-0.8687
ae0fe7b8-3e13-4418-8e42-1d1572e6936b	5	913983	3840164	1815	0.6126
ae0fe7b8-3e13-4418-8e42-1d1572e6936b	5	3840267	17426200	9028	0.5701
ae0fe7b8-3e13-4418-8e42-1d1572e6936b	5	17426275	17436459	6	0.8827
ae0fe7b8-3e13-4418-8e42-1d1572e6936b	5	17437385	23628608	3006	0.5017
ae0fe7b8-3e13-4418-8e42-1d1572e6936b	5	23628748	23630852	3	-0.7018
ae0fe7b8-3e13-4418-8e42-1d1572e6936b	5	23637493	30808805	3847	0.4989
ae0fe7b8-3e13-4418-8e42-1d1572e6936b	5	30810407	39701817	5424	0.5572
ae0fe7b8-3e13-4418-8e42-1d1572e6936b	5	39706257	55757045	5931	0.5167
ae0fe7b8-3e13-4418-8e42-1d1572e6936b	5	55757203	55761047	5	-0.2364
ae0fe7b8-3e13-4418-8e42-1d1572e6936b	5	55763064	71464112	8207	0.5109
ae0fe7b8-3e13-4418-8e42-1d1572e6936b	5	71467027	74677812	2190	0.5506
ae0fe7b8-3e13-4418-8e42-1d1572e6936b	5	74678423	81401888	3909	0.5056
ae0fe7b8-3e13-4418-8e42-1d1572e6936b	5	81406528	109663654	14152	0.4802
ae0fe7b8-3e13-4418-8e42-1d1572e6936b	5	109663811	117670282	5056	0.5092
ae0fe7b8-3e13-4418-8e42-1d1572e6936b	5	117671307	122100728	2501	0.48
ae0fe7b8-3e13-4418-8e42-1d1572e6936b	5	122100868	132196114	5785	0.5074
ae0fe7b8-3e13-4418-8e42-1d1572e6936b	5	132196941	137733924	3666	0.5591
ae0fe7b8-3e13-4418-8e42-1d1572e6936b	5	137734756	140178986	1037	0.4527
ae0fe7b8-3e13-4418-8e42-1d1572e6936b	5	140197634	150591522	6505	0.4022
ae0fe7b8-3e13-4418-8e42-1d1572e6936b	5	150591845	161170770	7001	0.2936
ae0fe7b8-3e13-4418-8e42-1d1572e6936b	5	161171884	161172535	3	-2.2056
ae0fe7b8-3e13-4418-8e42-1d1572e6936b	5	161177883	162496013	743	0.2489
ae0fe7b8-3e13-4418-8e42-1d1572e6936b	5	162496040	162496057	2	-1.0843
ae0fe7b8-3e13-4418-8e42-1d1572e6936b	5	162497514	167882066	3430	0.2668
ae0fe7b8-3e13-4418-8e42-1d1572e6936b	5	167882134	180934240	7651	0.3493
ae0fe7b8-3e13-4418-8e42-1d1572e6936b	6	1011760	57347009	33996	-0.5033
ae0fe7b8-3e13-4418-8e42-1d1572e6936b	6	61527062	63792914	1027	0.2463
ae0fe7b8-3e13-4418-8e42-1d1572e6936b	6	63793410	64053953	151	0.6566
ae0fe7b8-3e13-4418-8e42-1d1572e6936b	6	64054674	64068833	7	0.2188
ae0fe7b8-3e13-4418-8e42-1d1572e6936b	6	64069732	64126711	11	0.6645
ae0fe7b8-3e13-4418-8e42-1d1572e6936b	6	64130256	70113790	3410	-0.0723
ae0fe7b8-3e13-4418-8e42-1d1572e6936b	6	70114260	70298267	183	0.3073
ae0fe7b8-3e13-4418-8e42-1d1572e6936b	6	70298787	70301893	3	1.1084
ae0fe7b8-3e13-4418-8e42-1d1572e6936b	6	70303288	70356147	37	0.3641
ae0fe7b8-3e13-4418-8e42-1d1572e6936b	6	70356321	91460292	11989	-0.0426
ae0fe7b8-3e13-4418-8e42-1d1572e6936b	6	91461501	104900703	6982	-0.0711
ae0fe7b8-3e13-4418-8e42-1d1572e6936b	6	104901718	114008037	5642	-0.0314
ae0fe7b8-3e13-4418-8e42-1d1572e6936b	6	114010145	147503433	19631	-0.0566
ae0fe7b8-3e13-4418-8e42-1d1572e6936b	6	147504006	154935155	5267	-0.0356
ae0fe7b8-3e13-4418-8e42-1d1572e6936b	6	154935533	154964216	22	0.0467
ae0fe7b8-3e13-4418-8e42-1d1572e6936b	6	154969669	154975939	5	0.8254
ae0fe7b8-3e13-4418-8e42-1d1572e6936b	6	154976487	170596889	8495	-0.0057
ae0fe7b8-3e13-4418-8e42-1d1572e6936b	7	664936	1881190	287	0.5037
ae0fe7b8-3e13-4418-8e42-1d1572e6936b	7	1881432	1889026	4	-0.722
ae0fe7b8-3e13-4418-8e42-1d1572e6936b	7	1892456	5336294	1522	0.5236
ae0fe7b8-3e13-4418-8e42-1d1572e6936b	7	5336401	7564414	878	0.3087
ae0fe7b8-3e13-4418-8e42-1d1572e6936b	7	7572218	21617453	7925	0.2447
ae0fe7b8-3e13-4418-8e42-1d1572e6936b	7	21617512	45034200	14976	0.2884
ae0fe7b8-3e13-4418-8e42-1d1572e6936b	7	45049388	52881204	5586	-0.5414
ae0fe7b8-3e13-4418-8e42-1d1572e6936b	7	52883255	57864241	2313	-0.4628
ae0fe7b8-3e13-4418-8e42-1d1572e6936b	7	57876479	72872372	4078	0.3212
ae0fe7b8-3e13-4418-8e42-1d1572e6936b	7	72880997	72931874	17	-0.4367
ae0fe7b8-3e13-4418-8e42-1d1572e6936b	7	73312738	78908462	2140	0.3015
ae0fe7b8-3e13-4418-8e42-1d1572e6936b	7	78910008	95775724	8917	0.2534
ae0fe7b8-3e13-4418-8e42-1d1572e6936b	7	95778975	106646276	5418	0.2937
ae0fe7b8-3e13-4418-8e42-1d1572e6936b	7	106647333	110799516	2323	0.2621
ae0fe7b8-3e13-4418-8e42-1d1572e6936b	7	110799856	126672790	8270	0.2414
ae0fe7b8-3e13-4418-8e42-1d1572e6936b	7	126673430	131498459	2446	0.2756
ae0fe7b8-3e13-4418-8e42-1d1572e6936b	7	131499020	132790917	871	0.3423
ae0fe7b8-3e13-4418-8e42-1d1572e6936b	7	132791650	147881348	8249	0.2748
ae0fe7b8-3e13-4418-8e42-1d1572e6936b	7	147882949	158592540	5550	0.3227
ae0fe7b8-3e13-4418-8e42-1d1572e6936b	8	667625	9059563	3813	0.3448
ae0fe7b8-3e13-4418-8e42-1d1572e6936b	8	9152396	9183592	19	0.8377
ae0fe7b8-3e13-4418-8e42-1d1572e6936b	8	9325829	13559157	2121	0.3637
ae0fe7b8-3e13-4418-8e42-1d1572e6936b	8	13566410	17303865	2598	0.3076
ae0fe7b8-3e13-4418-8e42-1d1572e6936b	8	17308259	18314502	907	0.3421
ae0fe7b8-3e13-4418-8e42-1d1572e6936b	8	18325961	30053156	8231	0.3754
ae0fe7b8-3e13-4418-8e42-1d1572e6936b	8	30053599	42778100	7235	0.3399
ae0fe7b8-3e13-4418-8e42-1d1572e6936b	8	42778379	58936605	7087	0.1897
ae0fe7b8-3e13-4418-8e42-1d1572e6936b	8	58937044	68245441	5332	0.161
ae0fe7b8-3e13-4418-8e42-1d1572e6936b	8	68248723	76241530	4918	0.4425
ae0fe7b8-3e13-4418-8e42-1d1572e6936b	8	76241831	91624157	8189	0.1513
ae0fe7b8-3e13-4418-8e42-1d1572e6936b	8	91625745	105123661	8025	0.1946
ae0fe7b8-3e13-4418-8e42-1d1572e6936b	8	105123794	108203681	1576	0.1681
ae0fe7b8-3e13-4418-8e42-1d1572e6936b	8	108203687	116023213	4007	0.1439
ae0fe7b8-3e13-4418-8e42-1d1572e6936b	8	116025950	121061992	3429	0.183
ae0fe7b8-3e13-4418-8e42-1d1572e6936b	8	121062168	122558271	946	0.4294
ae0fe7b8-3e13-4418-8e42-1d1572e6936b	8	122559641	125769804	2167	0.4826
ae0fe7b8-3e13-4418-8e42-1d1572e6936b	8	125770496	127430224	1190	0.4416
ae0fe7b8-3e13-4418-8e42-1d1572e6936b	8	127435304	127440521	2	-0.9682
ae0fe7b8-3e13-4418-8e42-1d1572e6936b	8	127441520	132860077	3762	0.4587
ae0fe7b8-3e13-4418-8e42-1d1572e6936b	8	132864328	133722977	794	0.516
ae0fe7b8-3e13-4418-8e42-1d1572e6936b	8	133723615	138650508	3642	0.4597
ae0fe7b8-3e13-4418-8e42-1d1572e6936b	8	138652901	141171750	1514	0.5288
ae0fe7b8-3e13-4418-8e42-1d1572e6936b	8	141172318	143029865	273	0.6272
ae0fe7b8-3e13-4418-8e42-1d1572e6936b	8	143030864	143516839	142	0.5288
ae0fe7b8-3e13-4418-8e42-1d1572e6936b	8	143517008	144182542	145	0.2473
ae0fe7b8-3e13-4418-8e42-1d1572e6936b	9	789794	4559024	2703	0.0073
ae0fe7b8-3e13-4418-8e42-1d1572e6936b	9	4560243	4560348	2	2.1138
ae0fe7b8-3e13-4418-8e42-1d1572e6936b	9	4560569	4616579	70	0.0665
ae0fe7b8-3e13-4418-8e42-1d1572e6936b	9	4619559	19516865	9082	-0.0129
ae0fe7b8-3e13-4418-8e42-1d1572e6936b	9	19520744	30289313	6542	-0.043
ae0fe7b8-3e13-4418-8e42-1d1572e6936b	9	30291815	31711998	779	0.061
ae0fe7b8-3e13-4418-8e42-1d1572e6936b	9	31712033	71142239	6414	0.157
ae0fe7b8-3e13-4418-8e42-1d1572e6936b	9	71142762	82985329	8075	0.0923
ae0fe7b8-3e13-4418-8e42-1d1572e6936b	9	82986085	83460496	386	0.1942
ae0fe7b8-3e13-4418-8e42-1d1572e6936b	9	83462323	88314304	3394	0.1601
ae0fe7b8-3e13-4418-8e42-1d1572e6936b	9	88320072	88321310	3	-1.1398
ae0fe7b8-3e13-4418-8e42-1d1572e6936b	9	88321998	96624599	5298	0.1653
ae0fe7b8-3e13-4418-8e42-1d1572e6936b	9	96628337	96644468	6	-0.7801
ae0fe7b8-3e13-4418-8e42-1d1572e6936b	9	96646653	99510292	1809	0.1748
ae0fe7b8-3e13-4418-8e42-1d1572e6936b	9	99511296	101789816	1364	0.1284
ae0fe7b8-3e13-4418-8e42-1d1572e6936b	9	101792474	101792916	4	-0.6578
ae0fe7b8-3e13-4418-8e42-1d1572e6936b	9	101792954	106711506	2877	0.1134
ae0fe7b8-3e13-4418-8e42-1d1572e6936b	9	106713606	125984603	13392	0.16
ae0fe7b8-3e13-4418-8e42-1d1572e6936b	9	125985970	137396394	5905	0.2017
ae0fe7b8-3e13-4418-8e42-1d1572e6936b	9	137396579	138044505	234	0.0272
ae0fe7b8-3e13-4418-8e42-1d1572e6936b	10	366509	15262880	10841	-0.4806
ae0fe7b8-3e13-4418-8e42-1d1572e6936b	10	15263085	15263219	2	-2.6829
ae0fe7b8-3e13-4418-8e42-1d1572e6936b	10	15263659	128865893	68304	-0.4835
ae0fe7b8-3e13-4418-8e42-1d1572e6936b	10	128871673	128875540	9	-3.9772
ae0fe7b8-3e13-4418-8e42-1d1572e6936b	10	128877126	133411599	1827	-0.4928
ae0fe7b8-3e13-4418-8e42-1d1572e6936b	11	456012	9848239	5034	-0.4787
ae0fe7b8-3e13-4418-8e42-1d1572e6936b	11	9849469	9849566	2	-2.6421
ae0fe7b8-3e13-4418-8e42-1d1572e6936b	11	9850135	68458551	30779	-0.4916
ae0fe7b8-3e13-4418-8e42-1d1572e6936b	11	68462557	69033085	285	-0.7618
ae0fe7b8-3e13-4418-8e42-1d1572e6936b	11	69033149	69065262	8	-1.5036
ae0fe7b8-3e13-4418-8e42-1d1572e6936b	11	69075023	69075127	2	-3.7027
ae0fe7b8-3e13-4418-8e42-1d1572e6936b	11	69079537	69103980	25	-0.8003
ae0fe7b8-3e13-4418-8e42-1d1572e6936b	11	69104171	69118988	8	-1.9525
ae0fe7b8-3e13-4418-8e42-1d1572e6936b	11	69119927	76657283	3908	-0.743
ae0fe7b8-3e13-4418-8e42-1d1572e6936b	11	76658960	80195458	2318	0.2124
ae0fe7b8-3e13-4418-8e42-1d1572e6936b	11	80197445	101089486	13037	0.1663
ae0fe7b8-3e13-4418-8e42-1d1572e6936b	11	101090280	101091096	2	-1.2153
ae0fe7b8-3e13-4418-8e42-1d1572e6936b	11	101092142	110899033	5720	0.1579
ae0fe7b8-3e13-4418-8e42-1d1572e6936b	11	110899647	123931359	9141	0.2193
ae0fe7b8-3e13-4418-8e42-1d1572e6936b	11	123931521	124697622	569	0.1518
ae0fe7b8-3e13-4418-8e42-1d1572e6936b	11	124701076	134272740	6469	0.213
ae0fe7b8-3e13-4418-8e42-1d1572e6936b	12	780472	1777059	226	0.2367
ae0fe7b8-3e13-4418-8e42-1d1572e6936b	12	1779507	3640146	1164	0.3245
ae0fe7b8-3e13-4418-8e42-1d1572e6936b	12	3640565	4813458	857	0.2487
ae0fe7b8-3e13-4418-8e42-1d1572e6936b	12	4815135	7262050	1702	0.3097
ae0fe7b8-3e13-4418-8e42-1d1572e6936b	12	7263877	9851218	971	0.2417
ae0fe7b8-3e13-4418-8e42-1d1572e6936b	12	9853821	14353011	2785	0.1342
ae0fe7b8-3e13-4418-8e42-1d1572e6936b	12	14353755	25715924	7036	0.1043
ae0fe7b8-3e13-4418-8e42-1d1572e6936b	12	25716834	38827290	4935	0.1316
ae0fe7b8-3e13-4418-8e42-1d1572e6936b	12	38829764	40332126	805	-0.5891
ae0fe7b8-3e13-4418-8e42-1d1572e6936b	12	40343313	40356467	8	0.1166
ae0fe7b8-3e13-4418-8e42-1d1572e6936b	12	40356669	41460404	784	-0.5978
ae0fe7b8-3e13-4418-8e42-1d1572e6936b	12	41463927	41859148	278	-0.0365
ae0fe7b8-3e13-4418-8e42-1d1572e6936b	12	41859384	46723376	2462	-0.5736
ae0fe7b8-3e13-4418-8e42-1d1572e6936b	12	46725590	59150722	6732	0.0037
ae0fe7b8-3e13-4418-8e42-1d1572e6936b	12	59150872	62425984	1884	-0.0671
ae0fe7b8-3e13-4418-8e42-1d1572e6936b	12	62426184	70283736	5100	-0.0271
ae0fe7b8-3e13-4418-8e42-1d1572e6936b	12	70283876	70288034	2	-1.5696
ae0fe7b8-3e13-4418-8e42-1d1572e6936b	12	70290014	83742952	8059	-0.0463
ae0fe7b8-3e13-4418-8e42-1d1572e6936b	12	83743458	91877239	4594	-0.0739
ae0fe7b8-3e13-4418-8e42-1d1572e6936b	12	91878568	91879162	2	-1.8911
ae0fe7b8-3e13-4418-8e42-1d1572e6936b	12	91880292	103448625	7478	-0.0451
ae0fe7b8-3e13-4418-8e42-1d1572e6936b	12	103452402	103483556	23	-1.0469
ae0fe7b8-3e13-4418-8e42-1d1572e6936b	12	103483845	103537574	38	-0.063
ae0fe7b8-3e13-4418-8e42-1d1572e6936b	12	103539265	124157819	12193	0.0028
ae0fe7b8-3e13-4418-8e42-1d1572e6936b	12	124157930	124684849	329	0.0989
ae0fe7b8-3e13-4418-8e42-1d1572e6936b	12	124685411	130961150	3061	-0.0178
ae0fe7b8-3e13-4418-8e42-1d1572e6936b	12	130961964	130967494	2	-1.4614
ae0fe7b8-3e13-4418-8e42-1d1572e6936b	12	130969842	132605822	646	0.0089
ae0fe7b8-3e13-4418-8e42-1d1572e6936b	13	18874255	23488582	2411	-0.4626
ae0fe7b8-3e13-4418-8e42-1d1572e6936b	13	23488596	48314337	16181	-0.8152
ae0fe7b8-3e13-4418-8e42-1d1572e6936b	13	48314358	48324299	11	-0.2798
ae0fe7b8-3e13-4418-8e42-1d1572e6936b	13	48324520	49561200	823	-0.5516
ae0fe7b8-3e13-4418-8e42-1d1572e6936b	13	49561327	49564173	2	-2.8176
ae0fe7b8-3e13-4418-8e42-1d1572e6936b	13	49566539	68577783	8514	-0.5731
ae0fe7b8-3e13-4418-8e42-1d1572e6936b	13	68577823	95680799	16743	-0.451
ae0fe7b8-3e13-4418-8e42-1d1572e6936b	13	95689768	114226675	12036	-0.4214
ae0fe7b8-3e13-4418-8e42-1d1572e6936b	14	20033191	20569189	340	0.3319
ae0fe7b8-3e13-4418-8e42-1d1572e6936b	14	20570547	20574058	2	-0.9148
ae0fe7b8-3e13-4418-8e42-1d1572e6936b	14	20574803	26187112	2567	0.3376
ae0fe7b8-3e13-4418-8e42-1d1572e6936b	14	26188110	31458725	2788	0.2956
ae0fe7b8-3e13-4418-8e42-1d1572e6936b	14	31458768	36970612	3661	0.3356
ae0fe7b8-3e13-4418-8e42-1d1572e6936b	14	36970628	49051343	5531	0.276
ae0fe7b8-3e13-4418-8e42-1d1572e6936b	14	49053490	80178974	19513	0.3292
ae0fe7b8-3e13-4418-8e42-1d1572e6936b	14	80184663	86636251	4092	0.2922
ae0fe7b8-3e13-4418-8e42-1d1572e6936b	14	86637327	89010429	1255	0.3229
ae0fe7b8-3e13-4418-8e42-1d1572e6936b	14	89011015	105533894	9945	0.3651
ae0fe7b8-3e13-4418-8e42-1d1572e6936b	15	23437561	33779455	4307	0.3524
ae0fe7b8-3e13-4418-8e42-1d1572e6936b	15	33779679	59098504	15020	0.3273
ae0fe7b8-3e13-4418-8e42-1d1572e6936b	15	59099645	69395714	6807	0.3607
ae0fe7b8-3e13-4418-8e42-1d1572e6936b	15	69396208	72308152	1856	0.8586
ae0fe7b8-3e13-4418-8e42-1d1572e6936b	15	72309160	100847281	16377	0.7572
ae0fe7b8-3e13-4418-8e42-1d1572e6936b	15	100847323	101344124	331	0.8236
ae0fe7b8-3e13-4418-8e42-1d1572e6936b	16	603333	51313772	16765	-0.4468
ae0fe7b8-3e13-4418-8e42-1d1572e6936b	16	51314063	64376003	8705	-0.497
ae0fe7b8-3e13-4418-8e42-1d1572e6936b	16	64378041	89317317	15546	-0.4564
ae0fe7b8-3e13-4418-8e42-1d1572e6936b	17	1074619	27014516	9746	0.4476
ae0fe7b8-3e13-4418-8e42-1d1572e6936b	17	27015487	38835851	5196	-0.0251
ae0fe7b8-3e13-4418-8e42-1d1572e6936b	17	38843564	82959812	22228	-0.4474
ae0fe7b8-3e13-4418-8e42-1d1572e6936b	18	326691	25921890	11088	-0.0504
ae0fe7b8-3e13-4418-8e42-1d1572e6936b	18	25921914	32335298	3904	-0.1024
ae0fe7b8-3e13-4418-8e42-1d1572e6936b	18	32338109	32339753	2	-1.5158
ae0fe7b8-3e13-4418-8e42-1d1572e6936b	18	32339873	34846240	1512	-0.1109
ae0fe7b8-3e13-4418-8e42-1d1572e6936b	18	34848964	38058138	2031	-0.0615
ae0fe7b8-3e13-4418-8e42-1d1572e6936b	18	38060340	45424975	4362	-0.1069
ae0fe7b8-3e13-4418-8e42-1d1572e6936b	18	45425844	50828545	3667	-0.0577
ae0fe7b8-3e13-4418-8e42-1d1572e6936b	18	50828908	63172895	7983	-0.0885
ae0fe7b8-3e13-4418-8e42-1d1572e6936b	18	63179505	70579179	4058	-0.127
ae0fe7b8-3e13-4418-8e42-1d1572e6936b	18	70580078	78052368	3546	-0.0822
ae0fe7b8-3e13-4418-8e42-1d1572e6936b	18	78054302	79349796	712	-0.0647
ae0fe7b8-3e13-4418-8e42-1d1572e6936b	19	283868	2516300	453	-0.3343
ae0fe7b8-3e13-4418-8e42-1d1572e6936b	19	2519449	19588365	7181	0.4182
ae0fe7b8-3e13-4418-8e42-1d1572e6936b	19	19588581	31025578	3874	0.3717
ae0fe7b8-3e13-4418-8e42-1d1572e6936b	19	31025947	31084275	38	0.2325
ae0fe7b8-3e13-4418-8e42-1d1572e6936b	19	31084825	33951641	1906	0.3285
ae0fe7b8-3e13-4418-8e42-1d1572e6936b	19	33952127	47390024	6092	0.278
ae0fe7b8-3e13-4418-8e42-1d1572e6936b	19	47390053	51006603	1384	0.1519
ae0fe7b8-3e13-4418-8e42-1d1572e6936b	19	51014542	51014820	2	-1.1913
ae0fe7b8-3e13-4418-8e42-1d1572e6936b	19	51016332	58370362	3185	0.1303
ae0fe7b8-3e13-4418-8e42-1d1572e6936b	20	472817	26217295	16686	-1.196
ae0fe7b8-3e13-4418-8e42-1d1572e6936b	20	31247668	32932914	812	0.1474
ae0fe7b8-3e13-4418-8e42-1d1572e6936b	20	32933171	44140805	6742	0.1814
ae0fe7b8-3e13-4418-8e42-1d1572e6936b	20	44142016	44257669	88	0.363
ae0fe7b8-3e13-4418-8e42-1d1572e6936b	20	44259374	52120996	5025	0.1899
ae0fe7b8-3e13-4418-8e42-1d1572e6936b	20	52123563	58800395	4905	0.1599
ae0fe7b8-3e13-4418-8e42-1d1572e6936b	20	58804593	60973708	1693	0.1159
ae0fe7b8-3e13-4418-8e42-1d1572e6936b	20	60974064	63588502	1287	0.1577
ae0fe7b8-3e13-4418-8e42-1d1572e6936b	21	13974127	16375471	1465	0.29
ae0fe7b8-3e13-4418-8e42-1d1572e6936b	21	16375597	16529917	103	0.0514
ae0fe7b8-3e13-4418-8e42-1d1572e6936b	21	16531653	16576849	27	0.2894
ae0fe7b8-3e13-4418-8e42-1d1572e6936b	21	16580241	16674974	61	0.539
ae0fe7b8-3e13-4418-8e42-1d1572e6936b	21	16675274	17703099	606	0.2871
ae0fe7b8-3e13-4418-8e42-1d1572e6936b	21	17704098	30951119	8562	-0.0236
ae0fe7b8-3e13-4418-8e42-1d1572e6936b	21	30951806	31402991	326	0.3234
ae0fe7b8-3e13-4418-8e42-1d1572e6936b	21	31408431	33940798	1594	0.0331
ae0fe7b8-3e13-4418-8e42-1d1572e6936b	21	33941003	38416192	3018	-0.1355
ae0fe7b8-3e13-4418-8e42-1d1572e6936b	21	38416229	44785769	4214	-0.0986
ae0fe7b8-3e13-4418-8e42-1d1572e6936b	21	44795693	45113807	170	0.2731
ae0fe7b8-3e13-4418-8e42-1d1572e6936b	21	45118270	45796213	164	0.1491
ae0fe7b8-3e13-4418-8e42-1d1572e6936b	21	45796476	46168026	179	0.2761
ae0fe7b8-3e13-4418-8e42-1d1572e6936b	21	46168325	46262057	56	-0.0442
ae0fe7b8-3e13-4418-8e42-1d1572e6936b	22	16934932	48940621	17054	0.0813
ae0fe7b8-3e13-4418-8e42-1d1572e6936b	X	3236359	5970597	347	-0.8449
ae0fe7b8-3e13-4418-8e42-1d1572e6936b	X	5971196	6026604	66	-0.3887
ae0fe7b8-3e13-4418-8e42-1d1572e6936b	X	6028789	6530483	365	-0.8813
ae0fe7b8-3e13-4418-8e42-1d1572e6936b	X	8173048	15112822	4021	-0.0332
ae0fe7b8-3e13-4418-8e42-1d1572e6936b	X	15612897	15694830	56	0.2487
ae0fe7b8-3e13-4418-8e42-1d1572e6936b	X	15694852	15696832	10	-0.0405
ae0fe7b8-3e13-4418-8e42-1d1572e6936b	X	15705022	16027900	174	0.3019
ae0fe7b8-3e13-4418-8e42-1d1572e6936b	X	16031684	16887295	466	1.081
ae0fe7b8-3e13-4418-8e42-1d1572e6936b	X	16887507	17494412	287	0.0079
ae0fe7b8-3e13-4418-8e42-1d1572e6936b	X	17497563	23514570	2691	0.3105
ae0fe7b8-3e13-4418-8e42-1d1572e6936b	X	23514914	23616591	82	0.6019
ae0fe7b8-3e13-4418-8e42-1d1572e6936b	X	23617080	23636399	24	0.2585
ae0fe7b8-3e13-4418-8e42-1d1572e6936b	X	23637301	29122148	2990	1.0424
ae0fe7b8-3e13-4418-8e42-1d1572e6936b	X	29122670	30648441	920	0.9112
ae0fe7b8-3e13-4418-8e42-1d1572e6936b	X	30648532	30748781	52	1.1189
ae0fe7b8-3e13-4418-8e42-1d1572e6936b	X	30756349	31179924	53	0.8653
ae0fe7b8-3e13-4418-8e42-1d1572e6936b	X	31180087	31365670	160	1.0946
ae0fe7b8-3e13-4418-8e42-1d1572e6936b	X	31365709	31578462	123	1.3302
ae0fe7b8-3e13-4418-8e42-1d1572e6936b	X	31578850	31901362	204	1.1011
ae0fe7b8-3e13-4418-8e42-1d1572e6936b	X	31901542	38576767	2676	0.9031
ae0fe7b8-3e13-4418-8e42-1d1572e6936b	X	38577455	42037363	1820	0.9626
ae0fe7b8-3e13-4418-8e42-1d1572e6936b	X	42038198	47689602	2546	0.7529
ae0fe7b8-3e13-4418-8e42-1d1572e6936b	X	47689618	47815504	67	0.6433
ae0fe7b8-3e13-4418-8e42-1d1572e6936b	X	47817233	49725611	556	0.2481
ae0fe7b8-3e13-4418-8e42-1d1572e6936b	X	49730420	51757910	955	0.7147
ae0fe7b8-3e13-4418-8e42-1d1572e6936b	X	51760093	51890867	64	-0.0656
ae0fe7b8-3e13-4418-8e42-1d1572e6936b	X	51893424	53981456	491	0.9729
ae0fe7b8-3e13-4418-8e42-1d1572e6936b	X	53982565	54097311	38	0.0795
ae0fe7b8-3e13-4418-8e42-1d1572e6936b	X	54114174	54514721	161	1.02
ae0fe7b8-3e13-4418-8e42-1d1572e6936b	X	54515011	55208772	291	0.613
ae0fe7b8-3e13-4418-8e42-1d1572e6936b	X	55208901	57708976	1016	0.3264
ae0fe7b8-3e13-4418-8e42-1d1572e6936b	X	57715616	62953249	168	0.76
ae0fe7b8-3e13-4418-8e42-1d1572e6936b	X	62956696	67089470	1444	-0.2659
ae0fe7b8-3e13-4418-8e42-1d1572e6936b	X	67095034	79420245	4458	-0.4109
ae0fe7b8-3e13-4418-8e42-1d1572e6936b	X	79420569	126681250	21213	-0.3712
ae0fe7b8-3e13-4418-8e42-1d1572e6936b	X	126681338	129612009	1271	-0.2556
ae0fe7b8-3e13-4418-8e42-1d1572e6936b	X	129612218	129612952	2	-2.3886
ae0fe7b8-3e13-4418-8e42-1d1572e6936b	X	129615894	131944374	906	-0.232
ae0fe7b8-3e13-4418-8e42-1d1572e6936b	X	131945455	131956785	5	-2.0307
ae0fe7b8-3e13-4418-8e42-1d1572e6936b	X	131959419	155677414	10538	-0.2344
