GDC_Aliquot	Chromosome	Start	End	Num_Probes	Segment_Mean
6d9b69bf-e5fc-4383-a63f-5d193a02d694	1	3301765	33395532	15986	0.3547
6d9b69bf-e5fc-4383-a63f-5d193a02d694	1	33396916	34847900	1047	0.4241
6d9b69bf-e5fc-4383-a63f-5d193a02d694	1	34848643	48445352	7285	0.3686
6d9b69bf-e5fc-4383-a63f-5d193a02d694	1	48445758	54923916	3324	0.3943
6d9b69bf-e5fc-4383-a63f-5d193a02d694	1	54925054	75756776	13813	0.4569
6d9b69bf-e5fc-4383-a63f-5d193a02d694	1	75764154	88539302	8056	0.4878
6d9b69bf-e5fc-4383-a63f-5d193a02d694	1	88543402	97153350	5183	0.4701
6d9b69bf-e5fc-4383-a63f-5d193a02d694	1	97161433	108966971	6598	-0.3132
6d9b69bf-e5fc-4383-a63f-5d193a02d694	1	108967030	111920140	1790	-0.3887
6d9b69bf-e5fc-4383-a63f-5d193a02d694	1	111920553	119984772	5070	-0.3264
6d9b69bf-e5fc-4383-a63f-5d193a02d694	1	146716041	151070735	423	0.8329
6d9b69bf-e5fc-4383-a63f-5d193a02d694	1	151073507	151555157	180	0.7293
6d9b69bf-e5fc-4383-a63f-5d193a02d694	1	151555900	152687773	585	0.8527
6d9b69bf-e5fc-4383-a63f-5d193a02d694	1	152688270	153914397	708	0.402
6d9b69bf-e5fc-4383-a63f-5d193a02d694	1	153914817	156731053	1301	0.3358
6d9b69bf-e5fc-4383-a63f-5d193a02d694	1	156737983	158051492	846	0.4049
6d9b69bf-e5fc-4383-a63f-5d193a02d694	1	158054709	162925017	3173	-0.38
6d9b69bf-e5fc-4383-a63f-5d193a02d694	1	162925032	164386895	1018	-0.3009
6d9b69bf-e5fc-4383-a63f-5d193a02d694	1	164387438	168513666	3162	-0.3743
6d9b69bf-e5fc-4383-a63f-5d193a02d694	1	168514782	174667218	4031	-0.32
6d9b69bf-e5fc-4383-a63f-5d193a02d694	1	174667664	175203403	297	-0.3745
6d9b69bf-e5fc-4383-a63f-5d193a02d694	1	175203803	175207994	8	-1.1434
6d9b69bf-e5fc-4383-a63f-5d193a02d694	1	175208182	182087401	4226	-0.3515
6d9b69bf-e5fc-4383-a63f-5d193a02d694	1	182090945	184625886	1783	0.4557
6d9b69bf-e5fc-4383-a63f-5d193a02d694	1	184628775	187054644	1401	0.9233
6d9b69bf-e5fc-4383-a63f-5d193a02d694	1	187056119	196022534	5329	0.4762
6d9b69bf-e5fc-4383-a63f-5d193a02d694	1	196027090	200005600	2179	-0.3252
6d9b69bf-e5fc-4383-a63f-5d193a02d694	1	200010781	204742211	3170	0.3934
6d9b69bf-e5fc-4383-a63f-5d193a02d694	1	204743675	206050479	844	-0.4245
6d9b69bf-e5fc-4383-a63f-5d193a02d694	1	206053799	206057416	2	-1.6675
6d9b69bf-e5fc-4383-a63f-5d193a02d694	1	206058126	206989088	462	-0.4213
6d9b69bf-e5fc-4383-a63f-5d193a02d694	1	206989616	217898270	7586	-0.3414
6d9b69bf-e5fc-4383-a63f-5d193a02d694	1	217899842	217903957	5	-2.0922
6d9b69bf-e5fc-4383-a63f-5d193a02d694	1	217905918	222113234	2886	-0.3443
6d9b69bf-e5fc-4383-a63f-5d193a02d694	1	222120354	222121553	2	-1.9054
6d9b69bf-e5fc-4383-a63f-5d193a02d694	1	222122246	225880162	2057	-0.3525
6d9b69bf-e5fc-4383-a63f-5d193a02d694	1	225881227	226658526	462	-0.4338
6d9b69bf-e5fc-4383-a63f-5d193a02d694	1	226658627	227756258	675	-0.3277
6d9b69bf-e5fc-4383-a63f-5d193a02d694	1	227758863	231336962	2207	-0.4342
6d9b69bf-e5fc-4383-a63f-5d193a02d694	1	231340651	235002601	2703	-0.379
6d9b69bf-e5fc-4383-a63f-5d193a02d694	1	235079870	235313418	84	0.4133
6d9b69bf-e5fc-4383-a63f-5d193a02d694	1	235315493	239101104	2844	-0.3781
6d9b69bf-e5fc-4383-a63f-5d193a02d694	1	239104595	239105980	2	-1.8348
6d9b69bf-e5fc-4383-a63f-5d193a02d694	1	239112279	244043308	3373	-0.3737
6d9b69bf-e5fc-4383-a63f-5d193a02d694	1	244053612	247650984	1613	0.4135
6d9b69bf-e5fc-4383-a63f-5d193a02d694	2	480597	12148061	7434	-0.3658
6d9b69bf-e5fc-4383-a63f-5d193a02d694	2	12149417	23075992	7292	-0.3261
6d9b69bf-e5fc-4383-a63f-5d193a02d694	2	23076573	31475046	4763	-0.36
6d9b69bf-e5fc-4383-a63f-5d193a02d694	2	31475476	35106731	1641	-0.2867
6d9b69bf-e5fc-4383-a63f-5d193a02d694	2	35119874	47318424	7372	0.4744
6d9b69bf-e5fc-4383-a63f-5d193a02d694	2	47318798	51323660	2143	-0.3305
6d9b69bf-e5fc-4383-a63f-5d193a02d694	2	51325240	58876099	3983	-0.2939
6d9b69bf-e5fc-4383-a63f-5d193a02d694	2	58877389	68051959	5524	-0.334
6d9b69bf-e5fc-4383-a63f-5d193a02d694	2	68052033	71900647	2404	-0.3728
6d9b69bf-e5fc-4383-a63f-5d193a02d694	2	71901651	71902742	2	0.9864
6d9b69bf-e5fc-4383-a63f-5d193a02d694	2	71904645	71988120	40	-0.4454
6d9b69bf-e5fc-4383-a63f-5d193a02d694	2	71991380	73919850	807	-0.325
6d9b69bf-e5fc-4383-a63f-5d193a02d694	2	73920500	73920691	2	-1.9921
6d9b69bf-e5fc-4383-a63f-5d193a02d694	2	73923129	75127075	693	-0.3576
6d9b69bf-e5fc-4383-a63f-5d193a02d694	2	75129717	84802598	5248	-0.3071
6d9b69bf-e5fc-4383-a63f-5d193a02d694	2	84803088	88831554	1423	-0.3721
6d9b69bf-e5fc-4383-a63f-5d193a02d694	2	94675825	98102782	885	0.3049
6d9b69bf-e5fc-4383-a63f-5d193a02d694	2	98104461	135363745	19332	-0.3154
6d9b69bf-e5fc-4383-a63f-5d193a02d694	2	135370296	135377235	5	-2.4126
6d9b69bf-e5fc-4383-a63f-5d193a02d694	2	135383100	138858963	1739	-0.32
6d9b69bf-e5fc-4383-a63f-5d193a02d694	2	138859472	173308715	20334	-0.2772
6d9b69bf-e5fc-4383-a63f-5d193a02d694	2	173308999	173317581	3	-1.959
6d9b69bf-e5fc-4383-a63f-5d193a02d694	2	173317934	209829996	19781	-0.2744
6d9b69bf-e5fc-4383-a63f-5d193a02d694	2	209835799	209835901	2	-2.0035
6d9b69bf-e5fc-4383-a63f-5d193a02d694	2	209836320	212454821	1555	-0.2436
6d9b69bf-e5fc-4383-a63f-5d193a02d694	2	212457488	212458400	4	-1.1343
6d9b69bf-e5fc-4383-a63f-5d193a02d694	2	212459721	213013899	356	-0.2621
6d9b69bf-e5fc-4383-a63f-5d193a02d694	2	213014683	213015121	3	-1.5776
6d9b69bf-e5fc-4383-a63f-5d193a02d694	2	213019263	216540480	2177	-0.2544
6d9b69bf-e5fc-4383-a63f-5d193a02d694	2	216543380	216543516	3	-2.1267
6d9b69bf-e5fc-4383-a63f-5d193a02d694	2	216543672	217380511	615	-0.3044
6d9b69bf-e5fc-4383-a63f-5d193a02d694	2	217381325	219585745	1179	-0.3643
6d9b69bf-e5fc-4383-a63f-5d193a02d694	2	219585835	229656760	6640	-0.2852
6d9b69bf-e5fc-4383-a63f-5d193a02d694	2	229657412	238771430	5355	-0.3441
6d9b69bf-e5fc-4383-a63f-5d193a02d694	2	238771449	241269377	1293	-0.4213
6d9b69bf-e5fc-4383-a63f-5d193a02d694	2	241278212	241537572	148	-0.3362
6d9b69bf-e5fc-4383-a63f-5d193a02d694	3	2170634	9428501	4286	0.6766
6d9b69bf-e5fc-4383-a63f-5d193a02d694	3	9431518	15261540	3738	0.6259
6d9b69bf-e5fc-4383-a63f-5d193a02d694	3	15263234	16189951	592	0.6831
6d9b69bf-e5fc-4383-a63f-5d193a02d694	3	16191735	16192316	2	-0.8344
6d9b69bf-e5fc-4383-a63f-5d193a02d694	3	16192331	22755642	3427	0.6909
6d9b69bf-e5fc-4383-a63f-5d193a02d694	3	22842431	37680304	9293	0.1121
6d9b69bf-e5fc-4383-a63f-5d193a02d694	3	37680370	37742341	48	-0.0287
6d9b69bf-e5fc-4383-a63f-5d193a02d694	3	37743486	46620436	5251	0.0673
6d9b69bf-e5fc-4383-a63f-5d193a02d694	3	46620476	54534549	3550	0.0248
6d9b69bf-e5fc-4383-a63f-5d193a02d694	3	54535048	58335257	2562	0.0861
6d9b69bf-e5fc-4383-a63f-5d193a02d694	3	58336746	58337449	2	-1.8423
6d9b69bf-e5fc-4383-a63f-5d193a02d694	3	58342278	61777097	1370	0.0954
6d9b69bf-e5fc-4383-a63f-5d193a02d694	3	61777394	65928826	3409	0.1309
6d9b69bf-e5fc-4383-a63f-5d193a02d694	3	65928995	87726934	12545	0.1005
6d9b69bf-e5fc-4383-a63f-5d193a02d694	3	87728210	90436812	1218	0.9128
6d9b69bf-e5fc-4383-a63f-5d193a02d694	3	90453712	121219703	15365	0.4584
6d9b69bf-e5fc-4383-a63f-5d193a02d694	3	121225870	142918072	12221	0.4104
6d9b69bf-e5fc-4383-a63f-5d193a02d694	3	142918223	163997149	11015	0.4581
6d9b69bf-e5fc-4383-a63f-5d193a02d694	3	163998024	163999057	4	-0.4937
6d9b69bf-e5fc-4383-a63f-5d193a02d694	3	164001313	176353284	6005	0.4593
6d9b69bf-e5fc-4383-a63f-5d193a02d694	3	176358862	176397137	21	-3.2563
6d9b69bf-e5fc-4383-a63f-5d193a02d694	3	176400310	194668212	10424	0.4226
6d9b69bf-e5fc-4383-a63f-5d193a02d694	3	194671251	197685959	807	0.3515
6d9b69bf-e5fc-4383-a63f-5d193a02d694	3	197686390	197812401	43	0.4762
6d9b69bf-e5fc-4383-a63f-5d193a02d694	4	1059384	11502098	5816	0.0574
6d9b69bf-e5fc-4383-a63f-5d193a02d694	4	11502144	23597179	8247	0.1311
6d9b69bf-e5fc-4383-a63f-5d193a02d694	4	23598422	23598435	2	-1.1829
6d9b69bf-e5fc-4383-a63f-5d193a02d694	4	23599143	27426344	2524	0.129
6d9b69bf-e5fc-4383-a63f-5d193a02d694	4	27426551	32288116	3055	0.1595
6d9b69bf-e5fc-4383-a63f-5d193a02d694	4	32288152	48067890	8723	0.1238
6d9b69bf-e5fc-4383-a63f-5d193a02d694	4	51832470	109681274	32681	-0.3314
6d9b69bf-e5fc-4383-a63f-5d193a02d694	4	109686339	126459182	9690	-0.3007
6d9b69bf-e5fc-4383-a63f-5d193a02d694	4	126462231	126467900	2	-2.1259
6d9b69bf-e5fc-4383-a63f-5d193a02d694	4	126468395	138253147	5624	-0.2919
6d9b69bf-e5fc-4383-a63f-5d193a02d694	4	138253286	174401241	20387	-0.3203
6d9b69bf-e5fc-4383-a63f-5d193a02d694	4	174403779	179208927	2592	-0.2748
6d9b69bf-e5fc-4383-a63f-5d193a02d694	4	179212588	187842528	4155	-0.3573
6d9b69bf-e5fc-4383-a63f-5d193a02d694	5	913983	8829199	5717	0.0832
6d9b69bf-e5fc-4383-a63f-5d193a02d694	5	8829345	59059205	25685	0.1309
6d9b69bf-e5fc-4383-a63f-5d193a02d694	5	59059631	59205070	131	-0.3409
6d9b69bf-e5fc-4383-a63f-5d193a02d694	5	59215143	79824093	10994	0.1356
6d9b69bf-e5fc-4383-a63f-5d193a02d694	5	79827799	80387586	354	0.0505
6d9b69bf-e5fc-4383-a63f-5d193a02d694	5	80391015	80597384	100	0.1226
6d9b69bf-e5fc-4383-a63f-5d193a02d694	5	80599016	80706284	68	-0.3741
6d9b69bf-e5fc-4383-a63f-5d193a02d694	5	80706531	82706832	1134	0.1251
6d9b69bf-e5fc-4383-a63f-5d193a02d694	5	82706963	130644120	26130	0.1476
6d9b69bf-e5fc-4383-a63f-5d193a02d694	5	130645077	133683461	1721	0.1211
6d9b69bf-e5fc-4383-a63f-5d193a02d694	5	133683771	135498479	1127	0.0746
6d9b69bf-e5fc-4383-a63f-5d193a02d694	5	135511837	137494935	1428	0.1443
6d9b69bf-e5fc-4383-a63f-5d193a02d694	5	137497424	137497671	2	-1.3418
6d9b69bf-e5fc-4383-a63f-5d193a02d694	5	137503106	142003544	2007	0.0745
6d9b69bf-e5fc-4383-a63f-5d193a02d694	5	142004993	143895636	1380	0.1188
6d9b69bf-e5fc-4383-a63f-5d193a02d694	5	143895822	148781488	3065	0.1514
6d9b69bf-e5fc-4383-a63f-5d193a02d694	5	148782731	168138326	12692	0.1163
6d9b69bf-e5fc-4383-a63f-5d193a02d694	5	168138940	170778174	2021	0.0731
6d9b69bf-e5fc-4383-a63f-5d193a02d694	5	170782979	170784247	3	1.0014
6d9b69bf-e5fc-4383-a63f-5d193a02d694	5	170785123	176600091	3527	0.073
6d9b69bf-e5fc-4383-a63f-5d193a02d694	5	176600490	180321631	1665	0.0185
6d9b69bf-e5fc-4383-a63f-5d193a02d694	5	180323934	180934240	219	0.0852
6d9b69bf-e5fc-4383-a63f-5d193a02d694	6	1011760	6257717	3788	0.4376
6d9b69bf-e5fc-4383-a63f-5d193a02d694	6	6258371	7708398	1162	0.3829
6d9b69bf-e5fc-4383-a63f-5d193a02d694	6	7708877	14698857	4974	0.442
6d9b69bf-e5fc-4383-a63f-5d193a02d694	6	14699467	15752619	550	0.3643
6d9b69bf-e5fc-4383-a63f-5d193a02d694	6	15754778	16153841	338	0.4407
6d9b69bf-e5fc-4383-a63f-5d193a02d694	6	16155026	24702586	6008	-0.3484
6d9b69bf-e5fc-4383-a63f-5d193a02d694	6	24703214	44563975	9653	-0.423
6d9b69bf-e5fc-4383-a63f-5d193a02d694	6	44564575	47803288	2023	-0.3554
6d9b69bf-e5fc-4383-a63f-5d193a02d694	6	47803331	55724370	4761	-0.331
6d9b69bf-e5fc-4383-a63f-5d193a02d694	6	55725273	86350969	14615	-0.2828
6d9b69bf-e5fc-4383-a63f-5d193a02d694	6	86351061	88213066	1118	-0.3202
6d9b69bf-e5fc-4383-a63f-5d193a02d694	6	88213674	88224602	4	-1.2008
6d9b69bf-e5fc-4383-a63f-5d193a02d694	6	88226000	90941565	1771	-0.3315
6d9b69bf-e5fc-4383-a63f-5d193a02d694	6	90944797	96198010	2244	-0.2593
6d9b69bf-e5fc-4383-a63f-5d193a02d694	6	96199168	96488806	161	-0.3733
6d9b69bf-e5fc-4383-a63f-5d193a02d694	6	96489676	96490351	2	-3.0416
6d9b69bf-e5fc-4383-a63f-5d193a02d694	6	96490525	111751308	8995	-0.3055
6d9b69bf-e5fc-4383-a63f-5d193a02d694	6	111751489	135909873	14380	-0.2738
6d9b69bf-e5fc-4383-a63f-5d193a02d694	6	135909959	139706295	2450	-0.3154
6d9b69bf-e5fc-4383-a63f-5d193a02d694	6	139708110	148154584	4891	-0.2754
6d9b69bf-e5fc-4383-a63f-5d193a02d694	6	148154668	166360973	11878	-0.3074
6d9b69bf-e5fc-4383-a63f-5d193a02d694	6	166365809	170596889	1403	-0.3639
6d9b69bf-e5fc-4383-a63f-5d193a02d694	7	664936	7228888	2385	0.3558
6d9b69bf-e5fc-4383-a63f-5d193a02d694	7	7229163	12764315	3065	0.4481
6d9b69bf-e5fc-4383-a63f-5d193a02d694	7	12768072	19828607	3934	0.497
6d9b69bf-e5fc-4383-a63f-5d193a02d694	7	19829756	27656646	5544	0.4529
6d9b69bf-e5fc-4383-a63f-5d193a02d694	7	27656973	27657330	4	-0.4022
6d9b69bf-e5fc-4383-a63f-5d193a02d694	7	27660863	35500791	4923	0.4583
6d9b69bf-e5fc-4383-a63f-5d193a02d694	7	35503237	38220497	2022	0.4075
6d9b69bf-e5fc-4383-a63f-5d193a02d694	7	38222300	43797154	3217	0.4557
6d9b69bf-e5fc-4383-a63f-5d193a02d694	7	43799885	45186123	672	0.3568
6d9b69bf-e5fc-4383-a63f-5d193a02d694	7	45186189	55364599	7237	0.4592
6d9b69bf-e5fc-4383-a63f-5d193a02d694	7	55369856	63857929	598	0.3647
6d9b69bf-e5fc-4383-a63f-5d193a02d694	7	63860912	71570435	3509	0.4191
6d9b69bf-e5fc-4383-a63f-5d193a02d694	7	71571448	76364983	1467	0.3511
6d9b69bf-e5fc-4383-a63f-5d193a02d694	7	76365883	79691231	1769	0.474
6d9b69bf-e5fc-4383-a63f-5d193a02d694	7	79691420	83995817	2718	0.5296
6d9b69bf-e5fc-4383-a63f-5d193a02d694	7	83995962	91743664	3265	0.4725
6d9b69bf-e5fc-4383-a63f-5d193a02d694	7	91743711	91743727	2	-0.8051
6d9b69bf-e5fc-4383-a63f-5d193a02d694	7	91743790	91870608	79	0.4024
6d9b69bf-e5fc-4383-a63f-5d193a02d694	7	91875206	96041985	2559	0.4891
6d9b69bf-e5fc-4383-a63f-5d193a02d694	7	96042708	97873828	1090	0.4335
6d9b69bf-e5fc-4383-a63f-5d193a02d694	7	97882049	100124643	915	0.3815
6d9b69bf-e5fc-4383-a63f-5d193a02d694	7	100137315	101238359	339	0.2984
6d9b69bf-e5fc-4383-a63f-5d193a02d694	7	101238835	102965050	583	0.3687
6d9b69bf-e5fc-4383-a63f-5d193a02d694	7	102966207	107207271	2629	0.4584
6d9b69bf-e5fc-4383-a63f-5d193a02d694	7	107210115	122924692	8266	0.4847
6d9b69bf-e5fc-4383-a63f-5d193a02d694	7	122925684	126309114	1834	0.4632
6d9b69bf-e5fc-4383-a63f-5d193a02d694	7	126309391	129984687	1845	0.4117
6d9b69bf-e5fc-4383-a63f-5d193a02d694	7	129985015	148521395	10428	0.4489
6d9b69bf-e5fc-4383-a63f-5d193a02d694	7	148521435	158592540	5072	0.3891
6d9b69bf-e5fc-4383-a63f-5d193a02d694	8	667625	11248973	4865	-1.1569
6d9b69bf-e5fc-4383-a63f-5d193a02d694	8	11253493	11302380	44	0.6664
6d9b69bf-e5fc-4383-a63f-5d193a02d694	8	11306619	11309724	3	1.2899
6d9b69bf-e5fc-4383-a63f-5d193a02d694	8	11310191	11414570	63	0.6364
6d9b69bf-e5fc-4383-a63f-5d193a02d694	8	11414699	11421091	3	-0.043
6d9b69bf-e5fc-4383-a63f-5d193a02d694	8	11422044	11801118	216	0.6067
6d9b69bf-e5fc-4383-a63f-5d193a02d694	8	12704441	27096950	10445	-1.0704
6d9b69bf-e5fc-4383-a63f-5d193a02d694	8	27098489	27511817	291	0.6192
6d9b69bf-e5fc-4383-a63f-5d193a02d694	8	27512829	27845692	243	1.2382
6d9b69bf-e5fc-4383-a63f-5d193a02d694	8	27847838	27948014	95	0.5586
6d9b69bf-e5fc-4383-a63f-5d193a02d694	8	27948298	27953086	10	1.1581
6d9b69bf-e5fc-4383-a63f-5d193a02d694	8	27956214	28203266	184	0.6324
6d9b69bf-e5fc-4383-a63f-5d193a02d694	8	28204457	31349830	1889	-1.0825
6d9b69bf-e5fc-4383-a63f-5d193a02d694	8	31354815	32243254	631	0.1831
6d9b69bf-e5fc-4383-a63f-5d193a02d694	8	32244092	32248332	2	-1.0171
6d9b69bf-e5fc-4383-a63f-5d193a02d694	8	32248653	33554518	894	0.1641
6d9b69bf-e5fc-4383-a63f-5d193a02d694	8	33556976	34554421	511	-1.0535
6d9b69bf-e5fc-4383-a63f-5d193a02d694	8	34554792	34945055	221	0.1902
6d9b69bf-e5fc-4383-a63f-5d193a02d694	8	34997908	35327419	129	-1.0966
6d9b69bf-e5fc-4383-a63f-5d193a02d694	8	35329165	42249587	3738	0.7146
6d9b69bf-e5fc-4383-a63f-5d193a02d694	8	42252667	42298499	53	0.4476
6d9b69bf-e5fc-4383-a63f-5d193a02d694	8	42300125	43080575	412	0.6564
6d9b69bf-e5fc-4383-a63f-5d193a02d694	8	46547532	46848090	121	-0.9319
6d9b69bf-e5fc-4383-a63f-5d193a02d694	8	46859601	48859725	867	0.1386
6d9b69bf-e5fc-4383-a63f-5d193a02d694	8	48861025	51479340	1417	0.1935
6d9b69bf-e5fc-4383-a63f-5d193a02d694	8	51479509	56368228	2832	0.1428
6d9b69bf-e5fc-4383-a63f-5d193a02d694	8	56369276	56703506	234	1.0747
6d9b69bf-e5fc-4383-a63f-5d193a02d694	8	56720938	56722162	4	-0.0796
6d9b69bf-e5fc-4383-a63f-5d193a02d694	8	56728170	62176259	3536	1.0678
6d9b69bf-e5fc-4383-a63f-5d193a02d694	8	62177048	63054342	597	1.3464
6d9b69bf-e5fc-4383-a63f-5d193a02d694	8	63056502	63372985	148	1.6649
6d9b69bf-e5fc-4383-a63f-5d193a02d694	8	63373199	65852304	1270	1.3477
6d9b69bf-e5fc-4383-a63f-5d193a02d694	8	65852362	65914300	28	0.7408
6d9b69bf-e5fc-4383-a63f-5d193a02d694	8	65920150	68331970	1322	1.3561
6d9b69bf-e5fc-4383-a63f-5d193a02d694	8	68352579	70040438	1093	0.7287
6d9b69bf-e5fc-4383-a63f-5d193a02d694	8	70040504	70051197	19	0.2729
6d9b69bf-e5fc-4383-a63f-5d193a02d694	8	70052137	70286769	130	0.6966
6d9b69bf-e5fc-4383-a63f-5d193a02d694	8	70288457	70572511	139	1.6745
6d9b69bf-e5fc-4383-a63f-5d193a02d694	8	70577543	70733452	54	1.2782
6d9b69bf-e5fc-4383-a63f-5d193a02d694	8	70741852	70742264	3	1.1103
6d9b69bf-e5fc-4383-a63f-5d193a02d694	8	70748413	71281354	326	0.6248
6d9b69bf-e5fc-4383-a63f-5d193a02d694	8	71282345	73346992	1425	1.0646
6d9b69bf-e5fc-4383-a63f-5d193a02d694	8	73351395	76166686	1645	0.1503
6d9b69bf-e5fc-4383-a63f-5d193a02d694	8	76171789	76788058	365	1.1443
6d9b69bf-e5fc-4383-a63f-5d193a02d694	8	76799067	78975133	1117	0.161
6d9b69bf-e5fc-4383-a63f-5d193a02d694	8	78975943	81191052	1268	-1.0605
6d9b69bf-e5fc-4383-a63f-5d193a02d694	8	81193715	81832821	371	0.6703
6d9b69bf-e5fc-4383-a63f-5d193a02d694	8	81836356	81873085	18	-0.8131
6d9b69bf-e5fc-4383-a63f-5d193a02d694	8	81875974	81980844	62	0.65
6d9b69bf-e5fc-4383-a63f-5d193a02d694	8	81989877	82004718	9	0.0001
6d9b69bf-e5fc-4383-a63f-5d193a02d694	8	82006910	89614130	3976	0.6475
6d9b69bf-e5fc-4383-a63f-5d193a02d694	8	89614964	89943914	172	1.3142
6d9b69bf-e5fc-4383-a63f-5d193a02d694	8	89947815	90664267	447	0.6795
6d9b69bf-e5fc-4383-a63f-5d193a02d694	8	90666628	90698491	26	-0.9746
6d9b69bf-e5fc-4383-a63f-5d193a02d694	8	90699506	91241816	237	0.687
6d9b69bf-e5fc-4383-a63f-5d193a02d694	8	91245565	102456106	6608	-1.0434
6d9b69bf-e5fc-4383-a63f-5d193a02d694	8	102463763	103204518	486	0.5941
6d9b69bf-e5fc-4383-a63f-5d193a02d694	8	103206340	104465774	688	0.6867
6d9b69bf-e5fc-4383-a63f-5d193a02d694	8	104469695	105906237	841	-0.9932
6d9b69bf-e5fc-4383-a63f-5d193a02d694	8	105906592	105971462	23	0.7012
6d9b69bf-e5fc-4383-a63f-5d193a02d694	8	106483031	115483701	4799	-1.024
6d9b69bf-e5fc-4383-a63f-5d193a02d694	8	115493174	116633948	680	0.6563
6d9b69bf-e5fc-4383-a63f-5d193a02d694	8	116634978	121571318	3346	-1.0228
6d9b69bf-e5fc-4383-a63f-5d193a02d694	8	121578832	122280351	445	0.7117
6d9b69bf-e5fc-4383-a63f-5d193a02d694	8	122281054	122514920	163	-0.9938
6d9b69bf-e5fc-4383-a63f-5d193a02d694	8	122517390	123036517	400	0.6391
6d9b69bf-e5fc-4383-a63f-5d193a02d694	8	123046638	125500784	1557	-1.0985
6d9b69bf-e5fc-4383-a63f-5d193a02d694	8	125503955	126682078	891	0.6445
6d9b69bf-e5fc-4383-a63f-5d193a02d694	8	126682986	126911198	174	1.2855
6d9b69bf-e5fc-4383-a63f-5d193a02d694	8	126911521	127194893	206	0.6455
6d9b69bf-e5fc-4383-a63f-5d193a02d694	8	127194910	128462061	965	1.2456
6d9b69bf-e5fc-4383-a63f-5d193a02d694	8	128467133	128855292	225	0.6778
6d9b69bf-e5fc-4383-a63f-5d193a02d694	8	128861292	130207756	829	-1.059
6d9b69bf-e5fc-4383-a63f-5d193a02d694	8	130208689	130366179	112	0.6175
6d9b69bf-e5fc-4383-a63f-5d193a02d694	8	130375002	130555865	115	1.2373
6d9b69bf-e5fc-4383-a63f-5d193a02d694	8	130559351	130781455	202	0.6527
6d9b69bf-e5fc-4383-a63f-5d193a02d694	8	130785322	132530968	1273	-1.082
6d9b69bf-e5fc-4383-a63f-5d193a02d694	8	132537077	132689257	88	0.6479
6d9b69bf-e5fc-4383-a63f-5d193a02d694	8	132692843	133929313	1067	1.0124
6d9b69bf-e5fc-4383-a63f-5d193a02d694	8	133930129	134460725	469	0.1212
6d9b69bf-e5fc-4383-a63f-5d193a02d694	8	134462335	139729308	3975	1.0127
6d9b69bf-e5fc-4383-a63f-5d193a02d694	8	139734454	140320622	409	0.0907
6d9b69bf-e5fc-4383-a63f-5d193a02d694	8	140323119	142455615	233	0.9965
6d9b69bf-e5fc-4383-a63f-5d193a02d694	8	142467482	142749469	84	1.4185
6d9b69bf-e5fc-4383-a63f-5d193a02d694	8	142755801	143491285	246	0.9494
6d9b69bf-e5fc-4383-a63f-5d193a02d694	8	143495933	144121081	136	0.015
6d9b69bf-e5fc-4383-a63f-5d193a02d694	8	144121574	144182542	16	-0.1428
6d9b69bf-e5fc-4383-a63f-5d193a02d694	9	789794	1553378	170	-0.3656
6d9b69bf-e5fc-4383-a63f-5d193a02d694	9	1554111	1554534	2	-2.0502
6d9b69bf-e5fc-4383-a63f-5d193a02d694	9	1554754	1756470	247	-0.3332
6d9b69bf-e5fc-4383-a63f-5d193a02d694	9	1756845	1757693	4	-1.8539
6d9b69bf-e5fc-4383-a63f-5d193a02d694	9	1757753	15271920	8008	-0.3234
6d9b69bf-e5fc-4383-a63f-5d193a02d694	9	15272007	21869080	5180	-0.2859
6d9b69bf-e5fc-4383-a63f-5d193a02d694	9	21874269	22031006	114	-3.0663
6d9b69bf-e5fc-4383-a63f-5d193a02d694	9	22033182	22042087	6	-0.9631
6d9b69bf-e5fc-4383-a63f-5d193a02d694	9	22043045	33113198	6504	-0.3117
6d9b69bf-e5fc-4383-a63f-5d193a02d694	9	33113324	38485986	3129	-0.3656
6d9b69bf-e5fc-4383-a63f-5d193a02d694	9	38500229	69413595	1066	-0.3177
6d9b69bf-e5fc-4383-a63f-5d193a02d694	9	69413609	69413622	2	-2.304
6d9b69bf-e5fc-4383-a63f-5d193a02d694	9	69413634	83260207	9486	-0.2872
6d9b69bf-e5fc-4383-a63f-5d193a02d694	9	83260533	92125019	6229	-0.3168
6d9b69bf-e5fc-4383-a63f-5d193a02d694	9	92125684	93995819	939	-0.3852
6d9b69bf-e5fc-4383-a63f-5d193a02d694	9	93998069	99583945	3604	-0.3254
6d9b69bf-e5fc-4383-a63f-5d193a02d694	9	99589038	103266670	1984	-0.2763
6d9b69bf-e5fc-4383-a63f-5d193a02d694	9	103266707	103270602	2	-1.7905
6d9b69bf-e5fc-4383-a63f-5d193a02d694	9	103277111	112609117	6702	-0.2651
6d9b69bf-e5fc-4383-a63f-5d193a02d694	9	112609684	119056671	4468	-0.3015
6d9b69bf-e5fc-4383-a63f-5d193a02d694	9	119057069	119057322	3	-1.6331
6d9b69bf-e5fc-4383-a63f-5d193a02d694	9	119059122	124024927	3406	-0.3288
6d9b69bf-e5fc-4383-a63f-5d193a02d694	9	124026557	124520948	302	-0.4501
6d9b69bf-e5fc-4383-a63f-5d193a02d694	9	124526418	128635200	2257	-0.3614
6d9b69bf-e5fc-4383-a63f-5d193a02d694	9	128637748	138044505	4653	-0.4191
6d9b69bf-e5fc-4383-a63f-5d193a02d694	10	366509	2162127	906	-0.4315
6d9b69bf-e5fc-4383-a63f-5d193a02d694	10	2162247	5342847	2315	-0.3661
6d9b69bf-e5fc-4383-a63f-5d193a02d694	10	5343066	7890600	1948	-0.4368
6d9b69bf-e5fc-4383-a63f-5d193a02d694	10	7890973	7892722	6	-3.0923
6d9b69bf-e5fc-4383-a63f-5d193a02d694	10	7901555	11172295	2533	-0.3847
6d9b69bf-e5fc-4383-a63f-5d193a02d694	10	11172990	13449475	1609	-0.4525
6d9b69bf-e5fc-4383-a63f-5d193a02d694	10	13449574	15385223	1644	-0.4041
6d9b69bf-e5fc-4383-a63f-5d193a02d694	10	15389627	26837974	7773	-0.3662
6d9b69bf-e5fc-4383-a63f-5d193a02d694	10	26838575	26838957	2	-2.7588
6d9b69bf-e5fc-4383-a63f-5d193a02d694	10	26839620	30751588	2781	-0.4039
6d9b69bf-e5fc-4383-a63f-5d193a02d694	10	30751897	33563928	1834	-0.3516
6d9b69bf-e5fc-4383-a63f-5d193a02d694	10	33568309	33573799	6	0.5112
6d9b69bf-e5fc-4383-a63f-5d193a02d694	10	33578358	42935188	3140	-0.3484
6d9b69bf-e5fc-4383-a63f-5d193a02d694	10	42935725	51459166	3711	-0.3904
6d9b69bf-e5fc-4383-a63f-5d193a02d694	10	51459279	68086969	9959	-0.3115
6d9b69bf-e5fc-4383-a63f-5d193a02d694	10	68087039	68544936	258	-0.3826
6d9b69bf-e5fc-4383-a63f-5d193a02d694	10	68545321	68550701	2	-1.3883
6d9b69bf-e5fc-4383-a63f-5d193a02d694	10	68550913	69228366	372	-0.3523
6d9b69bf-e5fc-4383-a63f-5d193a02d694	10	69230023	72341263	2175	-0.4288
6d9b69bf-e5fc-4383-a63f-5d193a02d694	10	72341975	78231921	3444	-0.3563
6d9b69bf-e5fc-4383-a63f-5d193a02d694	10	78233610	80688425	1355	-0.4217
6d9b69bf-e5fc-4383-a63f-5d193a02d694	10	80689384	82362026	1199	-0.3358
6d9b69bf-e5fc-4383-a63f-5d193a02d694	10	82363137	82364569	2	-3.1784
6d9b69bf-e5fc-4383-a63f-5d193a02d694	10	82369899	86881371	3136	-0.3707
6d9b69bf-e5fc-4383-a63f-5d193a02d694	10	86881744	95346272	4889	-0.3219
6d9b69bf-e5fc-4383-a63f-5d193a02d694	10	95346408	98566996	2108	-0.4051
6d9b69bf-e5fc-4383-a63f-5d193a02d694	10	98567196	99828174	742	-0.3299
6d9b69bf-e5fc-4383-a63f-5d193a02d694	10	99829098	100035473	116	-0.3901
6d9b69bf-e5fc-4383-a63f-5d193a02d694	10	100038188	100039997	3	-1.3875
6d9b69bf-e5fc-4383-a63f-5d193a02d694	10	100041238	103923736	1844	-0.4149
6d9b69bf-e5fc-4383-a63f-5d193a02d694	10	103924200	117099497	8940	-0.3464
6d9b69bf-e5fc-4383-a63f-5d193a02d694	10	117099778	123455200	4747	-0.3862
6d9b69bf-e5fc-4383-a63f-5d193a02d694	10	123455809	125232488	1135	-0.4453
6d9b69bf-e5fc-4383-a63f-5d193a02d694	10	125232709	127733987	1893	-0.3917
6d9b69bf-e5fc-4383-a63f-5d193a02d694	10	127734175	133411599	2737	-0.4867
6d9b69bf-e5fc-4383-a63f-5d193a02d694	11	456012	482149	11	0.5491
6d9b69bf-e5fc-4383-a63f-5d193a02d694	11	484204	4383375	1388	0.3584
6d9b69bf-e5fc-4383-a63f-5d193a02d694	11	4383707	5643744	1049	0.4472
6d9b69bf-e5fc-4383-a63f-5d193a02d694	11	5643995	9777189	2557	0.4107
6d9b69bf-e5fc-4383-a63f-5d193a02d694	11	9777735	16702403	4991	0.4557
6d9b69bf-e5fc-4383-a63f-5d193a02d694	11	16704780	17579156	636	0.3866
6d9b69bf-e5fc-4383-a63f-5d193a02d694	11	17579672	20957585	2615	0.4556
6d9b69bf-e5fc-4383-a63f-5d193a02d694	11	20958876	20962413	8	0.2876
6d9b69bf-e5fc-4383-a63f-5d193a02d694	11	20964791	21207107	221	-0.3506
6d9b69bf-e5fc-4383-a63f-5d193a02d694	11	21208049	21214851	5	0.3042
6d9b69bf-e5fc-4383-a63f-5d193a02d694	11	21215655	21218281	6	-0.4659
6d9b69bf-e5fc-4383-a63f-5d193a02d694	11	21225317	21543683	191	0.9094
6d9b69bf-e5fc-4383-a63f-5d193a02d694	11	21548178	23141811	1051	-0.3441
6d9b69bf-e5fc-4383-a63f-5d193a02d694	11	23142544	23143405	4	0.6352
6d9b69bf-e5fc-4383-a63f-5d193a02d694	11	23144529	23571760	358	-0.3081
6d9b69bf-e5fc-4383-a63f-5d193a02d694	11	23576661	23610011	22	-0.6948
6d9b69bf-e5fc-4383-a63f-5d193a02d694	11	23610063	23830335	111	0.4284
6d9b69bf-e5fc-4383-a63f-5d193a02d694	11	23831812	25412360	917	-0.3427
6d9b69bf-e5fc-4383-a63f-5d193a02d694	11	25424109	28424069	1903	-0.2986
6d9b69bf-e5fc-4383-a63f-5d193a02d694	11	28424539	43241135	9283	-0.3452
6d9b69bf-e5fc-4383-a63f-5d193a02d694	11	43242552	49481572	3122	0.4048
6d9b69bf-e5fc-4383-a63f-5d193a02d694	11	49487254	49866959	161	-0.3206
6d9b69bf-e5fc-4383-a63f-5d193a02d694	11	49872667	49886584	11	0.3911
6d9b69bf-e5fc-4383-a63f-5d193a02d694	11	49890238	49899127	8	-0.2571
6d9b69bf-e5fc-4383-a63f-5d193a02d694	11	49902000	57278271	684	0.4405
6d9b69bf-e5fc-4383-a63f-5d193a02d694	11	57279421	60925747	2035	0.4189
6d9b69bf-e5fc-4383-a63f-5d193a02d694	11	60926343	73324754	5117	0.3643
6d9b69bf-e5fc-4383-a63f-5d193a02d694	11	73325519	75105447	941	0.4129
6d9b69bf-e5fc-4383-a63f-5d193a02d694	11	75106002	75489946	223	0.3141
6d9b69bf-e5fc-4383-a63f-5d193a02d694	11	75490046	78897619	1887	0.413
6d9b69bf-e5fc-4383-a63f-5d193a02d694	11	78900932	95434597	10140	0.4611
6d9b69bf-e5fc-4383-a63f-5d193a02d694	11	95435273	113349200	11367	0.4848
6d9b69bf-e5fc-4383-a63f-5d193a02d694	11	113352654	117266178	2818	0.4271
6d9b69bf-e5fc-4383-a63f-5d193a02d694	11	117278438	119867914	1727	0.3707
6d9b69bf-e5fc-4383-a63f-5d193a02d694	11	119868663	121778900	1441	0.4176
6d9b69bf-e5fc-4383-a63f-5d193a02d694	11	121779161	134272740	8606	0.4548
6d9b69bf-e5fc-4383-a63f-5d193a02d694	12	780472	12076852	6259	0.4135
6d9b69bf-e5fc-4383-a63f-5d193a02d694	12	12077018	26757772	9303	0.4718
6d9b69bf-e5fc-4383-a63f-5d193a02d694	12	26758127	26773426	15	0.9423
6d9b69bf-e5fc-4383-a63f-5d193a02d694	12	26774936	30599915	2509	0.4677
6d9b69bf-e5fc-4383-a63f-5d193a02d694	12	30600383	30657596	41	0.3444
6d9b69bf-e5fc-4383-a63f-5d193a02d694	12	30662594	30694284	17	-0.2938
6d9b69bf-e5fc-4383-a63f-5d193a02d694	12	30699093	33368216	1587	0.4176
6d9b69bf-e5fc-4383-a63f-5d193a02d694	12	38827290	39527279	355	-3.0354
6d9b69bf-e5fc-4383-a63f-5d193a02d694	12	39529018	39592404	24	-0.3205
6d9b69bf-e5fc-4383-a63f-5d193a02d694	12	39600872	40533120	560	-3.3331
6d9b69bf-e5fc-4383-a63f-5d193a02d694	12	40534088	47720595	3976	-0.3418
6d9b69bf-e5fc-4383-a63f-5d193a02d694	12	47723582	58003245	5297	-0.4046
6d9b69bf-e5fc-4383-a63f-5d193a02d694	12	58008235	66709659	5284	-0.3314
6d9b69bf-e5fc-4383-a63f-5d193a02d694	12	66711685	67054880	304	-4.0319
6d9b69bf-e5fc-4383-a63f-5d193a02d694	12	67055040	67109015	48	-0.3215
6d9b69bf-e5fc-4383-a63f-5d193a02d694	12	67111297	67345712	155	-3.8433
6d9b69bf-e5fc-4383-a63f-5d193a02d694	12	67349796	67356637	7	-1.1859
6d9b69bf-e5fc-4383-a63f-5d193a02d694	12	67357285	67899571	392	-0.3985
6d9b69bf-e5fc-4383-a63f-5d193a02d694	12	67899694	67951812	47	0.4221
6d9b69bf-e5fc-4383-a63f-5d193a02d694	12	67956631	68058634	89	-0.3916
6d9b69bf-e5fc-4383-a63f-5d193a02d694	12	68067232	69315082	892	0.4353
6d9b69bf-e5fc-4383-a63f-5d193a02d694	12	69316194	69317758	3	1.4408
6d9b69bf-e5fc-4383-a63f-5d193a02d694	12	69321033	70234636	634	0.4396
6d9b69bf-e5fc-4383-a63f-5d193a02d694	12	70239141	91922847	12769	0.4772
6d9b69bf-e5fc-4383-a63f-5d193a02d694	12	91925873	106971095	10022	0.4423
6d9b69bf-e5fc-4383-a63f-5d193a02d694	12	106971111	108938797	1283	0.3872
6d9b69bf-e5fc-4383-a63f-5d193a02d694	12	108994534	110449713	680	-0.4269
6d9b69bf-e5fc-4383-a63f-5d193a02d694	12	110455496	114123470	1842	0.3657
6d9b69bf-e5fc-4383-a63f-5d193a02d694	12	114123875	116395398	1753	0.4447
6d9b69bf-e5fc-4383-a63f-5d193a02d694	12	116395554	119982866	2311	0.3846
6d9b69bf-e5fc-4383-a63f-5d193a02d694	12	119985009	123471374	1529	0.3345
6d9b69bf-e5fc-4383-a63f-5d193a02d694	12	123472202	125143177	965	0.3847
6d9b69bf-e5fc-4383-a63f-5d193a02d694	12	125143932	128671488	2040	0.4502
6d9b69bf-e5fc-4383-a63f-5d193a02d694	12	128672002	132605822	1385	0.3706
6d9b69bf-e5fc-4383-a63f-5d193a02d694	13	18874255	19268392	243	-0.4334
6d9b69bf-e5fc-4383-a63f-5d193a02d694	13	19268392	24164607	2378	-0.3744
6d9b69bf-e5fc-4383-a63f-5d193a02d694	13	24165225	31331625	4918	-0.4037
6d9b69bf-e5fc-4383-a63f-5d193a02d694	13	31331805	67622715	20121	-0.3709
6d9b69bf-e5fc-4383-a63f-5d193a02d694	13	67623159	70987988	1857	-0.2935
6d9b69bf-e5fc-4383-a63f-5d193a02d694	13	70989946	76067238	3488	-0.3775
6d9b69bf-e5fc-4383-a63f-5d193a02d694	13	76074207	76079759	2	-2.033
6d9b69bf-e5fc-4383-a63f-5d193a02d694	13	76079878	80723057	2982	-0.3697
6d9b69bf-e5fc-4383-a63f-5d193a02d694	13	80723504	87747301	3895	-0.3072
6d9b69bf-e5fc-4383-a63f-5d193a02d694	13	87748119	107335034	12737	-0.3667
6d9b69bf-e5fc-4383-a63f-5d193a02d694	13	107335364	110366382	2403	-0.4257
6d9b69bf-e5fc-4383-a63f-5d193a02d694	13	110367221	114226675	1933	-0.4851
6d9b69bf-e5fc-4383-a63f-5d193a02d694	14	20033191	20384658	221	0.439
6d9b69bf-e5fc-4383-a63f-5d193a02d694	14	20387879	24399956	1496	0.3524
6d9b69bf-e5fc-4383-a63f-5d193a02d694	14	24400628	25567227	772	0.4079
6d9b69bf-e5fc-4383-a63f-5d193a02d694	14	25570646	63212991	21525	0.4442
6d9b69bf-e5fc-4383-a63f-5d193a02d694	14	63213057	78610609	9379	0.3903
6d9b69bf-e5fc-4383-a63f-5d193a02d694	14	78612481	88274581	6212	0.4309
6d9b69bf-e5fc-4383-a63f-5d193a02d694	14	88275677	94448969	3639	0.3739
6d9b69bf-e5fc-4383-a63f-5d193a02d694	14	94449772	94451786	6	-0.4616
6d9b69bf-e5fc-4383-a63f-5d193a02d694	14	94460026	105533894	6562	0.3732
6d9b69bf-e5fc-4383-a63f-5d193a02d694	15	23437561	31664862	3289	0.3977
6d9b69bf-e5fc-4383-a63f-5d193a02d694	15	32636613	36058065	2346	0.4488
6d9b69bf-e5fc-4383-a63f-5d193a02d694	15	36058116	37863141	1270	0.4977
6d9b69bf-e5fc-4383-a63f-5d193a02d694	15	37865875	39777964	1348	0.448
6d9b69bf-e5fc-4383-a63f-5d193a02d694	15	39777972	45726161	2647	0.3744
6d9b69bf-e5fc-4383-a63f-5d193a02d694	15	45726483	56306216	6793	0.4359
6d9b69bf-e5fc-4383-a63f-5d193a02d694	15	56306243	56308641	3	-0.6203
6d9b69bf-e5fc-4383-a63f-5d193a02d694	15	56310982	63773127	5251	0.4329
6d9b69bf-e5fc-4383-a63f-5d193a02d694	15	63774314	70352723	3927	0.3696
6d9b69bf-e5fc-4383-a63f-5d193a02d694	15	70353164	72029881	1067	0.4343
6d9b69bf-e5fc-4383-a63f-5d193a02d694	15	72031773	79292713	3545	0.3596
6d9b69bf-e5fc-4383-a63f-5d193a02d694	15	79292904	101344124	13319	0.4083
6d9b69bf-e5fc-4383-a63f-5d193a02d694	16	603333	603845	5	-0.2902
6d9b69bf-e5fc-4383-a63f-5d193a02d694	16	603862	5277725	1765	-0.0233
6d9b69bf-e5fc-4383-a63f-5d193a02d694	16	5283124	26922892	10723	0.0364
6d9b69bf-e5fc-4383-a63f-5d193a02d694	16	26926119	31841585	1549	-0.0135
6d9b69bf-e5fc-4383-a63f-5d193a02d694	16	46470502	48535326	891	-0.3891
6d9b69bf-e5fc-4383-a63f-5d193a02d694	16	48535903	48537679	2	-1.6737
6d9b69bf-e5fc-4383-a63f-5d193a02d694	16	48539167	48873389	202	-0.378
6d9b69bf-e5fc-4383-a63f-5d193a02d694	16	48873928	48874271	2	-2.2627
6d9b69bf-e5fc-4383-a63f-5d193a02d694	16	48876352	51099060	1559	-0.4451
6d9b69bf-e5fc-4383-a63f-5d193a02d694	16	51099291	56883257	4276	-0.3985
6d9b69bf-e5fc-4383-a63f-5d193a02d694	16	56883854	58903305	1208	-0.4573
6d9b69bf-e5fc-4383-a63f-5d193a02d694	16	58903555	66152814	4803	-0.3564
6d9b69bf-e5fc-4383-a63f-5d193a02d694	16	66153409	71524279	2280	-0.4165
6d9b69bf-e5fc-4383-a63f-5d193a02d694	16	71527213	75864816	2407	-0.378
6d9b69bf-e5fc-4383-a63f-5d193a02d694	16	75864934	76840425	656	-0.3122
6d9b69bf-e5fc-4383-a63f-5d193a02d694	16	76840490	77379367	512	-0.3898
6d9b69bf-e5fc-4383-a63f-5d193a02d694	16	77386992	89317317	8363	-0.4416
6d9b69bf-e5fc-4383-a63f-5d193a02d694	17	1074619	7639341	3186	-0.4459
6d9b69bf-e5fc-4383-a63f-5d193a02d694	17	7643486	7646432	6	-4.5401
6d9b69bf-e5fc-4383-a63f-5d193a02d694	17	7653699	7657424	3	-1.6541
6d9b69bf-e5fc-4383-a63f-5d193a02d694	17	7679695	11619765	2544	-0.4381
6d9b69bf-e5fc-4383-a63f-5d193a02d694	17	11620201	16375253	2073	-0.3698
6d9b69bf-e5fc-4383-a63f-5d193a02d694	17	16376258	31247682	3742	-0.4227
6d9b69bf-e5fc-4383-a63f-5d193a02d694	17	31251342	31458352	84	-3.0035
6d9b69bf-e5fc-4383-a63f-5d193a02d694	17	31458903	31528317	42	-0.4771
6d9b69bf-e5fc-4383-a63f-5d193a02d694	17	31528914	31534827	4	-1.3637
6d9b69bf-e5fc-4383-a63f-5d193a02d694	17	31541121	38551005	3135	-0.4475
6d9b69bf-e5fc-4383-a63f-5d193a02d694	17	38552041	38554277	2	-2.2511
6d9b69bf-e5fc-4383-a63f-5d193a02d694	17	38554762	44289209	2712	-0.4568
6d9b69bf-e5fc-4383-a63f-5d193a02d694	17	44306946	46733732	495	0.3133
6d9b69bf-e5fc-4383-a63f-5d193a02d694	17	46740644	48184177	747	0.1684
6d9b69bf-e5fc-4383-a63f-5d193a02d694	17	48184374	48471305	139	0.4021
6d9b69bf-e5fc-4383-a63f-5d193a02d694	17	48471328	50066850	782	0.1854
6d9b69bf-e5fc-4383-a63f-5d193a02d694	17	50067290	51831554	867	0.34
6d9b69bf-e5fc-4383-a63f-5d193a02d694	17	51831969	51832837	2	-0.7565
6d9b69bf-e5fc-4383-a63f-5d193a02d694	17	51834262	56596180	3063	0.3684
6d9b69bf-e5fc-4383-a63f-5d193a02d694	17	56602339	60623156	2248	0.3291
6d9b69bf-e5fc-4383-a63f-5d193a02d694	17	60623831	60819584	91	0.4196
6d9b69bf-e5fc-4383-a63f-5d193a02d694	17	60821552	60901826	49	0.5728
6d9b69bf-e5fc-4383-a63f-5d193a02d694	17	60902021	61804936	484	0.3728
6d9b69bf-e5fc-4383-a63f-5d193a02d694	17	61806386	62924295	489	0.1888
6d9b69bf-e5fc-4383-a63f-5d193a02d694	17	62925023	63219748	127	0.3208
6d9b69bf-e5fc-4383-a63f-5d193a02d694	17	63236692	64221759	481	0.2087
6d9b69bf-e5fc-4383-a63f-5d193a02d694	17	64226560	64261974	29	-0.8141
6d9b69bf-e5fc-4383-a63f-5d193a02d694	17	64266743	65605712	658	0.2231
6d9b69bf-e5fc-4383-a63f-5d193a02d694	17	65607449	66188942	330	0.3432
6d9b69bf-e5fc-4383-a63f-5d193a02d694	17	66189745	67595289	921	0.2485
6d9b69bf-e5fc-4383-a63f-5d193a02d694	17	67597717	72255700	3122	0.3926
6d9b69bf-e5fc-4383-a63f-5d193a02d694	17	72256844	74774158	1216	0.3448
6d9b69bf-e5fc-4383-a63f-5d193a02d694	17	74774192	75411300	289	0.2581
6d9b69bf-e5fc-4383-a63f-5d193a02d694	17	75412029	76361530	345	0.3259
6d9b69bf-e5fc-4383-a63f-5d193a02d694	17	76361638	77644311	631	0.1971
6d9b69bf-e5fc-4383-a63f-5d193a02d694	17	77644343	78051764	235	0.3399
6d9b69bf-e5fc-4383-a63f-5d193a02d694	17	78052893	82959812	1908	0.1858
6d9b69bf-e5fc-4383-a63f-5d193a02d694	18	326691	21220136	8313	0.2269
6d9b69bf-e5fc-4383-a63f-5d193a02d694	18	21224903	23594258	1219	0.3774
6d9b69bf-e5fc-4383-a63f-5d193a02d694	18	23594654	24539865	613	0.2754
6d9b69bf-e5fc-4383-a63f-5d193a02d694	18	24542155	24965795	363	0.4137
6d9b69bf-e5fc-4383-a63f-5d193a02d694	18	24966551	25836860	546	0.2882
6d9b69bf-e5fc-4383-a63f-5d193a02d694	18	25836902	33351664	4660	0.3793
6d9b69bf-e5fc-4383-a63f-5d193a02d694	18	33356740	34933050	901	0.4371
6d9b69bf-e5fc-4383-a63f-5d193a02d694	18	34937569	35570244	377	0.3794
6d9b69bf-e5fc-4383-a63f-5d193a02d694	18	35572657	35622735	22	0.8823
6d9b69bf-e5fc-4383-a63f-5d193a02d694	18	35625833	35626187	4	0.3227
6d9b69bf-e5fc-4383-a63f-5d193a02d694	18	35626952	38483901	1880	-0.3363
6d9b69bf-e5fc-4383-a63f-5d193a02d694	18	38485892	44497879	3400	-0.3106
6d9b69bf-e5fc-4383-a63f-5d193a02d694	18	44498081	51768699	5031	-0.3552
6d9b69bf-e5fc-4383-a63f-5d193a02d694	18	51768792	52145372	224	-0.2954
6d9b69bf-e5fc-4383-a63f-5d193a02d694	18	52146071	52148786	2	-2.0668
6d9b69bf-e5fc-4383-a63f-5d193a02d694	18	52150461	73699619	11675	-0.3063
6d9b69bf-e5fc-4383-a63f-5d193a02d694	18	73699797	79349796	3739	-0.3799
6d9b69bf-e5fc-4383-a63f-5d193a02d694	19	283868	6820940	1924	-0.0321
6d9b69bf-e5fc-4383-a63f-5d193a02d694	19	6822633	6825021	3	-1.0095
6d9b69bf-e5fc-4383-a63f-5d193a02d694	19	6827099	19538939	5690	-0.0217
6d9b69bf-e5fc-4383-a63f-5d193a02d694	19	19546334	29249279	2599	0.0648
6d9b69bf-e5fc-4383-a63f-5d193a02d694	19	29254095	30972984	1267	0.0221
6d9b69bf-e5fc-4383-a63f-5d193a02d694	19	30973325	31981104	716	0.0741
6d9b69bf-e5fc-4383-a63f-5d193a02d694	19	31981974	43650001	5649	0.0011
6d9b69bf-e5fc-4383-a63f-5d193a02d694	19	43654822	44521307	584	0.0685
6d9b69bf-e5fc-4383-a63f-5d193a02d694	19	44521436	58370362	5725	-0.0087
6d9b69bf-e5fc-4383-a63f-5d193a02d694	20	472817	3006558	1709	-0.4329
6d9b69bf-e5fc-4383-a63f-5d193a02d694	20	3009168	3015777	8	0.3726
6d9b69bf-e5fc-4383-a63f-5d193a02d694	20	3022381	3053402	26	-0.4379
6d9b69bf-e5fc-4383-a63f-5d193a02d694	20	3055151	6162309	1685	0.3909
6d9b69bf-e5fc-4383-a63f-5d193a02d694	20	6162408	17329852	7574	0.4291
6d9b69bf-e5fc-4383-a63f-5d193a02d694	20	17335371	31401690	6040	0.393
6d9b69bf-e5fc-4383-a63f-5d193a02d694	20	31403242	38513160	3626	0.3371
6d9b69bf-e5fc-4383-a63f-5d193a02d694	20	38515681	44496908	4079	0.4016
6d9b69bf-e5fc-4383-a63f-5d193a02d694	20	44498687	50871678	4017	0.3535
6d9b69bf-e5fc-4383-a63f-5d193a02d694	20	50871796	52365136	1043	0.3882
6d9b69bf-e5fc-4383-a63f-5d193a02d694	20	52365349	55910916	2598	0.437
6d9b69bf-e5fc-4383-a63f-5d193a02d694	20	55914843	63588502	5169	0.3638
6d9b69bf-e5fc-4383-a63f-5d193a02d694	21	13974127	14353547	214	-0.3963
6d9b69bf-e5fc-4383-a63f-5d193a02d694	21	14354145	20063615	3648	-0.3484
6d9b69bf-e5fc-4383-a63f-5d193a02d694	21	20065257	23358741	1810	-0.2925
6d9b69bf-e5fc-4383-a63f-5d193a02d694	21	23360814	27685409	3140	-0.3403
6d9b69bf-e5fc-4383-a63f-5d193a02d694	21	27689101	27689159	2	-1.7318
6d9b69bf-e5fc-4383-a63f-5d193a02d694	21	27694406	30960914	2044	-0.3234
6d9b69bf-e5fc-4383-a63f-5d193a02d694	21	30961144	41511244	7533	-0.4004
6d9b69bf-e5fc-4383-a63f-5d193a02d694	21	41512104	45086064	1769	-0.4879
6d9b69bf-e5fc-4383-a63f-5d193a02d694	21	45086479	45843569	224	-0.3961
6d9b69bf-e5fc-4383-a63f-5d193a02d694	21	45844416	45844502	2	-2.0819
6d9b69bf-e5fc-4383-a63f-5d193a02d694	21	45847146	46262057	196	-0.4563
6d9b69bf-e5fc-4383-a63f-5d193a02d694	22	16934932	31996625	6143	0.0361
6d9b69bf-e5fc-4383-a63f-5d193a02d694	22	31999908	36087893	3178	0.0708
6d9b69bf-e5fc-4383-a63f-5d193a02d694	22	36088390	42729122	3245	0.0133
6d9b69bf-e5fc-4383-a63f-5d193a02d694	22	42730542	42734273	2	1.2206
6d9b69bf-e5fc-4383-a63f-5d193a02d694	22	42734392	48940621	4531	0.0274
6d9b69bf-e5fc-4383-a63f-5d193a02d694	X	3236359	9923399	1766	-0.1645
6d9b69bf-e5fc-4383-a63f-5d193a02d694	X	9923723	27797111	9143	-0.1203
6d9b69bf-e5fc-4383-a63f-5d193a02d694	X	27797700	44232195	7588	-0.1471
6d9b69bf-e5fc-4383-a63f-5d193a02d694	X	44232582	47101527	1403	-0.105
6d9b69bf-e5fc-4383-a63f-5d193a02d694	X	47102237	55217391	2924	-0.1761
6d9b69bf-e5fc-4383-a63f-5d193a02d694	X	55220978	55235383	11	-1.0021
6d9b69bf-e5fc-4383-a63f-5d193a02d694	X	55236544	65135586	1922	-0.1895
6d9b69bf-e5fc-4383-a63f-5d193a02d694	X	65141870	75099289	3952	-0.6131
6d9b69bf-e5fc-4383-a63f-5d193a02d694	X	76153328	76155927	5	-0.1884
6d9b69bf-e5fc-4383-a63f-5d193a02d694	X	76158656	79301260	1115	0.07
6d9b69bf-e5fc-4383-a63f-5d193a02d694	X	79301299	86180933	3121	0.0385
6d9b69bf-e5fc-4383-a63f-5d193a02d694	X	86180966	113365880	11836	0.0723
6d9b69bf-e5fc-4383-a63f-5d193a02d694	X	113366828	116922467	1399	0.3157
6d9b69bf-e5fc-4383-a63f-5d193a02d694	X	116922497	152221181	17253	0.2582
6d9b69bf-e5fc-4383-a63f-5d193a02d694	X	152222820	153835637	336	0.3761
6d9b69bf-e5fc-4383-a63f-5d193a02d694	X	153837968	153932659	46	0.1802
6d9b69bf-e5fc-4383-a63f-5d193a02d694	X	153934504	153947365	5	0.4507
6d9b69bf-e5fc-4383-a63f-5d193a02d694	X	153955513	155677414	169	0.1472
