GDC_Aliquot	Chromosome	Start	End	Num_Probes	Segment_Mean
5df02458-dc40-4f71-a1a0-1b9b5c7c7c4c	1	3301765	232489657	119857	0.0074
5df02458-dc40-4f71-a1a0-1b9b5c7c7c4c	1	232490411	232490693	2	-2.2408
5df02458-dc40-4f71-a1a0-1b9b5c7c7c4c	1	232491790	247650984	9859	0.0117
5df02458-dc40-4f71-a1a0-1b9b5c7c7c4c	2	480597	211724095	114008	0.0048
5df02458-dc40-4f71-a1a0-1b9b5c7c7c4c	2	211726241	240604669	17762	0.0345
5df02458-dc40-4f71-a1a0-1b9b5c7c7c4c	2	240604773	241537572	411	-0.0023
5df02458-dc40-4f71-a1a0-1b9b5c7c7c4c	3	2170634	197812401	107157	-0.0016
5df02458-dc40-4f71-a1a0-1b9b5c7c7c4c	4	1059384	107693735	59944	-0.0063
5df02458-dc40-4f71-a1a0-1b9b5c7c7c4c	4	107693967	111291050	2079	0.0162
5df02458-dc40-4f71-a1a0-1b9b5c7c7c4c	4	111291686	111295645	2	-2.021
5df02458-dc40-4f71-a1a0-1b9b5c7c7c4c	4	111296654	187842528	41467	0.025
5df02458-dc40-4f71-a1a0-1b9b5c7c7c4c	5	914118	132162562	71001	0.0034
5df02458-dc40-4f71-a1a0-1b9b5c7c7c4c	5	132167206	180934240	30094	0.0175
5df02458-dc40-4f71-a1a0-1b9b5c7c7c4c	6	1011760	126992946	70608	-0.0057
5df02458-dc40-4f71-a1a0-1b9b5c7c7c4c	6	126994573	170596889	26541	0.0097
5df02458-dc40-4f71-a1a0-1b9b5c7c7c4c	7	665647	23995508	12308	-0.0131
5df02458-dc40-4f71-a1a0-1b9b5c7c7c4c	7	24000259	24000764	2	-1.9245
5df02458-dc40-4f71-a1a0-1b9b5c7c7c4c	7	24001198	158592540	69610	-0.0016
5df02458-dc40-4f71-a1a0-1b9b5c7c7c4c	8	667625	144182542	82223	-0.0064
5df02458-dc40-4f71-a1a0-1b9b5c7c7c4c	9	789794	38631782	23444	-0.0043
5df02458-dc40-4f71-a1a0-1b9b5c7c7c4c	9	38632242	138044505	45035	0.0254
5df02458-dc40-4f71-a1a0-1b9b5c7c7c4c	10	366509	2282346	1009	-0.0043
5df02458-dc40-4f71-a1a0-1b9b5c7c7c4c	10	2283516	2283534	2	-1.3966
5df02458-dc40-4f71-a1a0-1b9b5c7c7c4c	10	2284222	42564481	25311	-0.0027
5df02458-dc40-4f71-a1a0-1b9b5c7c7c4c	10	42564523	42564864	2	-1.4406
5df02458-dc40-4f71-a1a0-1b9b5c7c7c4c	10	42564881	61653819	10297	-0.0162
5df02458-dc40-4f71-a1a0-1b9b5c7c7c4c	10	61654280	120782688	36751	0.0009
5df02458-dc40-4f71-a1a0-1b9b5c7c7c4c	10	120782839	133411599	7904	-0.0115
5df02458-dc40-4f71-a1a0-1b9b5c7c7c4c	11	456012	98519710	53591	-0.0057
5df02458-dc40-4f71-a1a0-1b9b5c7c7c4c	11	98519999	98520080	3	-1.2285
5df02458-dc40-4f71-a1a0-1b9b5c7c7c4c	11	98525521	128927362	20679	0.0009
5df02458-dc40-4f71-a1a0-1b9b5c7c7c4c	11	128927981	128933649	6	-0.8857
5df02458-dc40-4f71-a1a0-1b9b5c7c7c4c	11	128933730	134272740	3277	0.008
5df02458-dc40-4f71-a1a0-1b9b5c7c7c4c	12	780472	126751012	71985	0.0001
5df02458-dc40-4f71-a1a0-1b9b5c7c7c4c	12	126752698	126758411	2	1.9337
5df02458-dc40-4f71-a1a0-1b9b5c7c7c4c	12	126759332	132605822	2354	0.0118
5df02458-dc40-4f71-a1a0-1b9b5c7c7c4c	13	18874255	82661689	37083	-0.0036
5df02458-dc40-4f71-a1a0-1b9b5c7c7c4c	13	82661793	114226675	19911	0.0137
5df02458-dc40-4f71-a1a0-1b9b5c7c7c4c	14	20033191	47553132	14170	-0.009
5df02458-dc40-4f71-a1a0-1b9b5c7c7c4c	14	47553820	47553902	2	-1.3946
5df02458-dc40-4f71-a1a0-1b9b5c7c7c4c	14	47557196	105533894	35603	-0.0034
5df02458-dc40-4f71-a1a0-1b9b5c7c7c4c	15	23437561	93878429	40156	-0.0037
5df02458-dc40-4f71-a1a0-1b9b5c7c7c4c	15	93880259	93881294	2	-1.5847
5df02458-dc40-4f71-a1a0-1b9b5c7c7c4c	15	93882072	100205908	4044	-0.0131
5df02458-dc40-4f71-a1a0-1b9b5c7c7c4c	15	100206996	100207347	2	-1.5352
5df02458-dc40-4f71-a1a0-1b9b5c7c7c4c	15	100208003	101344124	584	-0.0286
5df02458-dc40-4f71-a1a0-1b9b5c7c7c4c	16	603333	89317317	41188	-0.0044
5df02458-dc40-4f71-a1a0-1b9b5c7c7c4c	17	1074619	82959812	37270	-0.001
5df02458-dc40-4f71-a1a0-1b9b5c7c7c4c	18	326691	79349796	42966	0.0004
5df02458-dc40-4f71-a1a0-1b9b5c7c7c4c	19	283868	30793899	11337	-0.0141
5df02458-dc40-4f71-a1a0-1b9b5c7c7c4c	19	30797211	30797633	2	-1.2723
5df02458-dc40-4f71-a1a0-1b9b5c7c7c4c	19	30799692	58370362	12795	-0.0063
5df02458-dc40-4f71-a1a0-1b9b5c7c7c4c	20	472817	63588502	37545	-0.005
5df02458-dc40-4f71-a1a0-1b9b5c7c7c4c	21	13974127	46262057	20600	-0.0079
5df02458-dc40-4f71-a1a0-1b9b5c7c7c4c	22	16934932	39100194	10822	-0.002
5df02458-dc40-4f71-a1a0-1b9b5c7c7c4c	22	39100407	39110971	8	-1.0116
5df02458-dc40-4f71-a1a0-1b9b5c7c7c4c	22	39116953	48370238	5820	-0.0002
5df02458-dc40-4f71-a1a0-1b9b5c7c7c4c	22	48370335	48371099	4	-1.1149
5df02458-dc40-4f71-a1a0-1b9b5c7c7c4c	22	48372384	48940621	427	-0.025
5df02458-dc40-4f71-a1a0-1b9b5c7c7c4c	X	3236359	36327767	14795	-0.018
5df02458-dc40-4f71-a1a0-1b9b5c7c7c4c	X	36334982	36337395	2	-2.4458
5df02458-dc40-4f71-a1a0-1b9b5c7c7c4c	X	36339622	155677414	48796	0.003
