GDC_Aliquot	Chromosome	Start	End	Num_Probes	Segment_Mean
1eb75a8e-2315-43ee-b91c-a55d298524b9	1	3301765	46331966	23022	-0.0911
1eb75a8e-2315-43ee-b91c-a55d298524b9	1	46336106	247650984	106601	-0.0329
1eb75a8e-2315-43ee-b91c-a55d298524b9	2	480597	10852812	6520	0.1751
1eb75a8e-2315-43ee-b91c-a55d298524b9	2	10853147	84839056	42858	0.209
1eb75a8e-2315-43ee-b91c-a55d298524b9	2	84841264	106237206	7438	0.1904
1eb75a8e-2315-43ee-b91c-a55d298524b9	2	106250033	107823682	817	0.8194
1eb75a8e-2315-43ee-b91c-a55d298524b9	2	107903920	133405749	12076	0.2044
1eb75a8e-2315-43ee-b91c-a55d298524b9	2	133408679	137269765	2518	-0.1862
1eb75a8e-2315-43ee-b91c-a55d298524b9	2	137274002	139951378	1135	0.2105
1eb75a8e-2315-43ee-b91c-a55d298524b9	2	139951573	140364842	213	-0.1956
1eb75a8e-2315-43ee-b91c-a55d298524b9	2	140367383	212239142	40692	0.2326
1eb75a8e-2315-43ee-b91c-a55d298524b9	2	212241676	212392519	86	0.8758
1eb75a8e-2315-43ee-b91c-a55d298524b9	2	212405128	230889076	11563	0.2177
1eb75a8e-2315-43ee-b91c-a55d298524b9	2	230892915	231414300	253	0.494
1eb75a8e-2315-43ee-b91c-a55d298524b9	2	231414371	241537572	5997	0.1732
1eb75a8e-2315-43ee-b91c-a55d298524b9	3	2170634	9407371	4276	0.3307
1eb75a8e-2315-43ee-b91c-a55d298524b9	3	9407558	15693531	4012	0.2651
1eb75a8e-2315-43ee-b91c-a55d298524b9	3	15694505	30149632	8391	0.3159
1eb75a8e-2315-43ee-b91c-a55d298524b9	3	30151053	30151074	2	-1.8146
1eb75a8e-2315-43ee-b91c-a55d298524b9	3	30151286	46885905	10044	0.2942
1eb75a8e-2315-43ee-b91c-a55d298524b9	3	46886248	53437259	2672	0.207
1eb75a8e-2315-43ee-b91c-a55d298524b9	3	53437311	86212375	19890	0.3018
1eb75a8e-2315-43ee-b91c-a55d298524b9	3	86216052	86216665	2	-2.7849
1eb75a8e-2315-43ee-b91c-a55d298524b9	3	86221012	91462299	1985	0.3132
1eb75a8e-2315-43ee-b91c-a55d298524b9	3	94015345	116776475	12602	-0.5252
1eb75a8e-2315-43ee-b91c-a55d298524b9	3	116778411	117103264	268	-1.0743
1eb75a8e-2315-43ee-b91c-a55d298524b9	3	117104636	124647626	4389	-0.5301
1eb75a8e-2315-43ee-b91c-a55d298524b9	3	124647903	124648281	2	-4.0306
1eb75a8e-2315-43ee-b91c-a55d298524b9	3	124649152	129594146	2735	-0.5327
1eb75a8e-2315-43ee-b91c-a55d298524b9	3	129594646	129597751	2	-2.8293
1eb75a8e-2315-43ee-b91c-a55d298524b9	3	129598742	133781134	2510	-0.5145
1eb75a8e-2315-43ee-b91c-a55d298524b9	3	133781933	133786459	2	-3.1109
1eb75a8e-2315-43ee-b91c-a55d298524b9	3	133787084	141994235	4652	-0.5208
1eb75a8e-2315-43ee-b91c-a55d298524b9	3	141996701	141998008	3	-2.3849
1eb75a8e-2315-43ee-b91c-a55d298524b9	3	141998894	152850293	5503	-0.5144
1eb75a8e-2315-43ee-b91c-a55d298524b9	3	152852102	152963704	69	-0.0392
1eb75a8e-2315-43ee-b91c-a55d298524b9	3	152973305	154400333	853	-0.5288
1eb75a8e-2315-43ee-b91c-a55d298524b9	3	154401052	154465773	28	0.1698
1eb75a8e-2315-43ee-b91c-a55d298524b9	3	154467234	159881401	2836	-0.5206
1eb75a8e-2315-43ee-b91c-a55d298524b9	3	159881422	163979046	1947	-0.0043
1eb75a8e-2315-43ee-b91c-a55d298524b9	3	163980726	197812401	17241	-0.5376
1eb75a8e-2315-43ee-b91c-a55d298524b9	4	1059384	1971579	298	-0.0876
1eb75a8e-2315-43ee-b91c-a55d298524b9	4	1973299	2700444	289	0.2809
1eb75a8e-2315-43ee-b91c-a55d298524b9	4	2702130	9976802	3953	-0.0808
1eb75a8e-2315-43ee-b91c-a55d298524b9	4	9983382	21170561	7926	-0.0267
1eb75a8e-2315-43ee-b91c-a55d298524b9	4	21170842	21170875	2	-2.5374
1eb75a8e-2315-43ee-b91c-a55d298524b9	4	21171799	21179217	29	-0.3863
1eb75a8e-2315-43ee-b91c-a55d298524b9	4	21179313	35844827	8982	-0.0215
1eb75a8e-2315-43ee-b91c-a55d298524b9	4	35846729	35849639	4	-1.7877
1eb75a8e-2315-43ee-b91c-a55d298524b9	4	35849784	186598415	81168	-0.0229
1eb75a8e-2315-43ee-b91c-a55d298524b9	4	186601280	186601635	3	-1.8342
1eb75a8e-2315-43ee-b91c-a55d298524b9	4	186602807	187217702	357	-0.0294
1eb75a8e-2315-43ee-b91c-a55d298524b9	4	187218258	187842528	373	-0.0688
1eb75a8e-2315-43ee-b91c-a55d298524b9	5	913983	1300469	62	1.4233
1eb75a8e-2315-43ee-b91c-a55d298524b9	5	1308437	1912071	84	0.6473
1eb75a8e-2315-43ee-b91c-a55d298524b9	5	1913502	3764971	1607	1.4647
1eb75a8e-2315-43ee-b91c-a55d298524b9	5	3766514	3822090	55	1.7374
1eb75a8e-2315-43ee-b91c-a55d298524b9	5	3822779	4094052	201	1.4601
1eb75a8e-2315-43ee-b91c-a55d298524b9	5	4094654	4997841	710	1.7912
1eb75a8e-2315-43ee-b91c-a55d298524b9	5	5001117	5603353	549	1.1604
1eb75a8e-2315-43ee-b91c-a55d298524b9	5	5605592	5613125	16	1.6768
1eb75a8e-2315-43ee-b91c-a55d298524b9	5	5615235	5863028	178	1.132
1eb75a8e-2315-43ee-b91c-a55d298524b9	5	5864416	6543336	568	0.5474
1eb75a8e-2315-43ee-b91c-a55d298524b9	5	6546131	6747164	186	1.452
1eb75a8e-2315-43ee-b91c-a55d298524b9	5	6748405	6818763	47	0.5058
1eb75a8e-2315-43ee-b91c-a55d298524b9	5	6818924	6829269	11	1.1491
1eb75a8e-2315-43ee-b91c-a55d298524b9	5	6831545	7512308	428	0.56
1eb75a8e-2315-43ee-b91c-a55d298524b9	5	7516442	8133581	503	-0.4639
1eb75a8e-2315-43ee-b91c-a55d298524b9	5	8135809	10536733	1866	0.5855
1eb75a8e-2315-43ee-b91c-a55d298524b9	5	10537239	11835919	830	1.063
1eb75a8e-2315-43ee-b91c-a55d298524b9	5	11837982	15331291	2068	0.9142
1eb75a8e-2315-43ee-b91c-a55d298524b9	5	15332460	15333229	8	0.0194
1eb75a8e-2315-43ee-b91c-a55d298524b9	5	15333744	16828124	568	0.9014
1eb75a8e-2315-43ee-b91c-a55d298524b9	5	16830997	16831190	2	-0.5692
1eb75a8e-2315-43ee-b91c-a55d298524b9	5	16834459	17943692	502	0.8745
1eb75a8e-2315-43ee-b91c-a55d298524b9	5	17946179	18050678	35	1.0918
1eb75a8e-2315-43ee-b91c-a55d298524b9	5	18051035	18676174	391	1.1752
1eb75a8e-2315-43ee-b91c-a55d298524b9	5	18676344	20590992	903	1.3706
1eb75a8e-2315-43ee-b91c-a55d298524b9	5	20594122	21280507	311	0.9103
1eb75a8e-2315-43ee-b91c-a55d298524b9	5	21295460	21359380	39	0.602
1eb75a8e-2315-43ee-b91c-a55d298524b9	5	21361673	24659227	1760	0.9505
1eb75a8e-2315-43ee-b91c-a55d298524b9	5	24662789	25077135	248	1.1449
1eb75a8e-2315-43ee-b91c-a55d298524b9	5	25077162	26899802	933	0.9469
1eb75a8e-2315-43ee-b91c-a55d298524b9	5	26900518	27762723	407	1.1092
1eb75a8e-2315-43ee-b91c-a55d298524b9	5	27763472	27773716	13	1.7442
1eb75a8e-2315-43ee-b91c-a55d298524b9	5	27773828	28545875	427	1.1082
1eb75a8e-2315-43ee-b91c-a55d298524b9	5	28547404	29376729	427	1.2997
1eb75a8e-2315-43ee-b91c-a55d298524b9	5	29378719	29421162	22	1.025
1eb75a8e-2315-43ee-b91c-a55d298524b9	5	29425722	32379913	1980	0.4007
1eb75a8e-2315-43ee-b91c-a55d298524b9	5	32382914	33944112	1071	-0.4377
1eb75a8e-2315-43ee-b91c-a55d298524b9	5	34754143	35707492	613	0.5942
1eb75a8e-2315-43ee-b91c-a55d298524b9	5	35712411	35791778	52	0.2463
1eb75a8e-2315-43ee-b91c-a55d298524b9	5	35791877	38671849	1781	0.6132
1eb75a8e-2315-43ee-b91c-a55d298524b9	5	38674313	38813210	125	0.4287
1eb75a8e-2315-43ee-b91c-a55d298524b9	5	38814076	41057896	1452	1.0754
1eb75a8e-2315-43ee-b91c-a55d298524b9	5	41058068	41152846	53	1.4542
1eb75a8e-2315-43ee-b91c-a55d298524b9	5	41153259	41339133	141	1.007
1eb75a8e-2315-43ee-b91c-a55d298524b9	5	41339483	42229807	456	1.2074
1eb75a8e-2315-43ee-b91c-a55d298524b9	5	42231280	43180963	503	0.6246
1eb75a8e-2315-43ee-b91c-a55d298524b9	5	43188345	45383300	937	-0.4177
1eb75a8e-2315-43ee-b91c-a55d298524b9	5	50828231	50876970	35	0.5991
1eb75a8e-2315-43ee-b91c-a55d298524b9	5	50879987	51288970	236	-0.457
1eb75a8e-2315-43ee-b91c-a55d298524b9	5	51294172	51493064	108	0.6596
1eb75a8e-2315-43ee-b91c-a55d298524b9	5	51496624	52645713	621	-0.4129
1eb75a8e-2315-43ee-b91c-a55d298524b9	5	52651177	52715902	53	0.6138
1eb75a8e-2315-43ee-b91c-a55d298524b9	5	52723516	52744016	24	-0.4817
1eb75a8e-2315-43ee-b91c-a55d298524b9	5	52745163	52747217	6	0.6241
1eb75a8e-2315-43ee-b91c-a55d298524b9	5	52749865	53575150	560	-0.4188
1eb75a8e-2315-43ee-b91c-a55d298524b9	5	53577946	53587242	7	0.4977
1eb75a8e-2315-43ee-b91c-a55d298524b9	5	53587384	53734507	75	-0.4239
1eb75a8e-2315-43ee-b91c-a55d298524b9	5	53739217	53749733	6	0.6874
1eb75a8e-2315-43ee-b91c-a55d298524b9	5	53753251	53834617	37	-0.3612
1eb75a8e-2315-43ee-b91c-a55d298524b9	5	53835977	53910305	41	0.621
1eb75a8e-2315-43ee-b91c-a55d298524b9	5	53912217	54130607	163	-0.4803
1eb75a8e-2315-43ee-b91c-a55d298524b9	5	54131039	54344082	142	0.63
1eb75a8e-2315-43ee-b91c-a55d298524b9	5	54344145	60849493	4183	-0.4086
1eb75a8e-2315-43ee-b91c-a55d298524b9	5	60852597	61111594	98	0.6599
1eb75a8e-2315-43ee-b91c-a55d298524b9	5	61113169	61575330	274	-0.3961
1eb75a8e-2315-43ee-b91c-a55d298524b9	5	61578004	61847792	236	0.6369
1eb75a8e-2315-43ee-b91c-a55d298524b9	5	61855223	61881826	21	-0.2579
1eb75a8e-2315-43ee-b91c-a55d298524b9	5	61886821	62100596	129	0.6292
1eb75a8e-2315-43ee-b91c-a55d298524b9	5	62102226	62630957	244	-0.4372
1eb75a8e-2315-43ee-b91c-a55d298524b9	5	62636050	62942785	226	0.584
1eb75a8e-2315-43ee-b91c-a55d298524b9	5	62946260	63301236	209	-0.4546
1eb75a8e-2315-43ee-b91c-a55d298524b9	5	63886716	64074822	93	0.1177
1eb75a8e-2315-43ee-b91c-a55d298524b9	5	64075680	64113483	10	-0.6992
1eb75a8e-2315-43ee-b91c-a55d298524b9	5	64116665	64647356	268	0.6178
1eb75a8e-2315-43ee-b91c-a55d298524b9	5	64651355	71708750	3244	-0.4363
1eb75a8e-2315-43ee-b91c-a55d298524b9	5	71711932	71886424	121	0.5999
1eb75a8e-2315-43ee-b91c-a55d298524b9	5	71887529	72097259	174	-0.4049
1eb75a8e-2315-43ee-b91c-a55d298524b9	5	72098288	72211976	62	0.5641
1eb75a8e-2315-43ee-b91c-a55d298524b9	5	72212936	72708749	262	-0.4217
1eb75a8e-2315-43ee-b91c-a55d298524b9	5	72710969	73495484	465	0.3795
1eb75a8e-2315-43ee-b91c-a55d298524b9	5	73499544	73752177	181	-0.4395
1eb75a8e-2315-43ee-b91c-a55d298524b9	5	73753005	73786339	33	0.6028
1eb75a8e-2315-43ee-b91c-a55d298524b9	5	73787117	74255946	376	-0.3944
1eb75a8e-2315-43ee-b91c-a55d298524b9	5	74260219	74279533	21	0.6287
1eb75a8e-2315-43ee-b91c-a55d298524b9	5	74280221	76025851	1010	-0.428
1eb75a8e-2315-43ee-b91c-a55d298524b9	5	76026817	76043071	11	0.5708
1eb75a8e-2315-43ee-b91c-a55d298524b9	5	76050120	76065615	16	-0.4621
1eb75a8e-2315-43ee-b91c-a55d298524b9	5	76071996	76131693	49	0.5921
1eb75a8e-2315-43ee-b91c-a55d298524b9	5	76132110	80602183	2659	-0.4371
1eb75a8e-2315-43ee-b91c-a55d298524b9	5	80605332	80656165	26	0.4154
1eb75a8e-2315-43ee-b91c-a55d298524b9	5	80656215	81792620	675	-0.4486
1eb75a8e-2315-43ee-b91c-a55d298524b9	5	81792654	81792786	2	-2.7714
1eb75a8e-2315-43ee-b91c-a55d298524b9	5	81794576	92010701	5360	-0.4315
1eb75a8e-2315-43ee-b91c-a55d298524b9	5	92012265	95357721	1673	0.4425
1eb75a8e-2315-43ee-b91c-a55d298524b9	5	95367466	95806636	254	0.6339
1eb75a8e-2315-43ee-b91c-a55d298524b9	5	95806879	95833134	27	1.0558
1eb75a8e-2315-43ee-b91c-a55d298524b9	5	95833707	96910318	684	0.4258
1eb75a8e-2315-43ee-b91c-a55d298524b9	5	96919313	110741315	6541	-0.4271
1eb75a8e-2315-43ee-b91c-a55d298524b9	5	110748601	110835963	47	0.6696
1eb75a8e-2315-43ee-b91c-a55d298524b9	5	110840918	117773797	4496	-0.4087
1eb75a8e-2315-43ee-b91c-a55d298524b9	5	117775646	118263796	285	0.4264
1eb75a8e-2315-43ee-b91c-a55d298524b9	5	118264243	118265194	2	-0.9922
1eb75a8e-2315-43ee-b91c-a55d298524b9	5	118267594	119396492	724	0.3988
1eb75a8e-2315-43ee-b91c-a55d298524b9	5	119399036	127409786	4623	0.6212
1eb75a8e-2315-43ee-b91c-a55d298524b9	5	127410742	127508064	59	1.2177
1eb75a8e-2315-43ee-b91c-a55d298524b9	5	127517345	133045075	2984	0.628
1eb75a8e-2315-43ee-b91c-a55d298524b9	5	133055600	133658539	467	-0.4548
1eb75a8e-2315-43ee-b91c-a55d298524b9	5	133660913	133666432	12	0.644
1eb75a8e-2315-43ee-b91c-a55d298524b9	5	133668500	133814820	136	-0.4262
1eb75a8e-2315-43ee-b91c-a55d298524b9	5	133818590	138240621	2795	0.5841
1eb75a8e-2315-43ee-b91c-a55d298524b9	5	138250641	145270189	3834	-0.4235
1eb75a8e-2315-43ee-b91c-a55d298524b9	5	145270834	145272275	2	-2.7328
1eb75a8e-2315-43ee-b91c-a55d298524b9	5	145272850	154650417	6197	-0.4263
1eb75a8e-2315-43ee-b91c-a55d298524b9	5	154653859	155216707	316	0.5653
1eb75a8e-2315-43ee-b91c-a55d298524b9	5	155218349	155235363	21	1.1453
1eb75a8e-2315-43ee-b91c-a55d298524b9	5	155238562	160989593	3850	0.6005
1eb75a8e-2315-43ee-b91c-a55d298524b9	5	160996445	161230187	172	-0.4009
1eb75a8e-2315-43ee-b91c-a55d298524b9	5	161245007	163141585	1083	0.6237
1eb75a8e-2315-43ee-b91c-a55d298524b9	5	163152814	169656046	4386	-0.4526
1eb75a8e-2315-43ee-b91c-a55d298524b9	5	169662454	170734227	847	0.088
1eb75a8e-2315-43ee-b91c-a55d298524b9	5	170735662	172361630	843	-0.4496
1eb75a8e-2315-43ee-b91c-a55d298524b9	5	172363118	172473320	87	-1.4622
1eb75a8e-2315-43ee-b91c-a55d298524b9	5	172475447	172544061	49	-0.499
1eb75a8e-2315-43ee-b91c-a55d298524b9	5	172549413	172557940	15	0.4391
1eb75a8e-2315-43ee-b91c-a55d298524b9	5	172562670	177674850	2922	-0.4536
1eb75a8e-2315-43ee-b91c-a55d298524b9	5	177680789	178579996	309	0.5081
1eb75a8e-2315-43ee-b91c-a55d298524b9	5	178581826	180934240	1213	-0.4841
1eb75a8e-2315-43ee-b91c-a55d298524b9	6	1011760	21968251	14744	0.315
1eb75a8e-2315-43ee-b91c-a55d298524b9	6	21968319	24528032	1953	0.3676
1eb75a8e-2315-43ee-b91c-a55d298524b9	6	24531191	29707450	2160	0.3072
1eb75a8e-2315-43ee-b91c-a55d298524b9	6	29707838	44267077	7383	0.2846
1eb75a8e-2315-43ee-b91c-a55d298524b9	6	44267476	47985867	2326	0.3315
1eb75a8e-2315-43ee-b91c-a55d298524b9	6	47986525	86830305	19556	0.3536
1eb75a8e-2315-43ee-b91c-a55d298524b9	6	86830734	86835363	2	-1.6546
1eb75a8e-2315-43ee-b91c-a55d298524b9	6	86835585	147922992	35475	0.3614
1eb75a8e-2315-43ee-b91c-a55d298524b9	6	147926142	148933534	791	0.3292
1eb75a8e-2315-43ee-b91c-a55d298524b9	6	148936464	148944119	2	-1.7195
1eb75a8e-2315-43ee-b91c-a55d298524b9	6	148944228	150298404	862	0.3404
1eb75a8e-2315-43ee-b91c-a55d298524b9	6	150301375	163485870	8599	-0.0327
1eb75a8e-2315-43ee-b91c-a55d298524b9	6	163491884	163491899	2	-1.8337
1eb75a8e-2315-43ee-b91c-a55d298524b9	6	163492242	170596889	3269	-0.0474
1eb75a8e-2315-43ee-b91c-a55d298524b9	7	664936	2690626	568	-0.1244
1eb75a8e-2315-43ee-b91c-a55d298524b9	7	2694042	4674874	997	-0.0443
1eb75a8e-2315-43ee-b91c-a55d298524b9	7	4675968	6736846	738	-0.1253
1eb75a8e-2315-43ee-b91c-a55d298524b9	7	6737427	11544939	2256	-0.0151
1eb75a8e-2315-43ee-b91c-a55d298524b9	7	11545186	11556365	11	-0.8731
1eb75a8e-2315-43ee-b91c-a55d298524b9	7	11557307	55450354	28461	-0.0267
1eb75a8e-2315-43ee-b91c-a55d298524b9	7	55453290	78071602	6107	-0.07
1eb75a8e-2315-43ee-b91c-a55d298524b9	7	78073763	97025261	10387	0.0085
1eb75a8e-2315-43ee-b91c-a55d298524b9	7	97030743	100073252	1370	-0.06
1eb75a8e-2315-43ee-b91c-a55d298524b9	7	100074224	102401232	822	-0.1368
1eb75a8e-2315-43ee-b91c-a55d298524b9	7	102402146	104036704	734	-0.0481
1eb75a8e-2315-43ee-b91c-a55d298524b9	7	104037382	134225418	16384	-0.014
1eb75a8e-2315-43ee-b91c-a55d298524b9	7	134226625	134226665	2	1.9545
1eb75a8e-2315-43ee-b91c-a55d298524b9	7	134230474	148390245	7901	-0.0261
1eb75a8e-2315-43ee-b91c-a55d298524b9	7	148390502	158592540	5134	-0.0601
1eb75a8e-2315-43ee-b91c-a55d298524b9	8	667625	3387293	1254	-0.6007
1eb75a8e-2315-43ee-b91c-a55d298524b9	8	3388977	3437290	39	-1.0718
1eb75a8e-2315-43ee-b91c-a55d298524b9	8	3438623	30952241	16792	-0.5698
1eb75a8e-2315-43ee-b91c-a55d298524b9	8	30953152	38240352	4066	-0.1067
1eb75a8e-2315-43ee-b91c-a55d298524b9	8	38245112	48189894	3410	0.2621
1eb75a8e-2315-43ee-b91c-a55d298524b9	8	48190187	54643509	3665	0.3507
1eb75a8e-2315-43ee-b91c-a55d298524b9	8	54648356	56111673	883	-0.0268
1eb75a8e-2315-43ee-b91c-a55d298524b9	8	56121465	56337320	58	0.7866
1eb75a8e-2315-43ee-b91c-a55d298524b9	8	56348987	56436821	47	0.0626
1eb75a8e-2315-43ee-b91c-a55d298524b9	8	56437298	56549281	84	0.6477
1eb75a8e-2315-43ee-b91c-a55d298524b9	8	56554300	58850179	1553	0.7745
1eb75a8e-2315-43ee-b91c-a55d298524b9	8	58850672	59028349	145	0.5888
1eb75a8e-2315-43ee-b91c-a55d298524b9	8	59029263	60218280	668	0.0292
1eb75a8e-2315-43ee-b91c-a55d298524b9	8	60221192	60289668	40	0.4895
1eb75a8e-2315-43ee-b91c-a55d298524b9	8	60289670	60336047	32	0.0343
1eb75a8e-2315-43ee-b91c-a55d298524b9	8	60338626	60352045	19	0.5507
1eb75a8e-2315-43ee-b91c-a55d298524b9	8	60355118	60366887	15	0.1875
1eb75a8e-2315-43ee-b91c-a55d298524b9	8	60373835	65849143	3181	0.0087
1eb75a8e-2315-43ee-b91c-a55d298524b9	8	65849749	66272752	240	0.4728
1eb75a8e-2315-43ee-b91c-a55d298524b9	8	66274903	67603890	548	-0.0029
1eb75a8e-2315-43ee-b91c-a55d298524b9	8	67604160	67797456	174	0.5134
1eb75a8e-2315-43ee-b91c-a55d298524b9	8	67801453	71634410	2374	0.0162
1eb75a8e-2315-43ee-b91c-a55d298524b9	8	71636303	76408308	2982	0.3039
1eb75a8e-2315-43ee-b91c-a55d298524b9	8	76408455	77490919	643	0.1547
1eb75a8e-2315-43ee-b91c-a55d298524b9	8	77492866	80321732	1474	0.0325
1eb75a8e-2315-43ee-b91c-a55d298524b9	8	80323188	82644880	1269	0.4047
1eb75a8e-2315-43ee-b91c-a55d298524b9	8	82647786	86351721	1812	0.0257
1eb75a8e-2315-43ee-b91c-a55d298524b9	8	86352009	87546222	620	0.4349
1eb75a8e-2315-43ee-b91c-a55d298524b9	8	87546271	88199166	352	0.6286
1eb75a8e-2315-43ee-b91c-a55d298524b9	8	88199517	88214407	10	0.0687
1eb75a8e-2315-43ee-b91c-a55d298524b9	8	88214461	89650940	897	-0.4322
1eb75a8e-2315-43ee-b91c-a55d298524b9	8	89655885	89909876	118	-0.1436
1eb75a8e-2315-43ee-b91c-a55d298524b9	8	89910239	91576577	891	-0.0354
1eb75a8e-2315-43ee-b91c-a55d298524b9	8	91576657	94859901	1950	0.1463
1eb75a8e-2315-43ee-b91c-a55d298524b9	8	94862326	95705221	565	0.2465
1eb75a8e-2315-43ee-b91c-a55d298524b9	8	95705692	95914591	204	0.379
1eb75a8e-2315-43ee-b91c-a55d298524b9	8	95914885	99746807	2149	0.2196
1eb75a8e-2315-43ee-b91c-a55d298524b9	8	99754654	100354161	270	0.1629
1eb75a8e-2315-43ee-b91c-a55d298524b9	8	100355852	127053773	15973	-0.4643
1eb75a8e-2315-43ee-b91c-a55d298524b9	8	127054783	127065276	8	-1.7192
1eb75a8e-2315-43ee-b91c-a55d298524b9	8	127066864	136357638	6855	-0.473
1eb75a8e-2315-43ee-b91c-a55d298524b9	8	136358043	144182542	3657	0.0279
1eb75a8e-2315-43ee-b91c-a55d298524b9	9	789794	37580800	22718	0.2342
1eb75a8e-2315-43ee-b91c-a55d298524b9	9	37584369	38587825	701	0.3957
1eb75a8e-2315-43ee-b91c-a55d298524b9	9	38588605	68423153	166	0.4799
1eb75a8e-2315-43ee-b91c-a55d298524b9	9	68424128	86982170	12925	0.6155
1eb75a8e-2315-43ee-b91c-a55d298524b9	9	86982549	100440435	8593	0.5601
1eb75a8e-2315-43ee-b91c-a55d298524b9	9	100442972	123177114	15591	0.6
1eb75a8e-2315-43ee-b91c-a55d298524b9	9	123177172	138044505	7783	0.5142
1eb75a8e-2315-43ee-b91c-a55d298524b9	10	366509	1651706	572	-0.6187
1eb75a8e-2315-43ee-b91c-a55d298524b9	10	1652555	2084925	253	-3.6107
1eb75a8e-2315-43ee-b91c-a55d298524b9	10	2089169	2289811	188	-0.6302
1eb75a8e-2315-43ee-b91c-a55d298524b9	10	2294730	2294826	3	0.7158
1eb75a8e-2315-43ee-b91c-a55d298524b9	10	2297844	3272915	481	-0.6295
1eb75a8e-2315-43ee-b91c-a55d298524b9	10	3273199	7770950	3593	-0.0101
1eb75a8e-2315-43ee-b91c-a55d298524b9	10	7773636	9441554	1317	-0.6134
1eb75a8e-2315-43ee-b91c-a55d298524b9	10	9441832	9796528	101	-3.5379
1eb75a8e-2315-43ee-b91c-a55d298524b9	10	9797218	38737005	19610	-0.5631
1eb75a8e-2315-43ee-b91c-a55d298524b9	10	38747590	64638921	12177	-0.0153
1eb75a8e-2315-43ee-b91c-a55d298524b9	10	64639652	64640112	2	-2.6779
1eb75a8e-2315-43ee-b91c-a55d298524b9	10	64643074	82708207	10728	-0.0381
1eb75a8e-2315-43ee-b91c-a55d298524b9	10	82710254	82710902	3	-2.3698
1eb75a8e-2315-43ee-b91c-a55d298524b9	10	82711131	132471899	31851	-0.0298
1eb75a8e-2315-43ee-b91c-a55d298524b9	10	132473426	132473842	2	-1.778
1eb75a8e-2315-43ee-b91c-a55d298524b9	10	132477040	133411599	230	-0.1201
1eb75a8e-2315-43ee-b91c-a55d298524b9	11	456012	8911874	4532	-0.551
1eb75a8e-2315-43ee-b91c-a55d298524b9	11	8912268	8912272	2	-2.9739
1eb75a8e-2315-43ee-b91c-a55d298524b9	11	8913625	24513543	10973	-0.5348
1eb75a8e-2315-43ee-b91c-a55d298524b9	11	24513748	24513933	2	-3.4025
1eb75a8e-2315-43ee-b91c-a55d298524b9	11	24516137	134272740	61705	-0.5367
1eb75a8e-2315-43ee-b91c-a55d298524b9	12	780472	39278600	19850	-0.5415
1eb75a8e-2315-43ee-b91c-a55d298524b9	12	39284909	39321798	22	2.2003
1eb75a8e-2315-43ee-b91c-a55d298524b9	12	39324706	44755332	2967	-0.543
1eb75a8e-2315-43ee-b91c-a55d298524b9	12	44755649	44795569	33	0.6377
1eb75a8e-2315-43ee-b91c-a55d298524b9	12	44801512	48278523	2002	-0.5216
1eb75a8e-2315-43ee-b91c-a55d298524b9	12	48282000	48661028	211	2.7479
1eb75a8e-2315-43ee-b91c-a55d298524b9	12	48671767	49540782	360	-0.5471
1eb75a8e-2315-43ee-b91c-a55d298524b9	12	49551898	49662339	43	0.7088
1eb75a8e-2315-43ee-b91c-a55d298524b9	12	49666611	49726275	19	2.9439
1eb75a8e-2315-43ee-b91c-a55d298524b9	12	49730256	50491142	371	-0.5415
1eb75a8e-2315-43ee-b91c-a55d298524b9	12	50493635	50760975	120	3.0049
1eb75a8e-2315-43ee-b91c-a55d298524b9	12	50761488	50932919	101	-0.5317
1eb75a8e-2315-43ee-b91c-a55d298524b9	12	50933051	50935831	2	-2.1807
1eb75a8e-2315-43ee-b91c-a55d298524b9	12	50937381	51791193	456	-0.5161
1eb75a8e-2315-43ee-b91c-a55d298524b9	12	51795587	51899716	21	2.2174
1eb75a8e-2315-43ee-b91c-a55d298524b9	12	51908659	52282619	265	-0.5329
1eb75a8e-2315-43ee-b91c-a55d298524b9	12	52391992	52603249	160	1.6993
1eb75a8e-2315-43ee-b91c-a55d298524b9	12	52603713	52748291	140	2.2788
1eb75a8e-2315-43ee-b91c-a55d298524b9	12	52749862	52861383	98	1.637
1eb75a8e-2315-43ee-b91c-a55d298524b9	12	52867084	52880135	11	0.8756
1eb75a8e-2315-43ee-b91c-a55d298524b9	12	52881483	53017933	91	0.5331
1eb75a8e-2315-43ee-b91c-a55d298524b9	12	53142366	57700510	2290	-0.5274
1eb75a8e-2315-43ee-b91c-a55d298524b9	12	57707548	58253433	324	2.7795
1eb75a8e-2315-43ee-b91c-a55d298524b9	12	58254316	58317535	33	3.3485
1eb75a8e-2315-43ee-b91c-a55d298524b9	12	58322678	58345910	38	2.6776
1eb75a8e-2315-43ee-b91c-a55d298524b9	12	58346231	58346609	4	3.8542
1eb75a8e-2315-43ee-b91c-a55d298524b9	12	58346952	58488025	131	2.6264
1eb75a8e-2315-43ee-b91c-a55d298524b9	12	58488159	58809861	234	3.1563
1eb75a8e-2315-43ee-b91c-a55d298524b9	12	58815488	59736642	615	-0.5109
1eb75a8e-2315-43ee-b91c-a55d298524b9	12	59741431	59951325	129	0.3564
1eb75a8e-2315-43ee-b91c-a55d298524b9	12	59954384	60758992	450	-0.5294
1eb75a8e-2315-43ee-b91c-a55d298524b9	12	60761867	60782949	8	2.1199
1eb75a8e-2315-43ee-b91c-a55d298524b9	12	60786404	61040314	122	-0.5229
1eb75a8e-2315-43ee-b91c-a55d298524b9	12	61041532	61208547	95	0.6611
1eb75a8e-2315-43ee-b91c-a55d298524b9	12	61209742	61316176	75	1.5799
1eb75a8e-2315-43ee-b91c-a55d298524b9	12	61318825	61407711	55	-0.4796
1eb75a8e-2315-43ee-b91c-a55d298524b9	12	61408363	61480255	48	0.3122
1eb75a8e-2315-43ee-b91c-a55d298524b9	12	61480668	61494819	9	0.8807
1eb75a8e-2315-43ee-b91c-a55d298524b9	12	61496127	61621624	83	0.3362
1eb75a8e-2315-43ee-b91c-a55d298524b9	12	61624351	61940741	185	0.8629
1eb75a8e-2315-43ee-b91c-a55d298524b9	12	61940773	62122779	121	1.2287
1eb75a8e-2315-43ee-b91c-a55d298524b9	12	62125625	62161814	34	1.7802
1eb75a8e-2315-43ee-b91c-a55d298524b9	12	62166230	62337878	88	0.3441
1eb75a8e-2315-43ee-b91c-a55d298524b9	12	62353465	62383166	12	3.1401
1eb75a8e-2315-43ee-b91c-a55d298524b9	12	62388687	62424701	21	2.3397
1eb75a8e-2315-43ee-b91c-a55d298524b9	12	62425984	63400043	731	0.2962
1eb75a8e-2315-43ee-b91c-a55d298524b9	12	63401438	64598656	505	-0.5247
1eb75a8e-2315-43ee-b91c-a55d298524b9	12	64606062	64728516	105	2.055
1eb75a8e-2315-43ee-b91c-a55d298524b9	12	64728555	64903194	88	2.8701
1eb75a8e-2315-43ee-b91c-a55d298524b9	12	64903484	64945574	40	2.0237
1eb75a8e-2315-43ee-b91c-a55d298524b9	12	64945797	65623511	360	2.2583
1eb75a8e-2315-43ee-b91c-a55d298524b9	12	65624693	65726528	73	1.8084
1eb75a8e-2315-43ee-b91c-a55d298524b9	12	65734081	65830681	65	0.7335
1eb75a8e-2315-43ee-b91c-a55d298524b9	12	65830720	65877243	26	1.7902
1eb75a8e-2315-43ee-b91c-a55d298524b9	12	65878729	66305115	274	2.821
1eb75a8e-2315-43ee-b91c-a55d298524b9	12	66311497	66672453	227	2.4903
1eb75a8e-2315-43ee-b91c-a55d298524b9	12	66673165	66724184	33	-0.5485
1eb75a8e-2315-43ee-b91c-a55d298524b9	12	66724909	66748477	18	2.6177
1eb75a8e-2315-43ee-b91c-a55d298524b9	12	66748755	66915518	153	-0.5251
1eb75a8e-2315-43ee-b91c-a55d298524b9	12	66917364	67006801	79	2.0582
1eb75a8e-2315-43ee-b91c-a55d298524b9	12	67007273	67231091	166	2.9087
1eb75a8e-2315-43ee-b91c-a55d298524b9	12	67231721	67862152	445	2.2174
1eb75a8e-2315-43ee-b91c-a55d298524b9	12	67863259	67992232	107	1.5256
1eb75a8e-2315-43ee-b91c-a55d298524b9	12	67992446	68007876	15	2.3104
1eb75a8e-2315-43ee-b91c-a55d298524b9	12	68008599	68085433	65	1.631
1eb75a8e-2315-43ee-b91c-a55d298524b9	12	68086026	68552248	383	-0.5352
1eb75a8e-2315-43ee-b91c-a55d298524b9	12	68563471	68581069	15	1.6799
1eb75a8e-2315-43ee-b91c-a55d298524b9	12	68585698	68649656	35	-0.4466
1eb75a8e-2315-43ee-b91c-a55d298524b9	12	68649826	68958944	215	3.3956
1eb75a8e-2315-43ee-b91c-a55d298524b9	12	68962247	69104680	78	2.5658
1eb75a8e-2315-43ee-b91c-a55d298524b9	12	69105080	69161777	54	2.0652
1eb75a8e-2315-43ee-b91c-a55d298524b9	12	69162529	69167072	3	0.0901
1eb75a8e-2315-43ee-b91c-a55d298524b9	12	69167939	69361624	118	2.3203
1eb75a8e-2315-43ee-b91c-a55d298524b9	12	69367081	69593202	149	2.838
1eb75a8e-2315-43ee-b91c-a55d298524b9	12	69593714	69708817	116	2.2469
1eb75a8e-2315-43ee-b91c-a55d298524b9	12	69713001	70109092	271	2.921
1eb75a8e-2315-43ee-b91c-a55d298524b9	12	70109657	70265908	78	2.3778
1eb75a8e-2315-43ee-b91c-a55d298524b9	12	70267947	70964746	480	3.0168
1eb75a8e-2315-43ee-b91c-a55d298524b9	12	70966636	71915895	490	-0.5231
1eb75a8e-2315-43ee-b91c-a55d298524b9	12	71918488	71980750	54	2.9707
1eb75a8e-2315-43ee-b91c-a55d298524b9	12	71983532	72086461	63	-0.4703
1eb75a8e-2315-43ee-b91c-a55d298524b9	12	72087651	72115573	14	2.1164
1eb75a8e-2315-43ee-b91c-a55d298524b9	12	72126329	73066196	463	-0.5253
1eb75a8e-2315-43ee-b91c-a55d298524b9	12	73071351	73085341	8	2.4006
1eb75a8e-2315-43ee-b91c-a55d298524b9	12	73091723	73435176	192	-0.546
1eb75a8e-2315-43ee-b91c-a55d298524b9	12	73439501	73527529	38	3.2234
1eb75a8e-2315-43ee-b91c-a55d298524b9	12	73533505	73561419	26	2.1704
1eb75a8e-2315-43ee-b91c-a55d298524b9	12	73568226	73724131	73	1.3651
1eb75a8e-2315-43ee-b91c-a55d298524b9	12	73727108	73814251	68	0.645
1eb75a8e-2315-43ee-b91c-a55d298524b9	12	73817718	74080185	65	-0.5641
1eb75a8e-2315-43ee-b91c-a55d298524b9	12	74085384	74156739	46	2.0494
1eb75a8e-2315-43ee-b91c-a55d298524b9	12	74157002	74458368	175	2.3385
1eb75a8e-2315-43ee-b91c-a55d298524b9	12	74463512	75037903	369	3.2863
1eb75a8e-2315-43ee-b91c-a55d298524b9	12	75038537	75264125	155	3.7006
1eb75a8e-2315-43ee-b91c-a55d298524b9	12	75264789	75486226	121	2.8709
1eb75a8e-2315-43ee-b91c-a55d298524b9	12	75486635	75963906	381	3.3735
1eb75a8e-2315-43ee-b91c-a55d298524b9	12	75966904	76079992	77	2.4728
1eb75a8e-2315-43ee-b91c-a55d298524b9	12	76126180	76351392	153	-0.5301
1eb75a8e-2315-43ee-b91c-a55d298524b9	12	76353641	76357050	3	4.0672
1eb75a8e-2315-43ee-b91c-a55d298524b9	12	76361180	76523147	77	2.5218
1eb75a8e-2315-43ee-b91c-a55d298524b9	12	76527727	76634093	43	0.619
1eb75a8e-2315-43ee-b91c-a55d298524b9	12	76635306	76666951	19	1.13
1eb75a8e-2315-43ee-b91c-a55d298524b9	12	76668309	77079743	263	1.8416
1eb75a8e-2315-43ee-b91c-a55d298524b9	12	77082002	78740802	1208	-0.5205
1eb75a8e-2315-43ee-b91c-a55d298524b9	12	78743577	78744848	3	2.0189
1eb75a8e-2315-43ee-b91c-a55d298524b9	12	78748237	82558312	2261	-0.5334
1eb75a8e-2315-43ee-b91c-a55d298524b9	12	82559701	82562073	3	1.6915
1eb75a8e-2315-43ee-b91c-a55d298524b9	12	82562260	86727473	2315	-0.5188
1eb75a8e-2315-43ee-b91c-a55d298524b9	12	86728134	86733484	5	-2.9931
1eb75a8e-2315-43ee-b91c-a55d298524b9	12	86733994	87811735	538	-0.5233
1eb75a8e-2315-43ee-b91c-a55d298524b9	12	87813469	87813674	2	-2.6601
1eb75a8e-2315-43ee-b91c-a55d298524b9	12	87814267	90007236	1224	-0.4969
1eb75a8e-2315-43ee-b91c-a55d298524b9	12	90008320	90045281	23	3.3303
1eb75a8e-2315-43ee-b91c-a55d298524b9	12	90046860	90169743	85	2.4598
1eb75a8e-2315-43ee-b91c-a55d298524b9	12	90169816	90495927	201	3.2088
1eb75a8e-2315-43ee-b91c-a55d298524b9	12	90498540	90938014	276	-0.4988
1eb75a8e-2315-43ee-b91c-a55d298524b9	12	90940828	90989583	36	3.0778
1eb75a8e-2315-43ee-b91c-a55d298524b9	12	90990596	91435546	278	-0.5379
1eb75a8e-2315-43ee-b91c-a55d298524b9	12	91438541	91539156	65	2.2003
1eb75a8e-2315-43ee-b91c-a55d298524b9	12	91545054	92413201	615	-0.5124
1eb75a8e-2315-43ee-b91c-a55d298524b9	12	92416518	92654954	218	3.097
1eb75a8e-2315-43ee-b91c-a55d298524b9	12	92655056	92830827	96	2.2489
1eb75a8e-2315-43ee-b91c-a55d298524b9	12	92833928	92875804	27	-0.5456
1eb75a8e-2315-43ee-b91c-a55d298524b9	12	92876757	92904450	7	2.2576
1eb75a8e-2315-43ee-b91c-a55d298524b9	12	92912449	93434429	252	-0.5439
1eb75a8e-2315-43ee-b91c-a55d298524b9	12	93436764	93437483	2	1.6347
1eb75a8e-2315-43ee-b91c-a55d298524b9	12	93451495	95861926	1726	-0.5313
1eb75a8e-2315-43ee-b91c-a55d298524b9	12	95864088	95864761	3	1.1897
1eb75a8e-2315-43ee-b91c-a55d298524b9	12	95866635	95985667	84	-0.5683
1eb75a8e-2315-43ee-b91c-a55d298524b9	12	95988476	95990567	10	0.9401
1eb75a8e-2315-43ee-b91c-a55d298524b9	12	95992935	96069399	50	-0.4289
1eb75a8e-2315-43ee-b91c-a55d298524b9	12	96073789	96168736	56	2.1892
1eb75a8e-2315-43ee-b91c-a55d298524b9	12	96169433	96314856	94	2.8802
1eb75a8e-2315-43ee-b91c-a55d298524b9	12	96325619	96709311	236	-0.609
1eb75a8e-2315-43ee-b91c-a55d298524b9	12	96709531	96712204	2	-2.616
1eb75a8e-2315-43ee-b91c-a55d298524b9	12	96714181	97759209	844	-0.5169
1eb75a8e-2315-43ee-b91c-a55d298524b9	12	97760521	97935422	136	2.15
1eb75a8e-2315-43ee-b91c-a55d298524b9	12	97936577	101011532	1722	-0.5284
1eb75a8e-2315-43ee-b91c-a55d298524b9	12	101013738	101014243	2	2.1086
1eb75a8e-2315-43ee-b91c-a55d298524b9	12	101015249	101085687	40	-0.541
1eb75a8e-2315-43ee-b91c-a55d298524b9	12	101095065	101623369	379	0.2476
1eb75a8e-2315-43ee-b91c-a55d298524b9	12	101623792	101659897	31	2.8926
1eb75a8e-2315-43ee-b91c-a55d298524b9	12	101660365	101695724	33	2.2923
1eb75a8e-2315-43ee-b91c-a55d298524b9	12	101696302	101701823	6	3.5296
1eb75a8e-2315-43ee-b91c-a55d298524b9	12	101715263	107657099	4040	-0.5366
1eb75a8e-2315-43ee-b91c-a55d298524b9	12	107658619	107705149	31	1.4044
1eb75a8e-2315-43ee-b91c-a55d298524b9	12	107708145	110886257	1619	-0.549
1eb75a8e-2315-43ee-b91c-a55d298524b9	12	110895771	111016594	97	1.3292
1eb75a8e-2315-43ee-b91c-a55d298524b9	12	111018520	111211540	92	1.6271
1eb75a8e-2315-43ee-b91c-a55d298524b9	12	111215970	111396435	89	1.19
1eb75a8e-2315-43ee-b91c-a55d298524b9	12	111398773	111982516	179	2.3822
1eb75a8e-2315-43ee-b91c-a55d298524b9	12	111982761	112343230	150	2.8552
1eb75a8e-2315-43ee-b91c-a55d298524b9	12	112343240	112456317	89	3.5489
1eb75a8e-2315-43ee-b91c-a55d298524b9	12	112456405	112462415	19	2.452
1eb75a8e-2315-43ee-b91c-a55d298524b9	12	112462885	116532887	2789	-0.5493
1eb75a8e-2315-43ee-b91c-a55d298524b9	12	116539678	116547259	3	2.4338
1eb75a8e-2315-43ee-b91c-a55d298524b9	12	116548314	117602508	687	-0.5445
1eb75a8e-2315-43ee-b91c-a55d298524b9	12	117604498	117681465	69	2.4004
1eb75a8e-2315-43ee-b91c-a55d298524b9	12	117682165	117705846	29	1.5253
1eb75a8e-2315-43ee-b91c-a55d298524b9	12	117706492	117711683	8	2.3501
1eb75a8e-2315-43ee-b91c-a55d298524b9	12	117714856	117719524	9	1.5217
1eb75a8e-2315-43ee-b91c-a55d298524b9	12	117720127	117759375	39	1.238
1eb75a8e-2315-43ee-b91c-a55d298524b9	12	117762189	117791244	25	1.9042
1eb75a8e-2315-43ee-b91c-a55d298524b9	12	117795309	117819301	23	-0.5848
1eb75a8e-2315-43ee-b91c-a55d298524b9	12	117820257	117902169	55	1.4692
1eb75a8e-2315-43ee-b91c-a55d298524b9	12	117902965	118378036	241	-0.5605
1eb75a8e-2315-43ee-b91c-a55d298524b9	12	118381902	118747914	190	2.2447
1eb75a8e-2315-43ee-b91c-a55d298524b9	12	118750141	119599169	634	-0.539
1eb75a8e-2315-43ee-b91c-a55d298524b9	12	119603303	119604429	5	-2.9531
1eb75a8e-2315-43ee-b91c-a55d298524b9	12	119607505	121285176	886	-0.6059
1eb75a8e-2315-43ee-b91c-a55d298524b9	12	121292504	121773127	168	3.1267
1eb75a8e-2315-43ee-b91c-a55d298524b9	12	121774320	122236191	188	2.3489
1eb75a8e-2315-43ee-b91c-a55d298524b9	12	122240514	122259626	10	3.0722
1eb75a8e-2315-43ee-b91c-a55d298524b9	12	122262709	122583006	133	1.3647
1eb75a8e-2315-43ee-b91c-a55d298524b9	12	122586387	125277642	1349	-0.5675
1eb75a8e-2315-43ee-b91c-a55d298524b9	12	125278046	125278578	3	-2.7898
1eb75a8e-2315-43ee-b91c-a55d298524b9	12	125278761	126047772	611	-0.5674
1eb75a8e-2315-43ee-b91c-a55d298524b9	12	126050316	126220831	174	2.6176
1eb75a8e-2315-43ee-b91c-a55d298524b9	12	126226772	131425304	2160	-0.5825
1eb75a8e-2315-43ee-b91c-a55d298524b9	12	131426349	131427108	7	-2.0811
1eb75a8e-2315-43ee-b91c-a55d298524b9	12	131436226	131609044	162	-0.5349
1eb75a8e-2315-43ee-b91c-a55d298524b9	12	131687196	131697263	8	2.9684
1eb75a8e-2315-43ee-b91c-a55d298524b9	12	131697664	132605822	209	-0.5948
1eb75a8e-2315-43ee-b91c-a55d298524b9	13	18874255	22027596	1421	-0.5609
1eb75a8e-2315-43ee-b91c-a55d298524b9	13	22030678	23011243	630	-0.0201
1eb75a8e-2315-43ee-b91c-a55d298524b9	13	23012670	26973204	2365	-0.5787
1eb75a8e-2315-43ee-b91c-a55d298524b9	13	26976838	32416797	3890	-0.0366
1eb75a8e-2315-43ee-b91c-a55d298524b9	13	32420045	32497158	48	-0.515
1eb75a8e-2315-43ee-b91c-a55d298524b9	13	32500789	41413174	5950	-0.0219
1eb75a8e-2315-43ee-b91c-a55d298524b9	13	41413184	41413310	2	-2.0833
1eb75a8e-2315-43ee-b91c-a55d298524b9	13	41419208	42486648	747	-0.0561
1eb75a8e-2315-43ee-b91c-a55d298524b9	13	42489474	42547624	41	-0.4937
1eb75a8e-2315-43ee-b91c-a55d298524b9	13	42549508	46672369	2458	-0.025
1eb75a8e-2315-43ee-b91c-a55d298524b9	13	46675087	46691461	16	1.3082
1eb75a8e-2315-43ee-b91c-a55d298524b9	13	46695260	69478332	11083	-0.0235
1eb75a8e-2315-43ee-b91c-a55d298524b9	13	69484487	93199844	14414	-0.5421
1eb75a8e-2315-43ee-b91c-a55d298524b9	13	93202693	93208526	4	-2.7761
1eb75a8e-2315-43ee-b91c-a55d298524b9	13	93208794	110088429	11556	-0.5613
1eb75a8e-2315-43ee-b91c-a55d298524b9	13	110108279	110228712	111	-0.0706
1eb75a8e-2315-43ee-b91c-a55d298524b9	13	110228738	110229079	2	-2.3154
1eb75a8e-2315-43ee-b91c-a55d298524b9	13	110232291	114226675	2062	-0.0733
1eb75a8e-2315-43ee-b91c-a55d298524b9	14	20033191	25709649	2593	-0.5646
1eb75a8e-2315-43ee-b91c-a55d298524b9	14	25709952	25714246	3	-3.873
1eb75a8e-2315-43ee-b91c-a55d298524b9	14	25722339	51619912	13840	-0.5368
1eb75a8e-2315-43ee-b91c-a55d298524b9	14	51621347	51733117	77	0.007
1eb75a8e-2315-43ee-b91c-a55d298524b9	14	51737490	96891079	28428	-0.5421
1eb75a8e-2315-43ee-b91c-a55d298524b9	14	96891365	96891679	2	-3.3888
1eb75a8e-2315-43ee-b91c-a55d298524b9	14	96892165	105533894	4632	-0.583
1eb75a8e-2315-43ee-b91c-a55d298524b9	15	23437561	24617133	508	0.3002
1eb75a8e-2315-43ee-b91c-a55d298524b9	15	24621599	24747653	67	-0.5974
1eb75a8e-2315-43ee-b91c-a55d298524b9	15	24750073	24813443	40	0.3502
1eb75a8e-2315-43ee-b91c-a55d298524b9	15	24840471	28247049	2094	-0.6064
1eb75a8e-2315-43ee-b91c-a55d298524b9	15	28250353	40329500	5811	-0.1025
1eb75a8e-2315-43ee-b91c-a55d298524b9	15	40336447	40949369	289	-0.5417
1eb75a8e-2315-43ee-b91c-a55d298524b9	15	40949731	40950010	2	-1.7655
1eb75a8e-2315-43ee-b91c-a55d298524b9	15	40950096	41087172	64	-0.6145
1eb75a8e-2315-43ee-b91c-a55d298524b9	15	41089251	41089315	2	-2.0489
1eb75a8e-2315-43ee-b91c-a55d298524b9	15	41089799	41837314	321	-0.5843
1eb75a8e-2315-43ee-b91c-a55d298524b9	15	41846258	42074691	134	0.2516
1eb75a8e-2315-43ee-b91c-a55d298524b9	15	42077350	42476408	232	-0.101
1eb75a8e-2315-43ee-b91c-a55d298524b9	15	42482508	42613142	61	-0.3576
1eb75a8e-2315-43ee-b91c-a55d298524b9	15	42617561	44808654	885	0.2768
1eb75a8e-2315-43ee-b91c-a55d298524b9	15	45003915	45592481	271	-0.6098
1eb75a8e-2315-43ee-b91c-a55d298524b9	15	45592656	48414286	1872	-0.1034
1eb75a8e-2315-43ee-b91c-a55d298524b9	15	48414374	49685754	733	-0.5658
1eb75a8e-2315-43ee-b91c-a55d298524b9	15	49695822	49706485	7	-0.2505
1eb75a8e-2315-43ee-b91c-a55d298524b9	15	49708222	50786283	645	0.2574
1eb75a8e-2315-43ee-b91c-a55d298524b9	15	50791095	52259703	863	-0.1067
1eb75a8e-2315-43ee-b91c-a55d298524b9	15	52263592	52349491	66	-0.6317
1eb75a8e-2315-43ee-b91c-a55d298524b9	15	52356919	54435449	1562	-0.1052
1eb75a8e-2315-43ee-b91c-a55d298524b9	15	54437000	54534882	59	-0.5292
1eb75a8e-2315-43ee-b91c-a55d298524b9	15	54538730	57557836	1643	-0.0991
1eb75a8e-2315-43ee-b91c-a55d298524b9	15	57567077	57705436	124	-0.5903
1eb75a8e-2315-43ee-b91c-a55d298524b9	15	57708200	58182926	381	-0.0954
1eb75a8e-2315-43ee-b91c-a55d298524b9	15	58184643	58185868	3	-1.8429
1eb75a8e-2315-43ee-b91c-a55d298524b9	15	58186465	59670724	1024	-0.111
1eb75a8e-2315-43ee-b91c-a55d298524b9	15	59678833	101344124	24980	0.2895
1eb75a8e-2315-43ee-b91c-a55d298524b9	16	603333	5391124	1888	0.1777
1eb75a8e-2315-43ee-b91c-a55d298524b9	16	5402942	5434144	28	0.7535
1eb75a8e-2315-43ee-b91c-a55d298524b9	16	5434643	8620917	1925	0.2196
1eb75a8e-2315-43ee-b91c-a55d298524b9	16	8621433	8628772	2	1.457
1eb75a8e-2315-43ee-b91c-a55d298524b9	16	8633639	8773739	121	0.2221
1eb75a8e-2315-43ee-b91c-a55d298524b9	16	8775871	8831869	56	0.7453
1eb75a8e-2315-43ee-b91c-a55d298524b9	16	8839164	27936738	9059	0.2167
1eb75a8e-2315-43ee-b91c-a55d298524b9	16	27937887	31272988	708	0.1442
1eb75a8e-2315-43ee-b91c-a55d298524b9	16	31273001	51137242	2944	0.2202
1eb75a8e-2315-43ee-b91c-a55d298524b9	16	51138766	59575042	5915	0.2443
1eb75a8e-2315-43ee-b91c-a55d298524b9	16	59577456	65871104	4070	0.288
1eb75a8e-2315-43ee-b91c-a55d298524b9	16	65871120	66958451	722	0.2354
1eb75a8e-2315-43ee-b91c-a55d298524b9	16	66960260	71171291	1604	0.1957
1eb75a8e-2315-43ee-b91c-a55d298524b9	16	71172005	74220962	1874	0.2611
1eb75a8e-2315-43ee-b91c-a55d298524b9	16	74223751	74223866	2	-1.2689
1eb75a8e-2315-43ee-b91c-a55d298524b9	16	74224267	79050935	3404	0.2519
1eb75a8e-2315-43ee-b91c-a55d298524b9	16	79051122	80451940	1413	0.3113
1eb75a8e-2315-43ee-b91c-a55d298524b9	16	80452144	81396229	615	0.252
1eb75a8e-2315-43ee-b91c-a55d298524b9	16	81398108	81398987	3	-0.7978
1eb75a8e-2315-43ee-b91c-a55d298524b9	16	81399465	83851709	2262	0.2454
1eb75a8e-2315-43ee-b91c-a55d298524b9	16	83852315	89317317	2598	0.2096
1eb75a8e-2315-43ee-b91c-a55d298524b9	17	1074619	9098950	3974	0.2459
1eb75a8e-2315-43ee-b91c-a55d298524b9	17	9099432	9107428	3	-1.3183
1eb75a8e-2315-43ee-b91c-a55d298524b9	17	9109384	11131670	1336	0.2737
1eb75a8e-2315-43ee-b91c-a55d298524b9	17	11131749	11133132	9	-0.6676
1eb75a8e-2315-43ee-b91c-a55d298524b9	17	11135820	51600356	15034	0.2533
1eb75a8e-2315-43ee-b91c-a55d298524b9	17	51601555	73018638	12946	0.2921
1eb75a8e-2315-43ee-b91c-a55d298524b9	17	73022117	78852367	2365	0.2402
1eb75a8e-2315-43ee-b91c-a55d298524b9	17	78852900	82959812	1611	-0.1319
1eb75a8e-2315-43ee-b91c-a55d298524b9	18	326691	21977889	8626	0.5039
1eb75a8e-2315-43ee-b91c-a55d298524b9	18	21980271	24088937	1193	0.5526
1eb75a8e-2315-43ee-b91c-a55d298524b9	18	24089414	24095854	2	-0.9902
1eb75a8e-2315-43ee-b91c-a55d298524b9	18	24096428	25873486	1259	0.5726
1eb75a8e-2315-43ee-b91c-a55d298524b9	18	25874009	27176407	850	0.5054
1eb75a8e-2315-43ee-b91c-a55d298524b9	18	27178392	28145445	622	0.2763
1eb75a8e-2315-43ee-b91c-a55d298524b9	18	28147422	28393183	133	0.4734
1eb75a8e-2315-43ee-b91c-a55d298524b9	18	28394192	28589547	110	0.2467
1eb75a8e-2315-43ee-b91c-a55d298524b9	18	28591700	30423267	999	0.2215
1eb75a8e-2315-43ee-b91c-a55d298524b9	18	30425628	30484497	42	-0.578
1eb75a8e-2315-43ee-b91c-a55d298524b9	18	30485395	79322184	29085	-0.0518
1eb75a8e-2315-43ee-b91c-a55d298524b9	18	79322286	79349796	11	-0.3323
1eb75a8e-2315-43ee-b91c-a55d298524b9	19	283868	4752590	1026	0.4557
1eb75a8e-2315-43ee-b91c-a55d298524b9	19	4752637	6882398	922	0.2208
1eb75a8e-2315-43ee-b91c-a55d298524b9	19	6882419	8398747	550	0.4792
1eb75a8e-2315-43ee-b91c-a55d298524b9	19	8404854	9142678	405	0.2341
1eb75a8e-2315-43ee-b91c-a55d298524b9	19	9142903	15415565	2877	0.5006
1eb75a8e-2315-43ee-b91c-a55d298524b9	19	15418172	18989170	1586	0.2166
1eb75a8e-2315-43ee-b91c-a55d298524b9	19	18989389	19835282	369	0.5682
1eb75a8e-2315-43ee-b91c-a55d298524b9	19	19836130	21936706	435	0.2476
1eb75a8e-2315-43ee-b91c-a55d298524b9	19	21937480	21938027	2	-1.2436
1eb75a8e-2315-43ee-b91c-a55d298524b9	19	21938426	22753034	264	0.2783
1eb75a8e-2315-43ee-b91c-a55d298524b9	19	22761703	23268868	250	0.4454
1eb75a8e-2315-43ee-b91c-a55d298524b9	19	23271221	23271732	2	-0.5718
1eb75a8e-2315-43ee-b91c-a55d298524b9	19	23274298	30586127	2528	0.5405
1eb75a8e-2315-43ee-b91c-a55d298524b9	19	30586356	30695801	78	0.4176
1eb75a8e-2315-43ee-b91c-a55d298524b9	19	30701775	31052824	246	-0.0496
1eb75a8e-2315-43ee-b91c-a55d298524b9	19	31054133	32181788	825	0.2883
1eb75a8e-2315-43ee-b91c-a55d298524b9	19	32182753	32213410	28	-0.0448
1eb75a8e-2315-43ee-b91c-a55d298524b9	19	32214070	32310374	55	0.2779
1eb75a8e-2315-43ee-b91c-a55d298524b9	19	32311353	32323950	9	-0.1658
1eb75a8e-2315-43ee-b91c-a55d298524b9	19	32325166	32402709	46	0.281
1eb75a8e-2315-43ee-b91c-a55d298524b9	19	32403544	32991942	336	-0.0923
1eb75a8e-2315-43ee-b91c-a55d298524b9	19	32997211	33749170	496	0.2468
1eb75a8e-2315-43ee-b91c-a55d298524b9	19	33752975	34249243	349	-0.0802
1eb75a8e-2315-43ee-b91c-a55d298524b9	19	34258182	34379860	58	0.2713
1eb75a8e-2315-43ee-b91c-a55d298524b9	19	34381477	34495444	62	0.4717
1eb75a8e-2315-43ee-b91c-a55d298524b9	19	34499604	34570345	46	-0.0321
1eb75a8e-2315-43ee-b91c-a55d298524b9	19	34572399	34721472	93	0.2872
1eb75a8e-2315-43ee-b91c-a55d298524b9	19	34723639	55037257	8491	-0.1078
1eb75a8e-2315-43ee-b91c-a55d298524b9	19	55038018	55930080	414	0.2468
1eb75a8e-2315-43ee-b91c-a55d298524b9	19	56015979	58370362	1302	-0.102
1eb75a8e-2315-43ee-b91c-a55d298524b9	20	472817	483155	8	0.245
1eb75a8e-2315-43ee-b91c-a55d298524b9	20	483351	2625880	1467	0.5991
1eb75a8e-2315-43ee-b91c-a55d298524b9	20	2626419	3486233	510	0.4708
1eb75a8e-2315-43ee-b91c-a55d298524b9	20	3488685	6562222	1752	0.5558
1eb75a8e-2315-43ee-b91c-a55d298524b9	20	6563057	9091815	1482	0.4058
1eb75a8e-2315-43ee-b91c-a55d298524b9	20	9101671	14495111	3739	0.3071
1eb75a8e-2315-43ee-b91c-a55d298524b9	20	14497261	14497877	4	-2.0252
1eb75a8e-2315-43ee-b91c-a55d298524b9	20	14498626	21012646	4959	0.3568
1eb75a8e-2315-43ee-b91c-a55d298524b9	20	21012713	52105348	15720	0.3258
1eb75a8e-2315-43ee-b91c-a55d298524b9	20	52107528	62074466	7361	0.3606
1eb75a8e-2315-43ee-b91c-a55d298524b9	20	62074878	62079449	4	-0.7353
1eb75a8e-2315-43ee-b91c-a55d298524b9	20	62079504	63588502	551	0.2995
1eb75a8e-2315-43ee-b91c-a55d298524b9	21	13974127	14086358	33	0.1664
1eb75a8e-2315-43ee-b91c-a55d298524b9	21	14087115	30399278	10592	0.3554
1eb75a8e-2315-43ee-b91c-a55d298524b9	21	30416408	40653528	7008	0.2946
1eb75a8e-2315-43ee-b91c-a55d298524b9	21	40654976	46262057	2959	0.2542
1eb75a8e-2315-43ee-b91c-a55d298524b9	22	16934932	25011938	1535	-0.1132
1eb75a8e-2315-43ee-b91c-a55d298524b9	22	25019167	25019445	4	-1.6445
1eb75a8e-2315-43ee-b91c-a55d298524b9	22	25023644	48940621	15539	-0.0983
1eb75a8e-2315-43ee-b91c-a55d298524b9	X	3236359	35821922	14501	-0.0038
1eb75a8e-2315-43ee-b91c-a55d298524b9	X	35822183	35822830	2	3.4036
1eb75a8e-2315-43ee-b91c-a55d298524b9	X	35823549	112751634	29601	-0.0049
1eb75a8e-2315-43ee-b91c-a55d298524b9	X	112753192	112754149	2	-3.7735
1eb75a8e-2315-43ee-b91c-a55d298524b9	X	112756840	155677414	19440	0.0053
