GDC_Aliquot	Chromosome	Start	End	Num_Probes	Segment_Mean
3e7cbdbf-312a-495e-8f89-5160462160a1	1	3301765	4674996	944	-0.0288
3e7cbdbf-312a-495e-8f89-5160462160a1	1	4675848	4676396	2	-2.1466
3e7cbdbf-312a-495e-8f89-5160462160a1	1	4677145	11863970	3912	-0.0115
3e7cbdbf-312a-495e-8f89-5160462160a1	1	11866999	11868838	3	-4.178
3e7cbdbf-312a-495e-8f89-5160462160a1	1	11869511	80499583	38983	-0.0151
3e7cbdbf-312a-495e-8f89-5160462160a1	1	80499619	80750348	145	-1.0829
3e7cbdbf-312a-495e-8f89-5160462160a1	1	80752757	81531481	494	0.0044
3e7cbdbf-312a-495e-8f89-5160462160a1	1	81531896	84469530	1868	-0.0557
3e7cbdbf-312a-495e-8f89-5160462160a1	1	84469602	88151890	2435	0.0215
3e7cbdbf-312a-495e-8f89-5160462160a1	1	88154144	88166468	15	-0.7478
3e7cbdbf-312a-495e-8f89-5160462160a1	1	88166705	90620745	1503	-0.0203
3e7cbdbf-312a-495e-8f89-5160462160a1	1	90621153	90621550	2	1.6458
3e7cbdbf-312a-495e-8f89-5160462160a1	1	90622510	91760752	698	0.0074
3e7cbdbf-312a-495e-8f89-5160462160a1	1	91761330	91784928	4	-1.3791
3e7cbdbf-312a-495e-8f89-5160462160a1	1	91788454	94110044	1223	0.0153
3e7cbdbf-312a-495e-8f89-5160462160a1	1	94110804	94111867	2	-2.4354
3e7cbdbf-312a-495e-8f89-5160462160a1	1	94111906	99223097	3147	-0.0138
3e7cbdbf-312a-495e-8f89-5160462160a1	1	99224174	99226176	4	-5.1861
3e7cbdbf-312a-495e-8f89-5160462160a1	1	99226471	107154255	4314	-0.0001
3e7cbdbf-312a-495e-8f89-5160462160a1	1	107155038	107233682	62	-0.3838
3e7cbdbf-312a-495e-8f89-5160462160a1	1	107233863	111935822	2790	-0.0082
3e7cbdbf-312a-495e-8f89-5160462160a1	1	111937914	111938020	2	-2.8815
3e7cbdbf-312a-495e-8f89-5160462160a1	1	111939369	112110840	166	-0.1078
3e7cbdbf-312a-495e-8f89-5160462160a1	1	112111031	112111896	2	-2.4356
3e7cbdbf-312a-495e-8f89-5160462160a1	1	112112245	112208320	80	-0.029
3e7cbdbf-312a-495e-8f89-5160462160a1	1	112210274	112211365	2	-1.5837
3e7cbdbf-312a-495e-8f89-5160462160a1	1	112213831	112332964	101	-0.1585
3e7cbdbf-312a-495e-8f89-5160462160a1	1	112335204	114026183	900	0.0401
3e7cbdbf-312a-495e-8f89-5160462160a1	1	114027181	114077200	35	-0.1434
3e7cbdbf-312a-495e-8f89-5160462160a1	1	114078718	114082980	6	-2.6194
3e7cbdbf-312a-495e-8f89-5160462160a1	1	114084689	204314692	36928	-0.0032
3e7cbdbf-312a-495e-8f89-5160462160a1	1	204314978	204315764	2	-5.9931
3e7cbdbf-312a-495e-8f89-5160462160a1	1	204318049	207019832	1668	-0.0222
3e7cbdbf-312a-495e-8f89-5160462160a1	1	207020600	207991662	620	0.093
3e7cbdbf-312a-495e-8f89-5160462160a1	1	207991993	209549236	1208	-0.0448
3e7cbdbf-312a-495e-8f89-5160462160a1	1	209549427	209549966	2	-2.3299
3e7cbdbf-312a-495e-8f89-5160462160a1	1	209550233	216918505	5015	-0.0122
3e7cbdbf-312a-495e-8f89-5160462160a1	1	216919313	216919811	4	-4.5021
3e7cbdbf-312a-495e-8f89-5160462160a1	1	216922938	236538225	12337	-0.003
3e7cbdbf-312a-495e-8f89-5160462160a1	1	236538439	236546688	2	-2.7772
3e7cbdbf-312a-495e-8f89-5160462160a1	1	236548228	247650984	7080	0.022
3e7cbdbf-312a-495e-8f89-5160462160a1	2	480597	3647342	1289	0.0333
3e7cbdbf-312a-495e-8f89-5160462160a1	2	3647404	3657701	14	-0.7418
3e7cbdbf-312a-495e-8f89-5160462160a1	2	3659392	9083574	3926	0.029
3e7cbdbf-312a-495e-8f89-5160462160a1	2	9086752	9087633	2	-3.2831
3e7cbdbf-312a-495e-8f89-5160462160a1	2	9090114	29842272	12910	-0.0076
3e7cbdbf-312a-495e-8f89-5160462160a1	2	29842569	29844691	3	-1.9507
3e7cbdbf-312a-495e-8f89-5160462160a1	2	29845422	41762924	6319	0.0085
3e7cbdbf-312a-495e-8f89-5160462160a1	2	41766444	41769489	4	-4.7025
3e7cbdbf-312a-495e-8f89-5160462160a1	2	41769521	85981973	25123	-0.0024
3e7cbdbf-312a-495e-8f89-5160462160a1	2	85983048	85987977	6	-2.6526
3e7cbdbf-312a-495e-8f89-5160462160a1	2	85988537	103134129	4647	0.0205
3e7cbdbf-312a-495e-8f89-5160462160a1	2	103138854	103145764	8	-2.2052
3e7cbdbf-312a-495e-8f89-5160462160a1	2	103145883	105787752	1709	0.0281
3e7cbdbf-312a-495e-8f89-5160462160a1	2	105789496	105791776	3	-2.7786
3e7cbdbf-312a-495e-8f89-5160462160a1	2	105794929	223663102	64688	0.001
3e7cbdbf-312a-495e-8f89-5160462160a1	2	223664942	223665132	2	-2.7026
3e7cbdbf-312a-495e-8f89-5160462160a1	2	223666525	224061009	247	0.0255
3e7cbdbf-312a-495e-8f89-5160462160a1	2	224061127	224339129	176	-0.1233
3e7cbdbf-312a-495e-8f89-5160462160a1	2	224339409	224342267	2	-1.1137
3e7cbdbf-312a-495e-8f89-5160462160a1	2	224342932	225825937	953	0.0231
3e7cbdbf-312a-495e-8f89-5160462160a1	2	225831020	225831250	3	1.7582
3e7cbdbf-312a-495e-8f89-5160462160a1	2	225832712	233992970	4524	0.0068
3e7cbdbf-312a-495e-8f89-5160462160a1	2	233993057	233996894	6	-1.9008
3e7cbdbf-312a-495e-8f89-5160462160a1	2	233999724	241537572	4631	0.0395
3e7cbdbf-312a-495e-8f89-5160462160a1	3	2170634	7685414	2925	-0.0451
3e7cbdbf-312a-495e-8f89-5160462160a1	3	7689619	7690812	6	-2.3819
3e7cbdbf-312a-495e-8f89-5160462160a1	3	7691534	24387618	9915	-0.0305
3e7cbdbf-312a-495e-8f89-5160462160a1	3	24387722	24425711	4	-2.0634
3e7cbdbf-312a-495e-8f89-5160462160a1	3	24427979	36093978	7283	-0.0212
3e7cbdbf-312a-495e-8f89-5160462160a1	3	36094217	36150402	60	-0.5132
3e7cbdbf-312a-495e-8f89-5160462160a1	3	36151574	74693474	23031	-0.0256
3e7cbdbf-312a-495e-8f89-5160462160a1	3	74693616	79583935	2347	0.0269
3e7cbdbf-312a-495e-8f89-5160462160a1	3	79584916	79673693	57	-0.372
3e7cbdbf-312a-495e-8f89-5160462160a1	3	79674304	88032646	4092	0.0172
3e7cbdbf-312a-495e-8f89-5160462160a1	3	88037752	88038495	2	-2.0057
3e7cbdbf-312a-495e-8f89-5160462160a1	3	88039194	88800934	390	0.047
3e7cbdbf-312a-495e-8f89-5160462160a1	3	88803282	88822933	12	-0.6352
3e7cbdbf-312a-495e-8f89-5160462160a1	3	88822987	96811508	2141	0.0198
3e7cbdbf-312a-495e-8f89-5160462160a1	3	96815753	103860554	3671	-0.0217
3e7cbdbf-312a-495e-8f89-5160462160a1	3	103861254	103868377	2	-3.0167
3e7cbdbf-312a-495e-8f89-5160462160a1	3	103872467	126376631	13141	-0.0108
3e7cbdbf-312a-495e-8f89-5160462160a1	3	126377204	126379006	2	-3.1217
3e7cbdbf-312a-495e-8f89-5160462160a1	3	126379441	143561895	9387	-0.0087
3e7cbdbf-312a-495e-8f89-5160462160a1	3	143563141	143565033	5	-1.832
3e7cbdbf-312a-495e-8f89-5160462160a1	3	143573115	189253299	23661	-0.0016
3e7cbdbf-312a-495e-8f89-5160462160a1	3	189265019	189265663	2	-2.7146
3e7cbdbf-312a-495e-8f89-5160462160a1	3	189268111	189482383	145	-0.048
3e7cbdbf-312a-495e-8f89-5160462160a1	3	189486206	189486606	6	1.2205
3e7cbdbf-312a-495e-8f89-5160462160a1	3	189487243	193383872	2389	0.0213
3e7cbdbf-312a-495e-8f89-5160462160a1	3	193386717	193388337	2	-2.0719
3e7cbdbf-312a-495e-8f89-5160462160a1	3	193391468	194677604	795	0.0247
3e7cbdbf-312a-495e-8f89-5160462160a1	3	194679448	194680083	2	-2.6701
3e7cbdbf-312a-495e-8f89-5160462160a1	3	194681645	195002271	187	-0.0002
3e7cbdbf-312a-495e-8f89-5160462160a1	3	195002363	195002883	3	-1.8552
3e7cbdbf-312a-495e-8f89-5160462160a1	3	195016616	197247312	493	0.0212
3e7cbdbf-312a-495e-8f89-5160462160a1	3	197247447	197247511	2	-1.9159
3e7cbdbf-312a-495e-8f89-5160462160a1	3	197247886	197812401	146	0.0395
3e7cbdbf-312a-495e-8f89-5160462160a1	4	1059384	6886498	3123	0.0005
3e7cbdbf-312a-495e-8f89-5160462160a1	4	6889792	6890269	2	-3.2533
3e7cbdbf-312a-495e-8f89-5160462160a1	4	6893725	7544646	473	-0.0559
3e7cbdbf-312a-495e-8f89-5160462160a1	4	7545763	7547504	5	-1.6177
3e7cbdbf-312a-495e-8f89-5160462160a1	4	7548148	10094396	983	-0.0164
3e7cbdbf-312a-495e-8f89-5160462160a1	4	10094731	10372403	250	-0.253
3e7cbdbf-312a-495e-8f89-5160462160a1	4	10374433	13810249	2550	0.0001
3e7cbdbf-312a-495e-8f89-5160462160a1	4	13810782	13812332	2	-3.1928
3e7cbdbf-312a-495e-8f89-5160462160a1	4	13814207	181675887	92614	-0.007
3e7cbdbf-312a-495e-8f89-5160462160a1	4	181676786	181677302	3	-2.6513
3e7cbdbf-312a-495e-8f89-5160462160a1	4	181677599	187842528	2830	0.0233
3e7cbdbf-312a-495e-8f89-5160462160a1	5	913983	3268825	1308	0.047
3e7cbdbf-312a-495e-8f89-5160462160a1	5	3269544	3269872	3	-4.3998
3e7cbdbf-312a-495e-8f89-5160462160a1	5	3272615	30874117	16354	0.0087
3e7cbdbf-312a-495e-8f89-5160462160a1	5	30875118	30875208	2	-2.7737
3e7cbdbf-312a-495e-8f89-5160462160a1	5	30879220	32284421	1081	-0.0679
3e7cbdbf-312a-495e-8f89-5160462160a1	5	32286543	37414207	2747	0.0113
3e7cbdbf-312a-495e-8f89-5160462160a1	5	37414228	37897209	179	-0.083
3e7cbdbf-312a-495e-8f89-5160462160a1	5	37897287	37898074	6	-3.5801
3e7cbdbf-312a-495e-8f89-5160462160a1	5	37898527	67141294	13888	-0.0095
3e7cbdbf-312a-495e-8f89-5160462160a1	5	67146557	67283853	117	-1.1222
3e7cbdbf-312a-495e-8f89-5160462160a1	5	67286539	74644605	3544	-0.0158
3e7cbdbf-312a-495e-8f89-5160462160a1	5	74647432	74647528	2	-2.3997
3e7cbdbf-312a-495e-8f89-5160462160a1	5	74648284	76226072	836	-0.0054
3e7cbdbf-312a-495e-8f89-5160462160a1	5	76227817	76228514	4	-3.6066
3e7cbdbf-312a-495e-8f89-5160462160a1	5	76234393	151513403	42174	-0.0137
3e7cbdbf-312a-495e-8f89-5160462160a1	5	151514032	151514079	2	-2.8006
3e7cbdbf-312a-495e-8f89-5160462160a1	5	151514872	151614703	93	0.0009
3e7cbdbf-312a-495e-8f89-5160462160a1	5	151617840	151618468	3	-1.1954
3e7cbdbf-312a-495e-8f89-5160462160a1	5	151620037	152164127	388	-0.0003
3e7cbdbf-312a-495e-8f89-5160462160a1	5	152164229	152168883	5	-1.9127
3e7cbdbf-312a-495e-8f89-5160462160a1	5	152170555	180934240	17622	-0.0252
3e7cbdbf-312a-495e-8f89-5160462160a1	6	1011760	12304597	8068	0.0259
3e7cbdbf-312a-495e-8f89-5160462160a1	6	12305905	161307844	83973	-0.0081
3e7cbdbf-312a-495e-8f89-5160462160a1	6	161312784	170596889	4419	0.0437
3e7cbdbf-312a-495e-8f89-5160462160a1	7	665647	2759325	594	0.028
3e7cbdbf-312a-495e-8f89-5160462160a1	7	2759550	2761007	4	-1.6579
3e7cbdbf-312a-495e-8f89-5160462160a1	7	2761908	4172271	685	-0.0012
3e7cbdbf-312a-495e-8f89-5160462160a1	7	4177211	4178337	2	-2.8416
3e7cbdbf-312a-495e-8f89-5160462160a1	7	4181419	12138857	3703	-0.026
3e7cbdbf-312a-495e-8f89-5160462160a1	7	12138876	12146586	4	-3.4256
3e7cbdbf-312a-495e-8f89-5160462160a1	7	12146911	12440306	185	-0.0551
3e7cbdbf-312a-495e-8f89-5160462160a1	7	12441399	12441835	3	-2.973
3e7cbdbf-312a-495e-8f89-5160462160a1	7	12441986	15011585	1873	0.0169
3e7cbdbf-312a-495e-8f89-5160462160a1	7	15012398	15013235	2	-2.7817
3e7cbdbf-312a-495e-8f89-5160462160a1	7	15013425	33470611	11341	0.0019
3e7cbdbf-312a-495e-8f89-5160462160a1	7	33470746	33471004	2	-3.7887
3e7cbdbf-312a-495e-8f89-5160462160a1	7	33478791	36107331	1695	-0.0042
3e7cbdbf-312a-495e-8f89-5160462160a1	7	36108177	36108205	2	-1.8258
3e7cbdbf-312a-495e-8f89-5160462160a1	7	36109042	36494151	302	0.0244
3e7cbdbf-312a-495e-8f89-5160462160a1	7	36495053	36938779	365	-0.1511
3e7cbdbf-312a-495e-8f89-5160462160a1	7	36940056	51765706	9377	-0.0036
3e7cbdbf-312a-495e-8f89-5160462160a1	7	51766088	51768988	2	-2.679
3e7cbdbf-312a-495e-8f89-5160462160a1	7	51769985	55414455	2599	0.0445
3e7cbdbf-312a-495e-8f89-5160462160a1	7	55415140	78544417	6504	-0.0305
3e7cbdbf-312a-495e-8f89-5160462160a1	7	78546279	82163487	2307	0.0094
3e7cbdbf-312a-495e-8f89-5160462160a1	7	82164739	82195087	25	-0.4765
3e7cbdbf-312a-495e-8f89-5160462160a1	7	82197339	95964226	6942	0.0072
3e7cbdbf-312a-495e-8f89-5160462160a1	7	95967435	99190613	1632	-0.0243
3e7cbdbf-312a-495e-8f89-5160462160a1	7	99194455	99259931	38	-0.4236
3e7cbdbf-312a-495e-8f89-5160462160a1	7	99260165	106459394	3427	-0.0339
3e7cbdbf-312a-495e-8f89-5160462160a1	7	106460153	106472936	12	-0.811
3e7cbdbf-312a-495e-8f89-5160462160a1	7	106477516	109188624	1509	-0.0387
3e7cbdbf-312a-495e-8f89-5160462160a1	7	109189772	110801294	935	0.0354
3e7cbdbf-312a-495e-8f89-5160462160a1	7	110801390	110804955	6	-3.4898
3e7cbdbf-312a-495e-8f89-5160462160a1	7	110808252	121743901	5562	-0.0196
3e7cbdbf-312a-495e-8f89-5160462160a1	7	121750918	121751756	2	-2.1524
3e7cbdbf-312a-495e-8f89-5160462160a1	7	121755094	123941238	1214	-0.009
3e7cbdbf-312a-495e-8f89-5160462160a1	7	123949968	123972271	22	-0.535
3e7cbdbf-312a-495e-8f89-5160462160a1	7	123972295	126990577	1577	-0.0105
3e7cbdbf-312a-495e-8f89-5160462160a1	7	127000454	127025692	12	-0.6919
3e7cbdbf-312a-495e-8f89-5160462160a1	7	127026142	127322014	211	-0.044
3e7cbdbf-312a-495e-8f89-5160462160a1	7	127322279	127322434	2	-2.1214
3e7cbdbf-312a-495e-8f89-5160462160a1	7	127322914	127533294	160	0.0987
3e7cbdbf-312a-495e-8f89-5160462160a1	7	127533388	132833066	2807	-0.0251
3e7cbdbf-312a-495e-8f89-5160462160a1	7	132835990	132846210	15	-0.6154
3e7cbdbf-312a-495e-8f89-5160462160a1	7	132846390	141792417	5329	-0.0171
3e7cbdbf-312a-495e-8f89-5160462160a1	7	141792710	158592540	8320	0.0151
3e7cbdbf-312a-495e-8f89-5160462160a1	8	667625	3625109	1488	0.0622
3e7cbdbf-312a-495e-8f89-5160462160a1	8	3630124	3630522	3	-2.2199
3e7cbdbf-312a-495e-8f89-5160462160a1	8	3630780	18139200	7770	0.0085
3e7cbdbf-312a-495e-8f89-5160462160a1	8	18139315	18187991	29	-0.5862
3e7cbdbf-312a-495e-8f89-5160462160a1	8	18189068	25620896	5243	-0.0156
3e7cbdbf-312a-495e-8f89-5160462160a1	8	25621324	25621441	2	-3.0563
3e7cbdbf-312a-495e-8f89-5160462160a1	8	25623584	32235020	4411	-0.0117
3e7cbdbf-312a-495e-8f89-5160462160a1	8	32239460	32240468	2	-3.9194
3e7cbdbf-312a-495e-8f89-5160462160a1	8	32240814	144182542	62648	-0.0114
3e7cbdbf-312a-495e-8f89-5160462160a1	9	789794	18271111	10750	-0.0103
3e7cbdbf-312a-495e-8f89-5160462160a1	9	18272702	18272758	2	-3.9568
3e7cbdbf-312a-495e-8f89-5160462160a1	9	18275841	18939488	612	0.0187
3e7cbdbf-312a-495e-8f89-5160462160a1	9	18939950	18989895	56	-0.4223
3e7cbdbf-312a-495e-8f89-5160462160a1	9	18990029	27755822	5746	-0.0167
3e7cbdbf-312a-495e-8f89-5160462160a1	9	27756021	27830075	56	-0.4358
3e7cbdbf-312a-495e-8f89-5160462160a1	9	27831957	78634738	13232	-0.0036
3e7cbdbf-312a-495e-8f89-5160462160a1	9	78636050	78685801	34	-0.5075
3e7cbdbf-312a-495e-8f89-5160462160a1	9	78689426	82549040	2638	0.0041
3e7cbdbf-312a-495e-8f89-5160462160a1	9	82551078	82551454	3	-4.1278
3e7cbdbf-312a-495e-8f89-5160462160a1	9	82551997	138044505	34764	-0.0006
3e7cbdbf-312a-495e-8f89-5160462160a1	10	366509	4588243	2694	0.0726
3e7cbdbf-312a-495e-8f89-5160462160a1	10	4588362	112295751	64269	-0.0079
3e7cbdbf-312a-495e-8f89-5160462160a1	10	112297066	112301767	6	-2.6757
3e7cbdbf-312a-495e-8f89-5160462160a1	10	112310140	133411599	13663	-0.007
3e7cbdbf-312a-495e-8f89-5160462160a1	11	456012	88733193	47480	-0.0084
3e7cbdbf-312a-495e-8f89-5160462160a1	11	88733645	88736307	4	-3.4967
3e7cbdbf-312a-495e-8f89-5160462160a1	11	88736515	108968431	12167	-0.0001
3e7cbdbf-312a-495e-8f89-5160462160a1	11	108972438	108974352	5	-3.0741
3e7cbdbf-312a-495e-8f89-5160462160a1	11	108975355	114081266	3339	0.0071
3e7cbdbf-312a-495e-8f89-5160462160a1	11	114081697	114185294	97	-0.2264
3e7cbdbf-312a-495e-8f89-5160462160a1	11	114186908	115891851	1204	0.0093
3e7cbdbf-312a-495e-8f89-5160462160a1	11	115893158	115929600	33	-0.4147
3e7cbdbf-312a-495e-8f89-5160462160a1	11	115929866	116042352	64	0.114
3e7cbdbf-312a-495e-8f89-5160462160a1	11	116045374	116311474	227	-0.1536
3e7cbdbf-312a-495e-8f89-5160462160a1	11	116311587	125999304	6739	0.0051
3e7cbdbf-312a-495e-8f89-5160462160a1	11	126000087	126000925	2	-2.0386
3e7cbdbf-312a-495e-8f89-5160462160a1	11	126003958	126819659	626	-0.0346
3e7cbdbf-312a-495e-8f89-5160462160a1	11	126821054	126821174	2	-1.7418
3e7cbdbf-312a-495e-8f89-5160462160a1	11	126822302	130776860	2707	0.0015
3e7cbdbf-312a-495e-8f89-5160462160a1	11	130783840	130784510	2	-2.5223
3e7cbdbf-312a-495e-8f89-5160462160a1	11	130784983	132501940	1445	0.0202
3e7cbdbf-312a-495e-8f89-5160462160a1	11	132502573	132610703	85	-0.2238
3e7cbdbf-312a-495e-8f89-5160462160a1	11	132611713	134272740	735	0.0374
3e7cbdbf-312a-495e-8f89-5160462160a1	12	780472	132605822	73754	-0.0077
3e7cbdbf-312a-495e-8f89-5160462160a1	13	18874255	36552856	10967	0.0035
3e7cbdbf-312a-495e-8f89-5160462160a1	13	36553236	36553616	2	-2.7299
3e7cbdbf-312a-495e-8f89-5160462160a1	13	36553772	81570237	25291	-0.0069
3e7cbdbf-312a-495e-8f89-5160462160a1	13	81570868	92693628	6312	0.0403
3e7cbdbf-312a-495e-8f89-5160462160a1	13	92695925	107959747	10243	0.0031
3e7cbdbf-312a-495e-8f89-5160462160a1	13	107960445	107961184	2	-3.3865
3e7cbdbf-312a-495e-8f89-5160462160a1	13	107961209	109686566	1344	0.006
3e7cbdbf-312a-495e-8f89-5160462160a1	13	109689344	113393453	2211	0.0807
3e7cbdbf-312a-495e-8f89-5160462160a1	13	113393503	114226675	226	0.0113
3e7cbdbf-312a-495e-8f89-5160462160a1	14	20033191	33508306	7173	-0.0192
3e7cbdbf-312a-495e-8f89-5160462160a1	14	33508334	33509453	6	-2.5184
3e7cbdbf-312a-495e-8f89-5160462160a1	14	33510484	33535301	32	-0.436
3e7cbdbf-312a-495e-8f89-5160462160a1	14	33536832	39916433	3646	-0.02
3e7cbdbf-312a-495e-8f89-5160462160a1	14	39927231	40133773	17	-0.6963
3e7cbdbf-312a-495e-8f89-5160462160a1	14	40137194	40934882	457	0.0122
3e7cbdbf-312a-495e-8f89-5160462160a1	14	40935173	41100862	80	-0.2368
3e7cbdbf-312a-495e-8f89-5160462160a1	14	41102834	42138741	611	0.0201
3e7cbdbf-312a-495e-8f89-5160462160a1	14	42139096	42198088	28	-0.5618
3e7cbdbf-312a-495e-8f89-5160462160a1	14	42199083	66237736	13620	-0.0039
3e7cbdbf-312a-495e-8f89-5160462160a1	14	66240472	66270533	18	-0.438
3e7cbdbf-312a-495e-8f89-5160462160a1	14	66273293	66388529	58	-0.149
3e7cbdbf-312a-495e-8f89-5160462160a1	14	66389269	66437938	32	-0.5504
3e7cbdbf-312a-495e-8f89-5160462160a1	14	66438908	78307724	7140	-0.0061
3e7cbdbf-312a-495e-8f89-5160462160a1	14	78307792	78764035	344	-0.1778
3e7cbdbf-312a-495e-8f89-5160462160a1	14	78764182	88356632	6106	0.0024
3e7cbdbf-312a-495e-8f89-5160462160a1	14	88357311	88360497	4	-3.6536
3e7cbdbf-312a-495e-8f89-5160462160a1	14	88362961	92628505	2433	-0.0087
3e7cbdbf-312a-495e-8f89-5160462160a1	14	92629883	92674108	35	-0.3935
3e7cbdbf-312a-495e-8f89-5160462160a1	14	92675341	93759321	534	-0.0184
3e7cbdbf-312a-495e-8f89-5160462160a1	14	93761750	93762210	2	-2.1169
3e7cbdbf-312a-495e-8f89-5160462160a1	14	93764675	94582891	698	-0.0103
3e7cbdbf-312a-495e-8f89-5160462160a1	14	94583172	94583971	2	-3.6249
3e7cbdbf-312a-495e-8f89-5160462160a1	14	94586222	99558182	3687	-0.0055
3e7cbdbf-312a-495e-8f89-5160462160a1	14	99559743	99560380	2	2.0062
3e7cbdbf-312a-495e-8f89-5160462160a1	14	99561643	105533894	2654	0.0121
3e7cbdbf-312a-495e-8f89-5160462160a1	15	23437561	79634686	31524	-0.0044
3e7cbdbf-312a-495e-8f89-5160462160a1	15	79635252	79637916	3	-5.1649
3e7cbdbf-312a-495e-8f89-5160462160a1	15	79638536	80210677	414	0.03
3e7cbdbf-312a-495e-8f89-5160462160a1	15	80211484	80211757	2	-3.0372
3e7cbdbf-312a-495e-8f89-5160462160a1	15	80216412	101344124	12453	-0.0074
3e7cbdbf-312a-495e-8f89-5160462160a1	16	603333	89317317	40839	-0.0225
3e7cbdbf-312a-495e-8f89-5160462160a1	17	1074619	51616076	20230	-0.0023
3e7cbdbf-312a-495e-8f89-5160462160a1	17	51616677	51619381	2	-2.7416
3e7cbdbf-312a-495e-8f89-5160462160a1	17	51619501	51643706	23	-0.473
3e7cbdbf-312a-495e-8f89-5160462160a1	17	51645527	51985698	299	-0.0136
3e7cbdbf-312a-495e-8f89-5160462160a1	17	51986703	52070066	58	-0.2746
3e7cbdbf-312a-495e-8f89-5160462160a1	17	52070592	52520185	348	0.0066
3e7cbdbf-312a-495e-8f89-5160462160a1	17	52520787	52665609	57	-0.2385
3e7cbdbf-312a-495e-8f89-5160462160a1	17	52670355	53845943	538	0.0909
3e7cbdbf-312a-495e-8f89-5160462160a1	17	53846486	54684377	458	-0.0142
3e7cbdbf-312a-495e-8f89-5160462160a1	17	54687239	54690393	3	-1.6621
3e7cbdbf-312a-495e-8f89-5160462160a1	17	54691149	56256359	1214	0.0033
3e7cbdbf-312a-495e-8f89-5160462160a1	17	56257371	56257905	2	-1.9484
3e7cbdbf-312a-495e-8f89-5160462160a1	17	56260103	57620442	1023	0.0081
3e7cbdbf-312a-495e-8f89-5160462160a1	17	57620872	57624197	9	-1.3907
3e7cbdbf-312a-495e-8f89-5160462160a1	17	57624896	73709088	9254	0.0077
3e7cbdbf-312a-495e-8f89-5160462160a1	17	73709754	73710564	2	-3.0412
3e7cbdbf-312a-495e-8f89-5160462160a1	17	73710901	82959812	3492	-0.0107
3e7cbdbf-312a-495e-8f89-5160462160a1	18	326691	8555031	4462	0.0098
3e7cbdbf-312a-495e-8f89-5160462160a1	18	8555449	8556128	2	-3.2245
3e7cbdbf-312a-495e-8f89-5160462160a1	18	8562600	24011324	5203	0.0448
3e7cbdbf-312a-495e-8f89-5160462160a1	18	24012036	38482597	9052	-0.0154
3e7cbdbf-312a-495e-8f89-5160462160a1	18	38482643	38656457	128	-0.3725
3e7cbdbf-312a-495e-8f89-5160462160a1	18	38657067	52382115	8652	-0.028
3e7cbdbf-312a-495e-8f89-5160462160a1	18	52382356	52412924	23	-0.6245
3e7cbdbf-312a-495e-8f89-5160462160a1	18	52413340	57305633	2997	-0.0195
3e7cbdbf-312a-495e-8f89-5160462160a1	18	57308767	57308871	2	-2.1704
3e7cbdbf-312a-495e-8f89-5160462160a1	18	57310023	57484988	141	0.0642
3e7cbdbf-312a-495e-8f89-5160462160a1	18	57485966	57494550	12	-0.6467
3e7cbdbf-312a-495e-8f89-5160462160a1	18	57494581	57570696	62	-0.0435
3e7cbdbf-312a-495e-8f89-5160462160a1	18	57571588	79349796	11888	0.0345
3e7cbdbf-312a-495e-8f89-5160462160a1	19	283868	28127182	9246	-0.0181
3e7cbdbf-312a-495e-8f89-5160462160a1	19	28128082	28130344	2	-3.2829
3e7cbdbf-312a-495e-8f89-5160462160a1	19	28130455	58370362	14735	-0.0083
3e7cbdbf-312a-495e-8f89-5160462160a1	20	472817	6563057	3702	-0.0207
3e7cbdbf-312a-495e-8f89-5160462160a1	20	6564010	6565050	2	-3.5845
3e7cbdbf-312a-495e-8f89-5160462160a1	20	6571392	63588502	33505	-0.0061
3e7cbdbf-312a-495e-8f89-5160462160a1	21	13974127	21417177	4748	0.0271
3e7cbdbf-312a-495e-8f89-5160462160a1	21	21418599	21418616	2	-2.2808
3e7cbdbf-312a-495e-8f89-5160462160a1	21	21418807	46262057	15695	0.018
3e7cbdbf-312a-495e-8f89-5160462160a1	22	16934932	47357741	15625	-0.02
3e7cbdbf-312a-495e-8f89-5160462160a1	22	47357764	47370469	7	-3.2787
3e7cbdbf-312a-495e-8f89-5160462160a1	22	47372083	47393534	25	-0.508
3e7cbdbf-312a-495e-8f89-5160462160a1	22	47394305	48758569	1161	0.0281
3e7cbdbf-312a-495e-8f89-5160462160a1	22	48759275	48760426	4	-1.0861
3e7cbdbf-312a-495e-8f89-5160462160a1	22	48761226	48805479	47	0.0817
3e7cbdbf-312a-495e-8f89-5160462160a1	22	48807542	48807815	2	-1.7726
3e7cbdbf-312a-495e-8f89-5160462160a1	22	48809110	48940621	52	0.0545
3e7cbdbf-312a-495e-8f89-5160462160a1	X	3236359	9698937	1542	-0.0328
3e7cbdbf-312a-495e-8f89-5160462160a1	X	9700712	9701071	2	-3.2863
3e7cbdbf-312a-495e-8f89-5160462160a1	X	9701751	12157756	1272	-0.0213
3e7cbdbf-312a-495e-8f89-5160462160a1	X	12157791	12157900	3	-5.9617
3e7cbdbf-312a-495e-8f89-5160462160a1	X	12158457	39372755	13048	-0.0353
3e7cbdbf-312a-495e-8f89-5160462160a1	X	39372862	39373694	3	-4.5625
3e7cbdbf-312a-495e-8f89-5160462160a1	X	39374154	47096914	3583	-0.0373
3e7cbdbf-312a-495e-8f89-5160462160a1	X	47099687	47101292	2	-4.5358
3e7cbdbf-312a-495e-8f89-5160462160a1	X	47101527	94341096	15894	-0.017
3e7cbdbf-312a-495e-8f89-5160462160a1	X	94347044	94347267	4	-3.8574
3e7cbdbf-312a-495e-8f89-5160462160a1	X	94347841	100279566	2406	-0.0202
3e7cbdbf-312a-495e-8f89-5160462160a1	X	100283328	100286182	2	-2.3216
3e7cbdbf-312a-495e-8f89-5160462160a1	X	100288765	102158787	936	-0.0043
3e7cbdbf-312a-495e-8f89-5160462160a1	X	102158881	102167096	7	-1.9546
3e7cbdbf-312a-495e-8f89-5160462160a1	X	102169131	111373423	4098	-0.0098
3e7cbdbf-312a-495e-8f89-5160462160a1	X	111373474	111383905	7	-2.3925
3e7cbdbf-312a-495e-8f89-5160462160a1	X	111389260	115935988	1945	-0.033
3e7cbdbf-312a-495e-8f89-5160462160a1	X	115936384	115946970	4	-3.4109
3e7cbdbf-312a-495e-8f89-5160462160a1	X	115947103	117486730	691	-0.0666
3e7cbdbf-312a-495e-8f89-5160462160a1	X	117487141	117492713	15	-1.0103
3e7cbdbf-312a-495e-8f89-5160462160a1	X	117492771	122671922	2515	-0.0322
3e7cbdbf-312a-495e-8f89-5160462160a1	X	122672365	122673118	2	-4.1922
3e7cbdbf-312a-495e-8f89-5160462160a1	X	122678059	122850967	111	-0.0813
3e7cbdbf-312a-495e-8f89-5160462160a1	X	122851536	122853995	4	-4.8645
3e7cbdbf-312a-495e-8f89-5160462160a1	X	122855591	125396775	1517	-0.0549
3e7cbdbf-312a-495e-8f89-5160462160a1	X	125398639	125399024	2	-4.4673
3e7cbdbf-312a-495e-8f89-5160462160a1	X	125399241	144300392	7949	-0.0371
3e7cbdbf-312a-495e-8f89-5160462160a1	X	144300495	144301370	3	-3.701
3e7cbdbf-312a-495e-8f89-5160462160a1	X	144301959	145168309	449	-0.0561
3e7cbdbf-312a-495e-8f89-5160462160a1	X	145168471	145168996	4	-2.8495
3e7cbdbf-312a-495e-8f89-5160462160a1	X	145169392	155677414	4553	-0.0615
