GDC_Aliquot	Chromosome	Start	End	Num_Probes	Segment_Mean
cf138422-4d87-4ef2-8c6e-06aba37ec2b5	1	3301765	234854757	121476	0.0013
cf138422-4d87-4ef2-8c6e-06aba37ec2b5	1	234869375	234869763	2	-1.8948
cf138422-4d87-4ef2-8c6e-06aba37ec2b5	1	234871309	247650984	8018	-0.0004
cf138422-4d87-4ef2-8c6e-06aba37ec2b5	2	480597	216540480	116815	0.005
cf138422-4d87-4ef2-8c6e-06aba37ec2b5	2	216543380	216543516	3	-1.5866
cf138422-4d87-4ef2-8c6e-06aba37ec2b5	2	216543672	241537572	15211	0.0044
cf138422-4d87-4ef2-8c6e-06aba37ec2b5	3	2170634	197812401	107031	0.0024
cf138422-4d87-4ef2-8c6e-06aba37ec2b5	4	1059384	187842528	103359	0.0005
cf138422-4d87-4ef2-8c6e-06aba37ec2b5	5	913983	180934240	100955	0.002
cf138422-4d87-4ef2-8c6e-06aba37ec2b5	6	1011760	42159944	25138	0.0005
cf138422-4d87-4ef2-8c6e-06aba37ec2b5	6	42160561	42161506	4	-1.4873
cf138422-4d87-4ef2-8c6e-06aba37ec2b5	6	42164001	170596889	71884	0.001
cf138422-4d87-4ef2-8c6e-06aba37ec2b5	7	664936	158592540	81822	0.0024
cf138422-4d87-4ef2-8c6e-06aba37ec2b5	8	667625	144182542	82100	-0.0004
cf138422-4d87-4ef2-8c6e-06aba37ec2b5	9	789794	138044505	68367	0.0005
cf138422-4d87-4ef2-8c6e-06aba37ec2b5	10	366509	133411599	81159	0.0002
cf138422-4d87-4ef2-8c6e-06aba37ec2b5	11	456012	81326988	43295	0.0015
cf138422-4d87-4ef2-8c6e-06aba37ec2b5	11	81329297	81330405	6	-1.283
cf138422-4d87-4ef2-8c6e-06aba37ec2b5	11	81334136	82431329	717	0.0166
cf138422-4d87-4ef2-8c6e-06aba37ec2b5	11	82431470	82434653	4	-1.087
cf138422-4d87-4ef2-8c6e-06aba37ec2b5	11	82435727	91168802	4988	0.0061
cf138422-4d87-4ef2-8c6e-06aba37ec2b5	11	91173092	91179818	5	-0.9584
cf138422-4d87-4ef2-8c6e-06aba37ec2b5	11	91184338	134272740	28452	0.004
cf138422-4d87-4ef2-8c6e-06aba37ec2b5	12	780472	132605822	74224	0.0022
cf138422-4d87-4ef2-8c6e-06aba37ec2b5	13	18874255	102271897	49173	0.0039
cf138422-4d87-4ef2-8c6e-06aba37ec2b5	13	102273194	102274117	2	-1.8178
cf138422-4d87-4ef2-8c6e-06aba37ec2b5	13	102274314	114226675	7715	-0.0047
cf138422-4d87-4ef2-8c6e-06aba37ec2b5	14	20033191	83575497	36556	0.0008
cf138422-4d87-4ef2-8c6e-06aba37ec2b5	14	83578381	83583871	4	-1.1671
cf138422-4d87-4ef2-8c6e-06aba37ec2b5	14	83585844	105533894	13138	0.0014
cf138422-4d87-4ef2-8c6e-06aba37ec2b5	15	23437561	75166533	29498	-0.0005
cf138422-4d87-4ef2-8c6e-06aba37ec2b5	15	75166881	75228037	20	0.5166
cf138422-4d87-4ef2-8c6e-06aba37ec2b5	15	75240557	101344124	15202	0.005
cf138422-4d87-4ef2-8c6e-06aba37ec2b5	16	603333	89317317	41150	-0.0024
cf138422-4d87-4ef2-8c6e-06aba37ec2b5	17	1074619	82959812	37226	0.001
cf138422-4d87-4ef2-8c6e-06aba37ec2b5	18	326691	64139400	35341	-0.0021
cf138422-4d87-4ef2-8c6e-06aba37ec2b5	18	64142171	64142688	2	-2.0382
cf138422-4d87-4ef2-8c6e-06aba37ec2b5	18	64142778	69353506	2579	0.0109
cf138422-4d87-4ef2-8c6e-06aba37ec2b5	18	69354234	69354427	3	1.5688
cf138422-4d87-4ef2-8c6e-06aba37ec2b5	18	69354490	79349796	4961	-0.0022
cf138422-4d87-4ef2-8c6e-06aba37ec2b5	19	283868	30793899	11332	0.0043
cf138422-4d87-4ef2-8c6e-06aba37ec2b5	19	30797211	30797633	2	-1.4014
cf138422-4d87-4ef2-8c6e-06aba37ec2b5	19	30799692	33719846	1948	-0.0001
cf138422-4d87-4ef2-8c6e-06aba37ec2b5	19	33719877	33743664	32	0.65
cf138422-4d87-4ef2-8c6e-06aba37ec2b5	19	33746438	54088052	8742	0.0016
cf138422-4d87-4ef2-8c6e-06aba37ec2b5	19	54090474	54090814	2	-1.9405
cf138422-4d87-4ef2-8c6e-06aba37ec2b5	19	54090902	58370362	2057	-0.0065
cf138422-4d87-4ef2-8c6e-06aba37ec2b5	20	472817	13462904	8425	-0.003
cf138422-4d87-4ef2-8c6e-06aba37ec2b5	20	13466357	13478910	10	-1.0756
cf138422-4d87-4ef2-8c6e-06aba37ec2b5	20	13483383	63588502	29074	0.0022
cf138422-4d87-4ef2-8c6e-06aba37ec2b5	21	13974127	46262057	20565	-0.0033
cf138422-4d87-4ef2-8c6e-06aba37ec2b5	22	16934932	48940621	17061	-0.0013
cf138422-4d87-4ef2-8c6e-06aba37ec2b5	X	3236359	67745276	25470	0.0092
cf138422-4d87-4ef2-8c6e-06aba37ec2b5	X	67748391	67748759	2	1.6736
cf138422-4d87-4ef2-8c6e-06aba37ec2b5	X	67750318	155677414	37953	0.0064
