GDC_Aliquot	Chromosome	Start	End	Num_Probes	Segment_Mean
096b01ce-bd04-4d2e-aa9d-155e2ca1e24d	1	3301765	22238932	10604	-0.012
096b01ce-bd04-4d2e-aa9d-155e2ca1e24d	1	22244381	22406256	100	1.5996
096b01ce-bd04-4d2e-aa9d-155e2ca1e24d	1	22408098	22413872	4	0.0255
096b01ce-bd04-4d2e-aa9d-155e2ca1e24d	1	22421529	22449346	12	1.4843
096b01ce-bd04-4d2e-aa9d-155e2ca1e24d	1	22450841	22561012	65	-0.0386
096b01ce-bd04-4d2e-aa9d-155e2ca1e24d	1	22563061	22598709	14	1.6977
096b01ce-bd04-4d2e-aa9d-155e2ca1e24d	1	22606021	56712155	18146	-0.0131
096b01ce-bd04-4d2e-aa9d-155e2ca1e24d	1	56719406	56766318	50	2.5715
096b01ce-bd04-4d2e-aa9d-155e2ca1e24d	1	56771475	56915462	148	-0.0319
096b01ce-bd04-4d2e-aa9d-155e2ca1e24d	1	56919157	57003131	85	2.3105
096b01ce-bd04-4d2e-aa9d-155e2ca1e24d	1	57005948	57713614	592	-0.019
096b01ce-bd04-4d2e-aa9d-155e2ca1e24d	1	57725715	57744761	15	0.8825
096b01ce-bd04-4d2e-aa9d-155e2ca1e24d	1	57746269	57986642	224	2.6333
096b01ce-bd04-4d2e-aa9d-155e2ca1e24d	1	57987632	58013465	29	1.965
096b01ce-bd04-4d2e-aa9d-155e2ca1e24d	1	58013661	58032087	8	2.9048
096b01ce-bd04-4d2e-aa9d-155e2ca1e24d	1	58032592	58060344	30	2.0303
096b01ce-bd04-4d2e-aa9d-155e2ca1e24d	1	58060585	58228071	134	1.6359
096b01ce-bd04-4d2e-aa9d-155e2ca1e24d	1	58228814	58368086	87	2.034
096b01ce-bd04-4d2e-aa9d-155e2ca1e24d	1	58368937	58373042	6	0.3107
096b01ce-bd04-4d2e-aa9d-155e2ca1e24d	1	58379626	58456781	76	0.9359
096b01ce-bd04-4d2e-aa9d-155e2ca1e24d	1	58458437	58507524	48	0.6721
096b01ce-bd04-4d2e-aa9d-155e2ca1e24d	1	58512667	58739430	171	0.9293
096b01ce-bd04-4d2e-aa9d-155e2ca1e24d	1	58740344	58768318	16	-0.066
096b01ce-bd04-4d2e-aa9d-155e2ca1e24d	1	58771167	58786203	12	1.7369
096b01ce-bd04-4d2e-aa9d-155e2ca1e24d	1	58786382	59239150	369	0.0022
096b01ce-bd04-4d2e-aa9d-155e2ca1e24d	1	59242653	59408435	99	2.4759
096b01ce-bd04-4d2e-aa9d-155e2ca1e24d	1	59425850	108961034	29988	-0.0286
096b01ce-bd04-4d2e-aa9d-155e2ca1e24d	1	108962290	108966416	3	-1.18
096b01ce-bd04-4d2e-aa9d-155e2ca1e24d	1	108966674	162474579	13656	-0.0198
096b01ce-bd04-4d2e-aa9d-155e2ca1e24d	1	162475526	162475536	2	1.3732
096b01ce-bd04-4d2e-aa9d-155e2ca1e24d	1	162481911	166626371	3199	-0.0281
096b01ce-bd04-4d2e-aa9d-155e2ca1e24d	1	166631477	166709863	82	1.8096
096b01ce-bd04-4d2e-aa9d-155e2ca1e24d	1	166710103	166772052	61	2.1083
096b01ce-bd04-4d2e-aa9d-155e2ca1e24d	1	166775078	167403909	429	1.8231
096b01ce-bd04-4d2e-aa9d-155e2ca1e24d	1	167404803	167504583	76	2.1208
096b01ce-bd04-4d2e-aa9d-155e2ca1e24d	1	167514803	167637059	117	2.6307
096b01ce-bd04-4d2e-aa9d-155e2ca1e24d	1	167637824	167984633	235	2.1037
096b01ce-bd04-4d2e-aa9d-155e2ca1e24d	1	167988457	167988580	2	1.3786
096b01ce-bd04-4d2e-aa9d-155e2ca1e24d	1	167991997	168019352	15	0.4342
096b01ce-bd04-4d2e-aa9d-155e2ca1e24d	1	168020608	168107806	44	1.0424
096b01ce-bd04-4d2e-aa9d-155e2ca1e24d	1	168109473	168172154	31	2.2105
096b01ce-bd04-4d2e-aa9d-155e2ca1e24d	1	168172406	168198800	15	1.6184
096b01ce-bd04-4d2e-aa9d-155e2ca1e24d	1	168199512	168217895	11	1.1329
096b01ce-bd04-4d2e-aa9d-155e2ca1e24d	1	168218173	168229127	9	1.5629
096b01ce-bd04-4d2e-aa9d-155e2ca1e24d	1	168230019	168510411	198	2.2396
096b01ce-bd04-4d2e-aa9d-155e2ca1e24d	1	168510482	168546320	28	0.7958
096b01ce-bd04-4d2e-aa9d-155e2ca1e24d	1	168550967	168738868	184	-0.0286
096b01ce-bd04-4d2e-aa9d-155e2ca1e24d	1	168739299	169080643	300	0.207
096b01ce-bd04-4d2e-aa9d-155e2ca1e24d	1	169086839	169180021	85	0.5724
096b01ce-bd04-4d2e-aa9d-155e2ca1e24d	1	169180040	169189016	10	0.9671
096b01ce-bd04-4d2e-aa9d-155e2ca1e24d	1	169189280	169402310	115	0.1756
096b01ce-bd04-4d2e-aa9d-155e2ca1e24d	1	169407087	169442321	23	1.1761
096b01ce-bd04-4d2e-aa9d-155e2ca1e24d	1	169447081	169876672	372	0.215
096b01ce-bd04-4d2e-aa9d-155e2ca1e24d	1	169877009	170555493	466	-0.0508
096b01ce-bd04-4d2e-aa9d-155e2ca1e24d	1	170556987	170628936	41	0.6135
096b01ce-bd04-4d2e-aa9d-155e2ca1e24d	1	170633676	170664755	21	0.0037
096b01ce-bd04-4d2e-aa9d-155e2ca1e24d	1	170668760	170890018	118	1.9561
096b01ce-bd04-4d2e-aa9d-155e2ca1e24d	1	170890046	170916222	18	2.4757
096b01ce-bd04-4d2e-aa9d-155e2ca1e24d	1	170916422	170926514	8	2.0232
096b01ce-bd04-4d2e-aa9d-155e2ca1e24d	1	170928132	171005156	46	1.0831
096b01ce-bd04-4d2e-aa9d-155e2ca1e24d	1	171010287	171494161	313	-0.0052
096b01ce-bd04-4d2e-aa9d-155e2ca1e24d	1	171494737	171584712	48	0.442
096b01ce-bd04-4d2e-aa9d-155e2ca1e24d	1	171589377	171903632	239	1.122
096b01ce-bd04-4d2e-aa9d-155e2ca1e24d	1	171905929	171919514	14	1.4507
096b01ce-bd04-4d2e-aa9d-155e2ca1e24d	1	171920207	171977227	33	1.7899
096b01ce-bd04-4d2e-aa9d-155e2ca1e24d	1	171977878	172082050	50	1.416
096b01ce-bd04-4d2e-aa9d-155e2ca1e24d	1	172082792	172158444	52	1.8936
096b01ce-bd04-4d2e-aa9d-155e2ca1e24d	1	172159289	172377256	151	1.4031
096b01ce-bd04-4d2e-aa9d-155e2ca1e24d	1	172377408	172407722	21	1.8296
096b01ce-bd04-4d2e-aa9d-155e2ca1e24d	1	172410418	172425148	19	0.9461
096b01ce-bd04-4d2e-aa9d-155e2ca1e24d	1	172427811	179350681	3989	-0.0208
096b01ce-bd04-4d2e-aa9d-155e2ca1e24d	1	179370127	179392376	22	1.5989
096b01ce-bd04-4d2e-aa9d-155e2ca1e24d	1	179394140	247650984	43302	-0.0297
096b01ce-bd04-4d2e-aa9d-155e2ca1e24d	2	480597	70382111	41431	-0.0218
096b01ce-bd04-4d2e-aa9d-155e2ca1e24d	2	70382418	70388151	5	-1.2982
096b01ce-bd04-4d2e-aa9d-155e2ca1e24d	2	70388998	133881890	28512	-0.0216
096b01ce-bd04-4d2e-aa9d-155e2ca1e24d	2	133883300	133896773	17	2.6776
096b01ce-bd04-4d2e-aa9d-155e2ca1e24d	2	133900154	133900169	2	1.1636
096b01ce-bd04-4d2e-aa9d-155e2ca1e24d	2	133917287	143544236	5505	-0.0279
096b01ce-bd04-4d2e-aa9d-155e2ca1e24d	2	143550827	143575567	20	1.9706
096b01ce-bd04-4d2e-aa9d-155e2ca1e24d	2	143585735	143601086	8	1.0197
096b01ce-bd04-4d2e-aa9d-155e2ca1e24d	2	143602180	143779296	116	2.1778
096b01ce-bd04-4d2e-aa9d-155e2ca1e24d	2	143784303	150819181	3867	-0.0328
096b01ce-bd04-4d2e-aa9d-155e2ca1e24d	2	150823494	150861484	29	0.5644
096b01ce-bd04-4d2e-aa9d-155e2ca1e24d	2	150861619	158863180	4699	-0.0307
096b01ce-bd04-4d2e-aa9d-155e2ca1e24d	2	158864195	158906760	21	0.3945
096b01ce-bd04-4d2e-aa9d-155e2ca1e24d	2	158907714	159937929	653	-0.0125
096b01ce-bd04-4d2e-aa9d-155e2ca1e24d	2	159947103	160094239	114	0.4949
096b01ce-bd04-4d2e-aa9d-155e2ca1e24d	2	160096538	160137592	26	2.5675
096b01ce-bd04-4d2e-aa9d-155e2ca1e24d	2	160143832	160169708	15	0.4827
096b01ce-bd04-4d2e-aa9d-155e2ca1e24d	2	160171676	163581265	1861	-0.0282
096b01ce-bd04-4d2e-aa9d-155e2ca1e24d	2	163584422	163590893	8	0.5876
096b01ce-bd04-4d2e-aa9d-155e2ca1e24d	2	163591387	170071354	3884	-0.0233
096b01ce-bd04-4d2e-aa9d-155e2ca1e24d	2	170071499	170071800	2	1.1896
096b01ce-bd04-4d2e-aa9d-155e2ca1e24d	2	170074066	171854094	1121	-0.0184
096b01ce-bd04-4d2e-aa9d-155e2ca1e24d	2	171856933	171874611	11	1.374
096b01ce-bd04-4d2e-aa9d-155e2ca1e24d	2	171878285	172106732	101	0.472
096b01ce-bd04-4d2e-aa9d-155e2ca1e24d	2	172110488	172193419	39	0.1298
096b01ce-bd04-4d2e-aa9d-155e2ca1e24d	2	172195610	172210817	15	0.3967
096b01ce-bd04-4d2e-aa9d-155e2ca1e24d	2	172211740	172354566	114	0.5567
096b01ce-bd04-4d2e-aa9d-155e2ca1e24d	2	172357802	172573704	171	0.3773
096b01ce-bd04-4d2e-aa9d-155e2ca1e24d	2	172580148	172675273	52	0.199
096b01ce-bd04-4d2e-aa9d-155e2ca1e24d	2	172676126	172813250	90	-0.0337
096b01ce-bd04-4d2e-aa9d-155e2ca1e24d	2	172816704	172826107	15	0.789
096b01ce-bd04-4d2e-aa9d-155e2ca1e24d	2	172827884	219287958	25867	-0.0238
096b01ce-bd04-4d2e-aa9d-155e2ca1e24d	2	219291752	219347997	32	-0.7066
096b01ce-bd04-4d2e-aa9d-155e2ca1e24d	2	219352702	241537572	13538	-0.0192
096b01ce-bd04-4d2e-aa9d-155e2ca1e24d	3	2170634	85441637	48820	-0.0236
096b01ce-bd04-4d2e-aa9d-155e2ca1e24d	3	85589241	85734412	89	0.7807
096b01ce-bd04-4d2e-aa9d-155e2ca1e24d	3	85737918	85802914	45	-0.0592
096b01ce-bd04-4d2e-aa9d-155e2ca1e24d	3	85804376	85908633	50	0.7937
096b01ce-bd04-4d2e-aa9d-155e2ca1e24d	3	85908652	85924034	11	0.4287
096b01ce-bd04-4d2e-aa9d-155e2ca1e24d	3	85927331	85987145	14	0.6893
096b01ce-bd04-4d2e-aa9d-155e2ca1e24d	3	85989521	86024827	21	-0.0345
096b01ce-bd04-4d2e-aa9d-155e2ca1e24d	3	86031779	86124463	65	0.4847
096b01ce-bd04-4d2e-aa9d-155e2ca1e24d	3	86128825	87738971	839	-0.0545
096b01ce-bd04-4d2e-aa9d-155e2ca1e24d	3	87752455	87984321	43	0.8311
096b01ce-bd04-4d2e-aa9d-155e2ca1e24d	3	87984789	88712431	375	-0.0486
096b01ce-bd04-4d2e-aa9d-155e2ca1e24d	3	88719310	88741024	15	0.3337
096b01ce-bd04-4d2e-aa9d-155e2ca1e24d	3	88744155	88943286	114	-0.0407
096b01ce-bd04-4d2e-aa9d-155e2ca1e24d	3	88948462	89656845	434	0.6096
096b01ce-bd04-4d2e-aa9d-155e2ca1e24d	3	89661605	89688733	16	0.3243
096b01ce-bd04-4d2e-aa9d-155e2ca1e24d	3	89689355	89888419	64	0.2353
096b01ce-bd04-4d2e-aa9d-155e2ca1e24d	3	89889461	94760588	482	-0.0208
096b01ce-bd04-4d2e-aa9d-155e2ca1e24d	3	94766750	94792817	9	0.4324
096b01ce-bd04-4d2e-aa9d-155e2ca1e24d	3	94794955	95152172	189	-0.0544
096b01ce-bd04-4d2e-aa9d-155e2ca1e24d	3	95153033	95570433	277	0.2827
096b01ce-bd04-4d2e-aa9d-155e2ca1e24d	3	95570501	101266921	2950	-0.027
096b01ce-bd04-4d2e-aa9d-155e2ca1e24d	3	101267814	104471952	1679	0.2404
096b01ce-bd04-4d2e-aa9d-155e2ca1e24d	3	104472197	108354498	2439	0.1405
096b01ce-bd04-4d2e-aa9d-155e2ca1e24d	3	108359123	108634429	152	0.2967
096b01ce-bd04-4d2e-aa9d-155e2ca1e24d	3	108641466	108837477	127	0.1589
096b01ce-bd04-4d2e-aa9d-155e2ca1e24d	3	108840777	109302203	28	0.4448
096b01ce-bd04-4d2e-aa9d-155e2ca1e24d	3	109302328	116240369	4021	-0.0319
096b01ce-bd04-4d2e-aa9d-155e2ca1e24d	3	116240522	116257073	15	0.5014
096b01ce-bd04-4d2e-aa9d-155e2ca1e24d	3	116259493	118152844	1443	-0.0771
096b01ce-bd04-4d2e-aa9d-155e2ca1e24d	3	118153037	118153755	4	-1.1033
096b01ce-bd04-4d2e-aa9d-155e2ca1e24d	3	118158563	120702526	1419	-0.0115
096b01ce-bd04-4d2e-aa9d-155e2ca1e24d	3	120702961	120767884	15	0.2465
096b01ce-bd04-4d2e-aa9d-155e2ca1e24d	3	120772239	120996096	132	0.4521
096b01ce-bd04-4d2e-aa9d-155e2ca1e24d	3	120996638	121979434	369	0.2992
096b01ce-bd04-4d2e-aa9d-155e2ca1e24d	3	121987053	123373033	847	-0.0168
096b01ce-bd04-4d2e-aa9d-155e2ca1e24d	3	123375604	123494086	82	0.2631
096b01ce-bd04-4d2e-aa9d-155e2ca1e24d	3	123495903	123685864	119	0.0275
096b01ce-bd04-4d2e-aa9d-155e2ca1e24d	3	123685956	124016170	188	0.2121
096b01ce-bd04-4d2e-aa9d-155e2ca1e24d	3	124019573	161963493	20810	-0.0248
096b01ce-bd04-4d2e-aa9d-155e2ca1e24d	3	161965187	162668063	326	0.2644
096b01ce-bd04-4d2e-aa9d-155e2ca1e24d	3	162672730	163008827	39	0.5791
096b01ce-bd04-4d2e-aa9d-155e2ca1e24d	3	163008889	163508538	242	0.2471
096b01ce-bd04-4d2e-aa9d-155e2ca1e24d	3	163509169	163538353	16	0.5849
096b01ce-bd04-4d2e-aa9d-155e2ca1e24d	3	163538768	163705738	51	0.2738
096b01ce-bd04-4d2e-aa9d-155e2ca1e24d	3	163706496	164973003	644	0.1467
096b01ce-bd04-4d2e-aa9d-155e2ca1e24d	3	165172941	165284879	60	0.2942
096b01ce-bd04-4d2e-aa9d-155e2ca1e24d	3	165287544	165603025	126	0.5136
096b01ce-bd04-4d2e-aa9d-155e2ca1e24d	3	165603892	165632588	15	0.2539
096b01ce-bd04-4d2e-aa9d-155e2ca1e24d	3	165638860	167243167	618	-0.0404
096b01ce-bd04-4d2e-aa9d-155e2ca1e24d	3	167243690	167520028	132	0.3122
096b01ce-bd04-4d2e-aa9d-155e2ca1e24d	3	167520588	168028894	277	-0.0465
096b01ce-bd04-4d2e-aa9d-155e2ca1e24d	3	168035756	168376927	177	0.3348
096b01ce-bd04-4d2e-aa9d-155e2ca1e24d	3	168377198	168502604	71	0.0954
096b01ce-bd04-4d2e-aa9d-155e2ca1e24d	3	168505082	168515959	10	0.3418
096b01ce-bd04-4d2e-aa9d-155e2ca1e24d	3	168516707	168576878	33	0.6543
096b01ce-bd04-4d2e-aa9d-155e2ca1e24d	3	168578891	168689389	74	0.8524
096b01ce-bd04-4d2e-aa9d-155e2ca1e24d	3	168692352	168736376	23	0.6543
096b01ce-bd04-4d2e-aa9d-155e2ca1e24d	3	168737613	169655956	615	0.3142
096b01ce-bd04-4d2e-aa9d-155e2ca1e24d	3	169658502	197812401	14573	-0.026
096b01ce-bd04-4d2e-aa9d-155e2ca1e24d	4	1059384	13999897	7597	0.1283
096b01ce-bd04-4d2e-aa9d-155e2ca1e24d	4	14000966	14001031	2	-1.0634
096b01ce-bd04-4d2e-aa9d-155e2ca1e24d	4	14006582	18783500	3416	0.1261
096b01ce-bd04-4d2e-aa9d-155e2ca1e24d	4	18791803	18801177	4	1.439
096b01ce-bd04-4d2e-aa9d-155e2ca1e24d	4	18802896	18862050	33	0.1196
096b01ce-bd04-4d2e-aa9d-155e2ca1e24d	4	18865584	36328177	10715	0.0953
096b01ce-bd04-4d2e-aa9d-155e2ca1e24d	4	36328360	57264283	9999	0.1155
096b01ce-bd04-4d2e-aa9d-155e2ca1e24d	4	57272246	80159650	12491	0.0863
096b01ce-bd04-4d2e-aa9d-155e2ca1e24d	4	80160158	187842528	58998	-0.0303
096b01ce-bd04-4d2e-aa9d-155e2ca1e24d	5	913983	2598920	723	0.15
096b01ce-bd04-4d2e-aa9d-155e2ca1e24d	5	2603195	8059308	4412	0.2408
096b01ce-bd04-4d2e-aa9d-155e2ca1e24d	5	8060163	8266621	145	0.4211
096b01ce-bd04-4d2e-aa9d-155e2ca1e24d	5	8267753	27291390	10531	0.2358
096b01ce-bd04-4d2e-aa9d-155e2ca1e24d	5	27295045	27327282	18	1.3117
096b01ce-bd04-4d2e-aa9d-155e2ca1e24d	5	27335121	31914220	2793	0.278
096b01ce-bd04-4d2e-aa9d-155e2ca1e24d	5	31914710	32068234	135	0.3506
096b01ce-bd04-4d2e-aa9d-155e2ca1e24d	5	32068668	32071161	8	1.1996
096b01ce-bd04-4d2e-aa9d-155e2ca1e24d	5	32074403	35538059	1708	0.361
096b01ce-bd04-4d2e-aa9d-155e2ca1e24d	5	35540246	38199258	1570	-0.0353
096b01ce-bd04-4d2e-aa9d-155e2ca1e24d	5	38200211	38243359	35	1.2486
096b01ce-bd04-4d2e-aa9d-155e2ca1e24d	5	38248896	38408668	141	-0.0119
096b01ce-bd04-4d2e-aa9d-155e2ca1e24d	5	38411643	38471881	43	1.3878
096b01ce-bd04-4d2e-aa9d-155e2ca1e24d	5	38473093	38474047	4	0.0783
096b01ce-bd04-4d2e-aa9d-155e2ca1e24d	5	38474950	38657456	115	2.4128
096b01ce-bd04-4d2e-aa9d-155e2ca1e24d	5	38657748	38871570	176	2.0788
096b01ce-bd04-4d2e-aa9d-155e2ca1e24d	5	38872281	38935142	51	2.3896
096b01ce-bd04-4d2e-aa9d-155e2ca1e24d	5	38935391	39081373	55	2.7355
096b01ce-bd04-4d2e-aa9d-155e2ca1e24d	5	39081417	39171929	64	2.0422
096b01ce-bd04-4d2e-aa9d-155e2ca1e24d	5	39173043	39200749	22	-0.0365
096b01ce-bd04-4d2e-aa9d-155e2ca1e24d	5	39204129	39324690	97	0.4176
096b01ce-bd04-4d2e-aa9d-155e2ca1e24d	5	39330398	40401407	718	-0.0463
096b01ce-bd04-4d2e-aa9d-155e2ca1e24d	5	40402431	40463637	44	0.6286
096b01ce-bd04-4d2e-aa9d-155e2ca1e24d	5	40463761	40523874	37	0.8261
096b01ce-bd04-4d2e-aa9d-155e2ca1e24d	5	40526418	41615673	674	-0.0301
096b01ce-bd04-4d2e-aa9d-155e2ca1e24d	5	41620341	41625982	11	1.381
096b01ce-bd04-4d2e-aa9d-155e2ca1e24d	5	41629861	41809829	94	-0.0087
096b01ce-bd04-4d2e-aa9d-155e2ca1e24d	5	41811742	41821004	8	1.1385
096b01ce-bd04-4d2e-aa9d-155e2ca1e24d	5	41821830	61238558	8104	-0.0261
096b01ce-bd04-4d2e-aa9d-155e2ca1e24d	5	61245209	61426629	99	0.9563
096b01ce-bd04-4d2e-aa9d-155e2ca1e24d	5	61429609	61578004	100	-0.0682
096b01ce-bd04-4d2e-aa9d-155e2ca1e24d	5	61581812	61599477	14	1.1445
096b01ce-bd04-4d2e-aa9d-155e2ca1e24d	5	61600445	94201506	17199	-0.031
096b01ce-bd04-4d2e-aa9d-155e2ca1e24d	5	94209819	94314309	62	2.6085
096b01ce-bd04-4d2e-aa9d-155e2ca1e24d	5	94322516	94355574	16	0.9246
096b01ce-bd04-4d2e-aa9d-155e2ca1e24d	5	94360161	99091965	2636	-0.0368
096b01ce-bd04-4d2e-aa9d-155e2ca1e24d	5	99092459	99099370	6	1.6595
096b01ce-bd04-4d2e-aa9d-155e2ca1e24d	5	99107396	99140048	31	0.9879
096b01ce-bd04-4d2e-aa9d-155e2ca1e24d	5	99141104	100290153	44	0.6025
096b01ce-bd04-4d2e-aa9d-155e2ca1e24d	5	100291435	100364227	10	0.2332
096b01ce-bd04-4d2e-aa9d-155e2ca1e24d	5	100367918	100621965	75	-0.0601
096b01ce-bd04-4d2e-aa9d-155e2ca1e24d	5	100628487	101261756	286	0.5106
096b01ce-bd04-4d2e-aa9d-155e2ca1e24d	5	101264678	101531351	136	-0.073
096b01ce-bd04-4d2e-aa9d-155e2ca1e24d	5	101531475	101552167	15	0.9533
096b01ce-bd04-4d2e-aa9d-155e2ca1e24d	5	101561864	101581939	13	2.7922
096b01ce-bd04-4d2e-aa9d-155e2ca1e24d	5	101589079	101964286	57	0.8783
096b01ce-bd04-4d2e-aa9d-155e2ca1e24d	5	101964917	102333402	187	1.3279
096b01ce-bd04-4d2e-aa9d-155e2ca1e24d	5	102333516	102543846	101	0.89
096b01ce-bd04-4d2e-aa9d-155e2ca1e24d	5	102544462	102669334	77	1.0816
096b01ce-bd04-4d2e-aa9d-155e2ca1e24d	5	102679202	102679379	3	-0.0293
096b01ce-bd04-4d2e-aa9d-155e2ca1e24d	5	102680330	102718717	30	1.1951
096b01ce-bd04-4d2e-aa9d-155e2ca1e24d	5	102729477	102841609	76	2.161
096b01ce-bd04-4d2e-aa9d-155e2ca1e24d	5	102855824	102989988	61	1.7615
096b01ce-bd04-4d2e-aa9d-155e2ca1e24d	5	102990104	103073513	29	2.0691
096b01ce-bd04-4d2e-aa9d-155e2ca1e24d	5	103080726	103108385	8	1.2782
096b01ce-bd04-4d2e-aa9d-155e2ca1e24d	5	103114495	103148622	12	1.9751
096b01ce-bd04-4d2e-aa9d-155e2ca1e24d	5	103148695	103425063	123	1.5024
096b01ce-bd04-4d2e-aa9d-155e2ca1e24d	5	103426338	103563460	84	1.9967
096b01ce-bd04-4d2e-aa9d-155e2ca1e24d	5	103565306	103724690	86	1.6072
096b01ce-bd04-4d2e-aa9d-155e2ca1e24d	5	103738860	103775839	32	0.9964
096b01ce-bd04-4d2e-aa9d-155e2ca1e24d	5	103778544	103844332	49	1.2208
096b01ce-bd04-4d2e-aa9d-155e2ca1e24d	5	103846144	103948266	60	0.8541
096b01ce-bd04-4d2e-aa9d-155e2ca1e24d	5	103956968	104100815	75	1.3445
096b01ce-bd04-4d2e-aa9d-155e2ca1e24d	5	104105154	104161411	38	0.7706
096b01ce-bd04-4d2e-aa9d-155e2ca1e24d	5	104168143	104216091	20	1.7218
096b01ce-bd04-4d2e-aa9d-155e2ca1e24d	5	104217093	104314566	76	1.892
096b01ce-bd04-4d2e-aa9d-155e2ca1e24d	5	104315264	104907517	352	2.2947
096b01ce-bd04-4d2e-aa9d-155e2ca1e24d	5	104916480	105205862	127	1.1492
096b01ce-bd04-4d2e-aa9d-155e2ca1e24d	5	105227340	105995274	362	-0.0551
096b01ce-bd04-4d2e-aa9d-155e2ca1e24d	5	105998445	106123074	62	1.0778
096b01ce-bd04-4d2e-aa9d-155e2ca1e24d	5	106127734	106221709	38	0.2339
096b01ce-bd04-4d2e-aa9d-155e2ca1e24d	5	106223041	106539174	157	-0.0439
096b01ce-bd04-4d2e-aa9d-155e2ca1e24d	5	106546117	106632071	35	0.4644
096b01ce-bd04-4d2e-aa9d-155e2ca1e24d	5	106632482	106958982	52	1.0821
096b01ce-bd04-4d2e-aa9d-155e2ca1e24d	5	106962216	107073278	65	0.5238
096b01ce-bd04-4d2e-aa9d-155e2ca1e24d	5	107077213	110586018	2216	-0.0454
096b01ce-bd04-4d2e-aa9d-155e2ca1e24d	5	110588238	111173566	323	0.7839
096b01ce-bd04-4d2e-aa9d-155e2ca1e24d	5	111187595	111848737	437	0.3988
096b01ce-bd04-4d2e-aa9d-155e2ca1e24d	5	111851318	111920489	44	0.8879
096b01ce-bd04-4d2e-aa9d-155e2ca1e24d	5	111926161	112601227	515	0.4014
096b01ce-bd04-4d2e-aa9d-155e2ca1e24d	5	112606141	112607855	3	-0.7351
096b01ce-bd04-4d2e-aa9d-155e2ca1e24d	5	112609049	114838885	1577	0.4099
096b01ce-bd04-4d2e-aa9d-155e2ca1e24d	5	114839368	125976602	6535	-0.038
096b01ce-bd04-4d2e-aa9d-155e2ca1e24d	5	125980742	125994308	9	2.4359
096b01ce-bd04-4d2e-aa9d-155e2ca1e24d	5	125999477	126011137	6	1.2602
096b01ce-bd04-4d2e-aa9d-155e2ca1e24d	5	126073272	145139422	10996	-0.0157
096b01ce-bd04-4d2e-aa9d-155e2ca1e24d	5	145142957	145321654	120	1.1864
096b01ce-bd04-4d2e-aa9d-155e2ca1e24d	5	145323880	145436876	57	0.7462
096b01ce-bd04-4d2e-aa9d-155e2ca1e24d	5	145437261	145465189	15	1.0314
096b01ce-bd04-4d2e-aa9d-155e2ca1e24d	5	145469547	145692569	134	0.3015
096b01ce-bd04-4d2e-aa9d-155e2ca1e24d	5	145699115	180934240	22084	-0.0278
096b01ce-bd04-4d2e-aa9d-155e2ca1e24d	6	1011760	170596889	96915	-0.0253
096b01ce-bd04-4d2e-aa9d-155e2ca1e24d	7	664936	7899280	2998	-0.0044
096b01ce-bd04-4d2e-aa9d-155e2ca1e24d	7	7900164	127533388	62196	-0.0344
096b01ce-bd04-4d2e-aa9d-155e2ca1e24d	7	127533608	158592540	16581	-0.0185
096b01ce-bd04-4d2e-aa9d-155e2ca1e24d	8	667625	48710397	25950	-0.0211
096b01ce-bd04-4d2e-aa9d-155e2ca1e24d	8	48710537	117397724	38968	-0.0324
096b01ce-bd04-4d2e-aa9d-155e2ca1e24d	8	117397995	144182542	17122	-0.017
096b01ce-bd04-4d2e-aa9d-155e2ca1e24d	9	789794	33173018	20225	-0.0643
096b01ce-bd04-4d2e-aa9d-155e2ca1e24d	9	33173655	138044505	48105	-0.0279
096b01ce-bd04-4d2e-aa9d-155e2ca1e24d	10	366509	809323	155	-0.0496
096b01ce-bd04-4d2e-aa9d-155e2ca1e24d	10	811211	812082	2	-2.2587
096b01ce-bd04-4d2e-aa9d-155e2ca1e24d	10	812093	6088114	3566	-0.0288
096b01ce-bd04-4d2e-aa9d-155e2ca1e24d	10	6091795	6101605	3	-1.0331
096b01ce-bd04-4d2e-aa9d-155e2ca1e24d	10	6101936	7442318	1084	-0.0238
096b01ce-bd04-4d2e-aa9d-155e2ca1e24d	10	7448244	7851160	344	0.3976
096b01ce-bd04-4d2e-aa9d-155e2ca1e24d	10	7851434	8755067	782	-0.0222
096b01ce-bd04-4d2e-aa9d-155e2ca1e24d	10	8755195	8789473	25	0.7691
096b01ce-bd04-4d2e-aa9d-155e2ca1e24d	10	8789742	9861141	603	-0.0293
096b01ce-bd04-4d2e-aa9d-155e2ca1e24d	10	9863598	9898790	27	1.6481
096b01ce-bd04-4d2e-aa9d-155e2ca1e24d	10	9902847	9927349	30	0.8604
096b01ce-bd04-4d2e-aa9d-155e2ca1e24d	10	9933182	10940447	819	-0.0305
096b01ce-bd04-4d2e-aa9d-155e2ca1e24d	10	10942760	12273159	923	0.4104
096b01ce-bd04-4d2e-aa9d-155e2ca1e24d	10	12275911	18396962	4750	-0.0243
096b01ce-bd04-4d2e-aa9d-155e2ca1e24d	10	18401770	18447277	52	0.9978
096b01ce-bd04-4d2e-aa9d-155e2ca1e24d	10	18450086	18492763	43	-0.0109
096b01ce-bd04-4d2e-aa9d-155e2ca1e24d	10	18495059	18500795	8	0.8148
096b01ce-bd04-4d2e-aa9d-155e2ca1e24d	10	18501336	18670204	128	-0.0287
096b01ce-bd04-4d2e-aa9d-155e2ca1e24d	10	18680883	18697347	23	0.7908
096b01ce-bd04-4d2e-aa9d-155e2ca1e24d	10	18701386	21682248	2109	-0.0201
096b01ce-bd04-4d2e-aa9d-155e2ca1e24d	10	21689347	21909866	87	0.617
096b01ce-bd04-4d2e-aa9d-155e2ca1e24d	10	21919494	30764799	5950	-0.0209
096b01ce-bd04-4d2e-aa9d-155e2ca1e24d	10	30765175	30765248	2	-1.3634
096b01ce-bd04-4d2e-aa9d-155e2ca1e24d	10	30765375	31276692	370	-0.0138
096b01ce-bd04-4d2e-aa9d-155e2ca1e24d	10	31280154	31400220	58	0.8557
096b01ce-bd04-4d2e-aa9d-155e2ca1e24d	10	31405695	133411599	59179	-0.0291
096b01ce-bd04-4d2e-aa9d-155e2ca1e24d	11	456012	85201261	45471	-0.0259
096b01ce-bd04-4d2e-aa9d-155e2ca1e24d	11	85206220	85299538	67	-0.8302
096b01ce-bd04-4d2e-aa9d-155e2ca1e24d	11	85307068	134272740	31861	-0.0273
096b01ce-bd04-4d2e-aa9d-155e2ca1e24d	12	780472	55440516	28663	-0.0299
096b01ce-bd04-4d2e-aa9d-155e2ca1e24d	12	55441988	55467246	15	2.7902
096b01ce-bd04-4d2e-aa9d-155e2ca1e24d	12	55467344	55473812	16	3.9139
096b01ce-bd04-4d2e-aa9d-155e2ca1e24d	12	55476206	57731020	1040	-0.0152
096b01ce-bd04-4d2e-aa9d-155e2ca1e24d	12	57731306	58076366	171	2.6132
096b01ce-bd04-4d2e-aa9d-155e2ca1e24d	12	58076673	58085697	27	2.1579
096b01ce-bd04-4d2e-aa9d-155e2ca1e24d	12	58085808	58127977	30	2.4903
096b01ce-bd04-4d2e-aa9d-155e2ca1e24d	12	58128350	58382754	199	2.0837
096b01ce-bd04-4d2e-aa9d-155e2ca1e24d	12	58382914	58595286	179	2.6866
096b01ce-bd04-4d2e-aa9d-155e2ca1e24d	12	58596712	61822527	1944	-0.0485
096b01ce-bd04-4d2e-aa9d-155e2ca1e24d	12	61826946	61852428	32	1.877
096b01ce-bd04-4d2e-aa9d-155e2ca1e24d	12	61855769	65734867	2222	-0.0379
096b01ce-bd04-4d2e-aa9d-155e2ca1e24d	12	65749877	65842955	72	2.1402
096b01ce-bd04-4d2e-aa9d-155e2ca1e24d	12	65847592	66935542	740	-0.0227
096b01ce-bd04-4d2e-aa9d-155e2ca1e24d	12	66937190	66985582	42	2.9519
096b01ce-bd04-4d2e-aa9d-155e2ca1e24d	12	66988212	68677833	1266	-0.0269
096b01ce-bd04-4d2e-aa9d-155e2ca1e24d	12	68681657	68689533	5	1.994
096b01ce-bd04-4d2e-aa9d-155e2ca1e24d	12	68690346	68777060	44	1.2352
096b01ce-bd04-4d2e-aa9d-155e2ca1e24d	12	68778271	68874798	85	2.9984
096b01ce-bd04-4d2e-aa9d-155e2ca1e24d	12	68876682	68922084	37	2.2609
096b01ce-bd04-4d2e-aa9d-155e2ca1e24d	12	68922666	68940591	14	2.8369
096b01ce-bd04-4d2e-aa9d-155e2ca1e24d	12	68943030	69063073	71	1.4989
096b01ce-bd04-4d2e-aa9d-155e2ca1e24d	12	69064377	69337098	180	-0.0023
096b01ce-bd04-4d2e-aa9d-155e2ca1e24d	12	69340451	69546700	134	2.9381
096b01ce-bd04-4d2e-aa9d-155e2ca1e24d	12	69546925	69584846	27	2.3051
096b01ce-bd04-4d2e-aa9d-155e2ca1e24d	12	69586361	69635287	38	0.3873
096b01ce-bd04-4d2e-aa9d-155e2ca1e24d	12	69635556	69851468	153	-0.0293
096b01ce-bd04-4d2e-aa9d-155e2ca1e24d	12	69854689	69871889	12	0.526
096b01ce-bd04-4d2e-aa9d-155e2ca1e24d	12	69873940	69887458	18	2.7287
096b01ce-bd04-4d2e-aa9d-155e2ca1e24d	12	69894548	69949820	46	2.1085
096b01ce-bd04-4d2e-aa9d-155e2ca1e24d	12	69949890	70023513	61	3.0401
096b01ce-bd04-4d2e-aa9d-155e2ca1e24d	12	70026704	70047744	17	1.9
096b01ce-bd04-4d2e-aa9d-155e2ca1e24d	12	70048220	70121022	55	0.6761
096b01ce-bd04-4d2e-aa9d-155e2ca1e24d	12	70125657	70216822	51	1.6955
096b01ce-bd04-4d2e-aa9d-155e2ca1e24d	12	70227036	70269222	21	2.1141
096b01ce-bd04-4d2e-aa9d-155e2ca1e24d	12	70274249	70335040	34	1.6227
096b01ce-bd04-4d2e-aa9d-155e2ca1e24d	12	70339252	70360303	19	3.009
096b01ce-bd04-4d2e-aa9d-155e2ca1e24d	12	70377812	70464976	62	1.5141
096b01ce-bd04-4d2e-aa9d-155e2ca1e24d	12	70466295	70476293	8	2.725
096b01ce-bd04-4d2e-aa9d-155e2ca1e24d	12	70478078	70539907	33	1.5847
096b01ce-bd04-4d2e-aa9d-155e2ca1e24d	12	70540877	70572004	37	2.2536
096b01ce-bd04-4d2e-aa9d-155e2ca1e24d	12	70574116	70581265	7	1.8354
096b01ce-bd04-4d2e-aa9d-155e2ca1e24d	12	70585955	70848036	186	1.4791
096b01ce-bd04-4d2e-aa9d-155e2ca1e24d	12	70852049	70896544	45	1.8521
096b01ce-bd04-4d2e-aa9d-155e2ca1e24d	12	70907496	71044298	104	2.5974
096b01ce-bd04-4d2e-aa9d-155e2ca1e24d	12	71045809	71262767	126	1.2164
096b01ce-bd04-4d2e-aa9d-155e2ca1e24d	12	71280849	71282275	4	3.1743
096b01ce-bd04-4d2e-aa9d-155e2ca1e24d	12	71283084	71538612	79	-0.0057
096b01ce-bd04-4d2e-aa9d-155e2ca1e24d	12	71542747	71548191	13	0.4642
096b01ce-bd04-4d2e-aa9d-155e2ca1e24d	12	71550434	71612085	51	2.9954
096b01ce-bd04-4d2e-aa9d-155e2ca1e24d	12	71612945	71767729	72	0.3784
096b01ce-bd04-4d2e-aa9d-155e2ca1e24d	12	71768264	71922386	88	2.9563
096b01ce-bd04-4d2e-aa9d-155e2ca1e24d	12	71925956	71946293	27	0.3811
096b01ce-bd04-4d2e-aa9d-155e2ca1e24d	12	71949477	72022214	62	2.3413
096b01ce-bd04-4d2e-aa9d-155e2ca1e24d	12	72027721	72228300	99	-0.0234
096b01ce-bd04-4d2e-aa9d-155e2ca1e24d	12	72233723	72246800	4	1.6389
096b01ce-bd04-4d2e-aa9d-155e2ca1e24d	12	72247589	72382290	98	-0.024
096b01ce-bd04-4d2e-aa9d-155e2ca1e24d	12	72383914	72500891	68	3.2177
096b01ce-bd04-4d2e-aa9d-155e2ca1e24d	12	72505848	72838560	147	2.1299
096b01ce-bd04-4d2e-aa9d-155e2ca1e24d	12	72977309	73030495	58	-0.0742
096b01ce-bd04-4d2e-aa9d-155e2ca1e24d	12	73035799	73055584	26	2.6212
096b01ce-bd04-4d2e-aa9d-155e2ca1e24d	12	73064439	73116474	32	-0.1073
096b01ce-bd04-4d2e-aa9d-155e2ca1e24d	12	73120200	73121823	3	1.633
096b01ce-bd04-4d2e-aa9d-155e2ca1e24d	12	73126888	73277165	81	-0.0555
096b01ce-bd04-4d2e-aa9d-155e2ca1e24d	12	73280778	73330726	30	2.3007
096b01ce-bd04-4d2e-aa9d-155e2ca1e24d	12	73332736	73358048	14	-0.0091
096b01ce-bd04-4d2e-aa9d-155e2ca1e24d	12	73359065	73422980	32	1.4945
096b01ce-bd04-4d2e-aa9d-155e2ca1e24d	12	73423445	73768308	182	-0.0662
096b01ce-bd04-4d2e-aa9d-155e2ca1e24d	12	73772082	73869459	63	3.0124
096b01ce-bd04-4d2e-aa9d-155e2ca1e24d	12	73872404	73893898	8	2.5123
096b01ce-bd04-4d2e-aa9d-155e2ca1e24d	12	73896118	73913012	8	2.2731
096b01ce-bd04-4d2e-aa9d-155e2ca1e24d	12	74031681	74073685	16	0.3283
096b01ce-bd04-4d2e-aa9d-155e2ca1e24d	12	74080185	74094137	8	1.5335
096b01ce-bd04-4d2e-aa9d-155e2ca1e24d	12	74098174	74146812	33	3.0255
096b01ce-bd04-4d2e-aa9d-155e2ca1e24d	12	74149899	74252622	52	1.9768
096b01ce-bd04-4d2e-aa9d-155e2ca1e24d	12	74259829	74326248	24	0.8486
096b01ce-bd04-4d2e-aa9d-155e2ca1e24d	12	74328762	74350056	14	2.1064
096b01ce-bd04-4d2e-aa9d-155e2ca1e24d	12	74351713	74376257	16	1.2674
096b01ce-bd04-4d2e-aa9d-155e2ca1e24d	12	74377224	74389482	13	2.0795
096b01ce-bd04-4d2e-aa9d-155e2ca1e24d	12	74393630	74405001	12	1.0056
096b01ce-bd04-4d2e-aa9d-155e2ca1e24d	12	74411133	74427314	22	1.856
096b01ce-bd04-4d2e-aa9d-155e2ca1e24d	12	74430033	74436356	5	3.3763
096b01ce-bd04-4d2e-aa9d-155e2ca1e24d	12	74437329	74443348	12	1.8321
096b01ce-bd04-4d2e-aa9d-155e2ca1e24d	12	74444052	74647832	130	2.9813
096b01ce-bd04-4d2e-aa9d-155e2ca1e24d	12	74648406	74777779	100	-0.0522
096b01ce-bd04-4d2e-aa9d-155e2ca1e24d	12	74785641	74971280	118	0.8146
096b01ce-bd04-4d2e-aa9d-155e2ca1e24d	12	74975071	74977615	2	0.1037
096b01ce-bd04-4d2e-aa9d-155e2ca1e24d	12	74988840	75018977	18	2.6597
096b01ce-bd04-4d2e-aa9d-155e2ca1e24d	12	75023664	75046096	16	1.4671
096b01ce-bd04-4d2e-aa9d-155e2ca1e24d	12	75048311	75091608	40	-0.0234
096b01ce-bd04-4d2e-aa9d-155e2ca1e24d	12	75098146	75126636	25	1.4455
096b01ce-bd04-4d2e-aa9d-155e2ca1e24d	12	75127314	75212345	57	3.1774
096b01ce-bd04-4d2e-aa9d-155e2ca1e24d	12	75218043	75302483	55	0.0013
096b01ce-bd04-4d2e-aa9d-155e2ca1e24d	12	75302650	75359463	25	2.0025
096b01ce-bd04-4d2e-aa9d-155e2ca1e24d	12	75359950	76656757	812	-0.0268
096b01ce-bd04-4d2e-aa9d-155e2ca1e24d	12	76661400	76688693	24	2.5149
096b01ce-bd04-4d2e-aa9d-155e2ca1e24d	12	76692453	77483145	539	-0.0493
096b01ce-bd04-4d2e-aa9d-155e2ca1e24d	12	77487375	77488227	3	1.5172
096b01ce-bd04-4d2e-aa9d-155e2ca1e24d	12	77490149	77529770	68	0.0075
096b01ce-bd04-4d2e-aa9d-155e2ca1e24d	12	77532700	77597379	57	1.2536
096b01ce-bd04-4d2e-aa9d-155e2ca1e24d	12	77599982	77707478	115	-0.0249
096b01ce-bd04-4d2e-aa9d-155e2ca1e24d	12	77712174	77732734	11	1.369
096b01ce-bd04-4d2e-aa9d-155e2ca1e24d	12	77735107	78315813	419	-0.0646
096b01ce-bd04-4d2e-aa9d-155e2ca1e24d	12	78322457	78350305	46	2.932
096b01ce-bd04-4d2e-aa9d-155e2ca1e24d	12	78350707	78408036	35	2.2937
096b01ce-bd04-4d2e-aa9d-155e2ca1e24d	12	78409436	78412384	8	1.5662
096b01ce-bd04-4d2e-aa9d-155e2ca1e24d	12	78412430	78463995	37	2.4612
096b01ce-bd04-4d2e-aa9d-155e2ca1e24d	12	78467821	78563454	47	2.9885
096b01ce-bd04-4d2e-aa9d-155e2ca1e24d	12	78565475	78880876	139	2.4479
096b01ce-bd04-4d2e-aa9d-155e2ca1e24d	12	78884763	78946670	52	-0.1302
096b01ce-bd04-4d2e-aa9d-155e2ca1e24d	12	78951046	78952390	3	1.0379
096b01ce-bd04-4d2e-aa9d-155e2ca1e24d	12	78955021	79211856	164	-0.0173
096b01ce-bd04-4d2e-aa9d-155e2ca1e24d	12	79218729	79354329	84	2.7653
096b01ce-bd04-4d2e-aa9d-155e2ca1e24d	12	79357500	79448813	67	-0.0785
096b01ce-bd04-4d2e-aa9d-155e2ca1e24d	12	79451848	79512006	19	1.4657
096b01ce-bd04-4d2e-aa9d-155e2ca1e24d	12	79513776	82093328	1568	-0.0501
096b01ce-bd04-4d2e-aa9d-155e2ca1e24d	12	82099390	82128155	15	1.4092
096b01ce-bd04-4d2e-aa9d-155e2ca1e24d	12	82130366	82153234	24	2.1412
096b01ce-bd04-4d2e-aa9d-155e2ca1e24d	12	82156073	82311150	102	-0.0537
096b01ce-bd04-4d2e-aa9d-155e2ca1e24d	12	82318246	82456360	63	2.134
096b01ce-bd04-4d2e-aa9d-155e2ca1e24d	12	82462175	84733921	1361	-0.0434
096b01ce-bd04-4d2e-aa9d-155e2ca1e24d	12	84738579	84814658	56	1.5153
096b01ce-bd04-4d2e-aa9d-155e2ca1e24d	12	84815880	84855792	31	2.6926
096b01ce-bd04-4d2e-aa9d-155e2ca1e24d	12	84860170	84942780	35	1.4272
096b01ce-bd04-4d2e-aa9d-155e2ca1e24d	12	84949881	85282917	156	-0.0739
096b01ce-bd04-4d2e-aa9d-155e2ca1e24d	12	85285218	85342200	33	1.3442
096b01ce-bd04-4d2e-aa9d-155e2ca1e24d	12	85342699	85419720	45	2.706
096b01ce-bd04-4d2e-aa9d-155e2ca1e24d	12	85424576	85470227	23	-0.0212
096b01ce-bd04-4d2e-aa9d-155e2ca1e24d	12	85477049	85499538	17	1.6258
096b01ce-bd04-4d2e-aa9d-155e2ca1e24d	12	85503365	85617209	65	-0.0611
096b01ce-bd04-4d2e-aa9d-155e2ca1e24d	12	85623135	85623202	2	-1.2858
096b01ce-bd04-4d2e-aa9d-155e2ca1e24d	12	85623841	90471963	2611	-0.0597
096b01ce-bd04-4d2e-aa9d-155e2ca1e24d	12	90475025	90499151	20	0.4182
096b01ce-bd04-4d2e-aa9d-155e2ca1e24d	12	90501675	99552094	6112	-0.0374
096b01ce-bd04-4d2e-aa9d-155e2ca1e24d	12	99560431	99589094	21	1.6725
096b01ce-bd04-4d2e-aa9d-155e2ca1e24d	12	99590976	100062143	182	-0.0626
096b01ce-bd04-4d2e-aa9d-155e2ca1e24d	12	100064628	100155980	33	2.3544
096b01ce-bd04-4d2e-aa9d-155e2ca1e24d	12	100162333	100921218	437	-0.0713
096b01ce-bd04-4d2e-aa9d-155e2ca1e24d	12	100923006	100927569	8	1.4143
096b01ce-bd04-4d2e-aa9d-155e2ca1e24d	12	100935716	101097439	109	-0.0752
096b01ce-bd04-4d2e-aa9d-155e2ca1e24d	12	101099866	101311289	176	0.4475
096b01ce-bd04-4d2e-aa9d-155e2ca1e24d	12	101311671	101329744	10	0.0468
096b01ce-bd04-4d2e-aa9d-155e2ca1e24d	12	101332007	101335504	4	0.7626
096b01ce-bd04-4d2e-aa9d-155e2ca1e24d	12	101344199	106135764	3297	-0.0357
096b01ce-bd04-4d2e-aa9d-155e2ca1e24d	12	106140721	106213396	56	1.8094
096b01ce-bd04-4d2e-aa9d-155e2ca1e24d	12	106216489	132605822	14205	-0.0258
096b01ce-bd04-4d2e-aa9d-155e2ca1e24d	13	18874255	114226675	56860	-0.0496
096b01ce-bd04-4d2e-aa9d-155e2ca1e24d	14	20033191	31459450	5701	-0.0354
096b01ce-bd04-4d2e-aa9d-155e2ca1e24d	14	31467146	31504320	21	0.5722
096b01ce-bd04-4d2e-aa9d-155e2ca1e24d	14	31505003	32201977	384	-0.0268
096b01ce-bd04-4d2e-aa9d-155e2ca1e24d	14	32205083	32370364	139	0.6333
096b01ce-bd04-4d2e-aa9d-155e2ca1e24d	14	32383697	38481810	3966	-0.0335
096b01ce-bd04-4d2e-aa9d-155e2ca1e24d	14	38585376	38959100	226	0.5274
096b01ce-bd04-4d2e-aa9d-155e2ca1e24d	14	38959724	80221910	23984	-0.0256
096b01ce-bd04-4d2e-aa9d-155e2ca1e24d	14	80239422	80253826	8	1.1213
096b01ce-bd04-4d2e-aa9d-155e2ca1e24d	14	80256968	105533894	15261	-0.0237
096b01ce-bd04-4d2e-aa9d-155e2ca1e24d	15	23437561	67906403	25211	-0.0339
096b01ce-bd04-4d2e-aa9d-155e2ca1e24d	15	67907486	68361219	282	0.2301
096b01ce-bd04-4d2e-aa9d-155e2ca1e24d	15	68363697	72894672	2768	-0.0186
096b01ce-bd04-4d2e-aa9d-155e2ca1e24d	15	72901065	73292443	221	1.3092
096b01ce-bd04-4d2e-aa9d-155e2ca1e24d	15	73293830	73311631	10	0.4197
096b01ce-bd04-4d2e-aa9d-155e2ca1e24d	15	73317248	74262756	598	-0.0168
096b01ce-bd04-4d2e-aa9d-155e2ca1e24d	15	74263653	74481332	116	0.2957
096b01ce-bd04-4d2e-aa9d-155e2ca1e24d	15	74483960	77733983	1342	-0.0146
096b01ce-bd04-4d2e-aa9d-155e2ca1e24d	15	77735999	77745883	5	1.44
096b01ce-bd04-4d2e-aa9d-155e2ca1e24d	15	77756650	80630740	1891	-0.0184
096b01ce-bd04-4d2e-aa9d-155e2ca1e24d	15	80631344	80638198	5	0.6755
096b01ce-bd04-4d2e-aa9d-155e2ca1e24d	15	80638286	82027863	841	-0.0293
096b01ce-bd04-4d2e-aa9d-155e2ca1e24d	15	82027983	82040848	11	1.7119
096b01ce-bd04-4d2e-aa9d-155e2ca1e24d	15	82042869	82120955	65	1.1665
096b01ce-bd04-4d2e-aa9d-155e2ca1e24d	15	82123016	82238289	63	1.3834
096b01ce-bd04-4d2e-aa9d-155e2ca1e24d	15	82240622	84097317	889	-0.031
096b01ce-bd04-4d2e-aa9d-155e2ca1e24d	15	84098513	84158730	30	1.0854
096b01ce-bd04-4d2e-aa9d-155e2ca1e24d	15	84553803	85236349	345	-0.0238
096b01ce-bd04-4d2e-aa9d-155e2ca1e24d	15	85572645	85764802	144	0.9828
096b01ce-bd04-4d2e-aa9d-155e2ca1e24d	15	85766789	90847502	3318	-0.0154
096b01ce-bd04-4d2e-aa9d-155e2ca1e24d	15	90856053	90955016	53	0.8719
096b01ce-bd04-4d2e-aa9d-155e2ca1e24d	15	90959345	101344124	6465	-0.0245
096b01ce-bd04-4d2e-aa9d-155e2ca1e24d	16	603333	6514547	2696	-0.0206
096b01ce-bd04-4d2e-aa9d-155e2ca1e24d	16	6516663	6583259	87	-0.2463
096b01ce-bd04-4d2e-aa9d-155e2ca1e24d	16	7081613	8150170	632	-0.038
096b01ce-bd04-4d2e-aa9d-155e2ca1e24d	16	8151752	8276758	128	0.8929
096b01ce-bd04-4d2e-aa9d-155e2ca1e24d	16	8276841	8467230	170	1.2199
096b01ce-bd04-4d2e-aa9d-155e2ca1e24d	16	8470364	8620917	116	2.4417
096b01ce-bd04-4d2e-aa9d-155e2ca1e24d	16	8621433	8709147	51	1.1422
096b01ce-bd04-4d2e-aa9d-155e2ca1e24d	16	8709764	8808930	110	1.4277
096b01ce-bd04-4d2e-aa9d-155e2ca1e24d	16	8809013	8831869	18	0.9675
096b01ce-bd04-4d2e-aa9d-155e2ca1e24d	16	8839164	9747305	604	-0.0221
096b01ce-bd04-4d2e-aa9d-155e2ca1e24d	16	9750506	9764632	19	1.5079
096b01ce-bd04-4d2e-aa9d-155e2ca1e24d	16	9767824	11203705	1149	-0.0219
096b01ce-bd04-4d2e-aa9d-155e2ca1e24d	16	11204993	11205391	2	-2.2471
096b01ce-bd04-4d2e-aa9d-155e2ca1e24d	16	11206576	24357475	4860	-0.0157
096b01ce-bd04-4d2e-aa9d-155e2ca1e24d	16	24360479	24374348	12	1.8981
096b01ce-bd04-4d2e-aa9d-155e2ca1e24d	16	24376489	24796025	204	-0.0614
096b01ce-bd04-4d2e-aa9d-155e2ca1e24d	16	24798671	46890745	3298	-0.0198
096b01ce-bd04-4d2e-aa9d-155e2ca1e24d	16	46891175	65119225	11940	-0.0767
096b01ce-bd04-4d2e-aa9d-155e2ca1e24d	16	65119550	85841878	13109	-0.0571
096b01ce-bd04-4d2e-aa9d-155e2ca1e24d	16	85842474	89317317	1911	-0.0813
096b01ce-bd04-4d2e-aa9d-155e2ca1e24d	17	1074619	48436004	18857	-0.0261
096b01ce-bd04-4d2e-aa9d-155e2ca1e24d	17	48439950	48468096	26	0.7526
096b01ce-bd04-4d2e-aa9d-155e2ca1e24d	17	48471305	55243637	3651	-0.0075
096b01ce-bd04-4d2e-aa9d-155e2ca1e24d	17	55246286	55274991	21	1.1053
096b01ce-bd04-4d2e-aa9d-155e2ca1e24d	17	55276729	82959812	14648	-0.0079
096b01ce-bd04-4d2e-aa9d-155e2ca1e24d	18	326691	8108797	4129	-0.0626
096b01ce-bd04-4d2e-aa9d-155e2ca1e24d	18	8108933	8115170	2	-1.666
096b01ce-bd04-4d2e-aa9d-155e2ca1e24d	18	8116627	30344255	9587	-0.0396
096b01ce-bd04-4d2e-aa9d-155e2ca1e24d	18	30346611	30354776	11	1.0872
096b01ce-bd04-4d2e-aa9d-155e2ca1e24d	18	30354969	30371028	8	1.7044
096b01ce-bd04-4d2e-aa9d-155e2ca1e24d	18	30371861	30421913	29	1.1287
096b01ce-bd04-4d2e-aa9d-155e2ca1e24d	18	30422741	79349796	29093	-0.0303
096b01ce-bd04-4d2e-aa9d-155e2ca1e24d	19	283868	415625	36	-0.0267
096b01ce-bd04-4d2e-aa9d-155e2ca1e24d	19	416231	422238	2	-3.2442
096b01ce-bd04-4d2e-aa9d-155e2ca1e24d	19	437821	30793899	11289	-0.0152
096b01ce-bd04-4d2e-aa9d-155e2ca1e24d	19	30797211	30797633	2	1.2426
096b01ce-bd04-4d2e-aa9d-155e2ca1e24d	19	30799692	58370362	12785	-0.0142
096b01ce-bd04-4d2e-aa9d-155e2ca1e24d	20	472817	26217295	16915	-0.0336
096b01ce-bd04-4d2e-aa9d-155e2ca1e24d	20	31247668	31744662	240	0.683
096b01ce-bd04-4d2e-aa9d-155e2ca1e24d	20	31749531	32133547	172	0.3945
096b01ce-bd04-4d2e-aa9d-155e2ca1e24d	20	32137845	37874942	2880	-0.0202
096b01ce-bd04-4d2e-aa9d-155e2ca1e24d	20	37876382	38244563	206	1.4729
096b01ce-bd04-4d2e-aa9d-155e2ca1e24d	20	38247781	38546645	213	1.7036
096b01ce-bd04-4d2e-aa9d-155e2ca1e24d	20	38549522	38749720	119	1.3483
096b01ce-bd04-4d2e-aa9d-155e2ca1e24d	20	38750406	38894792	88	1.9991
096b01ce-bd04-4d2e-aa9d-155e2ca1e24d	20	38897561	39045280	82	2.4753
096b01ce-bd04-4d2e-aa9d-155e2ca1e24d	20	39045324	39138202	57	1.9216
096b01ce-bd04-4d2e-aa9d-155e2ca1e24d	20	39138679	39347923	137	1.0429
096b01ce-bd04-4d2e-aa9d-155e2ca1e24d	20	39349523	39365475	18	2.8766
096b01ce-bd04-4d2e-aa9d-155e2ca1e24d	20	39365539	39469633	83	0.9897
096b01ce-bd04-4d2e-aa9d-155e2ca1e24d	20	39473601	39573032	67	1.3319
096b01ce-bd04-4d2e-aa9d-155e2ca1e24d	20	39573752	39740101	167	1.0371
096b01ce-bd04-4d2e-aa9d-155e2ca1e24d	20	39751621	40158146	293	2.0219
096b01ce-bd04-4d2e-aa9d-155e2ca1e24d	20	40158190	40171096	10	2.2343
096b01ce-bd04-4d2e-aa9d-155e2ca1e24d	20	40174314	40204972	23	2.9559
096b01ce-bd04-4d2e-aa9d-155e2ca1e24d	20	40205048	40856047	478	2.2752
096b01ce-bd04-4d2e-aa9d-155e2ca1e24d	20	40856285	40966320	76	2.0053
096b01ce-bd04-4d2e-aa9d-155e2ca1e24d	20	40971158	41240332	102	1.3262
096b01ce-bd04-4d2e-aa9d-155e2ca1e24d	20	41240710	41430372	85	1.9461
096b01ce-bd04-4d2e-aa9d-155e2ca1e24d	20	41434868	41554310	76	0.3851
096b01ce-bd04-4d2e-aa9d-155e2ca1e24d	20	41558046	41852748	192	-0.0333
096b01ce-bd04-4d2e-aa9d-155e2ca1e24d	20	41852993	42141134	283	0.3516
096b01ce-bd04-4d2e-aa9d-155e2ca1e24d	20	42144318	46337136	2680	-0.0345
096b01ce-bd04-4d2e-aa9d-155e2ca1e24d	20	46340969	46587776	182	1.56
096b01ce-bd04-4d2e-aa9d-155e2ca1e24d	20	46589794	46619975	26	-0.0017
096b01ce-bd04-4d2e-aa9d-155e2ca1e24d	20	46619995	46765431	113	0.3273
096b01ce-bd04-4d2e-aa9d-155e2ca1e24d	20	46766773	53953690	4726	-0.0272
096b01ce-bd04-4d2e-aa9d-155e2ca1e24d	20	53954356	53961068	8	2.023
096b01ce-bd04-4d2e-aa9d-155e2ca1e24d	20	53963901	54251904	266	-0.0582
096b01ce-bd04-4d2e-aa9d-155e2ca1e24d	20	54255271	54360021	91	1.954
096b01ce-bd04-4d2e-aa9d-155e2ca1e24d	20	54361264	63588502	6312	-0.025
096b01ce-bd04-4d2e-aa9d-155e2ca1e24d	21	13974127	46262057	20549	-0.0305
096b01ce-bd04-4d2e-aa9d-155e2ca1e24d	22	16934932	39198735	10864	-0.0156
096b01ce-bd04-4d2e-aa9d-155e2ca1e24d	22	39205268	39228934	3	-1.0715
096b01ce-bd04-4d2e-aa9d-155e2ca1e24d	22	39229063	48940621	6195	-0.0191
096b01ce-bd04-4d2e-aa9d-155e2ca1e24d	X	3236359	131030290	53013	0.0051
096b01ce-bd04-4d2e-aa9d-155e2ca1e24d	X	131032939	131034076	2	-3.0432
096b01ce-bd04-4d2e-aa9d-155e2ca1e24d	X	131035760	153806063	10465	0.0109
096b01ce-bd04-4d2e-aa9d-155e2ca1e24d	X	153810200	153824391	6	-1.681
096b01ce-bd04-4d2e-aa9d-155e2ca1e24d	X	153824605	155677414	228	0.0391
