GDC_Aliquot	Chromosome	Start	End	Num_Probes	Segment_Mean
3b2424b0-1bc2-4eba-bbba-bbe6d1c1bcec	1	3301765	19446353	9044	0.1024
3b2424b0-1bc2-4eba-bbba-bbe6d1c1bcec	1	19446939	19449317	4	-0.9984
3b2424b0-1bc2-4eba-bbba-bbe6d1c1bcec	1	19450861	26946353	3851	0.0964
3b2424b0-1bc2-4eba-bbba-bbe6d1c1bcec	1	26946373	49178129	11918	0.0502
3b2424b0-1bc2-4eba-bbba-bbe6d1c1bcec	1	49180620	49581939	125	1.4373
3b2424b0-1bc2-4eba-bbba-bbe6d1c1bcec	1	49582673	49719356	56	1.8764
3b2424b0-1bc2-4eba-bbba-bbe6d1c1bcec	1	49719403	49766501	19	1.5132
3b2424b0-1bc2-4eba-bbba-bbe6d1c1bcec	1	49766979	50523944	366	2.0453
3b2424b0-1bc2-4eba-bbba-bbe6d1c1bcec	1	50528790	50924006	103	2.2574
3b2424b0-1bc2-4eba-bbba-bbe6d1c1bcec	1	50926152	51100599	65	2.5764
3b2424b0-1bc2-4eba-bbba-bbe6d1c1bcec	1	51103491	52724144	715	2.0532
3b2424b0-1bc2-4eba-bbba-bbe6d1c1bcec	1	52727074	53066185	199	1.0664
3b2424b0-1bc2-4eba-bbba-bbe6d1c1bcec	1	53066295	53297109	153	1.3876
3b2424b0-1bc2-4eba-bbba-bbe6d1c1bcec	1	53297272	53321961	16	1.9047
3b2424b0-1bc2-4eba-bbba-bbe6d1c1bcec	1	53322607	53580045	212	1.432
3b2424b0-1bc2-4eba-bbba-bbe6d1c1bcec	1	53581474	53664683	68	1.682
3b2424b0-1bc2-4eba-bbba-bbe6d1c1bcec	1	53667621	53786525	74	1.4165
3b2424b0-1bc2-4eba-bbba-bbe6d1c1bcec	1	53786985	53791703	4	0.585
3b2424b0-1bc2-4eba-bbba-bbe6d1c1bcec	1	53796028	54053485	125	1.41
3b2424b0-1bc2-4eba-bbba-bbe6d1c1bcec	1	54059883	54279794	130	0.8885
3b2424b0-1bc2-4eba-bbba-bbe6d1c1bcec	1	54279855	54425199	106	0.0568
3b2424b0-1bc2-4eba-bbba-bbe6d1c1bcec	1	54425283	54462820	15	0.5147
3b2424b0-1bc2-4eba-bbba-bbe6d1c1bcec	1	54466889	54842936	203	0.0367
3b2424b0-1bc2-4eba-bbba-bbe6d1c1bcec	1	54846805	54854229	10	1.0032
3b2424b0-1bc2-4eba-bbba-bbe6d1c1bcec	1	54857494	54865728	15	0.0581
3b2424b0-1bc2-4eba-bbba-bbe6d1c1bcec	1	54869173	54882206	13	1.022
3b2424b0-1bc2-4eba-bbba-bbe6d1c1bcec	1	54888266	58337815	2770	0.036
3b2424b0-1bc2-4eba-bbba-bbe6d1c1bcec	1	58340949	58449952	97	1.7573
3b2424b0-1bc2-4eba-bbba-bbe6d1c1bcec	1	58450284	58864600	311	1.9297
3b2424b0-1bc2-4eba-bbba-bbe6d1c1bcec	1	58865091	58941318	59	1.5904
3b2424b0-1bc2-4eba-bbba-bbe6d1c1bcec	1	58942104	59021456	73	1.2588
3b2424b0-1bc2-4eba-bbba-bbe6d1c1bcec	1	59022351	59496575	326	0.5443
3b2424b0-1bc2-4eba-bbba-bbe6d1c1bcec	1	59498642	59749900	117	1.6388
3b2424b0-1bc2-4eba-bbba-bbe6d1c1bcec	1	59750039	59921128	110	1.3048
3b2424b0-1bc2-4eba-bbba-bbe6d1c1bcec	1	59923002	60684546	478	1.0137
3b2424b0-1bc2-4eba-bbba-bbe6d1c1bcec	1	60685776	60692174	2	-0.1193
3b2424b0-1bc2-4eba-bbba-bbe6d1c1bcec	1	60692937	61301912	455	0.9939
3b2424b0-1bc2-4eba-bbba-bbe6d1c1bcec	1	61304317	62623830	914	1.7539
3b2424b0-1bc2-4eba-bbba-bbe6d1c1bcec	1	62624622	64479277	1305	1.6009
3b2424b0-1bc2-4eba-bbba-bbe6d1c1bcec	1	64479589	64638514	117	1.3475
3b2424b0-1bc2-4eba-bbba-bbe6d1c1bcec	1	64645599	65334974	599	0.5274
3b2424b0-1bc2-4eba-bbba-bbe6d1c1bcec	1	65335669	65372491	23	0.921
3b2424b0-1bc2-4eba-bbba-bbe6d1c1bcec	1	65372683	65761212	206	0.5567
3b2424b0-1bc2-4eba-bbba-bbe6d1c1bcec	1	65771983	65955626	138	0.0237
3b2424b0-1bc2-4eba-bbba-bbe6d1c1bcec	1	65956185	65962260	4	0.5716
3b2424b0-1bc2-4eba-bbba-bbe6d1c1bcec	1	65962678	66063096	88	1.5844
3b2424b0-1bc2-4eba-bbba-bbe6d1c1bcec	1	66063209	66363579	233	1.2565
3b2424b0-1bc2-4eba-bbba-bbe6d1c1bcec	1	66367073	66370966	4	2.5946
3b2424b0-1bc2-4eba-bbba-bbe6d1c1bcec	1	66377431	66497948	93	1.2755
3b2424b0-1bc2-4eba-bbba-bbe6d1c1bcec	1	66498096	66508531	8	2.2816
3b2424b0-1bc2-4eba-bbba-bbe6d1c1bcec	1	66513989	66537082	26	1.1344
3b2424b0-1bc2-4eba-bbba-bbe6d1c1bcec	1	66538234	66740629	208	0.5168
3b2424b0-1bc2-4eba-bbba-bbe6d1c1bcec	1	66746204	68298977	1089	0.0241
3b2424b0-1bc2-4eba-bbba-bbe6d1c1bcec	1	68301864	68468061	110	0.9292
3b2424b0-1bc2-4eba-bbba-bbe6d1c1bcec	1	68468925	69020375	296	0.017
3b2424b0-1bc2-4eba-bbba-bbe6d1c1bcec	1	69023135	69024382	2	1.4758
3b2424b0-1bc2-4eba-bbba-bbe6d1c1bcec	1	69025477	69144171	66	0.0556
3b2424b0-1bc2-4eba-bbba-bbe6d1c1bcec	1	69154192	69161775	7	0.8861
3b2424b0-1bc2-4eba-bbba-bbe6d1c1bcec	1	69168950	69216470	16	-0.0276
3b2424b0-1bc2-4eba-bbba-bbe6d1c1bcec	1	69220179	69223829	8	1.099
3b2424b0-1bc2-4eba-bbba-bbe6d1c1bcec	1	69223934	70035411	469	0.0059
3b2424b0-1bc2-4eba-bbba-bbe6d1c1bcec	1	70036130	70040421	4	0.9882
3b2424b0-1bc2-4eba-bbba-bbe6d1c1bcec	1	70047266	70114375	45	0.0518
3b2424b0-1bc2-4eba-bbba-bbe6d1c1bcec	1	70116972	70123085	9	0.9813
3b2424b0-1bc2-4eba-bbba-bbe6d1c1bcec	1	70127565	71309301	572	0.0154
3b2424b0-1bc2-4eba-bbba-bbe6d1c1bcec	1	71323224	71457421	73	0.5762
3b2424b0-1bc2-4eba-bbba-bbe6d1c1bcec	1	71461811	71689776	119	1.8498
3b2424b0-1bc2-4eba-bbba-bbe6d1c1bcec	1	71690793	71721922	17	0.1478
3b2424b0-1bc2-4eba-bbba-bbe6d1c1bcec	1	71723934	71928758	98	-0.0286
3b2424b0-1bc2-4eba-bbba-bbe6d1c1bcec	1	71930270	71945828	12	0.3921
3b2424b0-1bc2-4eba-bbba-bbe6d1c1bcec	1	71947844	72084900	93	0.5252
3b2424b0-1bc2-4eba-bbba-bbe6d1c1bcec	1	72092893	72122436	20	2.0757
3b2424b0-1bc2-4eba-bbba-bbe6d1c1bcec	1	72130516	72542484	195	1.1339
3b2424b0-1bc2-4eba-bbba-bbe6d1c1bcec	1	72631417	73328960	411	0.4945
3b2424b0-1bc2-4eba-bbba-bbe6d1c1bcec	1	73340527	73474215	86	0.8852
3b2424b0-1bc2-4eba-bbba-bbe6d1c1bcec	1	73474365	73503771	18	1.4866
3b2424b0-1bc2-4eba-bbba-bbe6d1c1bcec	1	73504982	73571878	32	0.8574
3b2424b0-1bc2-4eba-bbba-bbe6d1c1bcec	1	73575278	73596226	19	1.8322
3b2424b0-1bc2-4eba-bbba-bbe6d1c1bcec	1	73599252	73716351	73	0.8508
3b2424b0-1bc2-4eba-bbba-bbe6d1c1bcec	1	73719154	73735541	8	1.2076
3b2424b0-1bc2-4eba-bbba-bbe6d1c1bcec	1	73735753	73803862	55	1.7835
3b2424b0-1bc2-4eba-bbba-bbe6d1c1bcec	1	73805400	73886430	64	0.5234
3b2424b0-1bc2-4eba-bbba-bbe6d1c1bcec	1	73887428	73938573	37	1.2021
3b2424b0-1bc2-4eba-bbba-bbe6d1c1bcec	1	73940855	74013856	41	0.548
3b2424b0-1bc2-4eba-bbba-bbe6d1c1bcec	1	74016616	74122459	35	0.7552
3b2424b0-1bc2-4eba-bbba-bbe6d1c1bcec	1	74137852	74268686	65	1.0981
3b2424b0-1bc2-4eba-bbba-bbe6d1c1bcec	1	74268759	74347581	22	0.7402
3b2424b0-1bc2-4eba-bbba-bbe6d1c1bcec	1	74353393	74536305	91	1.0887
3b2424b0-1bc2-4eba-bbba-bbe6d1c1bcec	1	74538927	75312556	434	0.7841
3b2424b0-1bc2-4eba-bbba-bbe6d1c1bcec	1	75312760	75652669	188	0.9117
3b2424b0-1bc2-4eba-bbba-bbe6d1c1bcec	1	75653200	82747426	4298	0.0161
3b2424b0-1bc2-4eba-bbba-bbe6d1c1bcec	1	82762014	82762019	2	-1.9924
3b2424b0-1bc2-4eba-bbba-bbe6d1c1bcec	1	82762389	96402363	8574	0.0281
3b2424b0-1bc2-4eba-bbba-bbe6d1c1bcec	1	96404377	96568756	112	0.9641
3b2424b0-1bc2-4eba-bbba-bbe6d1c1bcec	1	96571399	107882983	6400	0.001
3b2424b0-1bc2-4eba-bbba-bbe6d1c1bcec	1	107883020	153018584	8797	0.0399
3b2424b0-1bc2-4eba-bbba-bbe6d1c1bcec	1	153028502	153162983	97	2.6074
3b2424b0-1bc2-4eba-bbba-bbe6d1c1bcec	1	153163894	153187352	21	0.0186
3b2424b0-1bc2-4eba-bbba-bbe6d1c1bcec	1	153190553	153239009	55	1.6845
3b2424b0-1bc2-4eba-bbba-bbe6d1c1bcec	1	153240014	153248240	13	0.929
3b2424b0-1bc2-4eba-bbba-bbe6d1c1bcec	1	153251073	153350098	77	0.0327
3b2424b0-1bc2-4eba-bbba-bbe6d1c1bcec	1	153393072	153399371	10	2.4813
3b2424b0-1bc2-4eba-bbba-bbe6d1c1bcec	1	153402441	153459551	26	0.5375
3b2424b0-1bc2-4eba-bbba-bbe6d1c1bcec	1	153462879	153482853	9	1.4199
3b2424b0-1bc2-4eba-bbba-bbe6d1c1bcec	1	153484450	153531301	36	2.5965
3b2424b0-1bc2-4eba-bbba-bbe6d1c1bcec	1	153558806	158837370	2823	0.051
3b2424b0-1bc2-4eba-bbba-bbe6d1c1bcec	1	158844577	158849534	8	1.1016
3b2424b0-1bc2-4eba-bbba-bbe6d1c1bcec	1	158852333	159732249	553	0.0245
3b2424b0-1bc2-4eba-bbba-bbe6d1c1bcec	1	159736631	159741019	4	2.2677
3b2424b0-1bc2-4eba-bbba-bbe6d1c1bcec	1	159741778	159992687	165	0.0587
3b2424b0-1bc2-4eba-bbba-bbe6d1c1bcec	1	160001606	160040361	30	1.5991
3b2424b0-1bc2-4eba-bbba-bbe6d1c1bcec	1	160042338	160274733	137	0.0951
3b2424b0-1bc2-4eba-bbba-bbe6d1c1bcec	1	160276695	160300053	10	0.9257
3b2424b0-1bc2-4eba-bbba-bbe6d1c1bcec	1	160303902	167414399	5152	0.0384
3b2424b0-1bc2-4eba-bbba-bbe6d1c1bcec	1	167416765	167425798	8	0.9793
3b2424b0-1bc2-4eba-bbba-bbe6d1c1bcec	1	167430266	167784277	287	0.0384
3b2424b0-1bc2-4eba-bbba-bbe6d1c1bcec	1	167788460	167794567	12	1.3102
3b2424b0-1bc2-4eba-bbba-bbe6d1c1bcec	1	167800435	168642629	550	0.0518
3b2424b0-1bc2-4eba-bbba-bbe6d1c1bcec	1	168646028	168648497	5	2.4934
3b2424b0-1bc2-4eba-bbba-bbe6d1c1bcec	1	168649403	169874468	1005	0.0291
3b2424b0-1bc2-4eba-bbba-bbe6d1c1bcec	1	169875176	169933936	49	1.0389
3b2424b0-1bc2-4eba-bbba-bbe6d1c1bcec	1	169934236	169985650	43	0.6338
3b2424b0-1bc2-4eba-bbba-bbe6d1c1bcec	1	169986410	175892993	3388	0.0276
3b2424b0-1bc2-4eba-bbba-bbe6d1c1bcec	1	175897111	176033681	71	2.79
3b2424b0-1bc2-4eba-bbba-bbe6d1c1bcec	1	176038392	183746781	5047	0.0313
3b2424b0-1bc2-4eba-bbba-bbe6d1c1bcec	1	183753706	183810956	32	0.9296
3b2424b0-1bc2-4eba-bbba-bbe6d1c1bcec	1	183811680	183840990	38	0.0558
3b2424b0-1bc2-4eba-bbba-bbe6d1c1bcec	1	183841850	183913698	58	1.7429
3b2424b0-1bc2-4eba-bbba-bbe6d1c1bcec	1	183915326	185534149	983	0.0264
3b2424b0-1bc2-4eba-bbba-bbe6d1c1bcec	1	185537746	185650460	91	0.9213
3b2424b0-1bc2-4eba-bbba-bbe6d1c1bcec	1	185661979	187536539	1155	-0.0034
3b2424b0-1bc2-4eba-bbba-bbe6d1c1bcec	1	187539704	187561308	14	2.0636
3b2424b0-1bc2-4eba-bbba-bbe6d1c1bcec	1	187564012	193637020	3614	0.0002
3b2424b0-1bc2-4eba-bbba-bbe6d1c1bcec	1	193640634	193693175	49	-0.6837
3b2424b0-1bc2-4eba-bbba-bbe6d1c1bcec	1	193694146	236157679	27029	-0.5436
3b2424b0-1bc2-4eba-bbba-bbe6d1c1bcec	1	236160269	247650984	7349	-0.6452
3b2424b0-1bc2-4eba-bbba-bbe6d1c1bcec	2	480597	9768062	5760	-0.1901
3b2424b0-1bc2-4eba-bbba-bbe6d1c1bcec	2	9768772	19505674	6701	0.0015
3b2424b0-1bc2-4eba-bbba-bbe6d1c1bcec	2	19506198	56154789	20699	0.0356
3b2424b0-1bc2-4eba-bbba-bbe6d1c1bcec	2	56155046	60623974	2718	0.0044
3b2424b0-1bc2-4eba-bbba-bbe6d1c1bcec	2	60624214	75093230	8204	0.038
3b2424b0-1bc2-4eba-bbba-bbe6d1c1bcec	2	75094476	84269325	4958	-0.0023
3b2424b0-1bc2-4eba-bbba-bbe6d1c1bcec	2	84269625	97887624	2519	0.0389
3b2424b0-1bc2-4eba-bbba-bbe6d1c1bcec	2	97888650	98244085	199	0.1789
3b2424b0-1bc2-4eba-bbba-bbe6d1c1bcec	2	98244961	102038882	2247	0.0241
3b2424b0-1bc2-4eba-bbba-bbe6d1c1bcec	2	102057314	102265271	144	0.2954
3b2424b0-1bc2-4eba-bbba-bbe6d1c1bcec	2	102266896	102535471	202	0.444
3b2424b0-1bc2-4eba-bbba-bbe6d1c1bcec	2	102535601	106177066	2428	0.3065
3b2424b0-1bc2-4eba-bbba-bbe6d1c1bcec	2	106177106	110640222	1943	0.4192
3b2424b0-1bc2-4eba-bbba-bbe6d1c1bcec	2	110643085	122527453	6294	0.1749
3b2424b0-1bc2-4eba-bbba-bbe6d1c1bcec	2	122533446	125435935	1128	0.4245
3b2424b0-1bc2-4eba-bbba-bbe6d1c1bcec	2	125695805	131109439	2867	0.1743
3b2424b0-1bc2-4eba-bbba-bbe6d1c1bcec	2	131123506	134007295	1169	0.0171
3b2424b0-1bc2-4eba-bbba-bbe6d1c1bcec	2	134008298	135687757	944	-0.1756
3b2424b0-1bc2-4eba-bbba-bbe6d1c1bcec	2	135688431	137621453	1323	0.1675
3b2424b0-1bc2-4eba-bbba-bbe6d1c1bcec	2	137625180	168260531	17370	-0.1795
3b2424b0-1bc2-4eba-bbba-bbe6d1c1bcec	2	168263922	168502943	164	0.5277
3b2424b0-1bc2-4eba-bbba-bbe6d1c1bcec	2	168504528	170608428	1453	-0.1545
3b2424b0-1bc2-4eba-bbba-bbe6d1c1bcec	2	170608530	170615603	4	-1.2227
3b2424b0-1bc2-4eba-bbba-bbe6d1c1bcec	2	170617132	174623809	2502	-0.158
3b2424b0-1bc2-4eba-bbba-bbe6d1c1bcec	2	174625300	174632316	9	0.7413
3b2424b0-1bc2-4eba-bbba-bbe6d1c1bcec	2	174635101	174713769	33	1.8588
3b2424b0-1bc2-4eba-bbba-bbe6d1c1bcec	2	174714132	174787460	62	1.5629
3b2424b0-1bc2-4eba-bbba-bbe6d1c1bcec	2	174789658	174829647	24	0.6282
3b2424b0-1bc2-4eba-bbba-bbe6d1c1bcec	2	174837027	174843603	10	1.952
3b2424b0-1bc2-4eba-bbba-bbe6d1c1bcec	2	174847214	174850066	4	0.567
3b2424b0-1bc2-4eba-bbba-bbe6d1c1bcec	2	174851049	174864094	15	1.6022
3b2424b0-1bc2-4eba-bbba-bbe6d1c1bcec	2	174873053	174876761	6	0.4909
3b2424b0-1bc2-4eba-bbba-bbe6d1c1bcec	2	174882739	174888616	5	1.7788
3b2424b0-1bc2-4eba-bbba-bbe6d1c1bcec	2	174899884	174937311	23	0.4575
3b2424b0-1bc2-4eba-bbba-bbe6d1c1bcec	2	174941467	175059783	67	1.7441
3b2424b0-1bc2-4eba-bbba-bbe6d1c1bcec	2	175063560	175255201	92	0.4134
3b2424b0-1bc2-4eba-bbba-bbe6d1c1bcec	2	175257718	179093796	2381	-0.1597
3b2424b0-1bc2-4eba-bbba-bbe6d1c1bcec	2	179098118	179494691	228	0.5596
3b2424b0-1bc2-4eba-bbba-bbe6d1c1bcec	2	179503335	180898233	953	-0.1751
3b2424b0-1bc2-4eba-bbba-bbe6d1c1bcec	2	180899413	180917561	11	0.6525
3b2424b0-1bc2-4eba-bbba-bbe6d1c1bcec	2	180919915	184129614	1793	-0.1766
3b2424b0-1bc2-4eba-bbba-bbe6d1c1bcec	2	184132339	184148682	11	0.981
3b2424b0-1bc2-4eba-bbba-bbe6d1c1bcec	2	184207649	184825091	306	-0.1993
3b2424b0-1bc2-4eba-bbba-bbe6d1c1bcec	2	184827101	186024241	247	0.1621
3b2424b0-1bc2-4eba-bbba-bbe6d1c1bcec	2	186024533	189688567	1781	-0.1689
3b2424b0-1bc2-4eba-bbba-bbe6d1c1bcec	2	189692172	189764431	47	0.5981
3b2424b0-1bc2-4eba-bbba-bbe6d1c1bcec	2	189767985	189820906	45	1.8175
3b2424b0-1bc2-4eba-bbba-bbe6d1c1bcec	2	189822632	190055391	123	0.5477
3b2424b0-1bc2-4eba-bbba-bbe6d1c1bcec	2	190056147	190124500	45	0.9375
3b2424b0-1bc2-4eba-bbba-bbe6d1c1bcec	2	190128947	191343326	727	-0.1581
3b2424b0-1bc2-4eba-bbba-bbe6d1c1bcec	2	191344040	195695758	1739	-0.1954
3b2424b0-1bc2-4eba-bbba-bbe6d1c1bcec	2	195696408	209314233	7832	-0.1537
3b2424b0-1bc2-4eba-bbba-bbe6d1c1bcec	2	209315041	215864043	3922	-0.1893
3b2424b0-1bc2-4eba-bbba-bbe6d1c1bcec	2	215865119	237021765	13182	-0.1571
3b2424b0-1bc2-4eba-bbba-bbe6d1c1bcec	2	237024018	237038575	13	-1.2737
3b2424b0-1bc2-4eba-bbba-bbe6d1c1bcec	2	237038645	239930454	1650	-0.1372
3b2424b0-1bc2-4eba-bbba-bbe6d1c1bcec	2	239931211	239972117	39	0.1958
3b2424b0-1bc2-4eba-bbba-bbe6d1c1bcec	2	239972826	241537572	831	-0.1333
3b2424b0-1bc2-4eba-bbba-bbe6d1c1bcec	3	2170634	8584981	3678	0.0343
3b2424b0-1bc2-4eba-bbba-bbe6d1c1bcec	3	8586391	10079751	878	0.0688
3b2424b0-1bc2-4eba-bbba-bbe6d1c1bcec	3	10080238	16651644	4429	0.1801
3b2424b0-1bc2-4eba-bbba-bbe6d1c1bcec	3	16651662	38901225	13139	0.137
3b2424b0-1bc2-4eba-bbba-bbe6d1c1bcec	3	38904560	56311036	9512	0.0292
3b2424b0-1bc2-4eba-bbba-bbe6d1c1bcec	3	56314211	86425588	17773	-0.13
3b2424b0-1bc2-4eba-bbba-bbe6d1c1bcec	3	86426634	88361441	904	-0.0542
3b2424b0-1bc2-4eba-bbba-bbe6d1c1bcec	3	88364007	89637475	740	-0.1196
3b2424b0-1bc2-4eba-bbba-bbe6d1c1bcec	3	89640038	94085449	258	-0.0045
3b2424b0-1bc2-4eba-bbba-bbe6d1c1bcec	3	94086485	94151739	28	1.2475
3b2424b0-1bc2-4eba-bbba-bbe6d1c1bcec	3	94158166	94322053	95	0.0052
3b2424b0-1bc2-4eba-bbba-bbe6d1c1bcec	3	94324547	94355625	19	2.3103
3b2424b0-1bc2-4eba-bbba-bbe6d1c1bcec	3	94358705	94360779	6	0.0558
3b2424b0-1bc2-4eba-bbba-bbe6d1c1bcec	3	94362650	94378842	8	1.8205
3b2424b0-1bc2-4eba-bbba-bbe6d1c1bcec	3	94386699	94508250	36	0.0051
3b2424b0-1bc2-4eba-bbba-bbe6d1c1bcec	3	94511116	94580668	43	1.7416
3b2424b0-1bc2-4eba-bbba-bbe6d1c1bcec	3	94596235	98564897	2066	-0.0109
3b2424b0-1bc2-4eba-bbba-bbe6d1c1bcec	3	98565439	101302803	1462	0.0339
3b2424b0-1bc2-4eba-bbba-bbe6d1c1bcec	3	101303397	131180574	17110	-0.0076
3b2424b0-1bc2-4eba-bbba-bbe6d1c1bcec	3	131182642	131237914	35	1.5843
3b2424b0-1bc2-4eba-bbba-bbe6d1c1bcec	3	131237980	131284224	28	2.4911
3b2424b0-1bc2-4eba-bbba-bbe6d1c1bcec	3	131286226	131359761	37	1.9103
3b2424b0-1bc2-4eba-bbba-bbe6d1c1bcec	3	131359783	144956740	7652	-0.0088
3b2424b0-1bc2-4eba-bbba-bbe6d1c1bcec	3	144962334	145046527	56	1.3618
3b2424b0-1bc2-4eba-bbba-bbe6d1c1bcec	3	145056740	145070231	9	1.9174
3b2424b0-1bc2-4eba-bbba-bbe6d1c1bcec	3	145083838	183407876	19729	-0.0299
3b2424b0-1bc2-4eba-bbba-bbe6d1c1bcec	3	183409000	186853407	1550	0.0153
3b2424b0-1bc2-4eba-bbba-bbe6d1c1bcec	3	186853697	193840293	4559	-0.032
3b2424b0-1bc2-4eba-bbba-bbe6d1c1bcec	3	193842571	197812401	1353	0.0184
3b2424b0-1bc2-4eba-bbba-bbe6d1c1bcec	4	1059384	5673619	2274	-0.0532
3b2424b0-1bc2-4eba-bbba-bbe6d1c1bcec	4	5673683	5680722	7	0.8035
3b2424b0-1bc2-4eba-bbba-bbe6d1c1bcec	4	5681084	7416290	1270	-0.0668
3b2424b0-1bc2-4eba-bbba-bbe6d1c1bcec	4	7418848	7419771	4	0.8883
3b2424b0-1bc2-4eba-bbba-bbe6d1c1bcec	4	7465589	9726439	821	-0.0377
3b2424b0-1bc2-4eba-bbba-bbe6d1c1bcec	4	9726975	11777365	1722	-0.0981
3b2424b0-1bc2-4eba-bbba-bbe6d1c1bcec	4	11777669	12248070	287	2.1258
3b2424b0-1bc2-4eba-bbba-bbe6d1c1bcec	4	12252372	12785018	330	-0.1284
3b2424b0-1bc2-4eba-bbba-bbe6d1c1bcec	4	12788434	12792137	7	1.9886
3b2424b0-1bc2-4eba-bbba-bbe6d1c1bcec	4	12795007	13296733	415	-0.1349
3b2424b0-1bc2-4eba-bbba-bbe6d1c1bcec	4	13297320	13633131	175	1.3667
3b2424b0-1bc2-4eba-bbba-bbe6d1c1bcec	4	13635261	16205840	1971	-0.0781
3b2424b0-1bc2-4eba-bbba-bbe6d1c1bcec	4	16209226	17727360	1141	-0.0096
3b2424b0-1bc2-4eba-bbba-bbe6d1c1bcec	4	17728644	21818997	2559	-0.0748
3b2424b0-1bc2-4eba-bbba-bbe6d1c1bcec	4	21820389	24186645	1512	-0.0261
3b2424b0-1bc2-4eba-bbba-bbe6d1c1bcec	4	24189794	27473588	2121	0.0111
3b2424b0-1bc2-4eba-bbba-bbe6d1c1bcec	4	27473731	36764556	5490	-0.0326
3b2424b0-1bc2-4eba-bbba-bbe6d1c1bcec	4	36766636	42253518	3404	0.0072
3b2424b0-1bc2-4eba-bbba-bbe6d1c1bcec	4	42253615	47288695	2383	-0.0317
3b2424b0-1bc2-4eba-bbba-bbe6d1c1bcec	4	47293649	57313552	3971	0.0237
3b2424b0-1bc2-4eba-bbba-bbe6d1c1bcec	4	57314163	67141177	5492	-0.0162
3b2424b0-1bc2-4eba-bbba-bbe6d1c1bcec	4	67141670	89666540	12719	0.0109
3b2424b0-1bc2-4eba-bbba-bbe6d1c1bcec	4	89666820	107963231	9995	-0.0088
3b2424b0-1bc2-4eba-bbba-bbe6d1c1bcec	4	107966955	129342361	11951	0.0062
3b2424b0-1bc2-4eba-bbba-bbe6d1c1bcec	4	129343362	136823860	3500	-0.028
3b2424b0-1bc2-4eba-bbba-bbe6d1c1bcec	4	136828529	154137849	9860	0.0066
3b2424b0-1bc2-4eba-bbba-bbe6d1c1bcec	4	154137945	181540630	15193	-0.0176
3b2424b0-1bc2-4eba-bbba-bbe6d1c1bcec	4	181540705	187152518	2504	0.0157
3b2424b0-1bc2-4eba-bbba-bbe6d1c1bcec	4	187152699	187842528	423	-0.189
3b2424b0-1bc2-4eba-bbba-bbe6d1c1bcec	5	913983	940557	11	-0.0527
3b2424b0-1bc2-4eba-bbba-bbe6d1c1bcec	5	943163	5328568	3030	0.1831
3b2424b0-1bc2-4eba-bbba-bbe6d1c1bcec	5	5330710	5332733	2	-0.8053
3b2424b0-1bc2-4eba-bbba-bbe6d1c1bcec	5	5333653	6487924	933	0.2028
3b2424b0-1bc2-4eba-bbba-bbe6d1c1bcec	5	6488004	6488019	2	-0.7147
3b2424b0-1bc2-4eba-bbba-bbe6d1c1bcec	5	6488098	9799373	2528	0.188
3b2424b0-1bc2-4eba-bbba-bbe6d1c1bcec	5	9807611	9897855	93	1.6109
3b2424b0-1bc2-4eba-bbba-bbe6d1c1bcec	5	9929753	11891615	1352	0.1941
3b2424b0-1bc2-4eba-bbba-bbe6d1c1bcec	5	11891955	12526138	323	0.1204
3b2424b0-1bc2-4eba-bbba-bbe6d1c1bcec	5	12526249	17161455	2440	0.2047
3b2424b0-1bc2-4eba-bbba-bbe6d1c1bcec	5	17161994	30807097	7046	0.164
3b2424b0-1bc2-4eba-bbba-bbe6d1c1bcec	5	30808805	40448393	5922	0.2155
3b2424b0-1bc2-4eba-bbba-bbe6d1c1bcec	5	40452118	40557783	54	1.4401
3b2424b0-1bc2-4eba-bbba-bbe6d1c1bcec	5	40560995	45383300	2407	0.1904
3b2424b0-1bc2-4eba-bbba-bbe6d1c1bcec	5	50828231	93443582	23630	0.0056
3b2424b0-1bc2-4eba-bbba-bbe6d1c1bcec	5	93451793	93453045	3	2.1025
3b2424b0-1bc2-4eba-bbba-bbe6d1c1bcec	5	93456762	94983162	736	-0.0058
3b2424b0-1bc2-4eba-bbba-bbe6d1c1bcec	5	94985440	94986456	5	1.2078
3b2424b0-1bc2-4eba-bbba-bbe6d1c1bcec	5	94987278	110748601	7750	-0.0026
3b2424b0-1bc2-4eba-bbba-bbe6d1c1bcec	5	110749108	112433574	1120	0.0793
3b2424b0-1bc2-4eba-bbba-bbe6d1c1bcec	5	112435183	112685975	191	1.7894
3b2424b0-1bc2-4eba-bbba-bbe6d1c1bcec	5	112686558	112690451	8	0.1153
3b2424b0-1bc2-4eba-bbba-bbe6d1c1bcec	5	112693873	112765407	74	1.5309
3b2424b0-1bc2-4eba-bbba-bbe6d1c1bcec	5	112765449	112780887	20	2.0929
3b2424b0-1bc2-4eba-bbba-bbe6d1c1bcec	5	112781076	113581156	632	0.0116
3b2424b0-1bc2-4eba-bbba-bbe6d1c1bcec	5	113591178	114228053	409	1.5846
3b2424b0-1bc2-4eba-bbba-bbe6d1c1bcec	5	114228084	114238818	8	2.3534
3b2424b0-1bc2-4eba-bbba-bbe6d1c1bcec	5	114238909	114476392	177	1.9471
3b2424b0-1bc2-4eba-bbba-bbe6d1c1bcec	5	114477264	114477451	2	0.0755
3b2424b0-1bc2-4eba-bbba-bbe6d1c1bcec	5	114483196	114692144	93	1.8351
3b2424b0-1bc2-4eba-bbba-bbe6d1c1bcec	5	114692761	114796784	76	2.1005
3b2424b0-1bc2-4eba-bbba-bbe6d1c1bcec	5	114797604	115198135	230	1.8393
3b2424b0-1bc2-4eba-bbba-bbe6d1c1bcec	5	115198371	116372236	637	2.0671
3b2424b0-1bc2-4eba-bbba-bbe6d1c1bcec	5	116373010	116825363	310	1.7258
3b2424b0-1bc2-4eba-bbba-bbe6d1c1bcec	5	116826522	116849198	16	2.1255
3b2424b0-1bc2-4eba-bbba-bbe6d1c1bcec	5	116849693	116854647	7	1.3347
3b2424b0-1bc2-4eba-bbba-bbe6d1c1bcec	5	116858530	117440368	331	2.0214
3b2424b0-1bc2-4eba-bbba-bbe6d1c1bcec	5	117442898	117624342	102	2.2582
3b2424b0-1bc2-4eba-bbba-bbe6d1c1bcec	5	117626699	117887622	189	2.0235
3b2424b0-1bc2-4eba-bbba-bbe6d1c1bcec	5	117891916	119894364	1213	0.0008
3b2424b0-1bc2-4eba-bbba-bbe6d1c1bcec	5	119895296	119907389	10	1.902
3b2424b0-1bc2-4eba-bbba-bbe6d1c1bcec	5	119914664	119919821	3	-0.007
3b2424b0-1bc2-4eba-bbba-bbe6d1c1bcec	5	119926175	119944908	16	2.1374
3b2424b0-1bc2-4eba-bbba-bbe6d1c1bcec	5	119948408	122031613	1072	-0.0035
3b2424b0-1bc2-4eba-bbba-bbe6d1c1bcec	5	122031894	130337513	4947	0.0704
3b2424b0-1bc2-4eba-bbba-bbe6d1c1bcec	5	130337705	130342276	2	2.2287
3b2424b0-1bc2-4eba-bbba-bbe6d1c1bcec	5	130342964	132113888	856	0.0468
3b2424b0-1bc2-4eba-bbba-bbe6d1c1bcec	5	132121335	161087403	18222	0.0876
3b2424b0-1bc2-4eba-bbba-bbe6d1c1bcec	5	161090115	165375558	2524	0.0436
3b2424b0-1bc2-4eba-bbba-bbe6d1c1bcec	5	165375833	165391131	13	1.047
3b2424b0-1bc2-4eba-bbba-bbe6d1c1bcec	5	165394573	167218417	1223	0.0632
3b2424b0-1bc2-4eba-bbba-bbe6d1c1bcec	5	167220806	167396633	101	0.543
3b2424b0-1bc2-4eba-bbba-bbe6d1c1bcec	5	167398089	169166259	1377	0.0978
3b2424b0-1bc2-4eba-bbba-bbe6d1c1bcec	5	169166473	169168947	4	0.6861
3b2424b0-1bc2-4eba-bbba-bbe6d1c1bcec	5	169171183	169279380	107	1.0755
3b2424b0-1bc2-4eba-bbba-bbe6d1c1bcec	5	169280558	169844647	431	0.6869
3b2424b0-1bc2-4eba-bbba-bbe6d1c1bcec	5	169847456	170000786	81	0.9895
3b2424b0-1bc2-4eba-bbba-bbe6d1c1bcec	5	170001540	170236533	239	0.5939
3b2424b0-1bc2-4eba-bbba-bbe6d1c1bcec	5	170248629	170267249	14	-0.0585
3b2424b0-1bc2-4eba-bbba-bbe6d1c1bcec	5	170278157	170547480	191	0.5732
3b2424b0-1bc2-4eba-bbba-bbe6d1c1bcec	5	170551254	170978463	293	0.0588
3b2424b0-1bc2-4eba-bbba-bbe6d1c1bcec	5	170980996	170981562	2	-1.1339
3b2424b0-1bc2-4eba-bbba-bbe6d1c1bcec	5	170986974	171023905	18	-0.1806
3b2424b0-1bc2-4eba-bbba-bbe6d1c1bcec	5	171030315	171133742	43	0.0752
3b2424b0-1bc2-4eba-bbba-bbe6d1c1bcec	5	171139453	171180162	20	-0.0604
3b2424b0-1bc2-4eba-bbba-bbe6d1c1bcec	5	171181997	171189111	6	1.2948
3b2424b0-1bc2-4eba-bbba-bbe6d1c1bcec	5	171190855	171309040	61	0.0617
3b2424b0-1bc2-4eba-bbba-bbe6d1c1bcec	5	171320288	171493699	76	1.4514
3b2424b0-1bc2-4eba-bbba-bbe6d1c1bcec	5	171497985	171548186	45	0.0157
3b2424b0-1bc2-4eba-bbba-bbe6d1c1bcec	5	171548813	171551935	2	1.0872
3b2424b0-1bc2-4eba-bbba-bbe6d1c1bcec	5	171555090	171855190	270	-0.0008
3b2424b0-1bc2-4eba-bbba-bbe6d1c1bcec	5	171856736	171908979	40	1.3614
3b2424b0-1bc2-4eba-bbba-bbe6d1c1bcec	5	171909543	172229943	23	0.2745
3b2424b0-1bc2-4eba-bbba-bbe6d1c1bcec	5	172231283	172239209	9	1.0423
3b2424b0-1bc2-4eba-bbba-bbe6d1c1bcec	5	172240274	172566807	243	0.0038
3b2424b0-1bc2-4eba-bbba-bbe6d1c1bcec	5	172569192	172573775	6	1.0986
3b2424b0-1bc2-4eba-bbba-bbe6d1c1bcec	5	172580676	172584939	9	-0.1205
3b2424b0-1bc2-4eba-bbba-bbe6d1c1bcec	5	172588042	172591201	8	0.8341
3b2424b0-1bc2-4eba-bbba-bbe6d1c1bcec	5	172594588	173094485	254	0.0476
3b2424b0-1bc2-4eba-bbba-bbe6d1c1bcec	5	173099567	173113942	6	1.114
3b2424b0-1bc2-4eba-bbba-bbe6d1c1bcec	5	173115591	173877638	612	0.0181
3b2424b0-1bc2-4eba-bbba-bbe6d1c1bcec	5	173879500	173918406	26	1.6697
3b2424b0-1bc2-4eba-bbba-bbe6d1c1bcec	5	173922837	173932328	7	0.6042
3b2424b0-1bc2-4eba-bbba-bbe6d1c1bcec	5	173933790	173947906	8	1.8894
3b2424b0-1bc2-4eba-bbba-bbe6d1c1bcec	5	173950806	173962453	9	0.6017
3b2424b0-1bc2-4eba-bbba-bbe6d1c1bcec	5	173967163	173974835	5	1.8094
3b2424b0-1bc2-4eba-bbba-bbe6d1c1bcec	5	173975775	174044072	43	0.5879
3b2424b0-1bc2-4eba-bbba-bbe6d1c1bcec	5	174047884	174090740	28	0.9379
3b2424b0-1bc2-4eba-bbba-bbe6d1c1bcec	5	174090801	174166543	56	1.21
3b2424b0-1bc2-4eba-bbba-bbe6d1c1bcec	5	174166746	174301187	121	0.8461
3b2424b0-1bc2-4eba-bbba-bbe6d1c1bcec	5	174303355	174316436	11	2.1275
3b2424b0-1bc2-4eba-bbba-bbe6d1c1bcec	5	174319926	174340346	16	1.3165
3b2424b0-1bc2-4eba-bbba-bbe6d1c1bcec	5	174340505	174421222	106	1.8952
3b2424b0-1bc2-4eba-bbba-bbe6d1c1bcec	5	174426417	174624317	160	1.247
3b2424b0-1bc2-4eba-bbba-bbe6d1c1bcec	5	174625304	174867558	133	1.6313
3b2424b0-1bc2-4eba-bbba-bbe6d1c1bcec	5	174874303	174921002	29	1.2384
3b2424b0-1bc2-4eba-bbba-bbe6d1c1bcec	5	174931085	175027022	60	1.8957
3b2424b0-1bc2-4eba-bbba-bbe6d1c1bcec	5	175027477	175317095	256	2.136
3b2424b0-1bc2-4eba-bbba-bbe6d1c1bcec	5	175317885	175493868	159	1.7271
3b2424b0-1bc2-4eba-bbba-bbe6d1c1bcec	5	175494428	175703418	133	1.5792
3b2424b0-1bc2-4eba-bbba-bbe6d1c1bcec	5	175703727	175933010	139	1.1835
3b2424b0-1bc2-4eba-bbba-bbe6d1c1bcec	5	175935472	175945408	3	-0.28
3b2424b0-1bc2-4eba-bbba-bbe6d1c1bcec	5	175946505	176474584	84	1.2215
3b2424b0-1bc2-4eba-bbba-bbe6d1c1bcec	5	176477859	176483668	5	2.1003
3b2424b0-1bc2-4eba-bbba-bbe6d1c1bcec	5	176485931	176539316	41	1.1035
3b2424b0-1bc2-4eba-bbba-bbe6d1c1bcec	5	176548393	176623510	47	2.1163
3b2424b0-1bc2-4eba-bbba-bbe6d1c1bcec	5	176623714	177258306	180	1.3396
3b2424b0-1bc2-4eba-bbba-bbe6d1c1bcec	5	177260303	178061280	181	0.0441
3b2424b0-1bc2-4eba-bbba-bbe6d1c1bcec	5	178063136	178076443	12	1.0539
3b2424b0-1bc2-4eba-bbba-bbe6d1c1bcec	5	178080079	178606263	288	0.0504
3b2424b0-1bc2-4eba-bbba-bbe6d1c1bcec	5	178608533	178612061	2	1.4635
3b2424b0-1bc2-4eba-bbba-bbe6d1c1bcec	5	178615961	178658215	29	0.0439
3b2424b0-1bc2-4eba-bbba-bbe6d1c1bcec	5	178662992	178663193	3	0.9473
3b2424b0-1bc2-4eba-bbba-bbe6d1c1bcec	5	178667483	179078166	241	0.0243
3b2424b0-1bc2-4eba-bbba-bbe6d1c1bcec	5	179080068	179084845	7	0.7866
3b2424b0-1bc2-4eba-bbba-bbe6d1c1bcec	5	179085135	179165301	35	0.0088
3b2424b0-1bc2-4eba-bbba-bbe6d1c1bcec	5	179168869	179175781	8	0.1983
3b2424b0-1bc2-4eba-bbba-bbe6d1c1bcec	5	179177376	179179804	4	1.0959
3b2424b0-1bc2-4eba-bbba-bbe6d1c1bcec	5	179185246	179422697	164	0.0128
3b2424b0-1bc2-4eba-bbba-bbe6d1c1bcec	5	179422945	180183883	412	0.256
3b2424b0-1bc2-4eba-bbba-bbe6d1c1bcec	5	180185666	180240251	28	0.6494
3b2424b0-1bc2-4eba-bbba-bbe6d1c1bcec	5	180240299	180934240	276	0.2399
3b2424b0-1bc2-4eba-bbba-bbe6d1c1bcec	6	1011760	1790004	652	0.6971
3b2424b0-1bc2-4eba-bbba-bbe6d1c1bcec	6	1794478	3748051	1393	0.3976
3b2424b0-1bc2-4eba-bbba-bbe6d1c1bcec	6	3748872	3762038	6	0.6711
3b2424b0-1bc2-4eba-bbba-bbe6d1c1bcec	6	3766758	6146417	1604	0.0132
3b2424b0-1bc2-4eba-bbba-bbe6d1c1bcec	6	6148034	6874417	680	0.4092
3b2424b0-1bc2-4eba-bbba-bbe6d1c1bcec	6	6874475	7543119	449	0.0281
3b2424b0-1bc2-4eba-bbba-bbe6d1c1bcec	6	7543550	7551972	10	0.5295
3b2424b0-1bc2-4eba-bbba-bbe6d1c1bcec	6	7553763	7559420	14	-0.0605
3b2424b0-1bc2-4eba-bbba-bbe6d1c1bcec	6	7561300	12731795	3648	0.3734
3b2424b0-1bc2-4eba-bbba-bbe6d1c1bcec	6	12736790	12737202	2	1.2668
3b2424b0-1bc2-4eba-bbba-bbe6d1c1bcec	6	12739479	17255862	3122	-0.0027
3b2424b0-1bc2-4eba-bbba-bbe6d1c1bcec	6	17256866	18445519	720	0.3938
3b2424b0-1bc2-4eba-bbba-bbe6d1c1bcec	6	18445563	24212035	4216	0.001
3b2424b0-1bc2-4eba-bbba-bbe6d1c1bcec	6	24268525	24417988	103	0.5111
3b2424b0-1bc2-4eba-bbba-bbe6d1c1bcec	6	24420148	25070169	459	0.0363
3b2424b0-1bc2-4eba-bbba-bbe6d1c1bcec	6	25071944	27461212	981	0.0041
3b2424b0-1bc2-4eba-bbba-bbe6d1c1bcec	6	27465084	27473829	2	-0.9077
3b2424b0-1bc2-4eba-bbba-bbe6d1c1bcec	6	27474468	30135583	930	-0.0026
3b2424b0-1bc2-4eba-bbba-bbe6d1c1bcec	6	30137572	35632600	1738	0.0565
3b2424b0-1bc2-4eba-bbba-bbe6d1c1bcec	6	35638706	35737595	56	2.0233
3b2424b0-1bc2-4eba-bbba-bbe6d1c1bcec	6	35738393	36295214	309	1.5623
3b2424b0-1bc2-4eba-bbba-bbe6d1c1bcec	6	36298302	44784831	5538	0.0359
3b2424b0-1bc2-4eba-bbba-bbe6d1c1bcec	6	44785002	170596889	70555	0.0044
3b2424b0-1bc2-4eba-bbba-bbe6d1c1bcec	7	664936	8620758	3277	-0.4172
3b2424b0-1bc2-4eba-bbba-bbe6d1c1bcec	7	8620980	22729577	8200	-0.4987
3b2424b0-1bc2-4eba-bbba-bbe6d1c1bcec	7	22729691	36041305	8679	-0.4602
3b2424b0-1bc2-4eba-bbba-bbe6d1c1bcec	7	36041324	40752308	3144	-0.4887
3b2424b0-1bc2-4eba-bbba-bbe6d1c1bcec	7	40756227	41968977	862	0.4514
3b2424b0-1bc2-4eba-bbba-bbe6d1c1bcec	7	41970213	43509958	720	-0.5063
3b2424b0-1bc2-4eba-bbba-bbe6d1c1bcec	7	43509993	45601493	1088	-0.442
3b2424b0-1bc2-4eba-bbba-bbe6d1c1bcec	7	45601569	49193703	2513	-0.5128
3b2424b0-1bc2-4eba-bbba-bbe6d1c1bcec	7	49194715	49510353	227	0.6737
3b2424b0-1bc2-4eba-bbba-bbe6d1c1bcec	7	49516104	49866328	250	1.0862
3b2424b0-1bc2-4eba-bbba-bbe6d1c1bcec	7	49868228	50618452	514	0.9216
3b2424b0-1bc2-4eba-bbba-bbe6d1c1bcec	7	50620343	50622255	5	0.7849
3b2424b0-1bc2-4eba-bbba-bbe6d1c1bcec	7	50626732	50668247	54	0.4214
3b2424b0-1bc2-4eba-bbba-bbe6d1c1bcec	7	50668461	50895831	198	0.9248
3b2424b0-1bc2-4eba-bbba-bbe6d1c1bcec	7	50907760	52321329	1050	0.4154
3b2424b0-1bc2-4eba-bbba-bbe6d1c1bcec	7	52326154	53885933	1020	0.9195
3b2424b0-1bc2-4eba-bbba-bbe6d1c1bcec	7	53924140	81319352	9490	0.0251
3b2424b0-1bc2-4eba-bbba-bbe6d1c1bcec	7	81321124	91139424	4535	-0.0043
3b2424b0-1bc2-4eba-bbba-bbe6d1c1bcec	7	91140049	112113292	11091	0.0166
3b2424b0-1bc2-4eba-bbba-bbe6d1c1bcec	7	112117796	125648543	7318	-0.0081
3b2424b0-1bc2-4eba-bbba-bbe6d1c1bcec	7	125655446	144972086	10405	0.0187
3b2424b0-1bc2-4eba-bbba-bbe6d1c1bcec	7	144976731	145115995	92	-0.9462
3b2424b0-1bc2-4eba-bbba-bbe6d1c1bcec	7	145116284	158592540	7151	0.0198
3b2424b0-1bc2-4eba-bbba-bbe6d1c1bcec	8	667625	20041505	10853	0.0068
3b2424b0-1bc2-4eba-bbba-bbe6d1c1bcec	8	20041535	20113378	52	0.3752
3b2424b0-1bc2-4eba-bbba-bbe6d1c1bcec	8	20117636	30370769	7049	0.0247
3b2424b0-1bc2-4eba-bbba-bbe6d1c1bcec	8	30371649	34904223	2791	-0.0115
3b2424b0-1bc2-4eba-bbba-bbe6d1c1bcec	8	34909586	35140618	114	1.2352
3b2424b0-1bc2-4eba-bbba-bbe6d1c1bcec	8	35250447	70906388	18116	0.0026
3b2424b0-1bc2-4eba-bbba-bbe6d1c1bcec	8	70908880	70937660	13	2.1713
3b2424b0-1bc2-4eba-bbba-bbe6d1c1bcec	8	70942552	107971536	21072	0.0151
3b2424b0-1bc2-4eba-bbba-bbe6d1c1bcec	8	107971552	115591469	3897	-0.0163
3b2424b0-1bc2-4eba-bbba-bbe6d1c1bcec	8	115592292	144182542	18283	0.0251
3b2424b0-1bc2-4eba-bbba-bbe6d1c1bcec	9	789794	965006	153	-4.4256
3b2424b0-1bc2-4eba-bbba-bbe6d1c1bcec	9	1540009	3821400	1880	-0.3982
3b2424b0-1bc2-4eba-bbba-bbe6d1c1bcec	9	3821579	4684967	801	-4.4915
3b2424b0-1bc2-4eba-bbba-bbe6d1c1bcec	9	4686223	4737890	38	-1.2744
3b2424b0-1bc2-4eba-bbba-bbe6d1c1bcec	9	4742226	4746363	7	-4.5239
3b2424b0-1bc2-4eba-bbba-bbe6d1c1bcec	9	4747921	4978643	159	-0.7965
3b2424b0-1bc2-4eba-bbba-bbe6d1c1bcec	9	4981269	5246602	174	-0.6047
3b2424b0-1bc2-4eba-bbba-bbe6d1c1bcec	9	5248073	9685304	2280	-0.8448
3b2424b0-1bc2-4eba-bbba-bbe6d1c1bcec	9	9687679	11275227	824	-0.6297
3b2424b0-1bc2-4eba-bbba-bbe6d1c1bcec	9	12527414	32283013	13205	-0.8645
3b2424b0-1bc2-4eba-bbba-bbe6d1c1bcec	9	32283436	36935605	2687	-0.7837
3b2424b0-1bc2-4eba-bbba-bbe6d1c1bcec	9	36936392	38752071	1217	-0.8638
3b2424b0-1bc2-4eba-bbba-bbe6d1c1bcec	9	68423153	101171214	22007	0.0109
3b2424b0-1bc2-4eba-bbba-bbe6d1c1bcec	9	101171831	103403154	1168	-0.0297
3b2424b0-1bc2-4eba-bbba-bbe6d1c1bcec	9	103410190	120694856	12433	0.0162
3b2424b0-1bc2-4eba-bbba-bbe6d1c1bcec	9	120695665	138044505	9288	0.0492
3b2424b0-1bc2-4eba-bbba-bbe6d1c1bcec	10	366509	23487636	16486	-0.0334
3b2424b0-1bc2-4eba-bbba-bbe6d1c1bcec	10	23498796	47266309	11922	0.0004
3b2424b0-1bc2-4eba-bbba-bbe6d1c1bcec	10	47267109	80913085	19553	-0.0255
3b2424b0-1bc2-4eba-bbba-bbe6d1c1bcec	10	80913134	86086042	3701	-0.0574
3b2424b0-1bc2-4eba-bbba-bbe6d1c1bcec	10	86086854	104872363	10859	-0.0243
3b2424b0-1bc2-4eba-bbba-bbe6d1c1bcec	10	104872484	108744030	2659	-0.0596
3b2424b0-1bc2-4eba-bbba-bbe6d1c1bcec	10	108745024	133377066	16100	-0.0239
3b2424b0-1bc2-4eba-bbba-bbe6d1c1bcec	10	133381386	133381434	2	1.1379
3b2424b0-1bc2-4eba-bbba-bbe6d1c1bcec	10	133383757	133411599	13	-0.0061
3b2424b0-1bc2-4eba-bbba-bbe6d1c1bcec	11	456012	7470248	3540	-0.8483
3b2424b0-1bc2-4eba-bbba-bbe6d1c1bcec	11	7478928	8154896	458	1.7382
3b2424b0-1bc2-4eba-bbba-bbe6d1c1bcec	11	8155291	8241638	84	2.5343
3b2424b0-1bc2-4eba-bbba-bbe6d1c1bcec	11	8245012	8622442	260	1.9583
3b2424b0-1bc2-4eba-bbba-bbe6d1c1bcec	11	8623416	8787939	110	0.9413
3b2424b0-1bc2-4eba-bbba-bbe6d1c1bcec	11	8790055	8794052	4	0.7589
3b2424b0-1bc2-4eba-bbba-bbe6d1c1bcec	11	8794157	13142071	3275	0.0444
3b2424b0-1bc2-4eba-bbba-bbe6d1c1bcec	11	13142500	31963611	12386	0.005
3b2424b0-1bc2-4eba-bbba-bbe6d1c1bcec	11	31964601	37650304	3575	0.0326
3b2424b0-1bc2-4eba-bbba-bbe6d1c1bcec	11	37650611	43925798	4012	-0.0108
3b2424b0-1bc2-4eba-bbba-bbe6d1c1bcec	11	43926197	48080798	2316	0.0453
3b2424b0-1bc2-4eba-bbba-bbe6d1c1bcec	11	48080926	60397219	2988	-0.0022
3b2424b0-1bc2-4eba-bbba-bbe6d1c1bcec	11	60398982	79501861	8987	0.0318
3b2424b0-1bc2-4eba-bbba-bbe6d1c1bcec	11	79502008	126583001	30298	-0.0217
3b2424b0-1bc2-4eba-bbba-bbe6d1c1bcec	11	126587320	133788766	5067	-0.044
3b2424b0-1bc2-4eba-bbba-bbe6d1c1bcec	11	133790690	134272740	177	0.0011
3b2424b0-1bc2-4eba-bbba-bbe6d1c1bcec	12	780472	7243138	3950	0.4545
3b2424b0-1bc2-4eba-bbba-bbe6d1c1bcec	12	7244661	25412854	10600	0.4177
3b2424b0-1bc2-4eba-bbba-bbe6d1c1bcec	12	25413429	30629142	3559	0.4422
3b2424b0-1bc2-4eba-bbba-bbe6d1c1bcec	12	30632005	31960633	691	0.1857
3b2424b0-1bc2-4eba-bbba-bbe6d1c1bcec	12	31961422	32078911	88	0.0091
3b2424b0-1bc2-4eba-bbba-bbe6d1c1bcec	12	32084719	32920869	600	0.1597
3b2424b0-1bc2-4eba-bbba-bbe6d1c1bcec	12	32920919	33250410	157	0.3052
3b2424b0-1bc2-4eba-bbba-bbe6d1c1bcec	12	33250473	33292860	39	0.1825
3b2424b0-1bc2-4eba-bbba-bbe6d1c1bcec	12	33293205	33294568	3	0.7934
3b2424b0-1bc2-4eba-bbba-bbe6d1c1bcec	12	33297169	33308549	8	0.0793
3b2424b0-1bc2-4eba-bbba-bbe6d1c1bcec	12	33309893	33342904	15	0.8977
3b2424b0-1bc2-4eba-bbba-bbe6d1c1bcec	12	33345738	38827290	22	0.1825
3b2424b0-1bc2-4eba-bbba-bbe6d1c1bcec	12	38829764	47538599	4884	-0.0025
3b2424b0-1bc2-4eba-bbba-bbe6d1c1bcec	12	47541537	53558284	3065	0.0517
3b2424b0-1bc2-4eba-bbba-bbe6d1c1bcec	12	53563816	53602750	15	3.179
3b2424b0-1bc2-4eba-bbba-bbe6d1c1bcec	12	53606247	53625226	15	0.0566
3b2424b0-1bc2-4eba-bbba-bbe6d1c1bcec	12	53626708	53646611	14	1.5016
3b2424b0-1bc2-4eba-bbba-bbe6d1c1bcec	12	53649800	53962310	216	0.0395
3b2424b0-1bc2-4eba-bbba-bbe6d1c1bcec	12	53962663	53963973	2	-1.2186
3b2424b0-1bc2-4eba-bbba-bbe6d1c1bcec	12	53968410	57552077	1787	0.0394
3b2424b0-1bc2-4eba-bbba-bbe6d1c1bcec	12	57561440	57857874	142	2.6476
3b2424b0-1bc2-4eba-bbba-bbe6d1c1bcec	12	57862227	58122998	157	0.0171
3b2424b0-1bc2-4eba-bbba-bbe6d1c1bcec	12	58123217	58990587	680	-0.1706
3b2424b0-1bc2-4eba-bbba-bbe6d1c1bcec	12	58992324	59009618	11	3.0734
3b2424b0-1bc2-4eba-bbba-bbe6d1c1bcec	12	59010332	59234168	166	-0.1899
3b2424b0-1bc2-4eba-bbba-bbe6d1c1bcec	12	59235536	59305143	44	0.0467
3b2424b0-1bc2-4eba-bbba-bbe6d1c1bcec	12	59313477	59314863	5	1.5367
3b2424b0-1bc2-4eba-bbba-bbe6d1c1bcec	12	59322596	60149003	490	-0.0018
3b2424b0-1bc2-4eba-bbba-bbe6d1c1bcec	12	60149055	61328597	646	-0.19
3b2424b0-1bc2-4eba-bbba-bbe6d1c1bcec	12	61329214	61583668	164	0.0135
3b2424b0-1bc2-4eba-bbba-bbe6d1c1bcec	12	61584034	61666323	46	2.5455
3b2424b0-1bc2-4eba-bbba-bbe6d1c1bcec	12	61668970	61694674	11	1.7938
3b2424b0-1bc2-4eba-bbba-bbe6d1c1bcec	12	61703496	61745832	25	0.0293
3b2424b0-1bc2-4eba-bbba-bbe6d1c1bcec	12	61748101	61804490	39	3.0116
3b2424b0-1bc2-4eba-bbba-bbe6d1c1bcec	12	61808789	61908744	74	-0.0289
3b2424b0-1bc2-4eba-bbba-bbe6d1c1bcec	12	61912638	61930943	10	1.6075
3b2424b0-1bc2-4eba-bbba-bbe6d1c1bcec	12	61937910	61948900	9	2.5882
3b2424b0-1bc2-4eba-bbba-bbe6d1c1bcec	12	61950755	61982978	25	0.0024
3b2424b0-1bc2-4eba-bbba-bbe6d1c1bcec	12	61985767	61987461	3	2.6656
3b2424b0-1bc2-4eba-bbba-bbe6d1c1bcec	12	61995134	62764932	470	0.0298
3b2424b0-1bc2-4eba-bbba-bbe6d1c1bcec	12	62766481	62922223	150	2.2593
3b2424b0-1bc2-4eba-bbba-bbe6d1c1bcec	12	62925259	62955157	31	-0.034
3b2424b0-1bc2-4eba-bbba-bbe6d1c1bcec	12	62958806	62969303	6	1.2958
3b2424b0-1bc2-4eba-bbba-bbe6d1c1bcec	12	62973082	63482519	360	0.0004
3b2424b0-1bc2-4eba-bbba-bbe6d1c1bcec	12	63483305	63511598	18	2.2195
3b2424b0-1bc2-4eba-bbba-bbe6d1c1bcec	12	63512701	63526209	9	2.9204
3b2424b0-1bc2-4eba-bbba-bbe6d1c1bcec	12	63751525	64839053	593	0.0151
3b2424b0-1bc2-4eba-bbba-bbe6d1c1bcec	12	64840981	64886565	26	1.7405
3b2424b0-1bc2-4eba-bbba-bbe6d1c1bcec	12	64894977	64904832	12	0.8235
3b2424b0-1bc2-4eba-bbba-bbe6d1c1bcec	12	64905281	64960251	48	2.5345
3b2424b0-1bc2-4eba-bbba-bbe6d1c1bcec	12	64964834	65099942	90	0.0378
3b2424b0-1bc2-4eba-bbba-bbe6d1c1bcec	12	65103681	65124667	15	1.6802
3b2424b0-1bc2-4eba-bbba-bbe6d1c1bcec	12	65125486	65773874	353	-0.0232
3b2424b0-1bc2-4eba-bbba-bbe6d1c1bcec	12	65781076	65962772	94	2.4585
3b2424b0-1bc2-4eba-bbba-bbe6d1c1bcec	12	65964134	66071605	65	1.4395
3b2424b0-1bc2-4eba-bbba-bbe6d1c1bcec	12	66073171	66127907	39	2.482
3b2424b0-1bc2-4eba-bbba-bbe6d1c1bcec	12	66131498	66156601	11	0.0654
3b2424b0-1bc2-4eba-bbba-bbe6d1c1bcec	12	66161753	66164630	5	2.0117
3b2424b0-1bc2-4eba-bbba-bbe6d1c1bcec	12	66166887	66181379	11	1.5148
3b2424b0-1bc2-4eba-bbba-bbe6d1c1bcec	12	66181477	66186955	4	1.0261
3b2424b0-1bc2-4eba-bbba-bbe6d1c1bcec	12	66187097	66200354	16	1.5193
3b2424b0-1bc2-4eba-bbba-bbe6d1c1bcec	12	66203921	66217731	11	-0.02
3b2424b0-1bc2-4eba-bbba-bbe6d1c1bcec	12	66222845	66224858	4	1.6855
3b2424b0-1bc2-4eba-bbba-bbe6d1c1bcec	12	66228279	66248696	17	0.0527
3b2424b0-1bc2-4eba-bbba-bbe6d1c1bcec	12	66254548	66276307	26	1.4442
3b2424b0-1bc2-4eba-bbba-bbe6d1c1bcec	12	66279652	66491357	131	0.0094
3b2424b0-1bc2-4eba-bbba-bbe6d1c1bcec	12	66493204	66528855	30	-0.2508
3b2424b0-1bc2-4eba-bbba-bbe6d1c1bcec	12	66532526	67774215	922	0.0008
3b2424b0-1bc2-4eba-bbba-bbe6d1c1bcec	12	67774273	67774550	2	2.0803
3b2424b0-1bc2-4eba-bbba-bbe6d1c1bcec	12	67778082	67828601	43	-0.0171
3b2424b0-1bc2-4eba-bbba-bbe6d1c1bcec	12	67829444	67879285	29	2.6234
3b2424b0-1bc2-4eba-bbba-bbe6d1c1bcec	12	67881416	68166865	245	0.0249
3b2424b0-1bc2-4eba-bbba-bbe6d1c1bcec	12	68170584	68192953	25	2.8152
3b2424b0-1bc2-4eba-bbba-bbe6d1c1bcec	12	68195594	68313796	115	0.0273
3b2424b0-1bc2-4eba-bbba-bbe6d1c1bcec	12	68321546	68327682	11	2.8474
3b2424b0-1bc2-4eba-bbba-bbe6d1c1bcec	12	68329554	68610435	201	0.0291
3b2424b0-1bc2-4eba-bbba-bbe6d1c1bcec	12	68617680	68981425	244	2.9194
3b2424b0-1bc2-4eba-bbba-bbe6d1c1bcec	12	68986310	69131822	92	0.0552
3b2424b0-1bc2-4eba-bbba-bbe6d1c1bcec	12	69131949	69132107	2	-2.389
3b2424b0-1bc2-4eba-bbba-bbe6d1c1bcec	12	69133152	69427634	194	0.021
3b2424b0-1bc2-4eba-bbba-bbe6d1c1bcec	12	69430244	69465698	27	2.4643
3b2424b0-1bc2-4eba-bbba-bbe6d1c1bcec	12	69470390	69546700	44	3.1084
3b2424b0-1bc2-4eba-bbba-bbe6d1c1bcec	12	69546925	69661812	91	2.4712
3b2424b0-1bc2-4eba-bbba-bbe6d1c1bcec	12	69661944	69743007	76	2.8257
3b2424b0-1bc2-4eba-bbba-bbe6d1c1bcec	12	69744095	69953171	130	2.463
3b2424b0-1bc2-4eba-bbba-bbe6d1c1bcec	12	69953244	70063685	92	2.9889
3b2424b0-1bc2-4eba-bbba-bbe6d1c1bcec	12	70064246	70162959	57	2.3351
3b2424b0-1bc2-4eba-bbba-bbe6d1c1bcec	12	70165168	70299358	74	-0.0053
3b2424b0-1bc2-4eba-bbba-bbe6d1c1bcec	12	70306488	70377881	34	2.6552
3b2424b0-1bc2-4eba-bbba-bbe6d1c1bcec	12	70380598	70443117	49	0.7815
3b2424b0-1bc2-4eba-bbba-bbe6d1c1bcec	12	70443342	71032747	431	-0.0017
3b2424b0-1bc2-4eba-bbba-bbe6d1c1bcec	12	71034289	71128617	55	2.191
3b2424b0-1bc2-4eba-bbba-bbe6d1c1bcec	12	71133389	71164865	22	1.6673
3b2424b0-1bc2-4eba-bbba-bbe6d1c1bcec	12	71165089	71254778	50	2.1289
3b2424b0-1bc2-4eba-bbba-bbe6d1c1bcec	12	71261505	71341747	46	0.2602
3b2424b0-1bc2-4eba-bbba-bbe6d1c1bcec	12	71472182	71596825	93	2.6948
3b2424b0-1bc2-4eba-bbba-bbe6d1c1bcec	12	71597118	72838560	680	-0.008
3b2424b0-1bc2-4eba-bbba-bbe6d1c1bcec	12	72977309	73076965	91	2.7698
3b2424b0-1bc2-4eba-bbba-bbe6d1c1bcec	12	73084188	73095773	8	1.8813
3b2424b0-1bc2-4eba-bbba-bbe6d1c1bcec	12	73101052	73183758	53	1.4632
3b2424b0-1bc2-4eba-bbba-bbe6d1c1bcec	12	73192206	73424728	128	2.0664
3b2424b0-1bc2-4eba-bbba-bbe6d1c1bcec	12	73429308	73441469	8	1.267
3b2424b0-1bc2-4eba-bbba-bbe6d1c1bcec	12	73450766	73498493	25	0.1397
3b2424b0-1bc2-4eba-bbba-bbe6d1c1bcec	12	73504571	73665028	89	1.0101
3b2424b0-1bc2-4eba-bbba-bbe6d1c1bcec	12	73692041	73752881	43	1.3244
3b2424b0-1bc2-4eba-bbba-bbe6d1c1bcec	12	73753379	74252622	203	0.1436
3b2424b0-1bc2-4eba-bbba-bbe6d1c1bcec	12	74259829	74263944	2	2.5268
3b2424b0-1bc2-4eba-bbba-bbe6d1c1bcec	12	74265051	74480585	145	0.1642
3b2424b0-1bc2-4eba-bbba-bbe6d1c1bcec	12	74481233	74493349	6	2.8005
3b2424b0-1bc2-4eba-bbba-bbe6d1c1bcec	12	74493527	74554477	36	0.1658
3b2424b0-1bc2-4eba-bbba-bbe6d1c1bcec	12	74560614	74570106	10	2.6724
3b2424b0-1bc2-4eba-bbba-bbe6d1c1bcec	12	74571872	74628806	39	0.5387
3b2424b0-1bc2-4eba-bbba-bbe6d1c1bcec	12	74629879	74680600	32	2.6431
3b2424b0-1bc2-4eba-bbba-bbe6d1c1bcec	12	74684960	74968466	193	0.1582
3b2424b0-1bc2-4eba-bbba-bbe6d1c1bcec	12	74969499	74992928	14	2.6582
3b2424b0-1bc2-4eba-bbba-bbe6d1c1bcec	12	74998055	75311801	212	0.1453
3b2424b0-1bc2-4eba-bbba-bbe6d1c1bcec	12	75319512	75456305	66	2.3314
3b2424b0-1bc2-4eba-bbba-bbe6d1c1bcec	12	75459061	75634724	119	0.1535
3b2424b0-1bc2-4eba-bbba-bbe6d1c1bcec	12	75641212	75706122	69	2.245
3b2424b0-1bc2-4eba-bbba-bbe6d1c1bcec	12	75708331	75711571	7	0.1311
3b2424b0-1bc2-4eba-bbba-bbe6d1c1bcec	12	75716405	75752894	34	2.3441
3b2424b0-1bc2-4eba-bbba-bbe6d1c1bcec	12	75753453	75857801	91	0.1852
3b2424b0-1bc2-4eba-bbba-bbe6d1c1bcec	12	75858830	75920650	47	2.133
3b2424b0-1bc2-4eba-bbba-bbe6d1c1bcec	12	75925132	75935558	11	0.2176
3b2424b0-1bc2-4eba-bbba-bbe6d1c1bcec	12	75938186	75961551	18	1.5012
3b2424b0-1bc2-4eba-bbba-bbe6d1c1bcec	12	75962565	76034754	50	0.2239
3b2424b0-1bc2-4eba-bbba-bbe6d1c1bcec	12	76035095	76130189	37	-0.2056
3b2424b0-1bc2-4eba-bbba-bbe6d1c1bcec	12	76135178	76187018	42	2.5656
3b2424b0-1bc2-4eba-bbba-bbe6d1c1bcec	12	76193557	76205786	9	-0.2492
3b2424b0-1bc2-4eba-bbba-bbe6d1c1bcec	12	76209206	76247043	27	1.7685
3b2424b0-1bc2-4eba-bbba-bbe6d1c1bcec	12	76250352	76351392	71	-0.1444
3b2424b0-1bc2-4eba-bbba-bbe6d1c1bcec	12	76353641	76402571	26	2.9295
3b2424b0-1bc2-4eba-bbba-bbe6d1c1bcec	12	76406266	76448669	18	-0.2773
3b2424b0-1bc2-4eba-bbba-bbe6d1c1bcec	12	76459660	76466159	5	0.8726
3b2424b0-1bc2-4eba-bbba-bbe6d1c1bcec	12	76466546	76546242	39	1.7705
3b2424b0-1bc2-4eba-bbba-bbe6d1c1bcec	12	76554524	76580906	9	-0.2744
3b2424b0-1bc2-4eba-bbba-bbe6d1c1bcec	12	76587370	76590647	3	1.5666
3b2424b0-1bc2-4eba-bbba-bbe6d1c1bcec	12	76591509	76819135	139	-0.1834
3b2424b0-1bc2-4eba-bbba-bbe6d1c1bcec	12	76820313	76823413	7	2.2792
3b2424b0-1bc2-4eba-bbba-bbe6d1c1bcec	12	76824352	77119138	193	-0.1856
3b2424b0-1bc2-4eba-bbba-bbe6d1c1bcec	12	77120394	77152083	21	0.4108
3b2424b0-1bc2-4eba-bbba-bbe6d1c1bcec	12	77152868	77224987	52	2.684
3b2424b0-1bc2-4eba-bbba-bbe6d1c1bcec	12	77225461	81218124	2611	-0.1882
3b2424b0-1bc2-4eba-bbba-bbe6d1c1bcec	12	81220401	81250978	22	0.1091
3b2424b0-1bc2-4eba-bbba-bbe6d1c1bcec	12	81251403	81273902	17	-0.2605
3b2424b0-1bc2-4eba-bbba-bbe6d1c1bcec	12	81278680	81545404	164	-0.0196
3b2424b0-1bc2-4eba-bbba-bbe6d1c1bcec	12	81547679	81581441	18	-0.2494
3b2424b0-1bc2-4eba-bbba-bbe6d1c1bcec	12	81583152	81715588	81	-0.0198
3b2424b0-1bc2-4eba-bbba-bbe6d1c1bcec	12	81716491	81768919	17	-0.3008
3b2424b0-1bc2-4eba-bbba-bbe6d1c1bcec	12	81769066	81874238	68	0.0168
3b2424b0-1bc2-4eba-bbba-bbe6d1c1bcec	12	81875207	85150651	1934	-0.1933
3b2424b0-1bc2-4eba-bbba-bbe6d1c1bcec	12	85152311	85191696	22	3.143
3b2424b0-1bc2-4eba-bbba-bbe6d1c1bcec	12	85191918	85331782	58	2.5102
3b2424b0-1bc2-4eba-bbba-bbe6d1c1bcec	12	85332643	85398054	36	2.9782
3b2424b0-1bc2-4eba-bbba-bbe6d1c1bcec	12	85403190	85988306	359	-0.2122
3b2424b0-1bc2-4eba-bbba-bbe6d1c1bcec	12	85988749	86242850	126	0.0018
3b2424b0-1bc2-4eba-bbba-bbe6d1c1bcec	12	86242904	86916044	285	-0.1626
3b2424b0-1bc2-4eba-bbba-bbe6d1c1bcec	12	86916725	87117104	72	0.0217
3b2424b0-1bc2-4eba-bbba-bbe6d1c1bcec	12	87121344	119885150	20688	-0.1708
3b2424b0-1bc2-4eba-bbba-bbe6d1c1bcec	12	119886281	125372854	2669	-0.1351
3b2424b0-1bc2-4eba-bbba-bbe6d1c1bcec	12	125373080	126759332	913	-0.1782
3b2424b0-1bc2-4eba-bbba-bbe6d1c1bcec	12	126759828	132605822	2343	-0.5845
3b2424b0-1bc2-4eba-bbba-bbe6d1c1bcec	13	18874255	43904864	15898	0.0142
3b2424b0-1bc2-4eba-bbba-bbe6d1c1bcec	13	43909400	43911482	2	-1.418
3b2424b0-1bc2-4eba-bbba-bbe6d1c1bcec	13	43911756	52158393	4439	0.0255
3b2424b0-1bc2-4eba-bbba-bbe6d1c1bcec	13	52163678	58101668	2569	-0.0364
3b2424b0-1bc2-4eba-bbba-bbe6d1c1bcec	13	58101731	70430191	6302	-0.014
3b2424b0-1bc2-4eba-bbba-bbe6d1c1bcec	13	70430305	73227592	1742	-0.0529
3b2424b0-1bc2-4eba-bbba-bbe6d1c1bcec	13	73228534	73504119	238	0.0165
3b2424b0-1bc2-4eba-bbba-bbe6d1c1bcec	13	73506464	73507503	2	-1.1128
3b2424b0-1bc2-4eba-bbba-bbe6d1c1bcec	13	73510575	81182292	5091	0.0088
3b2424b0-1bc2-4eba-bbba-bbe6d1c1bcec	13	81182778	90418068	5133	-0.0317
3b2424b0-1bc2-4eba-bbba-bbe6d1c1bcec	13	90420131	90424004	2	-1.1538
3b2424b0-1bc2-4eba-bbba-bbe6d1c1bcec	13	90424471	92904623	1567	-0.0316
3b2424b0-1bc2-4eba-bbba-bbe6d1c1bcec	13	92907798	93290719	281	-0.2046
3b2424b0-1bc2-4eba-bbba-bbe6d1c1bcec	13	93296873	94156215	623	-0.01
3b2424b0-1bc2-4eba-bbba-bbe6d1c1bcec	13	94156346	100358594	3885	0.0254
3b2424b0-1bc2-4eba-bbba-bbe6d1c1bcec	13	100359887	109937198	6939	-0.0137
3b2424b0-1bc2-4eba-bbba-bbe6d1c1bcec	13	109937751	114226675	2282	0.0345
3b2424b0-1bc2-4eba-bbba-bbe6d1c1bcec	14	20033191	37363713	9602	0.0172
3b2424b0-1bc2-4eba-bbba-bbe6d1c1bcec	14	37373307	47881637	4745	-0.0204
3b2424b0-1bc2-4eba-bbba-bbe6d1c1bcec	14	47882077	56663685	5583	0.0252
3b2424b0-1bc2-4eba-bbba-bbe6d1c1bcec	14	56664069	56664259	2	-1.214
3b2424b0-1bc2-4eba-bbba-bbe6d1c1bcec	14	56675149	64235209	4599	0.0076
3b2424b0-1bc2-4eba-bbba-bbe6d1c1bcec	14	64235363	78156180	8500	0.0344
3b2424b0-1bc2-4eba-bbba-bbe6d1c1bcec	14	78156791	78745605	454	0.0093
3b2424b0-1bc2-4eba-bbba-bbe6d1c1bcec	14	78746202	88625050	6300	-0.0105
3b2424b0-1bc2-4eba-bbba-bbe6d1c1bcec	14	88629506	105533894	10001	0.033
3b2424b0-1bc2-4eba-bbba-bbe6d1c1bcec	15	23437561	26461714	1757	0.0131
3b2424b0-1bc2-4eba-bbba-bbe6d1c1bcec	15	26463148	62568571	20339	-0.1498
3b2424b0-1bc2-4eba-bbba-bbe6d1c1bcec	15	62568839	79252557	9354	-0.1263
3b2424b0-1bc2-4eba-bbba-bbe6d1c1bcec	15	79255173	79877564	557	-0.1638
3b2424b0-1bc2-4eba-bbba-bbe6d1c1bcec	15	79879629	93826903	8095	0.0081
3b2424b0-1bc2-4eba-bbba-bbe6d1c1bcec	15	93826956	97671073	2603	-0.0194
3b2424b0-1bc2-4eba-bbba-bbe6d1c1bcec	15	97675673	101344124	2073	0.0308
3b2424b0-1bc2-4eba-bbba-bbe6d1c1bcec	16	603333	618985	10	-0.2448
3b2424b0-1bc2-4eba-bbba-bbe6d1c1bcec	16	627854	2182793	392	-0.5086
3b2424b0-1bc2-4eba-bbba-bbe6d1c1bcec	16	2187548	5428604	1492	-0.7565
3b2424b0-1bc2-4eba-bbba-bbe6d1c1bcec	16	5429167	9759428	2696	-0.8518
3b2424b0-1bc2-4eba-bbba-bbe6d1c1bcec	16	9759471	10536068	654	-0.5461
3b2424b0-1bc2-4eba-bbba-bbe6d1c1bcec	16	10536136	10538055	2	-1.9162
3b2424b0-1bc2-4eba-bbba-bbe6d1c1bcec	16	10538128	10962761	319	-0.5256
3b2424b0-1bc2-4eba-bbba-bbe6d1c1bcec	16	10967256	14618728	2600	-0.8384
3b2424b0-1bc2-4eba-bbba-bbe6d1c1bcec	16	14621215	20428246	962	-0.5484
3b2424b0-1bc2-4eba-bbba-bbe6d1c1bcec	16	20428396	23612062	934	-0.4517
3b2424b0-1bc2-4eba-bbba-bbe6d1c1bcec	16	23613242	25542410	1226	-0.5341
3b2424b0-1bc2-4eba-bbba-bbe6d1c1bcec	16	25543227	26308666	621	-0.3549
3b2424b0-1bc2-4eba-bbba-bbe6d1c1bcec	16	26308818	27032723	608	-0.5758
3b2424b0-1bc2-4eba-bbba-bbe6d1c1bcec	16	27032748	27228193	111	-0.1559
3b2424b0-1bc2-4eba-bbba-bbe6d1c1bcec	16	27231171	27571496	201	0.8855
3b2424b0-1bc2-4eba-bbba-bbe6d1c1bcec	16	27571819	29411088	541	0.6989
3b2424b0-1bc2-4eba-bbba-bbe6d1c1bcec	16	29411192	31720350	529	0.0634
3b2424b0-1bc2-4eba-bbba-bbe6d1c1bcec	16	31720735	50087619	2074	-0.0286
3b2424b0-1bc2-4eba-bbba-bbe6d1c1bcec	16	50088337	50652646	307	-0.0563
3b2424b0-1bc2-4eba-bbba-bbe6d1c1bcec	16	50653048	50653104	2	-1.2496
3b2424b0-1bc2-4eba-bbba-bbe6d1c1bcec	16	50653343	55885766	4007	-0.0604
3b2424b0-1bc2-4eba-bbba-bbe6d1c1bcec	16	55886747	58609753	1622	-0.0228
3b2424b0-1bc2-4eba-bbba-bbe6d1c1bcec	16	58612458	64462754	3657	-0.0707
3b2424b0-1bc2-4eba-bbba-bbe6d1c1bcec	16	64465076	64465338	2	-1.1487
3b2424b0-1bc2-4eba-bbba-bbe6d1c1bcec	16	64474720	65912840	1116	-0.0596
3b2424b0-1bc2-4eba-bbba-bbe6d1c1bcec	16	65916166	89317317	14437	-0.0207
3b2424b0-1bc2-4eba-bbba-bbe6d1c1bcec	17	1074619	4742769	1618	0.0478
3b2424b0-1bc2-4eba-bbba-bbe6d1c1bcec	17	4743185	4745394	2	-1.3738
3b2424b0-1bc2-4eba-bbba-bbe6d1c1bcec	17	4746490	11326330	3853	0.0479
3b2424b0-1bc2-4eba-bbba-bbe6d1c1bcec	17	11326334	14207330	2064	0
3b2424b0-1bc2-4eba-bbba-bbe6d1c1bcec	17	14207970	28322841	2868	0.0442
3b2424b0-1bc2-4eba-bbba-bbe6d1c1bcec	17	28331136	32590251	1800	-0.7899
3b2424b0-1bc2-4eba-bbba-bbe6d1c1bcec	17	32591164	32591192	2	-2.6445
3b2424b0-1bc2-4eba-bbba-bbe6d1c1bcec	17	32592089	34722595	946	-0.8697
3b2424b0-1bc2-4eba-bbba-bbe6d1c1bcec	17	34725639	35249875	321	0.0308
3b2424b0-1bc2-4eba-bbba-bbe6d1c1bcec	17	35253350	40808062	2349	-0.7998
3b2424b0-1bc2-4eba-bbba-bbe6d1c1bcec	17	40809169	40882082	37	0.0491
3b2424b0-1bc2-4eba-bbba-bbe6d1c1bcec	17	40884134	40954668	53	1.5669
3b2424b0-1bc2-4eba-bbba-bbe6d1c1bcec	17	40956152	41224178	144	0.0548
3b2424b0-1bc2-4eba-bbba-bbe6d1c1bcec	17	41284704	42214332	487	-0.7873
3b2424b0-1bc2-4eba-bbba-bbe6d1c1bcec	17	42215923	42633025	192	0.0542
3b2424b0-1bc2-4eba-bbba-bbe6d1c1bcec	17	42639160	48328073	2046	-0.7659
3b2424b0-1bc2-4eba-bbba-bbe6d1c1bcec	17	48331110	48639345	138	0.0373
3b2424b0-1bc2-4eba-bbba-bbe6d1c1bcec	17	48647787	49149687	235	0.5181
3b2424b0-1bc2-4eba-bbba-bbe6d1c1bcec	17	49152136	49580439	237	0.0427
3b2424b0-1bc2-4eba-bbba-bbe6d1c1bcec	17	49587519	50009186	197	0.5681
3b2424b0-1bc2-4eba-bbba-bbe6d1c1bcec	17	50011326	50016082	2	-0.6108
3b2424b0-1bc2-4eba-bbba-bbe6d1c1bcec	17	50017247	50242754	124	0.562
3b2424b0-1bc2-4eba-bbba-bbe6d1c1bcec	17	50248951	50440906	117	0.0277
3b2424b0-1bc2-4eba-bbba-bbe6d1c1bcec	17	50441769	50489341	23	-0.6355
3b2424b0-1bc2-4eba-bbba-bbe6d1c1bcec	17	50492180	50529245	33	0.011
3b2424b0-1bc2-4eba-bbba-bbe6d1c1bcec	17	50534842	50565233	13	-0.4801
3b2424b0-1bc2-4eba-bbba-bbe6d1c1bcec	17	50566354	51490411	310	0.9782
3b2424b0-1bc2-4eba-bbba-bbe6d1c1bcec	17	51491495	52269896	638	1.3123
3b2424b0-1bc2-4eba-bbba-bbe6d1c1bcec	17	52273444	52536518	187	1.6631
3b2424b0-1bc2-4eba-bbba-bbe6d1c1bcec	17	52593672	52759870	119	0.5048
3b2424b0-1bc2-4eba-bbba-bbe6d1c1bcec	17	52761702	52773925	9	1.7664
3b2424b0-1bc2-4eba-bbba-bbe6d1c1bcec	17	52776415	53325646	148	0.5508
3b2424b0-1bc2-4eba-bbba-bbe6d1c1bcec	17	53329356	53541066	126	-0.0097
3b2424b0-1bc2-4eba-bbba-bbe6d1c1bcec	17	53542395	53553324	9	0.4839
3b2424b0-1bc2-4eba-bbba-bbe6d1c1bcec	17	53560063	53584155	20	0.0503
3b2424b0-1bc2-4eba-bbba-bbe6d1c1bcec	17	53592658	53637331	29	0.5428
3b2424b0-1bc2-4eba-bbba-bbe6d1c1bcec	17	53657402	53906022	162	0.0008
3b2424b0-1bc2-4eba-bbba-bbe6d1c1bcec	17	53906460	54066264	117	0.474
3b2424b0-1bc2-4eba-bbba-bbe6d1c1bcec	17	54066791	54220651	75	0.7461
3b2424b0-1bc2-4eba-bbba-bbe6d1c1bcec	17	54223199	54236353	12	0.1245
3b2424b0-1bc2-4eba-bbba-bbe6d1c1bcec	17	54239463	54502491	118	0.8388
3b2424b0-1bc2-4eba-bbba-bbe6d1c1bcec	17	54518442	54561605	28	-0.7905
3b2424b0-1bc2-4eba-bbba-bbe6d1c1bcec	17	54564337	54588492	14	0.4069
3b2424b0-1bc2-4eba-bbba-bbe6d1c1bcec	17	54595523	54626981	30	1.3038
3b2424b0-1bc2-4eba-bbba-bbe6d1c1bcec	17	54627224	54640939	7	-0.9511
3b2424b0-1bc2-4eba-bbba-bbe6d1c1bcec	17	54644824	54802188	127	1.3755
3b2424b0-1bc2-4eba-bbba-bbe6d1c1bcec	17	54804294	54808806	4	-1.04
3b2424b0-1bc2-4eba-bbba-bbe6d1c1bcec	17	54813427	54841613	22	-0.1187
3b2424b0-1bc2-4eba-bbba-bbe6d1c1bcec	17	54842139	54855959	10	-0.9156
3b2424b0-1bc2-4eba-bbba-bbe6d1c1bcec	17	54856784	54856988	3	-1.541
3b2424b0-1bc2-4eba-bbba-bbe6d1c1bcec	17	54857104	54870061	20	-0.747
3b2424b0-1bc2-4eba-bbba-bbe6d1c1bcec	17	54871146	54901313	38	1.3793
3b2424b0-1bc2-4eba-bbba-bbe6d1c1bcec	17	54904492	55142859	134	-0.8172
3b2424b0-1bc2-4eba-bbba-bbe6d1c1bcec	17	55145938	55167022	19	0.694
3b2424b0-1bc2-4eba-bbba-bbe6d1c1bcec	17	55169408	55293154	107	-0.0146
3b2424b0-1bc2-4eba-bbba-bbe6d1c1bcec	17	55299143	55305468	12	-0.8458
3b2424b0-1bc2-4eba-bbba-bbe6d1c1bcec	17	55306408	55321098	18	-0.1254
3b2424b0-1bc2-4eba-bbba-bbe6d1c1bcec	17	55322144	55343128	19	0.2785
3b2424b0-1bc2-4eba-bbba-bbe6d1c1bcec	17	55344397	56354722	804	-0.1835
3b2424b0-1bc2-4eba-bbba-bbe6d1c1bcec	17	56355318	56546899	140	0.3644
3b2424b0-1bc2-4eba-bbba-bbe6d1c1bcec	17	56547621	56555568	7	0.7359
3b2424b0-1bc2-4eba-bbba-bbe6d1c1bcec	17	56557407	56615886	31	0.4184
3b2424b0-1bc2-4eba-bbba-bbe6d1c1bcec	17	56616790	56657109	53	0.7925
3b2424b0-1bc2-4eba-bbba-bbe6d1c1bcec	17	56657341	56703655	50	0.4251
3b2424b0-1bc2-4eba-bbba-bbe6d1c1bcec	17	56708599	56910523	165	0.7899
3b2424b0-1bc2-4eba-bbba-bbe6d1c1bcec	17	56910790	57426052	377	1.1493
3b2424b0-1bc2-4eba-bbba-bbe6d1c1bcec	17	57426257	57434867	17	0.7239
3b2424b0-1bc2-4eba-bbba-bbe6d1c1bcec	17	57435326	57477373	25	1.5858
3b2424b0-1bc2-4eba-bbba-bbe6d1c1bcec	17	57477532	57876279	307	0.8134
3b2424b0-1bc2-4eba-bbba-bbe6d1c1bcec	17	57879064	57903325	20	1.8077
3b2424b0-1bc2-4eba-bbba-bbe6d1c1bcec	17	57905581	58151642	123	0.8027
3b2424b0-1bc2-4eba-bbba-bbe6d1c1bcec	17	58158965	58207721	34	1.164
3b2424b0-1bc2-4eba-bbba-bbe6d1c1bcec	17	58211860	58340330	78	0.8729
3b2424b0-1bc2-4eba-bbba-bbe6d1c1bcec	17	58345840	58475337	67	1.4108
3b2424b0-1bc2-4eba-bbba-bbe6d1c1bcec	17	58482587	58595537	57	1.0946
3b2424b0-1bc2-4eba-bbba-bbe6d1c1bcec	17	58599007	59443847	336	1.5799
3b2424b0-1bc2-4eba-bbba-bbe6d1c1bcec	17	59449552	60107179	284	1.7713
3b2424b0-1bc2-4eba-bbba-bbe6d1c1bcec	17	60107453	60457980	167	1.3864
3b2424b0-1bc2-4eba-bbba-bbe6d1c1bcec	17	60458575	60719322	111	1.9226
3b2424b0-1bc2-4eba-bbba-bbe6d1c1bcec	17	60722440	60769003	26	1.3381
3b2424b0-1bc2-4eba-bbba-bbe6d1c1bcec	17	60771828	61393790	343	2.038
3b2424b0-1bc2-4eba-bbba-bbe6d1c1bcec	17	61394011	64003609	1166	1.7073
3b2424b0-1bc2-4eba-bbba-bbe6d1c1bcec	17	64006814	64802530	385	1.1058
3b2424b0-1bc2-4eba-bbba-bbe6d1c1bcec	17	64806469	64936280	14	0.6268
3b2424b0-1bc2-4eba-bbba-bbe6d1c1bcec	17	64951737	65907001	614	1.1023
3b2424b0-1bc2-4eba-bbba-bbe6d1c1bcec	17	65907573	66198386	159	2.0239
3b2424b0-1bc2-4eba-bbba-bbe6d1c1bcec	17	66201141	66498594	140	1.1803
3b2424b0-1bc2-4eba-bbba-bbe6d1c1bcec	17	66499061	66635438	118	1.6283
3b2424b0-1bc2-4eba-bbba-bbe6d1c1bcec	17	66637186	66740768	92	1.0413
3b2424b0-1bc2-4eba-bbba-bbe6d1c1bcec	17	66747476	67975785	760	0.8372
3b2424b0-1bc2-4eba-bbba-bbe6d1c1bcec	17	67976503	69515514	868	0.5679
3b2424b0-1bc2-4eba-bbba-bbe6d1c1bcec	17	69515728	69997605	286	1.0191
3b2424b0-1bc2-4eba-bbba-bbe6d1c1bcec	17	69998023	70839879	648	1.6094
3b2424b0-1bc2-4eba-bbba-bbe6d1c1bcec	17	70841662	71418886	494	1.0049
3b2424b0-1bc2-4eba-bbba-bbe6d1c1bcec	17	71423531	71759228	253	0.5768
3b2424b0-1bc2-4eba-bbba-bbe6d1c1bcec	17	71760297	72198704	334	0.9083
3b2424b0-1bc2-4eba-bbba-bbe6d1c1bcec	17	72199479	72996932	667	0.583
3b2424b0-1bc2-4eba-bbba-bbe6d1c1bcec	17	72998440	74771296	592	1.3251
3b2424b0-1bc2-4eba-bbba-bbe6d1c1bcec	17	74772662	75970781	498	1.0342
3b2424b0-1bc2-4eba-bbba-bbe6d1c1bcec	17	75976560	82959812	2910	0.601
3b2424b0-1bc2-4eba-bbba-bbe6d1c1bcec	18	326691	14661644	8272	0.054
3b2424b0-1bc2-4eba-bbba-bbe6d1c1bcec	18	21109102	24096428	1555	0.4316
3b2424b0-1bc2-4eba-bbba-bbe6d1c1bcec	18	24101005	25444441	951	0.9458
3b2424b0-1bc2-4eba-bbba-bbe6d1c1bcec	18	25447880	27421821	1292	0.428
3b2424b0-1bc2-4eba-bbba-bbe6d1c1bcec	18	27429095	27527992	53	0.0592
3b2424b0-1bc2-4eba-bbba-bbe6d1c1bcec	18	27535245	29346232	1058	-0.5276
3b2424b0-1bc2-4eba-bbba-bbe6d1c1bcec	18	29351376	35926909	3934	1.2395
3b2424b0-1bc2-4eba-bbba-bbe6d1c1bcec	18	35927177	36453704	373	1.0782
3b2424b0-1bc2-4eba-bbba-bbe6d1c1bcec	18	36455733	41532376	3170	1.237
3b2424b0-1bc2-4eba-bbba-bbe6d1c1bcec	18	41533188	42138648	378	1.0849
3b2424b0-1bc2-4eba-bbba-bbe6d1c1bcec	18	42140584	46491296	2611	1.2515
3b2424b0-1bc2-4eba-bbba-bbe6d1c1bcec	18	46491930	47632345	663	1.3888
3b2424b0-1bc2-4eba-bbba-bbe6d1c1bcec	18	47633127	62608699	9994	-0.5127
3b2424b0-1bc2-4eba-bbba-bbe6d1c1bcec	18	62609516	63335900	527	0.0372
3b2424b0-1bc2-4eba-bbba-bbe6d1c1bcec	18	63338880	75065400	5210	-0.5402
3b2424b0-1bc2-4eba-bbba-bbe6d1c1bcec	18	75065516	75065741	2	-2.7347
3b2424b0-1bc2-4eba-bbba-bbe6d1c1bcec	18	75066260	79349796	2884	-0.5532
3b2424b0-1bc2-4eba-bbba-bbe6d1c1bcec	19	283868	301349	7	-0.3913
3b2424b0-1bc2-4eba-bbba-bbe6d1c1bcec	19	301399	3188129	686	-0.2319
3b2424b0-1bc2-4eba-bbba-bbe6d1c1bcec	19	3197373	19835282	7041	0.2299
3b2424b0-1bc2-4eba-bbba-bbe6d1c1bcec	19	19836130	23872082	1325	0.1571
3b2424b0-1bc2-4eba-bbba-bbe6d1c1bcec	19	27749470	29122280	1077	0.3735
3b2424b0-1bc2-4eba-bbba-bbe6d1c1bcec	19	29122412	29737109	472	0.0172
3b2424b0-1bc2-4eba-bbba-bbe6d1c1bcec	19	29738445	29842851	101	1.4678
3b2424b0-1bc2-4eba-bbba-bbe6d1c1bcec	19	29848233	30624174	533	0.2552
3b2424b0-1bc2-4eba-bbba-bbe6d1c1bcec	19	30624298	30793899	104	-0.1844
3b2424b0-1bc2-4eba-bbba-bbe6d1c1bcec	19	30797211	30797633	2	1.2842
3b2424b0-1bc2-4eba-bbba-bbe6d1c1bcec	19	30799692	32391114	1149	-0.1929
3b2424b0-1bc2-4eba-bbba-bbe6d1c1bcec	19	32396685	32404312	7	0.5105
3b2424b0-1bc2-4eba-bbba-bbe6d1c1bcec	19	32407780	32825417	242	0.8135
3b2424b0-1bc2-4eba-bbba-bbe6d1c1bcec	19	32825507	33632584	484	0.5968
3b2424b0-1bc2-4eba-bbba-bbe6d1c1bcec	19	33639183	34110613	357	0.2779
3b2424b0-1bc2-4eba-bbba-bbe6d1c1bcec	19	34117010	34527054	226	0.2191
3b2424b0-1bc2-4eba-bbba-bbe6d1c1bcec	19	34530808	35071409	339	-0.1287
3b2424b0-1bc2-4eba-bbba-bbe6d1c1bcec	19	35078135	35247044	138	0.1725
3b2424b0-1bc2-4eba-bbba-bbe6d1c1bcec	19	35247380	35608642	226	-0.1288
3b2424b0-1bc2-4eba-bbba-bbe6d1c1bcec	19	35609689	36028863	158	0.2907
3b2424b0-1bc2-4eba-bbba-bbe6d1c1bcec	19	36029863	36990251	487	-0.1355
3b2424b0-1bc2-4eba-bbba-bbe6d1c1bcec	19	37003206	37097849	46	0.6364
3b2424b0-1bc2-4eba-bbba-bbe6d1c1bcec	19	37103889	37264829	63	0.3784
3b2424b0-1bc2-4eba-bbba-bbe6d1c1bcec	19	37303948	38216349	474	0.6208
3b2424b0-1bc2-4eba-bbba-bbe6d1c1bcec	19	38216363	38232352	12	0.3187
3b2424b0-1bc2-4eba-bbba-bbe6d1c1bcec	19	38234776	38535312	146	0.5261
3b2424b0-1bc2-4eba-bbba-bbe6d1c1bcec	19	38537926	38844171	160	0.3862
3b2424b0-1bc2-4eba-bbba-bbe6d1c1bcec	19	38844634	40015464	528	0.6861
3b2424b0-1bc2-4eba-bbba-bbe6d1c1bcec	19	40023538	41074705	446	0.4072
3b2424b0-1bc2-4eba-bbba-bbe6d1c1bcec	19	41078353	41192785	41	0.6854
3b2424b0-1bc2-4eba-bbba-bbe6d1c1bcec	19	41196760	42711176	656	0.4214
3b2424b0-1bc2-4eba-bbba-bbe6d1c1bcec	19	42712819	45905098	1216	-0.1448
3b2424b0-1bc2-4eba-bbba-bbe6d1c1bcec	19	45908698	46303373	204	0.2703
3b2424b0-1bc2-4eba-bbba-bbe6d1c1bcec	19	46305354	52582921	2547	-0.1315
3b2424b0-1bc2-4eba-bbba-bbe6d1c1bcec	19	52596332	54645888	578	0.0345
3b2424b0-1bc2-4eba-bbba-bbe6d1c1bcec	19	54646481	55816010	462	-0.7911
3b2424b0-1bc2-4eba-bbba-bbe6d1c1bcec	19	55816119	55819883	6	-2.0555
3b2424b0-1bc2-4eba-bbba-bbe6d1c1bcec	19	55819962	56932871	616	-0.8362
3b2424b0-1bc2-4eba-bbba-bbe6d1c1bcec	19	56933579	57042718	88	0.0505
3b2424b0-1bc2-4eba-bbba-bbe6d1c1bcec	19	57042807	58370362	681	-0.7877
3b2424b0-1bc2-4eba-bbba-bbe6d1c1bcec	20	472817	995626	393	-0.8556
3b2424b0-1bc2-4eba-bbba-bbe6d1c1bcec	20	1210212	1455462	152	0.2708
3b2424b0-1bc2-4eba-bbba-bbe6d1c1bcec	20	1456503	2067190	438	0.4425
3b2424b0-1bc2-4eba-bbba-bbe6d1c1bcec	20	2068452	2657501	520	0.3131
3b2424b0-1bc2-4eba-bbba-bbe6d1c1bcec	20	2658924	7196269	2606	0.4257
3b2424b0-1bc2-4eba-bbba-bbe6d1c1bcec	20	7199306	8104743	645	0.9462
3b2424b0-1bc2-4eba-bbba-bbe6d1c1bcec	20	8605879	9371915	591	0.7226
3b2424b0-1bc2-4eba-bbba-bbe6d1c1bcec	20	9372921	9378526	5	0.2138
3b2424b0-1bc2-4eba-bbba-bbe6d1c1bcec	20	9383150	10507000	941	-0.5591
3b2424b0-1bc2-4eba-bbba-bbe6d1c1bcec	20	10514417	13958143	2404	1.3364
3b2424b0-1bc2-4eba-bbba-bbe6d1c1bcec	20	13961811	17733971	2655	1.185
3b2424b0-1bc2-4eba-bbba-bbe6d1c1bcec	20	17735284	18271104	377	1.3183
3b2424b0-1bc2-4eba-bbba-bbe6d1c1bcec	20	18271195	24168561	4240	1.1593
3b2424b0-1bc2-4eba-bbba-bbe6d1c1bcec	20	24170308	24379350	156	0.6347
3b2424b0-1bc2-4eba-bbba-bbe6d1c1bcec	20	24381032	24384241	3	1.1811
3b2424b0-1bc2-4eba-bbba-bbe6d1c1bcec	20	24385078	24993765	320	1.6793
3b2424b0-1bc2-4eba-bbba-bbe6d1c1bcec	20	24994350	25117156	79	1.2921
3b2424b0-1bc2-4eba-bbba-bbe6d1c1bcec	20	25124253	25916908	339	0.9556
3b2424b0-1bc2-4eba-bbba-bbe6d1c1bcec	20	25917655	25950102	13	0.5468
3b2424b0-1bc2-4eba-bbba-bbe6d1c1bcec	20	25956490	26004879	18	0.859
3b2424b0-1bc2-4eba-bbba-bbe6d1c1bcec	20	26009159	26217295	64	1.4684
3b2424b0-1bc2-4eba-bbba-bbe6d1c1bcec	20	31247668	63588502	20600	0.0551
3b2424b0-1bc2-4eba-bbba-bbe6d1c1bcec	21	13974127	30610669	10741	-0.0039
3b2424b0-1bc2-4eba-bbba-bbe6d1c1bcec	21	30614968	34110946	2206	0.0421
3b2424b0-1bc2-4eba-bbba-bbe6d1c1bcec	21	34113888	41500047	5448	0.3219
3b2424b0-1bc2-4eba-bbba-bbe6d1c1bcec	21	41500386	45170868	1849	0.3661
3b2424b0-1bc2-4eba-bbba-bbe6d1c1bcec	21	45173333	46262057	356	0.3152
3b2424b0-1bc2-4eba-bbba-bbe6d1c1bcec	22	16934932	18131162	766	-0.8424
3b2424b0-1bc2-4eba-bbba-bbe6d1c1bcec	22	21741482	21949041	94	0.4986
3b2424b0-1bc2-4eba-bbba-bbe6d1c1bcec	22	23474170	25939332	1165	-0.8262
3b2424b0-1bc2-4eba-bbba-bbe6d1c1bcec	22	25939772	26073263	135	0.0224
3b2424b0-1bc2-4eba-bbba-bbe6d1c1bcec	22	26076040	27140987	1034	-0.8647
3b2424b0-1bc2-4eba-bbba-bbe6d1c1bcec	22	27142363	27144228	4	-4.3196
3b2424b0-1bc2-4eba-bbba-bbe6d1c1bcec	22	27144358	29138633	1371	-0.8629
3b2424b0-1bc2-4eba-bbba-bbe6d1c1bcec	22	29139822	29139873	2	-4.1735
3b2424b0-1bc2-4eba-bbba-bbe6d1c1bcec	22	29139901	30463495	696	-0.7988
3b2424b0-1bc2-4eba-bbba-bbe6d1c1bcec	22	30468705	31681068	633	0.0573
3b2424b0-1bc2-4eba-bbba-bbe6d1c1bcec	22	31681261	37652027	4207	-0.8515
3b2424b0-1bc2-4eba-bbba-bbe6d1c1bcec	22	37659826	42301210	2225	-0.7586
3b2424b0-1bc2-4eba-bbba-bbe6d1c1bcec	22	42302568	48940621	4573	-0.878
3b2424b0-1bc2-4eba-bbba-bbe6d1c1bcec	X	3236359	56787154	23369	0.035
3b2424b0-1bc2-4eba-bbba-bbe6d1c1bcec	X	56787285	56787668	2	-3.3405
3b2424b0-1bc2-4eba-bbba-bbe6d1c1bcec	X	56789589	74002991	4809	0.0139
3b2424b0-1bc2-4eba-bbba-bbe6d1c1bcec	X	74003005	107750928	13559	-0.0254
3b2424b0-1bc2-4eba-bbba-bbe6d1c1bcec	X	107751177	107753097	2	-3.0756
3b2424b0-1bc2-4eba-bbba-bbe6d1c1bcec	X	107755673	150096148	20221	-0.015
3b2424b0-1bc2-4eba-bbba-bbe6d1c1bcec	X	150097155	155677414	1871	0.0281
