GDC_Aliquot	Chromosome	Start	End	Num_Probes	Segment_Mean
08cbe251-e8b7-40ff-837f-9826fe7fb354	1	3301765	3968222	347	0.159
08cbe251-e8b7-40ff-837f-9826fe7fb354	1	3968864	3975476	8	-0.516
08cbe251-e8b7-40ff-837f-9826fe7fb354	1	3976135	4175753	125	0.1352
08cbe251-e8b7-40ff-837f-9826fe7fb354	1	4176922	5683449	1229	-0.014
08cbe251-e8b7-40ff-837f-9826fe7fb354	1	5684903	5800430	77	0.2055
08cbe251-e8b7-40ff-837f-9826fe7fb354	1	5801045	5806760	2	-1.3932
08cbe251-e8b7-40ff-837f-9826fe7fb354	1	5811391	6162823	192	0.2367
08cbe251-e8b7-40ff-837f-9826fe7fb354	1	6176837	8804580	1440	0.0617
08cbe251-e8b7-40ff-837f-9826fe7fb354	1	8809764	9086792	171	-0.0716
08cbe251-e8b7-40ff-837f-9826fe7fb354	1	9091266	9093921	4	-1.1567
08cbe251-e8b7-40ff-837f-9826fe7fb354	1	9097101	18230966	4602	0.0007
08cbe251-e8b7-40ff-837f-9826fe7fb354	1	18231251	18236955	8	-0.9853
08cbe251-e8b7-40ff-837f-9826fe7fb354	1	18237189	23631293	3237	0.0026
08cbe251-e8b7-40ff-837f-9826fe7fb354	1	23632431	23633123	2	-2.0093
08cbe251-e8b7-40ff-837f-9826fe7fb354	1	23634378	39065601	7807	-0.0313
08cbe251-e8b7-40ff-837f-9826fe7fb354	1	39066042	39820333	327	0.0595
08cbe251-e8b7-40ff-837f-9826fe7fb354	1	39820928	40093951	158	-0.0792
08cbe251-e8b7-40ff-837f-9826fe7fb354	1	40094159	41639547	818	0.0502
08cbe251-e8b7-40ff-837f-9826fe7fb354	1	41643079	42104716	345	-0.0781
08cbe251-e8b7-40ff-837f-9826fe7fb354	1	42105132	43507617	828	0.0359
08cbe251-e8b7-40ff-837f-9826fe7fb354	1	43509093	43514474	9	-0.6053
08cbe251-e8b7-40ff-837f-9826fe7fb354	1	43514948	43780892	154	0.1046
08cbe251-e8b7-40ff-837f-9826fe7fb354	1	43783007	50377874	3392	-0.0423
08cbe251-e8b7-40ff-837f-9826fe7fb354	1	50378209	55277768	2552	0.0284
08cbe251-e8b7-40ff-837f-9826fe7fb354	1	55278385	58748753	2833	-0.0522
08cbe251-e8b7-40ff-837f-9826fe7fb354	1	58749590	59281308	415	-0.1922
08cbe251-e8b7-40ff-837f-9826fe7fb354	1	59285254	74671714	9677	-0.0037
08cbe251-e8b7-40ff-837f-9826fe7fb354	1	74676521	74684238	13	-0.887
08cbe251-e8b7-40ff-837f-9826fe7fb354	1	74688687	76030919	760	0.0147
08cbe251-e8b7-40ff-837f-9826fe7fb354	1	76030978	76032026	3	-2.6259
08cbe251-e8b7-40ff-837f-9826fe7fb354	1	76034168	76317190	260	-0.1134
08cbe251-e8b7-40ff-837f-9826fe7fb354	1	76317706	76318951	2	-2.1527
08cbe251-e8b7-40ff-837f-9826fe7fb354	1	76319634	76804277	338	-0.115
08cbe251-e8b7-40ff-837f-9826fe7fb354	1	76804325	115075432	22665	-0.0062
08cbe251-e8b7-40ff-837f-9826fe7fb354	1	115076255	115310122	222	-0.1024
08cbe251-e8b7-40ff-837f-9826fe7fb354	1	115312381	115352756	45	-0.6018
08cbe251-e8b7-40ff-837f-9826fe7fb354	1	115353217	165969923	12436	-0.0337
08cbe251-e8b7-40ff-837f-9826fe7fb354	1	165970244	165970619	2	2.2876
08cbe251-e8b7-40ff-837f-9826fe7fb354	1	165976471	182560114	10659	-0.0212
08cbe251-e8b7-40ff-837f-9826fe7fb354	1	182563413	201634599	11471	0.0123
08cbe251-e8b7-40ff-837f-9826fe7fb354	1	201636588	201636885	2	-2.197
08cbe251-e8b7-40ff-837f-9826fe7fb354	1	201636988	203099256	848	0.015
08cbe251-e8b7-40ff-837f-9826fe7fb354	1	203103549	203109620	2	-1.3571
08cbe251-e8b7-40ff-837f-9826fe7fb354	1	203110336	203178534	51	0.1624
08cbe251-e8b7-40ff-837f-9826fe7fb354	1	203179794	206483839	2020	-0.0115
08cbe251-e8b7-40ff-837f-9826fe7fb354	1	206487811	206981943	361	-0.1794
08cbe251-e8b7-40ff-837f-9826fe7fb354	1	206982929	218921277	8261	-0.0059
08cbe251-e8b7-40ff-837f-9826fe7fb354	1	218921663	218922081	2	-2.6039
08cbe251-e8b7-40ff-837f-9826fe7fb354	1	218923889	224918097	3775	-0.0329
08cbe251-e8b7-40ff-837f-9826fe7fb354	1	224920030	225374683	230	0.0719
08cbe251-e8b7-40ff-837f-9826fe7fb354	1	225382173	225390317	8	-0.6684
08cbe251-e8b7-40ff-837f-9826fe7fb354	1	225392436	229783401	2393	0.0248
08cbe251-e8b7-40ff-837f-9826fe7fb354	1	229785166	230093233	215	-0.1327
08cbe251-e8b7-40ff-837f-9826fe7fb354	1	230093577	233390216	2360	0.0312
08cbe251-e8b7-40ff-837f-9826fe7fb354	1	233390445	233390965	2	-2.0446
08cbe251-e8b7-40ff-837f-9826fe7fb354	1	233394786	247650984	9182	0.0314
08cbe251-e8b7-40ff-837f-9826fe7fb354	2	480597	3887953	1538	0.1355
08cbe251-e8b7-40ff-837f-9826fe7fb354	2	3895090	15997718	8423	0.021
08cbe251-e8b7-40ff-837f-9826fe7fb354	2	15998556	23361936	4948	-0.0393
08cbe251-e8b7-40ff-837f-9826fe7fb354	2	23370583	27568524	1980	0.0532
08cbe251-e8b7-40ff-837f-9826fe7fb354	2	27568688	27581247	3	-1.3174
08cbe251-e8b7-40ff-837f-9826fe7fb354	2	27584730	29494716	1086	0.0426
08cbe251-e8b7-40ff-837f-9826fe7fb354	2	29496952	29949965	396	-0.149
08cbe251-e8b7-40ff-837f-9826fe7fb354	2	29949995	41766444	6241	0.0114
08cbe251-e8b7-40ff-837f-9826fe7fb354	2	41766586	41772198	5	-2.3611
08cbe251-e8b7-40ff-837f-9826fe7fb354	2	41772218	217407175	92607	0.0098
08cbe251-e8b7-40ff-837f-9826fe7fb354	2	217424634	217431761	15	-0.9804
08cbe251-e8b7-40ff-837f-9826fe7fb354	2	217432539	217440440	9	0.3338
08cbe251-e8b7-40ff-837f-9826fe7fb354	2	217444986	217511030	51	-0.2115
08cbe251-e8b7-40ff-837f-9826fe7fb354	2	217511680	217528029	11	0.3294
08cbe251-e8b7-40ff-837f-9826fe7fb354	2	217532055	217535370	6	-1.0483
08cbe251-e8b7-40ff-837f-9826fe7fb354	2	217535892	220003749	1342	-0.0094
08cbe251-e8b7-40ff-837f-9826fe7fb354	2	220004388	220012910	10	-0.757
08cbe251-e8b7-40ff-837f-9826fe7fb354	2	220023925	222093938	1447	-0.0126
08cbe251-e8b7-40ff-837f-9826fe7fb354	2	222095302	222104405	13	-0.6667
08cbe251-e8b7-40ff-837f-9826fe7fb354	2	222105332	225825937	2440	0.0174
08cbe251-e8b7-40ff-837f-9826fe7fb354	2	225831020	225831250	3	2.1571
08cbe251-e8b7-40ff-837f-9826fe7fb354	2	225832712	235412363	5595	0.0199
08cbe251-e8b7-40ff-837f-9826fe7fb354	2	235417810	236134495	463	0.1617
08cbe251-e8b7-40ff-837f-9826fe7fb354	2	236140207	238586000	1571	0.0584
08cbe251-e8b7-40ff-837f-9826fe7fb354	2	238586836	241537572	1584	0.1333
08cbe251-e8b7-40ff-837f-9826fe7fb354	3	2170634	6135604	1886	-0.0415
08cbe251-e8b7-40ff-837f-9826fe7fb354	3	6136870	6167442	25	-0.6047
08cbe251-e8b7-40ff-837f-9826fe7fb354	3	6169242	13048225	4623	-0.022
08cbe251-e8b7-40ff-837f-9826fe7fb354	3	13049928	13399520	254	0.1639
08cbe251-e8b7-40ff-837f-9826fe7fb354	3	13401301	13428111	15	-0.285
08cbe251-e8b7-40ff-837f-9826fe7fb354	3	13429390	13481557	35	0.0119
08cbe251-e8b7-40ff-837f-9826fe7fb354	3	13485973	13494131	7	-0.2686
08cbe251-e8b7-40ff-837f-9826fe7fb354	3	13495065	13685341	118	0.1429
08cbe251-e8b7-40ff-837f-9826fe7fb354	3	13687377	24945776	6371	-0.0339
08cbe251-e8b7-40ff-837f-9826fe7fb354	3	24947447	24950202	3	-3.3933
08cbe251-e8b7-40ff-837f-9826fe7fb354	3	24951006	25009290	55	-0.0161
08cbe251-e8b7-40ff-837f-9826fe7fb354	3	25010183	25012152	8	-0.7591
08cbe251-e8b7-40ff-837f-9826fe7fb354	3	25012355	25070680	46	-0.0265
08cbe251-e8b7-40ff-837f-9826fe7fb354	3	25070908	25075367	9	0.4352
08cbe251-e8b7-40ff-837f-9826fe7fb354	3	25076774	25090079	11	-0.0891
08cbe251-e8b7-40ff-837f-9826fe7fb354	3	25090336	25093392	4	-1.278
08cbe251-e8b7-40ff-837f-9826fe7fb354	3	25093994	25253026	136	0.0302
08cbe251-e8b7-40ff-837f-9826fe7fb354	3	25253750	25365019	104	-0.1772
08cbe251-e8b7-40ff-837f-9826fe7fb354	3	25365257	25532928	231	0.0744
08cbe251-e8b7-40ff-837f-9826fe7fb354	3	25535750	25564969	43	-0.2651
08cbe251-e8b7-40ff-837f-9826fe7fb354	3	25565107	25571456	11	-0.0284
08cbe251-e8b7-40ff-837f-9826fe7fb354	3	25574481	25579868	20	0.4095
08cbe251-e8b7-40ff-837f-9826fe7fb354	3	25579949	25938994	235	0.0084
08cbe251-e8b7-40ff-837f-9826fe7fb354	3	25939090	26420403	3	-1.8485
08cbe251-e8b7-40ff-837f-9826fe7fb354	3	26421107	26525488	74	-0.001
08cbe251-e8b7-40ff-837f-9826fe7fb354	3	26526402	26592741	42	-0.4869
08cbe251-e8b7-40ff-837f-9826fe7fb354	3	26593508	43811697	10500	-0.0334
08cbe251-e8b7-40ff-837f-9826fe7fb354	3	43813124	43813177	2	-2.4867
08cbe251-e8b7-40ff-837f-9826fe7fb354	3	43814643	45952114	1211	0.0143
08cbe251-e8b7-40ff-837f-9826fe7fb354	3	45952481	46203933	163	-0.1487
08cbe251-e8b7-40ff-837f-9826fe7fb354	3	46207509	46222821	13	-0.5763
08cbe251-e8b7-40ff-837f-9826fe7fb354	3	46223797	46932610	386	0.078
08cbe251-e8b7-40ff-837f-9826fe7fb354	3	46933827	52320756	2086	-0.0285
08cbe251-e8b7-40ff-837f-9826fe7fb354	3	52321551	53626003	687	0.0412
08cbe251-e8b7-40ff-837f-9826fe7fb354	3	53628591	53629265	5	-0.669
08cbe251-e8b7-40ff-837f-9826fe7fb354	3	53629808	53768236	124	0.0499
08cbe251-e8b7-40ff-837f-9826fe7fb354	3	53768268	53820041	45	0.3521
08cbe251-e8b7-40ff-837f-9826fe7fb354	3	53820460	54154671	193	0.0231
08cbe251-e8b7-40ff-837f-9826fe7fb354	3	54156720	54160687	3	0.8831
08cbe251-e8b7-40ff-837f-9826fe7fb354	3	54162539	54204031	35	-0.077
08cbe251-e8b7-40ff-837f-9826fe7fb354	3	54208014	54211046	4	-1.3295
08cbe251-e8b7-40ff-837f-9826fe7fb354	3	54211247	62650944	4860	-0.0165
08cbe251-e8b7-40ff-837f-9826fe7fb354	3	62654546	62684964	30	-0.5402
08cbe251-e8b7-40ff-837f-9826fe7fb354	3	62712575	63620802	709	-0.0341
08cbe251-e8b7-40ff-837f-9826fe7fb354	3	63622923	63658865	36	-0.504
08cbe251-e8b7-40ff-837f-9826fe7fb354	3	63658977	65032849	1165	-0.0499
08cbe251-e8b7-40ff-837f-9826fe7fb354	3	65032954	65033767	5	-1.5671
08cbe251-e8b7-40ff-837f-9826fe7fb354	3	65035121	65164408	115	-0.0566
08cbe251-e8b7-40ff-837f-9826fe7fb354	3	65164890	65168085	13	-0.7731
08cbe251-e8b7-40ff-837f-9826fe7fb354	3	65170612	68349225	2089	0.0009
08cbe251-e8b7-40ff-837f-9826fe7fb354	3	68349317	68358173	13	-0.7798
08cbe251-e8b7-40ff-837f-9826fe7fb354	3	68358730	70275867	1475	-0.0237
08cbe251-e8b7-40ff-837f-9826fe7fb354	3	70278969	70284931	11	-0.8436
08cbe251-e8b7-40ff-837f-9826fe7fb354	3	70294303	71424984	735	0.0157
08cbe251-e8b7-40ff-837f-9826fe7fb354	3	71425065	72783078	984	-0.1163
08cbe251-e8b7-40ff-837f-9826fe7fb354	3	72785295	87359484	7633	0.0185
08cbe251-e8b7-40ff-837f-9826fe7fb354	3	87366148	125987203	19380	-0.0128
08cbe251-e8b7-40ff-837f-9826fe7fb354	3	125988232	130382161	2325	0.0437
08cbe251-e8b7-40ff-837f-9826fe7fb354	3	130382605	130385880	6	-2.399
08cbe251-e8b7-40ff-837f-9826fe7fb354	3	130386380	139688542	5280	-0.0209
08cbe251-e8b7-40ff-837f-9826fe7fb354	3	139690692	140380799	589	-0.172
08cbe251-e8b7-40ff-837f-9826fe7fb354	3	140383873	141134344	472	0.006
08cbe251-e8b7-40ff-837f-9826fe7fb354	3	141135272	141249589	61	-0.2999
08cbe251-e8b7-40ff-837f-9826fe7fb354	3	141250187	141345111	71	0.1328
08cbe251-e8b7-40ff-837f-9826fe7fb354	3	141345254	141420488	45	-0.2284
08cbe251-e8b7-40ff-837f-9826fe7fb354	3	141423238	141684468	138	0.0033
08cbe251-e8b7-40ff-837f-9826fe7fb354	3	141693033	141721575	24	-0.4334
08cbe251-e8b7-40ff-837f-9826fe7fb354	3	141725027	141779597	32	0.0973
08cbe251-e8b7-40ff-837f-9826fe7fb354	3	141782994	141847450	48	-0.163
08cbe251-e8b7-40ff-837f-9826fe7fb354	3	141849347	142899084	340	0.0654
08cbe251-e8b7-40ff-837f-9826fe7fb354	3	142899100	142915870	24	-0.3225
08cbe251-e8b7-40ff-837f-9826fe7fb354	3	142916046	143127528	109	0.0382
08cbe251-e8b7-40ff-837f-9826fe7fb354	3	143127876	143130265	6	-1.9857
08cbe251-e8b7-40ff-837f-9826fe7fb354	3	143130538	174331615	15973	-0.0066
08cbe251-e8b7-40ff-837f-9826fe7fb354	3	174333125	174333248	2	-3.224
08cbe251-e8b7-40ff-837f-9826fe7fb354	3	174334939	177743325	1557	0
08cbe251-e8b7-40ff-837f-9826fe7fb354	3	177744070	177744253	2	-2.2532
08cbe251-e8b7-40ff-837f-9826fe7fb354	3	177744501	178627120	469	-0.0419
08cbe251-e8b7-40ff-837f-9826fe7fb354	3	178668302	178672670	6	-1.3841
08cbe251-e8b7-40ff-837f-9826fe7fb354	3	178673173	185051667	3044	-0.0083
08cbe251-e8b7-40ff-837f-9826fe7fb354	3	185052153	185434325	209	0.1543
08cbe251-e8b7-40ff-837f-9826fe7fb354	3	185434425	186316872	611	-0.0048
08cbe251-e8b7-40ff-837f-9826fe7fb354	3	186318070	186318696	3	-1.8223
08cbe251-e8b7-40ff-837f-9826fe7fb354	3	186319507	189482383	2181	-0.032
08cbe251-e8b7-40ff-837f-9826fe7fb354	3	189486206	189486606	6	1.2154
08cbe251-e8b7-40ff-837f-9826fe7fb354	3	189487243	190454655	690	-0.0274
08cbe251-e8b7-40ff-837f-9826fe7fb354	3	190457362	190569373	79	-0.2944
08cbe251-e8b7-40ff-837f-9826fe7fb354	3	190573379	193186714	1528	0.0275
08cbe251-e8b7-40ff-837f-9826fe7fb354	3	193201584	193204147	9	-0.8865
08cbe251-e8b7-40ff-837f-9826fe7fb354	3	193204668	197812401	1731	0.0404
08cbe251-e8b7-40ff-837f-9826fe7fb354	4	1059384	3307657	908	0.0516
08cbe251-e8b7-40ff-837f-9826fe7fb354	4	3308249	3825300	195	0.2057
08cbe251-e8b7-40ff-837f-9826fe7fb354	4	3838039	4477587	244	0.0751
08cbe251-e8b7-40ff-837f-9826fe7fb354	4	4478417	4595375	80	-0.0444
08cbe251-e8b7-40ff-837f-9826fe7fb354	4	4596740	4607991	8	0.4094
08cbe251-e8b7-40ff-837f-9826fe7fb354	4	4608452	4696271	68	0.0251
08cbe251-e8b7-40ff-837f-9826fe7fb354	4	4703322	4712790	13	-0.4684
08cbe251-e8b7-40ff-837f-9826fe7fb354	4	4713613	4777940	52	0.0008
08cbe251-e8b7-40ff-837f-9826fe7fb354	4	4779382	4783581	7	0.6689
08cbe251-e8b7-40ff-837f-9826fe7fb354	4	4785000	5136696	278	-0.0419
08cbe251-e8b7-40ff-837f-9826fe7fb354	4	5136877	5139164	5	-1.0339
08cbe251-e8b7-40ff-837f-9826fe7fb354	4	5140485	5943449	644	-0.0048
08cbe251-e8b7-40ff-837f-9826fe7fb354	4	5946326	7399845	1034	0.0984
08cbe251-e8b7-40ff-837f-9826fe7fb354	4	7400541	7402400	4	-0.9461
08cbe251-e8b7-40ff-837f-9826fe7fb354	4	7411540	9587686	796	0.1386
08cbe251-e8b7-40ff-837f-9826fe7fb354	4	9594294	19138150	6900	-0.0601
08cbe251-e8b7-40ff-837f-9826fe7fb354	4	19140120	20871693	991	0.0279
08cbe251-e8b7-40ff-837f-9826fe7fb354	4	20872847	20877262	2	-1.9627
08cbe251-e8b7-40ff-837f-9826fe7fb354	4	20879121	21543173	499	0.0194
08cbe251-e8b7-40ff-837f-9826fe7fb354	4	21543229	21550607	11	-0.5966
08cbe251-e8b7-40ff-837f-9826fe7fb354	4	21550849	21595886	43	-0.0472
08cbe251-e8b7-40ff-837f-9826fe7fb354	4	21596751	21601355	11	-0.4857
08cbe251-e8b7-40ff-837f-9826fe7fb354	4	21602138	21745555	103	0.1081
08cbe251-e8b7-40ff-837f-9826fe7fb354	4	21749464	21771877	29	-0.3207
08cbe251-e8b7-40ff-837f-9826fe7fb354	4	21776337	21854318	46	0.0896
08cbe251-e8b7-40ff-837f-9826fe7fb354	4	21856917	21874189	15	0.4225
08cbe251-e8b7-40ff-837f-9826fe7fb354	4	21875493	21963841	76	-0.0082
08cbe251-e8b7-40ff-837f-9826fe7fb354	4	21963860	21977694	14	-0.6416
08cbe251-e8b7-40ff-837f-9826fe7fb354	4	21978139	23215855	649	-0.0015
08cbe251-e8b7-40ff-837f-9826fe7fb354	4	23217282	23218009	3	-2.2462
08cbe251-e8b7-40ff-837f-9826fe7fb354	4	23218640	35453542	7472	-0.0033
08cbe251-e8b7-40ff-837f-9826fe7fb354	4	35453791	35455820	5	-1.658
08cbe251-e8b7-40ff-837f-9826fe7fb354	4	35455872	38911000	2404	-0.0039
08cbe251-e8b7-40ff-837f-9826fe7fb354	4	38914156	41470217	1349	0.0591
08cbe251-e8b7-40ff-837f-9826fe7fb354	4	41472309	41480905	4	-1.0085
08cbe251-e8b7-40ff-837f-9826fe7fb354	4	41482172	42502810	633	0.0696
08cbe251-e8b7-40ff-837f-9826fe7fb354	4	42503704	57879806	6618	-0.0157
08cbe251-e8b7-40ff-837f-9826fe7fb354	4	57881674	57929917	10	-0.9465
08cbe251-e8b7-40ff-837f-9826fe7fb354	4	57930135	75150071	8875	-0.003
08cbe251-e8b7-40ff-837f-9826fe7fb354	4	75150750	75153470	2	-3.0561
08cbe251-e8b7-40ff-837f-9826fe7fb354	4	75153709	75234200	46	-0.1248
08cbe251-e8b7-40ff-837f-9826fe7fb354	4	75234323	75238844	5	0.4644
08cbe251-e8b7-40ff-837f-9826fe7fb354	4	75241056	75248022	8	-0.0482
08cbe251-e8b7-40ff-837f-9826fe7fb354	4	75248131	75258049	10	0.3034
08cbe251-e8b7-40ff-837f-9826fe7fb354	4	75259597	75518358	162	-0.1171
08cbe251-e8b7-40ff-837f-9826fe7fb354	4	75518973	76177018	393	0.0926
08cbe251-e8b7-40ff-837f-9826fe7fb354	4	76177528	77161972	655	-0.0055
08cbe251-e8b7-40ff-837f-9826fe7fb354	4	77166731	77455083	244	-0.2129
08cbe251-e8b7-40ff-837f-9826fe7fb354	4	77455897	119835316	24009	0.0045
08cbe251-e8b7-40ff-837f-9826fe7fb354	4	119835535	119838424	8	-1.3202
08cbe251-e8b7-40ff-837f-9826fe7fb354	4	119843849	122706666	1651	-0.0271
08cbe251-e8b7-40ff-837f-9826fe7fb354	4	122706978	123924796	673	0.0872
08cbe251-e8b7-40ff-837f-9826fe7fb354	4	123928299	125509175	930	-0.03
08cbe251-e8b7-40ff-837f-9826fe7fb354	4	125510184	125510419	3	-2.0065
08cbe251-e8b7-40ff-837f-9826fe7fb354	4	125510645	187842528	33251	0.0133
08cbe251-e8b7-40ff-837f-9826fe7fb354	5	913983	3520733	1529	0.1571
08cbe251-e8b7-40ff-837f-9826fe7fb354	5	3523017	3710531	183	-0.0177
08cbe251-e8b7-40ff-837f-9826fe7fb354	5	3714408	3854114	128	0.1725
08cbe251-e8b7-40ff-837f-9826fe7fb354	5	3859739	35858222	18843	0.0101
08cbe251-e8b7-40ff-837f-9826fe7fb354	5	35858909	35867078	12	-0.9569
08cbe251-e8b7-40ff-837f-9826fe7fb354	5	35868742	40303619	2820	-0.0133
08cbe251-e8b7-40ff-837f-9826fe7fb354	5	40307877	40309897	3	-1.6562
08cbe251-e8b7-40ff-837f-9826fe7fb354	5	40310671	44605924	2231	-0.0251
08cbe251-e8b7-40ff-837f-9826fe7fb354	5	44611548	44612045	3	1.6196
08cbe251-e8b7-40ff-837f-9826fe7fb354	5	44620113	53845509	2064	-0.016
08cbe251-e8b7-40ff-837f-9826fe7fb354	5	53847436	53848329	3	1.9537
08cbe251-e8b7-40ff-837f-9826fe7fb354	5	53857827	54476552	435	0.0319
08cbe251-e8b7-40ff-837f-9826fe7fb354	5	54477787	55095197	453	-0.0884
08cbe251-e8b7-40ff-837f-9826fe7fb354	5	55095727	55109090	11	-0.4126
08cbe251-e8b7-40ff-837f-9826fe7fb354	5	55109109	56531325	840	0.0498
08cbe251-e8b7-40ff-837f-9826fe7fb354	5	56532328	57943143	947	-0.0553
08cbe251-e8b7-40ff-837f-9826fe7fb354	5	57944940	57950286	8	-0.8793
08cbe251-e8b7-40ff-837f-9826fe7fb354	5	57951892	58094588	73	0.0241
08cbe251-e8b7-40ff-837f-9826fe7fb354	5	58094791	58099860	13	-0.7468
08cbe251-e8b7-40ff-837f-9826fe7fb354	5	58104928	67696977	5525	-0.0173
08cbe251-e8b7-40ff-837f-9826fe7fb354	5	67697435	67697868	2	-2.3344
08cbe251-e8b7-40ff-837f-9826fe7fb354	5	67701773	75944306	3891	-0.0205
08cbe251-e8b7-40ff-837f-9826fe7fb354	5	75947587	76008281	53	-0.4666
08cbe251-e8b7-40ff-837f-9826fe7fb354	5	76008327	113181912	19766	-0.0003
08cbe251-e8b7-40ff-837f-9826fe7fb354	5	113182369	113197053	12	-0.9359
08cbe251-e8b7-40ff-837f-9826fe7fb354	5	113199247	124540734	6621	-0.0253
08cbe251-e8b7-40ff-837f-9826fe7fb354	5	124541229	124544578	8	-1.1141
08cbe251-e8b7-40ff-837f-9826fe7fb354	5	124547832	125934755	903	-0.0002
08cbe251-e8b7-40ff-837f-9826fe7fb354	5	125935696	125974214	2	-2.289
08cbe251-e8b7-40ff-837f-9826fe7fb354	5	125974840	135391223	5398	0.0149
08cbe251-e8b7-40ff-837f-9826fe7fb354	5	135391981	135396323	10	-0.8307
08cbe251-e8b7-40ff-837f-9826fe7fb354	5	135403605	136005993	453	0.0175
08cbe251-e8b7-40ff-837f-9826fe7fb354	5	136008474	137605705	1102	-0.0977
08cbe251-e8b7-40ff-837f-9826fe7fb354	5	137609712	145447168	4229	-0.0122
08cbe251-e8b7-40ff-837f-9826fe7fb354	5	145449724	145450565	2	-1.9617
08cbe251-e8b7-40ff-837f-9826fe7fb354	5	145452030	148782731	2136	-0.0148
08cbe251-e8b7-40ff-837f-9826fe7fb354	5	148783392	149263344	375	-0.1901
08cbe251-e8b7-40ff-837f-9826fe7fb354	5	149263520	151047724	1124	0.032
08cbe251-e8b7-40ff-837f-9826fe7fb354	5	151048548	152058099	728	-0.0393
08cbe251-e8b7-40ff-837f-9826fe7fb354	5	152061570	152069619	11	-0.8996
08cbe251-e8b7-40ff-837f-9826fe7fb354	5	152070303	153129010	666	-0.0771
08cbe251-e8b7-40ff-837f-9826fe7fb354	5	153129441	153131875	2	-2.0592
08cbe251-e8b7-40ff-837f-9826fe7fb354	5	153132314	158368305	3467	-0.0521
08cbe251-e8b7-40ff-837f-9826fe7fb354	5	158369078	158402564	38	-0.5575
08cbe251-e8b7-40ff-837f-9826fe7fb354	5	158402678	160968906	1696	-0.0635
08cbe251-e8b7-40ff-837f-9826fe7fb354	5	160969189	160978268	13	-0.9453
08cbe251-e8b7-40ff-837f-9826fe7fb354	5	160979476	161455503	329	-0.076
08cbe251-e8b7-40ff-837f-9826fe7fb354	5	161456358	169704343	5359	0.0078
08cbe251-e8b7-40ff-837f-9826fe7fb354	5	169705371	170621204	731	-0.1163
08cbe251-e8b7-40ff-837f-9826fe7fb354	5	170630335	173674912	1764	0.0229
08cbe251-e8b7-40ff-837f-9826fe7fb354	5	173675228	173679888	9	-0.7017
08cbe251-e8b7-40ff-837f-9826fe7fb354	5	173680631	173782861	100	0.0304
08cbe251-e8b7-40ff-837f-9826fe7fb354	5	173783045	173787246	10	-0.39
08cbe251-e8b7-40ff-837f-9826fe7fb354	5	173787693	173830618	46	0.1184
08cbe251-e8b7-40ff-837f-9826fe7fb354	5	173833594	173853106	18	-0.4344
08cbe251-e8b7-40ff-837f-9826fe7fb354	5	173853429	173880337	27	-0.1229
08cbe251-e8b7-40ff-837f-9826fe7fb354	5	173880940	173886504	4	-0.5695
08cbe251-e8b7-40ff-837f-9826fe7fb354	5	173887361	174263469	258	-0.0204
08cbe251-e8b7-40ff-837f-9826fe7fb354	5	174263806	174305747	41	-0.371
08cbe251-e8b7-40ff-837f-9826fe7fb354	5	174306298	178216100	1807	-0.0191
08cbe251-e8b7-40ff-837f-9826fe7fb354	5	178216453	178418415	103	0.193
08cbe251-e8b7-40ff-837f-9826fe7fb354	5	178418759	178429604	11	0.0773
08cbe251-e8b7-40ff-837f-9826fe7fb354	5	178430348	178432088	4	-0.7798
08cbe251-e8b7-40ff-837f-9826fe7fb354	5	178435819	179126018	410	0.0385
08cbe251-e8b7-40ff-837f-9826fe7fb354	5	179129277	179614961	288	0.185
08cbe251-e8b7-40ff-837f-9826fe7fb354	5	179618062	179762576	66	-0.1447
08cbe251-e8b7-40ff-837f-9826fe7fb354	5	179763543	180799516	485	0.1207
08cbe251-e8b7-40ff-837f-9826fe7fb354	5	180799571	180914895	59	-0.1054
08cbe251-e8b7-40ff-837f-9826fe7fb354	5	180919084	180934240	8	0.6193
08cbe251-e8b7-40ff-837f-9826fe7fb354	6	1011760	5047778	2874	0.0316
08cbe251-e8b7-40ff-837f-9826fe7fb354	6	5048082	5058350	13	-0.6537
08cbe251-e8b7-40ff-837f-9826fe7fb354	6	5058939	5834857	523	0.0429
08cbe251-e8b7-40ff-837f-9826fe7fb354	6	5838320	6599009	693	-0.1068
08cbe251-e8b7-40ff-837f-9826fe7fb354	6	6599429	9840295	2333	0.011
08cbe251-e8b7-40ff-837f-9826fe7fb354	6	9843342	9844756	3	-1.7422
08cbe251-e8b7-40ff-837f-9826fe7fb354	6	9844809	12871988	2093	0.0189
08cbe251-e8b7-40ff-837f-9826fe7fb354	6	12872208	15926333	2067	-0.0341
08cbe251-e8b7-40ff-837f-9826fe7fb354	6	15926418	15950727	21	-0.5871
08cbe251-e8b7-40ff-837f-9826fe7fb354	6	15953145	16945824	778	-0.0016
08cbe251-e8b7-40ff-837f-9826fe7fb354	6	16946114	16946808	2	1.3911
08cbe251-e8b7-40ff-837f-9826fe7fb354	6	16949101	17259408	150	-0.07
08cbe251-e8b7-40ff-837f-9826fe7fb354	6	17259449	19363235	1414	0.0394
08cbe251-e8b7-40ff-837f-9826fe7fb354	6	19363986	19374020	12	-0.5635
08cbe251-e8b7-40ff-837f-9826fe7fb354	6	19374847	19429298	45	-0.0149
08cbe251-e8b7-40ff-837f-9826fe7fb354	6	19429851	19430032	2	1.8471
08cbe251-e8b7-40ff-837f-9826fe7fb354	6	19434476	19444267	17	0.1829
08cbe251-e8b7-40ff-837f-9826fe7fb354	6	19444346	19452796	10	-0.499
08cbe251-e8b7-40ff-837f-9826fe7fb354	6	19453363	19899568	313	0.09
08cbe251-e8b7-40ff-837f-9826fe7fb354	6	19900210	20025843	108	-0.1688
08cbe251-e8b7-40ff-837f-9826fe7fb354	6	20027509	20536289	359	0.0152
08cbe251-e8b7-40ff-837f-9826fe7fb354	6	20538434	20577538	21	0.4352
08cbe251-e8b7-40ff-837f-9826fe7fb354	6	20578145	20632814	41	0.0316
08cbe251-e8b7-40ff-837f-9826fe7fb354	6	20639373	20641692	8	0.5282
08cbe251-e8b7-40ff-837f-9826fe7fb354	6	20642991	20753334	83	-0.056
08cbe251-e8b7-40ff-837f-9826fe7fb354	6	20753888	20754530	2	-1.5826
08cbe251-e8b7-40ff-837f-9826fe7fb354	6	20757294	23443606	1908	0.0458
08cbe251-e8b7-40ff-837f-9826fe7fb354	6	23444287	23467617	23	-0.5732
08cbe251-e8b7-40ff-837f-9826fe7fb354	6	23468930	33104762	3542	0.0067
08cbe251-e8b7-40ff-837f-9826fe7fb354	6	33107858	33129281	22	-0.5856
08cbe251-e8b7-40ff-837f-9826fe7fb354	6	33129529	34156636	573	0.0508
08cbe251-e8b7-40ff-837f-9826fe7fb354	6	34157504	34270737	28	-0.1861
08cbe251-e8b7-40ff-837f-9826fe7fb354	6	34274296	34278937	5	-0.9084
08cbe251-e8b7-40ff-837f-9826fe7fb354	6	34281426	34511414	112	-0.0965
08cbe251-e8b7-40ff-837f-9826fe7fb354	6	34512860	35118418	242	0.0644
08cbe251-e8b7-40ff-837f-9826fe7fb354	6	35118996	35230532	61	-0.3251
08cbe251-e8b7-40ff-837f-9826fe7fb354	6	35233686	39943502	3029	0.014
08cbe251-e8b7-40ff-837f-9826fe7fb354	6	39946181	40272568	231	-0.2213
08cbe251-e8b7-40ff-837f-9826fe7fb354	6	40274635	41251889	788	-0.0821
08cbe251-e8b7-40ff-837f-9826fe7fb354	6	41252342	41314582	53	-0.2664
08cbe251-e8b7-40ff-837f-9826fe7fb354	6	41314659	51908889	6048	-0.019
08cbe251-e8b7-40ff-837f-9826fe7fb354	6	51911160	51933348	14	-0.8099
08cbe251-e8b7-40ff-837f-9826fe7fb354	6	51936373	55501020	2358	-0.039
08cbe251-e8b7-40ff-837f-9826fe7fb354	6	55501549	55508302	16	-0.8658
08cbe251-e8b7-40ff-837f-9826fe7fb354	6	55508501	66118822	3267	0.0169
08cbe251-e8b7-40ff-837f-9826fe7fb354	6	66121912	66149960	16	-0.699
08cbe251-e8b7-40ff-837f-9826fe7fb354	6	66150256	71333833	2929	0.0248
08cbe251-e8b7-40ff-837f-9826fe7fb354	6	71334106	71334194	2	-1.9715
08cbe251-e8b7-40ff-837f-9826fe7fb354	6	71343134	72193085	580	-0.0158
08cbe251-e8b7-40ff-837f-9826fe7fb354	6	72195046	72200315	12	-0.8389
08cbe251-e8b7-40ff-837f-9826fe7fb354	6	72200698	80552577	4589	-0.0186
08cbe251-e8b7-40ff-837f-9826fe7fb354	6	80554458	80605480	53	-0.4588
08cbe251-e8b7-40ff-837f-9826fe7fb354	6	80606958	88335013	4394	-0.013
08cbe251-e8b7-40ff-837f-9826fe7fb354	6	88339382	88368470	19	-0.5797
08cbe251-e8b7-40ff-837f-9826fe7fb354	6	88375246	98291898	5081	-0.016
08cbe251-e8b7-40ff-837f-9826fe7fb354	6	98292073	98297949	3	-3.3063
08cbe251-e8b7-40ff-837f-9826fe7fb354	6	98299338	98894642	400	0.0699
08cbe251-e8b7-40ff-837f-9826fe7fb354	6	98895004	144874950	27103	-0.0001
08cbe251-e8b7-40ff-837f-9826fe7fb354	6	144874991	144879169	7	-1.2929
08cbe251-e8b7-40ff-837f-9826fe7fb354	6	144879964	146667912	1041	-0.013
08cbe251-e8b7-40ff-837f-9826fe7fb354	6	146669435	146669909	2	-1.9882
08cbe251-e8b7-40ff-837f-9826fe7fb354	6	146669930	154114097	5244	0.0281
08cbe251-e8b7-40ff-837f-9826fe7fb354	6	154115101	154122324	11	-0.7312
08cbe251-e8b7-40ff-837f-9826fe7fb354	6	154124080	156813546	1810	-0.0068
08cbe251-e8b7-40ff-837f-9826fe7fb354	6	156822593	158852488	1100	0.1241
08cbe251-e8b7-40ff-837f-9826fe7fb354	6	158853492	160056853	815	-0.0392
08cbe251-e8b7-40ff-837f-9826fe7fb354	6	160058094	160138505	62	0.2368
08cbe251-e8b7-40ff-837f-9826fe7fb354	6	160143444	160187027	34	0.0743
08cbe251-e8b7-40ff-837f-9826fe7fb354	6	160187772	160188192	2	2.0654
08cbe251-e8b7-40ff-837f-9826fe7fb354	6	160191227	161037899	575	-0.044
08cbe251-e8b7-40ff-837f-9826fe7fb354	6	161038633	161205172	130	0.0886
08cbe251-e8b7-40ff-837f-9826fe7fb354	6	161206067	161215909	11	-0.4107
08cbe251-e8b7-40ff-837f-9826fe7fb354	6	161217092	161543443	251	0.0754
08cbe251-e8b7-40ff-837f-9826fe7fb354	6	161543479	161566018	13	-0.6129
08cbe251-e8b7-40ff-837f-9826fe7fb354	6	161567735	162827401	510	0.0936
08cbe251-e8b7-40ff-837f-9826fe7fb354	6	162831322	162838409	6	-0.6377
08cbe251-e8b7-40ff-837f-9826fe7fb354	6	162845681	163151116	221	0.037
08cbe251-e8b7-40ff-837f-9826fe7fb354	6	163153859	163313172	146	0.2493
08cbe251-e8b7-40ff-837f-9826fe7fb354	6	163313992	163685864	229	0.034
08cbe251-e8b7-40ff-837f-9826fe7fb354	6	163687091	163748279	49	0.2624
08cbe251-e8b7-40ff-837f-9826fe7fb354	6	163748479	165406514	974	0.0037
08cbe251-e8b7-40ff-837f-9826fe7fb354	6	165407464	170596889	2123	0.1079
08cbe251-e8b7-40ff-837f-9826fe7fb354	7	664936	3017336	768	0.1033
08cbe251-e8b7-40ff-837f-9826fe7fb354	7	3020636	25411749	12637	0.0118
08cbe251-e8b7-40ff-837f-9826fe7fb354	7	25411975	25412406	2	-3.9746
08cbe251-e8b7-40ff-837f-9826fe7fb354	7	25413160	25459290	40	-0.1146
08cbe251-e8b7-40ff-837f-9826fe7fb354	7	25459924	25477010	22	-0.6651
08cbe251-e8b7-40ff-837f-9826fe7fb354	7	25477181	47100028	13578	-0.007
08cbe251-e8b7-40ff-837f-9826fe7fb354	7	47101741	48058745	683	0.1108
08cbe251-e8b7-40ff-837f-9826fe7fb354	7	48062031	50408441	1519	0.0093
08cbe251-e8b7-40ff-837f-9826fe7fb354	7	50409963	50497706	66	0.158
08cbe251-e8b7-40ff-837f-9826fe7fb354	7	50498129	50499795	7	-0.4148
08cbe251-e8b7-40ff-837f-9826fe7fb354	7	50501582	50582032	82	0.087
08cbe251-e8b7-40ff-837f-9826fe7fb354	7	50584341	50680942	111	0.2689
08cbe251-e8b7-40ff-837f-9826fe7fb354	7	50681318	50695524	15	-0.1195
08cbe251-e8b7-40ff-837f-9826fe7fb354	7	50695762	50765730	71	0.2152
08cbe251-e8b7-40ff-837f-9826fe7fb354	7	50768789	51879043	785	0.0088
08cbe251-e8b7-40ff-837f-9826fe7fb354	7	51879372	51880031	3	-1.874
08cbe251-e8b7-40ff-837f-9826fe7fb354	7	51880412	52003812	97	-0.0539
08cbe251-e8b7-40ff-837f-9826fe7fb354	7	52004094	52010307	11	-0.7628
08cbe251-e8b7-40ff-837f-9826fe7fb354	7	52010684	54148327	1410	0.0376
08cbe251-e8b7-40ff-837f-9826fe7fb354	7	54149316	54186079	31	-0.37
08cbe251-e8b7-40ff-837f-9826fe7fb354	7	54193232	54720997	334	0.0354
08cbe251-e8b7-40ff-837f-9826fe7fb354	7	54726261	54811885	75	0.2526
08cbe251-e8b7-40ff-837f-9826fe7fb354	7	54813371	55065543	208	0.0128
08cbe251-e8b7-40ff-837f-9826fe7fb354	7	55065610	55134857	126	0.2451
08cbe251-e8b7-40ff-837f-9826fe7fb354	7	55134905	55141255	19	-0.2398
08cbe251-e8b7-40ff-837f-9826fe7fb354	7	55143623	55222361	80	0.253
08cbe251-e8b7-40ff-837f-9826fe7fb354	7	55222675	56041811	406	0.0812
08cbe251-e8b7-40ff-837f-9826fe7fb354	7	56042786	66863400	1099	-0.0215
08cbe251-e8b7-40ff-837f-9826fe7fb354	7	66867140	67906470	483	-0.1432
08cbe251-e8b7-40ff-837f-9826fe7fb354	7	67906974	69051450	761	-0.0402
08cbe251-e8b7-40ff-837f-9826fe7fb354	7	69054415	69164674	87	-0.2283
08cbe251-e8b7-40ff-837f-9826fe7fb354	7	69169478	79636172	4549	0
08cbe251-e8b7-40ff-837f-9826fe7fb354	7	79636332	79662190	18	-0.7884
08cbe251-e8b7-40ff-837f-9826fe7fb354	7	79662379	80265026	343	0.0544
08cbe251-e8b7-40ff-837f-9826fe7fb354	7	80265178	80266639	3	-1.121
08cbe251-e8b7-40ff-837f-9826fe7fb354	7	80267041	80734638	293	0.0201
08cbe251-e8b7-40ff-837f-9826fe7fb354	7	80735575	81183798	296	0.1583
08cbe251-e8b7-40ff-837f-9826fe7fb354	7	81184129	96842115	8170	-0.0063
08cbe251-e8b7-40ff-837f-9826fe7fb354	7	96842359	96908728	57	-0.459
08cbe251-e8b7-40ff-837f-9826fe7fb354	7	96908958	127069258	15429	-0.0023
08cbe251-e8b7-40ff-837f-9826fe7fb354	7	127072009	127108546	36	-0.5041
08cbe251-e8b7-40ff-837f-9826fe7fb354	7	127108912	137217355	5843	-0.0177
08cbe251-e8b7-40ff-837f-9826fe7fb354	7	137219216	137233059	20	-0.5645
08cbe251-e8b7-40ff-837f-9826fe7fb354	7	137234471	140683431	1865	-0.0182
08cbe251-e8b7-40ff-837f-9826fe7fb354	7	140686249	154640535	6775	0.0265
08cbe251-e8b7-40ff-837f-9826fe7fb354	7	154640572	154990404	297	0.1611
08cbe251-e8b7-40ff-837f-9826fe7fb354	7	154997968	155063769	42	-0.2057
08cbe251-e8b7-40ff-837f-9826fe7fb354	7	155063979	155175192	136	0.0872
08cbe251-e8b7-40ff-837f-9826fe7fb354	7	155175208	155187164	29	-0.3623
08cbe251-e8b7-40ff-837f-9826fe7fb354	7	155191421	158592540	1875	0.1213
08cbe251-e8b7-40ff-837f-9826fe7fb354	8	667625	3426042	1288	0.1709
08cbe251-e8b7-40ff-837f-9826fe7fb354	8	3428965	4354827	616	0.0446
08cbe251-e8b7-40ff-837f-9826fe7fb354	8	4355715	4364114	24	0.3926
08cbe251-e8b7-40ff-837f-9826fe7fb354	8	4366627	4381190	6	-0.6793
08cbe251-e8b7-40ff-837f-9826fe7fb354	8	4382307	4641523	177	0.1276
08cbe251-e8b7-40ff-837f-9826fe7fb354	8	4642514	5311364	433	-0.002
08cbe251-e8b7-40ff-837f-9826fe7fb354	8	5311513	5313382	6	-1.0748
08cbe251-e8b7-40ff-837f-9826fe7fb354	8	5314932	5377441	86	-0.1627
08cbe251-e8b7-40ff-837f-9826fe7fb354	8	5383663	17898304	6470	0.0417
08cbe251-e8b7-40ff-837f-9826fe7fb354	8	17899130	18664777	663	-0.0654
08cbe251-e8b7-40ff-837f-9826fe7fb354	8	18668374	19012994	274	0.1505
08cbe251-e8b7-40ff-837f-9826fe7fb354	8	19015307	26060604	4892	-0.0183
08cbe251-e8b7-40ff-837f-9826fe7fb354	8	26060637	26069470	15	-0.6232
08cbe251-e8b7-40ff-837f-9826fe7fb354	8	26073067	32122269	4018	0.0009
08cbe251-e8b7-40ff-837f-9826fe7fb354	8	32124765	32125551	4	1.7841
08cbe251-e8b7-40ff-837f-9826fe7fb354	8	32128510	32342556	195	-0.0523
08cbe251-e8b7-40ff-837f-9826fe7fb354	8	32343038	32763415	345	0.0808
08cbe251-e8b7-40ff-837f-9826fe7fb354	8	32765272	34421715	892	-0.0595
08cbe251-e8b7-40ff-837f-9826fe7fb354	8	34425776	34430243	18	-0.6011
08cbe251-e8b7-40ff-837f-9826fe7fb354	8	34438291	38685932	2043	-0.0345
08cbe251-e8b7-40ff-837f-9826fe7fb354	8	38689711	38689929	2	-1.6254
08cbe251-e8b7-40ff-837f-9826fe7fb354	8	38690923	38925050	107	-0.0654
08cbe251-e8b7-40ff-837f-9826fe7fb354	8	38925109	42958138	2401	0.0321
08cbe251-e8b7-40ff-837f-9826fe7fb354	8	42961546	46605390	77	-0.0536
08cbe251-e8b7-40ff-837f-9826fe7fb354	8	46635727	46646865	14	-0.6104
08cbe251-e8b7-40ff-837f-9826fe7fb354	8	46648176	47176999	211	-0.0579
08cbe251-e8b7-40ff-837f-9826fe7fb354	8	47177757	48782775	687	0.0984
08cbe251-e8b7-40ff-837f-9826fe7fb354	8	48783216	48793721	10	-0.603
08cbe251-e8b7-40ff-837f-9826fe7fb354	8	48804288	48929001	72	0.1347
08cbe251-e8b7-40ff-837f-9826fe7fb354	8	48931818	49024914	50	-0.2601
08cbe251-e8b7-40ff-837f-9826fe7fb354	8	49029144	49196520	114	0.0375
08cbe251-e8b7-40ff-837f-9826fe7fb354	8	49197066	49197079	2	-1.3426
08cbe251-e8b7-40ff-837f-9826fe7fb354	8	49198899	52484751	1889	0.0605
08cbe251-e8b7-40ff-837f-9826fe7fb354	8	52485551	78771844	15471	0.0009
08cbe251-e8b7-40ff-837f-9826fe7fb354	8	78772959	78774001	2	-4.1409
08cbe251-e8b7-40ff-837f-9826fe7fb354	8	78774227	79409397	343	-0.0729
08cbe251-e8b7-40ff-837f-9826fe7fb354	8	79414096	101397474	12277	-0.0014
08cbe251-e8b7-40ff-837f-9826fe7fb354	8	101399412	101410502	10	-1.0622
08cbe251-e8b7-40ff-837f-9826fe7fb354	8	101410832	101732749	261	-0.0189
08cbe251-e8b7-40ff-837f-9826fe7fb354	8	101733123	101734208	4	-1.2537
08cbe251-e8b7-40ff-837f-9826fe7fb354	8	101737198	103164978	833	-0.0207
08cbe251-e8b7-40ff-837f-9826fe7fb354	8	103165103	103166153	2	-2.9886
08cbe251-e8b7-40ff-837f-9826fe7fb354	8	103166349	124893738	12606	-0.0038
08cbe251-e8b7-40ff-837f-9826fe7fb354	8	124901085	139118194	10371	-0.0536
08cbe251-e8b7-40ff-837f-9826fe7fb354	8	139119592	139131239	16	-1.0218
08cbe251-e8b7-40ff-837f-9826fe7fb354	8	139132669	139737929	545	-0.0368
08cbe251-e8b7-40ff-837f-9826fe7fb354	8	139742886	139774222	20	0.1773
08cbe251-e8b7-40ff-837f-9826fe7fb354	8	139776056	139786564	7	-0.2407
08cbe251-e8b7-40ff-837f-9826fe7fb354	8	139788599	139829071	30	0.1705
08cbe251-e8b7-40ff-837f-9826fe7fb354	8	139830480	139986814	127	0.2739
08cbe251-e8b7-40ff-837f-9826fe7fb354	8	139988447	144182542	935	0.0947
08cbe251-e8b7-40ff-837f-9826fe7fb354	9	789794	898086	117	0.1436
08cbe251-e8b7-40ff-837f-9826fe7fb354	9	898820	87469944	36642	-0.0163
08cbe251-e8b7-40ff-837f-9826fe7fb354	9	87470290	96670413	5953	0.0592
08cbe251-e8b7-40ff-837f-9826fe7fb354	9	96671975	103702939	4072	-0.0087
08cbe251-e8b7-40ff-837f-9826fe7fb354	9	103705697	103708438	10	-1.011
08cbe251-e8b7-40ff-837f-9826fe7fb354	9	103709464	103875658	105	-0.0113
08cbe251-e8b7-40ff-837f-9826fe7fb354	9	103902395	103902411	2	-1.795
08cbe251-e8b7-40ff-837f-9826fe7fb354	9	103903012	105732513	1279	-0.0077
08cbe251-e8b7-40ff-837f-9826fe7fb354	9	105734567	108675479	2163	-0.0741
08cbe251-e8b7-40ff-837f-9826fe7fb354	9	108676098	108825871	119	0.0239
08cbe251-e8b7-40ff-837f-9826fe7fb354	9	108826191	108828795	2	-1.2379
08cbe251-e8b7-40ff-837f-9826fe7fb354	9	108830431	109560555	550	0.0363
08cbe251-e8b7-40ff-837f-9826fe7fb354	9	109560562	109623817	71	-0.1609
08cbe251-e8b7-40ff-837f-9826fe7fb354	9	109625252	109748334	97	0.1056
08cbe251-e8b7-40ff-837f-9826fe7fb354	9	109748662	109759995	29	-0.4887
08cbe251-e8b7-40ff-837f-9826fe7fb354	9	109760680	113921742	2649	0.0067
08cbe251-e8b7-40ff-837f-9826fe7fb354	9	113921939	113936350	13	-0.6232
08cbe251-e8b7-40ff-837f-9826fe7fb354	9	113936512	114014009	86	0.0814
08cbe251-e8b7-40ff-837f-9826fe7fb354	9	114018034	114027291	11	-0.525
08cbe251-e8b7-40ff-837f-9826fe7fb354	9	114027828	114598484	412	0.0375
08cbe251-e8b7-40ff-837f-9826fe7fb354	9	114603401	116641372	1434	-0.0785
08cbe251-e8b7-40ff-837f-9826fe7fb354	9	116643923	116647697	12	-0.8717
08cbe251-e8b7-40ff-837f-9826fe7fb354	9	116648461	120140408	2780	-0.0546
08cbe251-e8b7-40ff-837f-9826fe7fb354	9	120142341	121583820	916	0.004
08cbe251-e8b7-40ff-837f-9826fe7fb354	9	121590603	121595191	6	-0.9174
08cbe251-e8b7-40ff-837f-9826fe7fb354	9	121595868	123929248	1397	0.028
08cbe251-e8b7-40ff-837f-9826fe7fb354	9	123933491	124010257	110	-0.1976
08cbe251-e8b7-40ff-837f-9826fe7fb354	9	124010293	126741508	1619	0.028
08cbe251-e8b7-40ff-837f-9826fe7fb354	9	126743068	126743575	4	-1.1561
08cbe251-e8b7-40ff-837f-9826fe7fb354	9	126743943	127311467	339	0.0453
08cbe251-e8b7-40ff-837f-9826fe7fb354	9	127311584	130159205	1313	-0.0262
08cbe251-e8b7-40ff-837f-9826fe7fb354	9	130161379	131796229	1103	0.0621
08cbe251-e8b7-40ff-837f-9826fe7fb354	9	131796816	131805023	11	-0.6885
08cbe251-e8b7-40ff-837f-9826fe7fb354	9	131805145	133161700	920	0.032
08cbe251-e8b7-40ff-837f-9826fe7fb354	9	133164549	138044505	1920	0.1327
08cbe251-e8b7-40ff-837f-9826fe7fb354	10	366509	3439901	1628	0.1442
08cbe251-e8b7-40ff-837f-9826fe7fb354	10	3443728	4762063	1223	0.0457
08cbe251-e8b7-40ff-837f-9826fe7fb354	10	4766816	4771019	6	-1.082
08cbe251-e8b7-40ff-837f-9826fe7fb354	10	4771287	5091498	251	-0.0314
08cbe251-e8b7-40ff-837f-9826fe7fb354	10	5091851	5097694	14	-0.5821
08cbe251-e8b7-40ff-837f-9826fe7fb354	10	5104061	5175214	48	-0.0196
08cbe251-e8b7-40ff-837f-9826fe7fb354	10	5182162	5194845	11	0.4459
08cbe251-e8b7-40ff-837f-9826fe7fb354	10	5196233	5343742	46	-0.0643
08cbe251-e8b7-40ff-837f-9826fe7fb354	10	5344104	5354873	22	0.2088
08cbe251-e8b7-40ff-837f-9826fe7fb354	10	5355004	5467718	70	-0.0814
08cbe251-e8b7-40ff-837f-9826fe7fb354	10	5469906	5736827	123	0.1542
08cbe251-e8b7-40ff-837f-9826fe7fb354	10	5737408	6445812	601	-0.0185
08cbe251-e8b7-40ff-837f-9826fe7fb354	10	6454142	6495523	53	-0.2321
08cbe251-e8b7-40ff-837f-9826fe7fb354	10	6498127	6574401	50	0.1157
08cbe251-e8b7-40ff-837f-9826fe7fb354	10	6574943	6608519	25	-0.107
08cbe251-e8b7-40ff-837f-9826fe7fb354	10	6608798	6822734	71	-0.333
08cbe251-e8b7-40ff-837f-9826fe7fb354	10	6824006	7181621	355	-0.0666
08cbe251-e8b7-40ff-837f-9826fe7fb354	10	7182970	7185592	4	-1.1663
08cbe251-e8b7-40ff-837f-9826fe7fb354	10	7187349	7200151	17	-0.2194
08cbe251-e8b7-40ff-837f-9826fe7fb354	10	7203361	7462346	200	0.0762
08cbe251-e8b7-40ff-837f-9826fe7fb354	10	7462742	7494345	42	-0.2212
08cbe251-e8b7-40ff-837f-9826fe7fb354	10	7495794	8176358	500	0.0581
08cbe251-e8b7-40ff-837f-9826fe7fb354	10	8176787	8595459	403	-0.0972
08cbe251-e8b7-40ff-837f-9826fe7fb354	10	8596272	8637217	30	0.1732
08cbe251-e8b7-40ff-837f-9826fe7fb354	10	8638821	8650773	12	-0.2595
08cbe251-e8b7-40ff-837f-9826fe7fb354	10	8651206	8722984	79	0.169
08cbe251-e8b7-40ff-837f-9826fe7fb354	10	8724101	8725471	3	-1.5712
08cbe251-e8b7-40ff-837f-9826fe7fb354	10	8725836	9224928	344	0.0262
08cbe251-e8b7-40ff-837f-9826fe7fb354	10	9228111	9228170	2	-2.0111
08cbe251-e8b7-40ff-837f-9826fe7fb354	10	9230638	9915860	356	-0.0272
08cbe251-e8b7-40ff-837f-9826fe7fb354	10	9920546	9922608	14	-0.6728
08cbe251-e8b7-40ff-837f-9826fe7fb354	10	9922745	25337343	11089	0.0046
08cbe251-e8b7-40ff-837f-9826fe7fb354	10	25361105	25366886	3	-1.9564
08cbe251-e8b7-40ff-837f-9826fe7fb354	10	25372789	36337564	7271	-0.0095
08cbe251-e8b7-40ff-837f-9826fe7fb354	10	36337705	36919480	382	0.1625
08cbe251-e8b7-40ff-837f-9826fe7fb354	10	36925298	36925923	4	-1.0082
08cbe251-e8b7-40ff-837f-9826fe7fb354	10	36925982	37083469	95	0.0678
08cbe251-e8b7-40ff-837f-9826fe7fb354	10	37087142	37091546	6	1.0139
08cbe251-e8b7-40ff-837f-9826fe7fb354	10	37095646	37603262	251	-0.0146
08cbe251-e8b7-40ff-837f-9826fe7fb354	10	37604016	37605332	4	-1.8362
08cbe251-e8b7-40ff-837f-9826fe7fb354	10	37608816	43093583	857	0.0055
08cbe251-e8b7-40ff-837f-9826fe7fb354	10	43093826	43157064	98	0.23
08cbe251-e8b7-40ff-837f-9826fe7fb354	10	43157204	43173370	11	-0.1959
08cbe251-e8b7-40ff-837f-9826fe7fb354	10	43175357	43280837	41	0.2492
08cbe251-e8b7-40ff-837f-9826fe7fb354	10	43284861	51252249	3301	0.0047
08cbe251-e8b7-40ff-837f-9826fe7fb354	10	51254408	51256832	2	-2.3361
08cbe251-e8b7-40ff-837f-9826fe7fb354	10	51257035	58526247	4301	0.0017
08cbe251-e8b7-40ff-837f-9826fe7fb354	10	58526745	58538717	5	-1.3728
08cbe251-e8b7-40ff-837f-9826fe7fb354	10	58538806	59061761	371	-0.0338
08cbe251-e8b7-40ff-837f-9826fe7fb354	10	59061871	59073031	15	-0.6744
08cbe251-e8b7-40ff-837f-9826fe7fb354	10	59073674	61754514	1891	0.0021
08cbe251-e8b7-40ff-837f-9826fe7fb354	10	61759482	61765127	9	-0.8013
08cbe251-e8b7-40ff-837f-9826fe7fb354	10	61765266	62492218	464	0.0219
08cbe251-e8b7-40ff-837f-9826fe7fb354	10	62493124	62918922	309	-0.1453
08cbe251-e8b7-40ff-837f-9826fe7fb354	10	62919064	69658457	3642	-0.0015
08cbe251-e8b7-40ff-837f-9826fe7fb354	10	69659818	69679339	27	-0.4576
08cbe251-e8b7-40ff-837f-9826fe7fb354	10	69679435	77229723	4478	0.0044
08cbe251-e8b7-40ff-837f-9826fe7fb354	10	77229879	77393239	167	-0.2233
08cbe251-e8b7-40ff-837f-9826fe7fb354	10	77393949	83081580	3663	-0.017
08cbe251-e8b7-40ff-837f-9826fe7fb354	10	83095675	83096055	3	1.8541
08cbe251-e8b7-40ff-837f-9826fe7fb354	10	83099687	86083533	2161	-0.0518
08cbe251-e8b7-40ff-837f-9826fe7fb354	10	86083848	87540203	603	0.0925
08cbe251-e8b7-40ff-837f-9826fe7fb354	10	87544133	90109626	1841	-0.0278
08cbe251-e8b7-40ff-837f-9826fe7fb354	10	90110010	90110152	3	-1.9667
08cbe251-e8b7-40ff-837f-9826fe7fb354	10	90111272	96211228	3436	-0.0222
08cbe251-e8b7-40ff-837f-9826fe7fb354	10	96211302	96222819	15	-0.6707
08cbe251-e8b7-40ff-837f-9826fe7fb354	10	96222943	96515114	265	0.035
08cbe251-e8b7-40ff-837f-9826fe7fb354	10	96519296	96522403	6	-0.9055
08cbe251-e8b7-40ff-837f-9826fe7fb354	10	96525048	98308063	1083	-0.0104
08cbe251-e8b7-40ff-837f-9826fe7fb354	10	98308850	98879667	431	0.0923
08cbe251-e8b7-40ff-837f-9826fe7fb354	10	98881837	98882118	2	-1.5593
08cbe251-e8b7-40ff-837f-9826fe7fb354	10	98882465	99745998	457	0.06
08cbe251-e8b7-40ff-837f-9826fe7fb354	10	99746677	106026258	3454	-0.028
08cbe251-e8b7-40ff-837f-9826fe7fb354	10	106026315	106030771	5	-2.35
08cbe251-e8b7-40ff-837f-9826fe7fb354	10	106031429	106267632	130	-0.0009
08cbe251-e8b7-40ff-837f-9826fe7fb354	10	106274424	106286880	21	-0.534
08cbe251-e8b7-40ff-837f-9826fe7fb354	10	106287107	107027860	545	0.0875
08cbe251-e8b7-40ff-837f-9826fe7fb354	10	107028891	111439637	2860	-0.0268
08cbe251-e8b7-40ff-837f-9826fe7fb354	10	111439932	111466472	20	-0.6744
08cbe251-e8b7-40ff-837f-9826fe7fb354	10	111466693	112284351	595	-0.0802
08cbe251-e8b7-40ff-837f-9826fe7fb354	10	112289877	113189786	588	0.0442
08cbe251-e8b7-40ff-837f-9826fe7fb354	10	113189862	113769216	485	-0.0689
08cbe251-e8b7-40ff-837f-9826fe7fb354	10	113772349	115551438	1125	0.0484
08cbe251-e8b7-40ff-837f-9826fe7fb354	10	115551588	115591760	26	-0.3888
08cbe251-e8b7-40ff-837f-9826fe7fb354	10	115592391	117184675	1092	0.0635
08cbe251-e8b7-40ff-837f-9826fe7fb354	10	117187079	121464284	3197	-0.0425
08cbe251-e8b7-40ff-837f-9826fe7fb354	10	121464909	123124852	1232	0.0791
08cbe251-e8b7-40ff-837f-9826fe7fb354	10	123125352	123131621	9	-0.6195
08cbe251-e8b7-40ff-837f-9826fe7fb354	10	123134653	123210405	49	0.0492
08cbe251-e8b7-40ff-837f-9826fe7fb354	10	123213958	123222017	10	-0.391
08cbe251-e8b7-40ff-837f-9826fe7fb354	10	123222984	123234727	13	0.174
08cbe251-e8b7-40ff-837f-9826fe7fb354	10	123235791	123239077	6	-0.5294
08cbe251-e8b7-40ff-837f-9826fe7fb354	10	123240443	123401510	141	0.0831
08cbe251-e8b7-40ff-837f-9826fe7fb354	10	123401877	123425887	24	-0.2051
08cbe251-e8b7-40ff-837f-9826fe7fb354	10	123431212	123493721	83	0.1332
08cbe251-e8b7-40ff-837f-9826fe7fb354	10	123495557	123550688	55	-0.36
08cbe251-e8b7-40ff-837f-9826fe7fb354	10	123550983	123570984	19	0.1573
08cbe251-e8b7-40ff-837f-9826fe7fb354	10	123573315	123757965	164	-0.0496
08cbe251-e8b7-40ff-837f-9826fe7fb354	10	123760674	123815834	54	0.1457
08cbe251-e8b7-40ff-837f-9826fe7fb354	10	123819582	123835347	13	-0.5454
08cbe251-e8b7-40ff-837f-9826fe7fb354	10	123835450	123906930	29	0.1033
08cbe251-e8b7-40ff-837f-9826fe7fb354	10	123913758	123918272	10	-0.451
08cbe251-e8b7-40ff-837f-9826fe7fb354	10	123921631	124248360	105	0.0449
08cbe251-e8b7-40ff-837f-9826fe7fb354	10	124249251	124260376	9	-0.5126
08cbe251-e8b7-40ff-837f-9826fe7fb354	10	124263590	125374932	698	0.088
08cbe251-e8b7-40ff-837f-9826fe7fb354	10	125375072	125378921	3	-0.818
08cbe251-e8b7-40ff-837f-9826fe7fb354	10	125398409	125545618	95	0.1089
08cbe251-e8b7-40ff-837f-9826fe7fb354	10	125546237	125552992	14	-0.425
08cbe251-e8b7-40ff-837f-9826fe7fb354	10	125554420	126132409	409	0.0849
08cbe251-e8b7-40ff-837f-9826fe7fb354	10	126132443	126157169	38	-0.261
08cbe251-e8b7-40ff-837f-9826fe7fb354	10	126157206	126183597	43	0.2658
08cbe251-e8b7-40ff-837f-9826fe7fb354	10	126186251	126225673	22	-0.148
08cbe251-e8b7-40ff-837f-9826fe7fb354	10	126227322	126314580	80	0.1325
08cbe251-e8b7-40ff-837f-9826fe7fb354	10	126315019	126503493	132	-0.1448
08cbe251-e8b7-40ff-837f-9826fe7fb354	10	126504416	126614402	92	0.0881
08cbe251-e8b7-40ff-837f-9826fe7fb354	10	126615362	126618623	4	-0.7561
08cbe251-e8b7-40ff-837f-9826fe7fb354	10	126620999	126732394	93	0.0454
08cbe251-e8b7-40ff-837f-9826fe7fb354	10	126733582	126733973	2	1.3535
08cbe251-e8b7-40ff-837f-9826fe7fb354	10	126735304	127325124	433	0.0479
08cbe251-e8b7-40ff-837f-9826fe7fb354	10	127328872	127417898	89	0.2551
08cbe251-e8b7-40ff-837f-9826fe7fb354	10	127418069	127716639	257	0.0047
08cbe251-e8b7-40ff-837f-9826fe7fb354	10	127720868	127732911	11	-0.837
08cbe251-e8b7-40ff-837f-9826fe7fb354	10	127733249	128001188	199	-0.0059
08cbe251-e8b7-40ff-837f-9826fe7fb354	10	128002213	128028109	12	0.4557
08cbe251-e8b7-40ff-837f-9826fe7fb354	10	128029498	128467934	331	0.0445
08cbe251-e8b7-40ff-837f-9826fe7fb354	10	128468598	128488624	18	0.3936
08cbe251-e8b7-40ff-837f-9826fe7fb354	10	128489328	128501646	13	-0.0032
08cbe251-e8b7-40ff-837f-9826fe7fb354	10	128501989	128511035	14	-0.3943
08cbe251-e8b7-40ff-837f-9826fe7fb354	10	128511141	128564886	58	-0.0336
08cbe251-e8b7-40ff-837f-9826fe7fb354	10	128564974	128629924	47	0.2373
08cbe251-e8b7-40ff-837f-9826fe7fb354	10	128633053	128726509	87	0.0419
08cbe251-e8b7-40ff-837f-9826fe7fb354	10	128727977	128791470	59	0.2937
08cbe251-e8b7-40ff-837f-9826fe7fb354	10	128792056	129042157	212	0.0318
08cbe251-e8b7-40ff-837f-9826fe7fb354	10	129043695	129050182	6	0.6826
08cbe251-e8b7-40ff-837f-9826fe7fb354	10	129054272	129055943	4	-0.0382
08cbe251-e8b7-40ff-837f-9826fe7fb354	10	129059235	129067563	11	-0.5964
08cbe251-e8b7-40ff-837f-9826fe7fb354	10	129067848	129078060	9	-0.089
08cbe251-e8b7-40ff-837f-9826fe7fb354	10	129080129	129087306	7	-0.4564
08cbe251-e8b7-40ff-837f-9826fe7fb354	10	129087532	129218309	109	-0.0468
08cbe251-e8b7-40ff-837f-9826fe7fb354	10	129218758	129450109	137	0.1796
08cbe251-e8b7-40ff-837f-9826fe7fb354	10	129451806	129469457	11	-0.2524
08cbe251-e8b7-40ff-837f-9826fe7fb354	10	129471244	129660007	149	0.2604
08cbe251-e8b7-40ff-837f-9826fe7fb354	10	129660171	129675445	10	-0.2786
08cbe251-e8b7-40ff-837f-9826fe7fb354	10	129675693	129943340	225	0.2415
08cbe251-e8b7-40ff-837f-9826fe7fb354	10	129943431	130381157	312	0.0446
08cbe251-e8b7-40ff-837f-9826fe7fb354	10	130383003	131272421	153	0.2513
08cbe251-e8b7-40ff-837f-9826fe7fb354	10	131276274	131925938	57	0.0113
08cbe251-e8b7-40ff-837f-9826fe7fb354	10	131929960	132193685	185	0.1697
08cbe251-e8b7-40ff-837f-9826fe7fb354	10	132208366	132211794	3	1.2449
08cbe251-e8b7-40ff-837f-9826fe7fb354	10	132212708	133411599	302	0.1525
08cbe251-e8b7-40ff-837f-9826fe7fb354	11	456012	953014	124	-0.0314
08cbe251-e8b7-40ff-837f-9826fe7fb354	11	954630	3611029	900	0.0786
08cbe251-e8b7-40ff-837f-9826fe7fb354	11	3611140	13077416	6645	-0.0167
08cbe251-e8b7-40ff-837f-9826fe7fb354	11	13077660	13085199	27	-0.7004
08cbe251-e8b7-40ff-837f-9826fe7fb354	11	13097761	13241114	171	-0.0747
08cbe251-e8b7-40ff-837f-9826fe7fb354	11	13248221	13253006	8	-0.9542
08cbe251-e8b7-40ff-837f-9826fe7fb354	11	13256414	15727226	1509	-0.0546
08cbe251-e8b7-40ff-837f-9826fe7fb354	11	15727708	15733730	13	-0.7598
08cbe251-e8b7-40ff-837f-9826fe7fb354	11	15734317	18836476	1968	-0.0152
08cbe251-e8b7-40ff-837f-9826fe7fb354	11	18836769	19024257	123	-0.2416
08cbe251-e8b7-40ff-837f-9826fe7fb354	11	19030011	19350360	249	-0.0017
08cbe251-e8b7-40ff-837f-9826fe7fb354	11	19350967	19419493	78	-0.428
08cbe251-e8b7-40ff-837f-9826fe7fb354	11	19419680	20845012	1268	-0.0257
08cbe251-e8b7-40ff-837f-9826fe7fb354	11	20848008	20853473	11	-1.0141
08cbe251-e8b7-40ff-837f-9826fe7fb354	11	20854148	30123016	5877	-0.0173
08cbe251-e8b7-40ff-837f-9826fe7fb354	11	30125738	30131047	11	-0.979
08cbe251-e8b7-40ff-837f-9826fe7fb354	11	30131566	30159823	13	-0.3824
08cbe251-e8b7-40ff-837f-9826fe7fb354	11	30162936	30386954	142	-0.0031
08cbe251-e8b7-40ff-837f-9826fe7fb354	11	30390567	30396497	5	-0.4633
08cbe251-e8b7-40ff-837f-9826fe7fb354	11	30396604	30399912	5	-1.6551
08cbe251-e8b7-40ff-837f-9826fe7fb354	11	30400454	68307527	16637	-0.021
08cbe251-e8b7-40ff-837f-9826fe7fb354	11	68310060	69222706	470	0.1156
08cbe251-e8b7-40ff-837f-9826fe7fb354	11	69223643	69352385	70	-0.0988
08cbe251-e8b7-40ff-837f-9826fe7fb354	11	69354557	69452952	70	0.2003
08cbe251-e8b7-40ff-837f-9826fe7fb354	11	69453956	69461097	13	-0.2808
08cbe251-e8b7-40ff-837f-9826fe7fb354	11	69462310	69546044	44	0.1959
08cbe251-e8b7-40ff-837f-9826fe7fb354	11	69552324	69566130	15	-0.4039
08cbe251-e8b7-40ff-837f-9826fe7fb354	11	69567975	71261252	881	0.1129
08cbe251-e8b7-40ff-837f-9826fe7fb354	11	71265255	134272740	39962	-0.0076
08cbe251-e8b7-40ff-837f-9826fe7fb354	12	780472	5024437	2472	0.045
08cbe251-e8b7-40ff-837f-9826fe7fb354	12	5029670	5472953	437	-0.1114
08cbe251-e8b7-40ff-837f-9826fe7fb354	12	5477259	9835789	2007	0.0096
08cbe251-e8b7-40ff-837f-9826fe7fb354	12	9838500	9995887	134	-0.1781
08cbe251-e8b7-40ff-837f-9826fe7fb354	12	9996104	11743912	842	0.0333
08cbe251-e8b7-40ff-837f-9826fe7fb354	12	11744046	11762441	43	-0.359
08cbe251-e8b7-40ff-837f-9826fe7fb354	12	11768371	11790424	29	0.1522
08cbe251-e8b7-40ff-837f-9826fe7fb354	12	11790486	11837507	70	-0.2234
08cbe251-e8b7-40ff-837f-9826fe7fb354	12	11840204	13209414	744	0.0303
08cbe251-e8b7-40ff-837f-9826fe7fb354	12	13211263	14109611	814	-0.1035
08cbe251-e8b7-40ff-837f-9826fe7fb354	12	14109955	29180838	9358	0.0012
08cbe251-e8b7-40ff-837f-9826fe7fb354	12	29180855	29186023	24	0.9402
08cbe251-e8b7-40ff-837f-9826fe7fb354	12	29190043	63014404	16055	-0.0068
08cbe251-e8b7-40ff-837f-9826fe7fb354	12	63015003	63040871	22	-0.5587
08cbe251-e8b7-40ff-837f-9826fe7fb354	12	63043016	66763662	2085	0.0051
08cbe251-e8b7-40ff-837f-9826fe7fb354	12	66764361	66764753	2	-3.4287
08cbe251-e8b7-40ff-837f-9826fe7fb354	12	66765939	70444334	2630	0.0079
08cbe251-e8b7-40ff-837f-9826fe7fb354	12	70445626	70447331	3	-1.326
08cbe251-e8b7-40ff-837f-9826fe7fb354	12	70447349	70964356	363	0.0017
08cbe251-e8b7-40ff-837f-9826fe7fb354	12	70964367	70964746	2	-2.3241
08cbe251-e8b7-40ff-837f-9826fe7fb354	12	70966636	78919753	4726	0.0076
08cbe251-e8b7-40ff-837f-9826fe7fb354	12	78920945	78921608	3	-1.8413
08cbe251-e8b7-40ff-837f-9826fe7fb354	12	78922346	88413721	5347	0.0064
08cbe251-e8b7-40ff-837f-9826fe7fb354	12	88414230	121756793	20832	-0.0355
08cbe251-e8b7-40ff-837f-9826fe7fb354	12	121756826	125590586	1920	0.0382
08cbe251-e8b7-40ff-837f-9826fe7fb354	12	125595019	125598966	9	-1.0355
08cbe251-e8b7-40ff-837f-9826fe7fb354	12	125603920	129310585	2221	-0.007
08cbe251-e8b7-40ff-837f-9826fe7fb354	12	129311849	130960119	240	0.0793
08cbe251-e8b7-40ff-837f-9826fe7fb354	12	130961150	131132872	130	0.2101
08cbe251-e8b7-40ff-837f-9826fe7fb354	12	131133090	131141761	5	0.8631
08cbe251-e8b7-40ff-837f-9826fe7fb354	12	131148153	131153186	6	0.1904
08cbe251-e8b7-40ff-837f-9826fe7fb354	12	131154006	131179519	24	-0.2504
08cbe251-e8b7-40ff-837f-9826fe7fb354	12	131190805	131422427	86	0.1151
08cbe251-e8b7-40ff-837f-9826fe7fb354	12	131422516	131436226	17	-0.1515
08cbe251-e8b7-40ff-837f-9826fe7fb354	12	131436576	131458471	27	0.4956
08cbe251-e8b7-40ff-837f-9826fe7fb354	12	131460522	131496363	24	-0.0215
08cbe251-e8b7-40ff-837f-9826fe7fb354	12	131497547	131507917	8	-0.6683
08cbe251-e8b7-40ff-837f-9826fe7fb354	12	131508087	132605822	322	0.1167
08cbe251-e8b7-40ff-837f-9826fe7fb354	13	18874255	22517647	1829	0.0268
08cbe251-e8b7-40ff-837f-9826fe7fb354	13	22517784	25316302	1356	0.0967
08cbe251-e8b7-40ff-837f-9826fe7fb354	13	25317137	25317460	2	1.9677
08cbe251-e8b7-40ff-837f-9826fe7fb354	13	25320408	25386578	36	0.1795
08cbe251-e8b7-40ff-837f-9826fe7fb354	13	25389867	36530718	7779	0.0172
08cbe251-e8b7-40ff-837f-9826fe7fb354	13	36530902	36537124	11	-1.0164
08cbe251-e8b7-40ff-837f-9826fe7fb354	13	36537172	36552856	12	-0.2636
08cbe251-e8b7-40ff-837f-9826fe7fb354	13	36553236	36553616	2	-3.576
08cbe251-e8b7-40ff-837f-9826fe7fb354	13	36553772	77437209	22779	0.0022
08cbe251-e8b7-40ff-837f-9826fe7fb354	13	77437520	77437784	3	1.915
08cbe251-e8b7-40ff-837f-9826fe7fb354	13	77441759	81474633	2528	-0.0025
08cbe251-e8b7-40ff-837f-9826fe7fb354	13	81476722	81480242	8	-1.0615
08cbe251-e8b7-40ff-837f-9826fe7fb354	13	81480776	102918857	13248	0.0306
08cbe251-e8b7-40ff-837f-9826fe7fb354	13	102923939	103068758	130	-0.196
08cbe251-e8b7-40ff-837f-9826fe7fb354	13	103070894	106764745	2373	0.007
08cbe251-e8b7-40ff-837f-9826fe7fb354	13	106766502	106775303	14	-0.6505
08cbe251-e8b7-40ff-837f-9826fe7fb354	13	106775817	110015399	2494	0.0333
08cbe251-e8b7-40ff-837f-9826fe7fb354	13	110015857	110359088	275	0.1933
08cbe251-e8b7-40ff-837f-9826fe7fb354	13	110360856	110407858	55	-0.0484
08cbe251-e8b7-40ff-837f-9826fe7fb354	13	110408688	110647914	228	0.2124
08cbe251-e8b7-40ff-837f-9826fe7fb354	13	110648031	111005720	224	0.0782
08cbe251-e8b7-40ff-837f-9826fe7fb354	13	111009699	111012360	8	-0.4618
08cbe251-e8b7-40ff-837f-9826fe7fb354	13	111012437	111172852	61	0.0487
08cbe251-e8b7-40ff-837f-9826fe7fb354	13	111175269	112268784	647	0.1695
08cbe251-e8b7-40ff-837f-9826fe7fb354	13	112302165	112312969	2	-1.541
08cbe251-e8b7-40ff-837f-9826fe7fb354	13	112319207	112355885	36	0.277
08cbe251-e8b7-40ff-837f-9826fe7fb354	13	112356243	112361625	13	-0.1186
08cbe251-e8b7-40ff-837f-9826fe7fb354	13	112362669	112374949	19	0.1773
08cbe251-e8b7-40ff-837f-9826fe7fb354	13	112378601	112392067	9	-0.3771
08cbe251-e8b7-40ff-837f-9826fe7fb354	13	112394726	114198282	628	0.1928
08cbe251-e8b7-40ff-837f-9826fe7fb354	13	114200965	114226675	15	-0.1094
08cbe251-e8b7-40ff-837f-9826fe7fb354	14	20033191	25109997	2190	-0.0037
08cbe251-e8b7-40ff-837f-9826fe7fb354	14	25110071	25112415	5	-1.5848
08cbe251-e8b7-40ff-837f-9826fe7fb354	14	25112583	26307673	812	-0.0788
08cbe251-e8b7-40ff-837f-9826fe7fb354	14	26308041	88083159	36281	-0.0039
08cbe251-e8b7-40ff-837f-9826fe7fb354	14	88083819	88094405	16	-0.7807
08cbe251-e8b7-40ff-837f-9826fe7fb354	14	88111149	92192864	2310	0.0199
08cbe251-e8b7-40ff-837f-9826fe7fb354	14	92198481	92361131	138	-0.1712
08cbe251-e8b7-40ff-837f-9826fe7fb354	14	92362010	94053914	1045	0.0046
08cbe251-e8b7-40ff-837f-9826fe7fb354	14	94057800	94059101	4	-1.0516
08cbe251-e8b7-40ff-837f-9826fe7fb354	14	94073415	94384277	191	-0.003
08cbe251-e8b7-40ff-837f-9826fe7fb354	14	94384910	94404247	19	-0.3607
08cbe251-e8b7-40ff-837f-9826fe7fb354	14	94405664	94448969	49	-0.0126
08cbe251-e8b7-40ff-837f-9826fe7fb354	14	94449772	94471691	26	-0.3144
08cbe251-e8b7-40ff-837f-9826fe7fb354	14	94472133	94476545	16	-0.0089
08cbe251-e8b7-40ff-837f-9826fe7fb354	14	94476634	94482718	21	-0.5202
08cbe251-e8b7-40ff-837f-9826fe7fb354	14	94483784	95906971	1165	-0.0064
08cbe251-e8b7-40ff-837f-9826fe7fb354	14	95909885	95923031	18	0.4832
08cbe251-e8b7-40ff-837f-9826fe7fb354	14	95923257	96786019	599	-0.005
08cbe251-e8b7-40ff-837f-9826fe7fb354	14	96788953	99088307	1712	-0.0684
08cbe251-e8b7-40ff-837f-9826fe7fb354	14	99090652	105533894	2998	0.0595
08cbe251-e8b7-40ff-837f-9826fe7fb354	15	23437561	23501622	40	0.196
08cbe251-e8b7-40ff-837f-9826fe7fb354	15	23501978	23504008	3	-0.5724
08cbe251-e8b7-40ff-837f-9826fe7fb354	15	23504661	23516376	17	-0.0897
08cbe251-e8b7-40ff-837f-9826fe7fb354	15	23517001	23520672	5	-0.5907
08cbe251-e8b7-40ff-837f-9826fe7fb354	15	23526852	23773060	170	0.1054
08cbe251-e8b7-40ff-837f-9826fe7fb354	15	23780015	23792537	17	-0.421
08cbe251-e8b7-40ff-837f-9826fe7fb354	15	23792946	23989999	154	0.1768
08cbe251-e8b7-40ff-837f-9826fe7fb354	15	23994728	24004447	17	-0.5793
08cbe251-e8b7-40ff-837f-9826fe7fb354	15	24005082	25077090	333	-0.011
08cbe251-e8b7-40ff-837f-9826fe7fb354	15	25078994	25081548	5	-1.7332
08cbe251-e8b7-40ff-837f-9826fe7fb354	15	25081683	25136640	38	0.013
08cbe251-e8b7-40ff-837f-9826fe7fb354	15	25137594	25143120	6	-1.1641
08cbe251-e8b7-40ff-837f-9826fe7fb354	15	25145857	32908457	2729	0.0476
08cbe251-e8b7-40ff-837f-9826fe7fb354	15	32910224	32915528	13	-0.6859
08cbe251-e8b7-40ff-837f-9826fe7fb354	15	32915627	35952925	1981	0.0282
08cbe251-e8b7-40ff-837f-9826fe7fb354	15	35956592	35975846	16	-0.7143
08cbe251-e8b7-40ff-837f-9826fe7fb354	15	35978052	38064744	1435	-0.0079
08cbe251-e8b7-40ff-837f-9826fe7fb354	15	38064961	38068008	3	-2.6016
08cbe251-e8b7-40ff-837f-9826fe7fb354	15	38069939	101344124	37668	-0.0025
08cbe251-e8b7-40ff-837f-9826fe7fb354	16	603333	1472669	144	0.1254
08cbe251-e8b7-40ff-837f-9826fe7fb354	16	1505082	1516381	4	0.8614
08cbe251-e8b7-40ff-837f-9826fe7fb354	16	1517534	1875333	187	0.065
08cbe251-e8b7-40ff-837f-9826fe7fb354	16	1876431	9371333	3859	-0.0344
08cbe251-e8b7-40ff-837f-9826fe7fb354	16	9371899	9398519	28	-0.4953
08cbe251-e8b7-40ff-837f-9826fe7fb354	16	9398589	9719867	352	0.0585
08cbe251-e8b7-40ff-837f-9826fe7fb354	16	9721693	9733256	24	-0.3248
08cbe251-e8b7-40ff-837f-9826fe7fb354	16	9733401	9751498	16	0.0762
08cbe251-e8b7-40ff-837f-9826fe7fb354	16	9755351	9764632	16	-0.5492
08cbe251-e8b7-40ff-837f-9826fe7fb354	16	9767824	9942536	133	-0.0286
08cbe251-e8b7-40ff-837f-9826fe7fb354	16	9943617	9946035	3	-1.7756
08cbe251-e8b7-40ff-837f-9826fe7fb354	16	9946467	10120449	203	-0.0071
08cbe251-e8b7-40ff-837f-9826fe7fb354	16	10120747	10124868	9	-1.2511
08cbe251-e8b7-40ff-837f-9826fe7fb354	16	10126638	26545564	7165	-0.0425
08cbe251-e8b7-40ff-837f-9826fe7fb354	16	26548980	26550050	3	-1.7109
08cbe251-e8b7-40ff-837f-9826fe7fb354	16	26550557	27201143	517	-0.1063
08cbe251-e8b7-40ff-837f-9826fe7fb354	16	27207536	48350459	2134	-0.0038
08cbe251-e8b7-40ff-837f-9826fe7fb354	16	48350810	49395347	743	-0.098
08cbe251-e8b7-40ff-837f-9826fe7fb354	16	49395714	49840422	332	0.0957
08cbe251-e8b7-40ff-837f-9826fe7fb354	16	49840436	51734818	1259	-0.0522
08cbe251-e8b7-40ff-837f-9826fe7fb354	16	51737713	51740200	5	-1.2017
08cbe251-e8b7-40ff-837f-9826fe7fb354	16	51740399	52571165	631	-0.0412
08cbe251-e8b7-40ff-837f-9826fe7fb354	16	52571184	52601418	27	-0.6751
08cbe251-e8b7-40ff-837f-9826fe7fb354	16	52602226	52625438	23	0.1208
08cbe251-e8b7-40ff-837f-9826fe7fb354	16	52627026	52637547	11	-0.3958
08cbe251-e8b7-40ff-837f-9826fe7fb354	16	52638893	52730140	62	0.0045
08cbe251-e8b7-40ff-837f-9826fe7fb354	16	52732963	52759609	16	-0.3728
08cbe251-e8b7-40ff-837f-9826fe7fb354	16	52760859	52859665	86	0.1108
08cbe251-e8b7-40ff-837f-9826fe7fb354	16	52859931	52955655	81	-0.1776
08cbe251-e8b7-40ff-837f-9826fe7fb354	16	52956134	53487715	382	0.0456
08cbe251-e8b7-40ff-837f-9826fe7fb354	16	53487754	53576536	80	-0.1817
08cbe251-e8b7-40ff-837f-9826fe7fb354	16	53579195	53773586	116	0.0478
08cbe251-e8b7-40ff-837f-9826fe7fb354	16	53773852	53778922	10	-0.5773
08cbe251-e8b7-40ff-837f-9826fe7fb354	16	53782363	53884970	87	0.1274
08cbe251-e8b7-40ff-837f-9826fe7fb354	16	53891543	54356963	357	-0.0276
08cbe251-e8b7-40ff-837f-9826fe7fb354	16	54360772	54460305	102	0.147
08cbe251-e8b7-40ff-837f-9826fe7fb354	16	54461157	55139439	516	-0.0798
08cbe251-e8b7-40ff-837f-9826fe7fb354	16	55140030	55152217	15	-0.6381
08cbe251-e8b7-40ff-837f-9826fe7fb354	16	55154049	55643134	425	-0.0423
08cbe251-e8b7-40ff-837f-9826fe7fb354	16	55645425	55666312	17	-0.4481
08cbe251-e8b7-40ff-837f-9826fe7fb354	16	55668233	55672587	10	-0.0093
08cbe251-e8b7-40ff-837f-9826fe7fb354	16	55673342	55679968	10	-0.6376
08cbe251-e8b7-40ff-837f-9826fe7fb354	16	55682638	55706242	39	0.1937
08cbe251-e8b7-40ff-837f-9826fe7fb354	16	55707544	55840074	35	-0.2728
08cbe251-e8b7-40ff-837f-9826fe7fb354	16	55841934	55850711	14	0.1729
08cbe251-e8b7-40ff-837f-9826fe7fb354	16	55850807	55865491	16	-0.2493
08cbe251-e8b7-40ff-837f-9826fe7fb354	16	55865791	55871434	9	0.2692
08cbe251-e8b7-40ff-837f-9826fe7fb354	16	55872446	55872463	2	1.5993
08cbe251-e8b7-40ff-837f-9826fe7fb354	16	55872575	56022363	103	-0.1725
08cbe251-e8b7-40ff-837f-9826fe7fb354	16	56026758	61766430	3474	-0.0031
08cbe251-e8b7-40ff-837f-9826fe7fb354	16	61766964	61796498	19	-0.5801
08cbe251-e8b7-40ff-837f-9826fe7fb354	16	61796860	64481497	1692	0.0073
08cbe251-e8b7-40ff-837f-9826fe7fb354	16	64481721	64482104	2	-2.4129
08cbe251-e8b7-40ff-837f-9826fe7fb354	16	64482179	65434335	693	-0.0674
08cbe251-e8b7-40ff-837f-9826fe7fb354	16	65435088	65440389	2	-1.8328
08cbe251-e8b7-40ff-837f-9826fe7fb354	16	65440461	65933189	422	-0.0299
08cbe251-e8b7-40ff-837f-9826fe7fb354	16	65934437	66053807	126	-0.265
08cbe251-e8b7-40ff-837f-9826fe7fb354	16	66054169	68846806	1322	-0.0383
08cbe251-e8b7-40ff-837f-9826fe7fb354	16	68847592	70649773	704	0.0006
08cbe251-e8b7-40ff-837f-9826fe7fb354	16	70650772	70802467	85	0.1783
08cbe251-e8b7-40ff-837f-9826fe7fb354	16	70804300	71265331	64	0.0052
08cbe251-e8b7-40ff-837f-9826fe7fb354	16	71266877	71315393	31	-0.2734
08cbe251-e8b7-40ff-837f-9826fe7fb354	16	71315595	71473236	102	0.0915
08cbe251-e8b7-40ff-837f-9826fe7fb354	16	71475685	71481485	9	-0.4426
08cbe251-e8b7-40ff-837f-9826fe7fb354	16	71493582	71959638	235	0.053
08cbe251-e8b7-40ff-837f-9826fe7fb354	16	71965858	71968040	4	-0.9263
08cbe251-e8b7-40ff-837f-9826fe7fb354	16	71970500	73994369	1294	0.0107
08cbe251-e8b7-40ff-837f-9826fe7fb354	16	73994778	73998886	5	-0.9969
08cbe251-e8b7-40ff-837f-9826fe7fb354	16	73999441	77374483	2059	0.0292
08cbe251-e8b7-40ff-837f-9826fe7fb354	16	77378027	77493455	139	-0.1708
08cbe251-e8b7-40ff-837f-9826fe7fb354	16	77495985	78465676	853	0.0229
08cbe251-e8b7-40ff-837f-9826fe7fb354	16	78466668	78527908	127	-0.0573
08cbe251-e8b7-40ff-837f-9826fe7fb354	16	78529860	78534533	10	-0.6455
08cbe251-e8b7-40ff-837f-9826fe7fb354	16	78535173	79042493	340	0.0033
08cbe251-e8b7-40ff-837f-9826fe7fb354	16	79042809	79043054	2	1.5008
08cbe251-e8b7-40ff-837f-9826fe7fb354	16	79046207	79571648	535	-0.0681
08cbe251-e8b7-40ff-837f-9826fe7fb354	16	79571686	79576439	9	-0.8784
08cbe251-e8b7-40ff-837f-9826fe7fb354	16	79577069	79760901	189	-0.084
08cbe251-e8b7-40ff-837f-9826fe7fb354	16	79764614	79789490	35	-0.4837
08cbe251-e8b7-40ff-837f-9826fe7fb354	16	79789907	81346901	1219	-0.0233
08cbe251-e8b7-40ff-837f-9826fe7fb354	16	81351071	81718893	250	0.1203
08cbe251-e8b7-40ff-837f-9826fe7fb354	16	81719356	83776857	1976	-0.0639
08cbe251-e8b7-40ff-837f-9826fe7fb354	16	83777086	86932992	1821	0.0932
08cbe251-e8b7-40ff-837f-9826fe7fb354	16	86937389	86944168	11	-0.5075
08cbe251-e8b7-40ff-837f-9826fe7fb354	16	86944427	89317317	837	0.1281
08cbe251-e8b7-40ff-837f-9826fe7fb354	17	1074619	31738069	11803	0.0162
08cbe251-e8b7-40ff-837f-9826fe7fb354	17	31738351	31796727	34	-0.4241
08cbe251-e8b7-40ff-837f-9826fe7fb354	17	31796768	32938727	565	0.0606
08cbe251-e8b7-40ff-837f-9826fe7fb354	17	32939688	34768065	797	-0.1145
08cbe251-e8b7-40ff-837f-9826fe7fb354	17	34770576	54684377	8937	-0.0182
08cbe251-e8b7-40ff-837f-9826fe7fb354	17	54687239	54690393	3	-1.8676
08cbe251-e8b7-40ff-837f-9826fe7fb354	17	54691149	54833418	109	-0.0504
08cbe251-e8b7-40ff-837f-9826fe7fb354	17	54836299	55100166	184	0.1462
08cbe251-e8b7-40ff-837f-9826fe7fb354	17	55100882	56029927	724	-0.0424
08cbe251-e8b7-40ff-837f-9826fe7fb354	17	56030896	56033638	3	-2.0127
08cbe251-e8b7-40ff-837f-9826fe7fb354	17	56033651	57487435	1153	-0.0377
08cbe251-e8b7-40ff-837f-9826fe7fb354	17	57488315	64867438	3488	0.0251
08cbe251-e8b7-40ff-837f-9826fe7fb354	17	64929599	64929920	2	-1.7101
08cbe251-e8b7-40ff-837f-9826fe7fb354	17	64930571	68873673	2373	0.0098
08cbe251-e8b7-40ff-837f-9826fe7fb354	17	68874089	69294922	255	0.1563
08cbe251-e8b7-40ff-837f-9826fe7fb354	17	69298377	79054818	5294	0.0059
08cbe251-e8b7-40ff-837f-9826fe7fb354	17	79058799	79754807	264	0.1699
08cbe251-e8b7-40ff-837f-9826fe7fb354	17	79770477	79899422	88	-0.0601
08cbe251-e8b7-40ff-837f-9826fe7fb354	17	79899541	81485310	659	0.1718
08cbe251-e8b7-40ff-837f-9826fe7fb354	17	81494370	82582807	280	0.0156
08cbe251-e8b7-40ff-837f-9826fe7fb354	17	82582848	82959812	202	0.16
08cbe251-e8b7-40ff-837f-9826fe7fb354	18	326691	2168596	584	-0.0226
08cbe251-e8b7-40ff-837f-9826fe7fb354	18	2168672	2174730	14	-0.734
08cbe251-e8b7-40ff-837f-9826fe7fb354	18	2174969	5157436	1859	0.0063
08cbe251-e8b7-40ff-837f-9826fe7fb354	18	5158168	5210810	46	-0.3892
08cbe251-e8b7-40ff-837f-9826fe7fb354	18	5210852	6726092	610	-0.0273
08cbe251-e8b7-40ff-837f-9826fe7fb354	18	6728422	6801201	55	0.1736
08cbe251-e8b7-40ff-837f-9826fe7fb354	18	6816370	6865659	39	-0.1177
08cbe251-e8b7-40ff-837f-9826fe7fb354	18	6865855	7478997	495	0.1206
08cbe251-e8b7-40ff-837f-9826fe7fb354	18	7479920	7635555	129	-0.149
08cbe251-e8b7-40ff-837f-9826fe7fb354	18	7635887	13170819	3724	0.0548
08cbe251-e8b7-40ff-837f-9826fe7fb354	18	13172993	13186766	19	0.5084
08cbe251-e8b7-40ff-837f-9826fe7fb354	18	13189994	13611382	314	0.1655
08cbe251-e8b7-40ff-837f-9826fe7fb354	18	13611534	13664019	31	0.3783
08cbe251-e8b7-40ff-837f-9826fe7fb354	18	13666573	21502650	489	0.0688
08cbe251-e8b7-40ff-837f-9826fe7fb354	18	21503926	24556866	1725	0.0247
08cbe251-e8b7-40ff-837f-9826fe7fb354	18	24557355	44514508	12081	-0.0173
08cbe251-e8b7-40ff-837f-9826fe7fb354	18	44514698	45664393	857	-0.1373
08cbe251-e8b7-40ff-837f-9826fe7fb354	18	45664635	47497616	1015	-0.0197
08cbe251-e8b7-40ff-837f-9826fe7fb354	18	47498977	47509524	20	-0.5973
08cbe251-e8b7-40ff-837f-9826fe7fb354	18	47512786	56273533	5902	-0.0148
08cbe251-e8b7-40ff-837f-9826fe7fb354	18	56277627	56277967	2	-2.5541
08cbe251-e8b7-40ff-837f-9826fe7fb354	18	56280245	64780207	5547	-0.0075
08cbe251-e8b7-40ff-837f-9826fe7fb354	18	64782493	64782893	3	1.896
08cbe251-e8b7-40ff-837f-9826fe7fb354	18	64785211	68308523	1722	0.0015
08cbe251-e8b7-40ff-837f-9826fe7fb354	18	68308585	77629471	4507	0.0653
08cbe251-e8b7-40ff-837f-9826fe7fb354	18	77630278	77630377	2	-2.3243
08cbe251-e8b7-40ff-837f-9826fe7fb354	18	77630971	79349796	1023	0.1207
08cbe251-e8b7-40ff-837f-9826fe7fb354	19	283868	1077702	142	0.0348
08cbe251-e8b7-40ff-837f-9826fe7fb354	19	1099702	1100075	2	-1.9863
08cbe251-e8b7-40ff-837f-9826fe7fb354	19	1101864	8947011	2642	-0.0186
08cbe251-e8b7-40ff-837f-9826fe7fb354	19	8947045	8977654	37	-0.7115
08cbe251-e8b7-40ff-837f-9826fe7fb354	19	8980086	29395913	7523	-0.0504
08cbe251-e8b7-40ff-837f-9826fe7fb354	19	29396790	30695801	933	0.0607
08cbe251-e8b7-40ff-837f-9826fe7fb354	19	30701775	34660589	2606	-0.0188
08cbe251-e8b7-40ff-837f-9826fe7fb354	19	34661176	34790484	92	-0.2581
08cbe251-e8b7-40ff-837f-9826fe7fb354	19	34791150	36180957	747	-0.0659
08cbe251-e8b7-40ff-837f-9826fe7fb354	19	36185572	37819641	766	0.0393
08cbe251-e8b7-40ff-837f-9826fe7fb354	19	37819692	43819797	2447	-0.0708
08cbe251-e8b7-40ff-837f-9826fe7fb354	19	43822170	44460383	425	0.0357
08cbe251-e8b7-40ff-837f-9826fe7fb354	19	44466042	46279349	761	-0.0656
08cbe251-e8b7-40ff-837f-9826fe7fb354	19	46283615	46637422	164	0.0778
08cbe251-e8b7-40ff-837f-9826fe7fb354	19	46637901	47836043	470	-0.0804
08cbe251-e8b7-40ff-837f-9826fe7fb354	19	47837811	47874802	2	1.3701
08cbe251-e8b7-40ff-837f-9826fe7fb354	19	47881027	47967852	31	-0.0585
08cbe251-e8b7-40ff-837f-9826fe7fb354	19	47970717	47977421	24	0.3352
08cbe251-e8b7-40ff-837f-9826fe7fb354	19	47977438	53065955	1959	-0.0461
08cbe251-e8b7-40ff-837f-9826fe7fb354	19	53072537	56470182	1284	0.0205
08cbe251-e8b7-40ff-837f-9826fe7fb354	19	56472596	56646826	131	-0.0541
08cbe251-e8b7-40ff-837f-9826fe7fb354	19	56646838	56651267	9	-0.4928
08cbe251-e8b7-40ff-837f-9826fe7fb354	19	56651471	57131731	312	-0.0005
08cbe251-e8b7-40ff-837f-9826fe7fb354	19	57136792	57172676	4	0.7895
08cbe251-e8b7-40ff-837f-9826fe7fb354	19	57181716	57222496	19	-0.0184
08cbe251-e8b7-40ff-837f-9826fe7fb354	19	57223126	57227119	9	-0.4768
08cbe251-e8b7-40ff-837f-9826fe7fb354	19	57227719	57352252	94	0.0105
08cbe251-e8b7-40ff-837f-9826fe7fb354	19	57352448	57358779	8	-0.6075
08cbe251-e8b7-40ff-837f-9826fe7fb354	19	57359773	57440667	45	-0.1389
08cbe251-e8b7-40ff-837f-9826fe7fb354	19	57440706	57443330	6	-0.6155
08cbe251-e8b7-40ff-837f-9826fe7fb354	19	57443876	57562492	38	0.0452
08cbe251-e8b7-40ff-837f-9826fe7fb354	19	57563049	57656083	40	-0.3424
08cbe251-e8b7-40ff-837f-9826fe7fb354	19	57658386	57988055	136	-0.0325
08cbe251-e8b7-40ff-837f-9826fe7fb354	19	57989309	58011102	2	1.1491
08cbe251-e8b7-40ff-837f-9826fe7fb354	19	58014223	58116742	64	-0.0044
08cbe251-e8b7-40ff-837f-9826fe7fb354	19	58120309	58126022	9	-0.5464
08cbe251-e8b7-40ff-837f-9826fe7fb354	19	58130707	58370362	140	-0.0344
08cbe251-e8b7-40ff-837f-9826fe7fb354	20	472817	480135	7	-0.7319
08cbe251-e8b7-40ff-837f-9826fe7fb354	20	483155	859842	269	0.0588
08cbe251-e8b7-40ff-837f-9826fe7fb354	20	861686	868745	13	-0.409
08cbe251-e8b7-40ff-837f-9826fe7fb354	20	868792	1361382	182	0.0408
08cbe251-e8b7-40ff-837f-9826fe7fb354	20	1361889	1406814	37	-0.2324
08cbe251-e8b7-40ff-837f-9826fe7fb354	20	1406977	1417254	8	-0.6319
08cbe251-e8b7-40ff-837f-9826fe7fb354	20	1419621	1453723	32	0.087
08cbe251-e8b7-40ff-837f-9826fe7fb354	20	1454723	1499783	39	-0.1394
08cbe251-e8b7-40ff-837f-9826fe7fb354	20	1500582	1518444	17	-0.6768
08cbe251-e8b7-40ff-837f-9826fe7fb354	20	1520471	4399437	1755	-0.039
08cbe251-e8b7-40ff-837f-9826fe7fb354	20	4403391	4405838	7	-0.8737
08cbe251-e8b7-40ff-837f-9826fe7fb354	20	4406336	5400794	724	-0.0504
08cbe251-e8b7-40ff-837f-9826fe7fb354	20	5400844	5401004	2	-4.3166
08cbe251-e8b7-40ff-837f-9826fe7fb354	20	5401843	17057056	7642	-0.0268
08cbe251-e8b7-40ff-837f-9826fe7fb354	20	17057618	17095566	37	-0.6038
08cbe251-e8b7-40ff-837f-9826fe7fb354	20	17095987	17147987	47	0.0051
08cbe251-e8b7-40ff-837f-9826fe7fb354	20	17148077	17149520	5	-0.9371
08cbe251-e8b7-40ff-837f-9826fe7fb354	20	17150624	17196417	39	0.1082
08cbe251-e8b7-40ff-837f-9826fe7fb354	20	17199350	17221919	15	-0.4341
08cbe251-e8b7-40ff-837f-9826fe7fb354	20	17225062	17388741	142	-0.0596
08cbe251-e8b7-40ff-837f-9826fe7fb354	20	17390570	17394416	11	-0.3672
08cbe251-e8b7-40ff-837f-9826fe7fb354	20	17399845	17766441	305	0.0612
08cbe251-e8b7-40ff-837f-9826fe7fb354	20	17768322	17769609	4	-0.6744
08cbe251-e8b7-40ff-837f-9826fe7fb354	20	17771064	17796047	31	-0.1804
08cbe251-e8b7-40ff-837f-9826fe7fb354	20	17796344	17801632	14	-0.6
08cbe251-e8b7-40ff-837f-9826fe7fb354	20	17809833	24120897	4480	-0.0083
08cbe251-e8b7-40ff-837f-9826fe7fb354	20	24121402	24133514	9	-0.9337
08cbe251-e8b7-40ff-837f-9826fe7fb354	20	24134267	24444068	240	0.0339
08cbe251-e8b7-40ff-837f-9826fe7fb354	20	24446774	25550029	558	0.1614
08cbe251-e8b7-40ff-837f-9826fe7fb354	20	25552858	39625433	4627	-0.0238
08cbe251-e8b7-40ff-837f-9826fe7fb354	20	39625945	39636503	14	-0.5711
08cbe251-e8b7-40ff-837f-9826fe7fb354	20	39636729	39699632	72	-0.0366
08cbe251-e8b7-40ff-837f-9826fe7fb354	20	39701211	39708889	9	-0.601
08cbe251-e8b7-40ff-837f-9826fe7fb354	20	39709568	39810129	77	0.0116
08cbe251-e8b7-40ff-837f-9826fe7fb354	20	39812470	39969465	105	-0.1384
08cbe251-e8b7-40ff-837f-9826fe7fb354	20	39970437	40009997	30	0.1647
08cbe251-e8b7-40ff-837f-9826fe7fb354	20	40011715	40020057	4	-1.1985
08cbe251-e8b7-40ff-837f-9826fe7fb354	20	40021804	40889846	642	-0.0665
08cbe251-e8b7-40ff-837f-9826fe7fb354	20	40891534	40892941	4	-1.6534
08cbe251-e8b7-40ff-837f-9826fe7fb354	20	40897395	40982714	54	-0.1007
08cbe251-e8b7-40ff-837f-9826fe7fb354	20	40984774	41615298	276	0.1049
08cbe251-e8b7-40ff-837f-9826fe7fb354	20	41625048	45868180	2870	-0.0685
08cbe251-e8b7-40ff-837f-9826fe7fb354	20	45868449	52673780	4456	0.016
08cbe251-e8b7-40ff-837f-9826fe7fb354	20	52675421	52678915	10	-0.8678
08cbe251-e8b7-40ff-837f-9826fe7fb354	20	52683241	52746469	43	-0.0782
08cbe251-e8b7-40ff-837f-9826fe7fb354	20	52747442	52775467	31	0.2545
08cbe251-e8b7-40ff-837f-9826fe7fb354	20	52775728	52838347	43	0.0276
08cbe251-e8b7-40ff-837f-9826fe7fb354	20	52841528	52898082	6	-0.797
08cbe251-e8b7-40ff-837f-9826fe7fb354	20	52898333	53307430	334	0.0232
08cbe251-e8b7-40ff-837f-9826fe7fb354	20	53308017	53311372	6	-1.0724
08cbe251-e8b7-40ff-837f-9826fe7fb354	20	53311754	55672377	1719	0.0127
08cbe251-e8b7-40ff-837f-9826fe7fb354	20	55675216	55684281	17	-0.8576
08cbe251-e8b7-40ff-837f-9826fe7fb354	20	55700507	55709462	17	0.071
08cbe251-e8b7-40ff-837f-9826fe7fb354	20	55714731	55719303	10	-0.4691
08cbe251-e8b7-40ff-837f-9826fe7fb354	20	55728230	55950936	170	0.0516
08cbe251-e8b7-40ff-837f-9826fe7fb354	20	55952006	56247032	213	-0.1631
08cbe251-e8b7-40ff-837f-9826fe7fb354	20	56248749	59194907	2152	0.0549
08cbe251-e8b7-40ff-837f-9826fe7fb354	20	59196349	59315122	88	-0.1928
08cbe251-e8b7-40ff-837f-9826fe7fb354	20	59315802	59344446	30	0.1319
08cbe251-e8b7-40ff-837f-9826fe7fb354	20	59344461	59353611	12	-0.317
08cbe251-e8b7-40ff-837f-9826fe7fb354	20	59354339	59785929	342	0.1339
08cbe251-e8b7-40ff-837f-9826fe7fb354	20	59787954	60027343	144	-0.005
08cbe251-e8b7-40ff-837f-9826fe7fb354	20	60027785	60072632	42	0.1667
08cbe251-e8b7-40ff-837f-9826fe7fb354	20	60073043	60109004	45	-0.1949
08cbe251-e8b7-40ff-837f-9826fe7fb354	20	60109788	60120213	8	0.3626
08cbe251-e8b7-40ff-837f-9826fe7fb354	20	60121960	60149964	37	-0.1688
08cbe251-e8b7-40ff-837f-9826fe7fb354	20	60150434	60319821	198	0.0353
08cbe251-e8b7-40ff-837f-9826fe7fb354	20	60321657	60326692	12	-0.6654
08cbe251-e8b7-40ff-837f-9826fe7fb354	20	60329066	61179529	665	0.013
08cbe251-e8b7-40ff-837f-9826fe7fb354	20	61180584	61580068	287	0.1545
08cbe251-e8b7-40ff-837f-9826fe7fb354	20	61582522	62041977	285	0.2532
08cbe251-e8b7-40ff-837f-9826fe7fb354	20	62046031	63588502	572	0.1185
08cbe251-e8b7-40ff-837f-9826fe7fb354	21	13974127	20661840	4219	0.0124
08cbe251-e8b7-40ff-837f-9826fe7fb354	21	20662616	20662741	2	2.2169
08cbe251-e8b7-40ff-837f-9826fe7fb354	21	20663096	24179512	1974	0.0497
08cbe251-e8b7-40ff-837f-9826fe7fb354	21	24180700	24180913	6	1.3635
08cbe251-e8b7-40ff-837f-9826fe7fb354	21	24182040	28755253	3223	0.0206
08cbe251-e8b7-40ff-837f-9826fe7fb354	21	28756743	28772189	31	-0.4971
08cbe251-e8b7-40ff-837f-9826fe7fb354	21	28772262	30392477	1135	-0.0147
08cbe251-e8b7-40ff-837f-9826fe7fb354	21	30397902	30597993	109	0.2346
08cbe251-e8b7-40ff-837f-9826fe7fb354	21	30609293	33888786	2005	0.0246
08cbe251-e8b7-40ff-837f-9826fe7fb354	21	33889855	35504650	1119	-0.0598
08cbe251-e8b7-40ff-837f-9826fe7fb354	21	35505522	37761319	1401	0.032
08cbe251-e8b7-40ff-837f-9826fe7fb354	21	37762257	37833852	75	-0.1358
08cbe251-e8b7-40ff-837f-9826fe7fb354	21	37834394	37837997	11	-0.5521
08cbe251-e8b7-40ff-837f-9826fe7fb354	21	37838219	37954762	99	-0.1435
08cbe251-e8b7-40ff-837f-9826fe7fb354	21	37956216	37984432	20	0.1776
08cbe251-e8b7-40ff-837f-9826fe7fb354	21	37984631	38001359	21	-0.3273
08cbe251-e8b7-40ff-837f-9826fe7fb354	21	38002327	38087208	61	0.1232
08cbe251-e8b7-40ff-837f-9826fe7fb354	21	38090229	38098664	10	-0.445
08cbe251-e8b7-40ff-837f-9826fe7fb354	21	38099555	38362006	141	-0.0631
08cbe251-e8b7-40ff-837f-9826fe7fb354	21	38362835	38374716	11	-0.4814
08cbe251-e8b7-40ff-837f-9826fe7fb354	21	38375271	41008796	2184	0.0349
08cbe251-e8b7-40ff-837f-9826fe7fb354	21	41009129	42856277	1482	0.1063
08cbe251-e8b7-40ff-837f-9826fe7fb354	21	42868938	43016067	75	-0.1263
08cbe251-e8b7-40ff-837f-9826fe7fb354	21	43016493	43977960	262	0.1709
08cbe251-e8b7-40ff-837f-9826fe7fb354	21	43986214	44340963	85	-0.0396
08cbe251-e8b7-40ff-837f-9826fe7fb354	21	44342833	44604749	99	0.1603
08cbe251-e8b7-40ff-837f-9826fe7fb354	21	44605832	44623537	22	-0.2052
08cbe251-e8b7-40ff-837f-9826fe7fb354	21	44625568	44859889	130	0.1873
08cbe251-e8b7-40ff-837f-9826fe7fb354	21	44866723	44883734	9	-0.5273
08cbe251-e8b7-40ff-837f-9826fe7fb354	21	44884148	45047446	81	0.1494
08cbe251-e8b7-40ff-837f-9826fe7fb354	21	45051504	45067916	6	0.8655
08cbe251-e8b7-40ff-837f-9826fe7fb354	21	45067987	45227667	112	0.1447
08cbe251-e8b7-40ff-837f-9826fe7fb354	21	45670561	45702634	26	-0.1584
08cbe251-e8b7-40ff-837f-9826fe7fb354	21	45702672	46222409	271	0.1336
08cbe251-e8b7-40ff-837f-9826fe7fb354	21	46223317	46262057	23	-0.1162
08cbe251-e8b7-40ff-837f-9826fe7fb354	22	16934932	17048376	57	0.0472
08cbe251-e8b7-40ff-837f-9826fe7fb354	22	17048693	17050842	4	-0.8787
08cbe251-e8b7-40ff-837f-9826fe7fb354	22	17053798	23527597	852	0.0651
08cbe251-e8b7-40ff-837f-9826fe7fb354	22	23529638	25159822	732	-0.0215
08cbe251-e8b7-40ff-837f-9826fe7fb354	22	25160610	25210240	34	0.2467
08cbe251-e8b7-40ff-837f-9826fe7fb354	22	25210380	25215525	16	-0.3092
08cbe251-e8b7-40ff-837f-9826fe7fb354	22	25217136	25740026	97	0.1686
08cbe251-e8b7-40ff-837f-9826fe7fb354	22	25743126	25803882	87	0.0382
08cbe251-e8b7-40ff-837f-9826fe7fb354	22	25805205	25820644	12	-0.3707
08cbe251-e8b7-40ff-837f-9826fe7fb354	22	25820876	25879493	77	0.0439
08cbe251-e8b7-40ff-837f-9826fe7fb354	22	25880221	25901227	35	-0.2778
08cbe251-e8b7-40ff-837f-9826fe7fb354	22	25901440	25923145	19	0.1529
08cbe251-e8b7-40ff-837f-9826fe7fb354	22	25923424	25985447	69	-0.1381
08cbe251-e8b7-40ff-837f-9826fe7fb354	22	25986008	25993880	9	0.4126
08cbe251-e8b7-40ff-837f-9826fe7fb354	22	25994128	26002603	14	-0.0896
08cbe251-e8b7-40ff-837f-9826fe7fb354	22	26006081	26009560	12	0.2396
08cbe251-e8b7-40ff-837f-9826fe7fb354	22	26013681	26020604	7	-0.3456
08cbe251-e8b7-40ff-837f-9826fe7fb354	22	26021602	26033370	17	0.2234
08cbe251-e8b7-40ff-837f-9826fe7fb354	22	26036560	26046141	11	-0.6185
08cbe251-e8b7-40ff-837f-9826fe7fb354	22	26048628	26942856	793	-0.0878
08cbe251-e8b7-40ff-837f-9826fe7fb354	22	26942988	26997386	68	-0.3662
08cbe251-e8b7-40ff-837f-9826fe7fb354	22	26997418	27525000	607	-0.0234
08cbe251-e8b7-40ff-837f-9826fe7fb354	22	27526170	28649701	666	0.0814
08cbe251-e8b7-40ff-837f-9826fe7fb354	22	28650252	31381621	1492	-0.033
08cbe251-e8b7-40ff-837f-9826fe7fb354	22	31382595	31384583	2	-2.1607
08cbe251-e8b7-40ff-837f-9826fe7fb354	22	31388932	32211211	436	-0.0446
08cbe251-e8b7-40ff-837f-9826fe7fb354	22	32215875	32539186	262	0.1363
08cbe251-e8b7-40ff-837f-9826fe7fb354	22	32539234	34503799	1781	-0.0072
08cbe251-e8b7-40ff-837f-9826fe7fb354	22	34504240	34514855	14	-0.9166
08cbe251-e8b7-40ff-837f-9826fe7fb354	22	34515437	43217448	4554	-0.0132
08cbe251-e8b7-40ff-837f-9826fe7fb354	22	43218093	43684766	312	0.1915
08cbe251-e8b7-40ff-837f-9826fe7fb354	22	43690157	43819943	86	-0.0138
08cbe251-e8b7-40ff-837f-9826fe7fb354	22	43820762	43855309	27	0.3358
08cbe251-e8b7-40ff-837f-9826fe7fb354	22	43855381	43949056	78	0.0131
08cbe251-e8b7-40ff-837f-9826fe7fb354	22	43950182	43954045	2	-1.7612
08cbe251-e8b7-40ff-837f-9826fe7fb354	22	43954275	45122507	948	0.0993
08cbe251-e8b7-40ff-837f-9826fe7fb354	22	45129309	45181180	46	-0.1924
08cbe251-e8b7-40ff-837f-9826fe7fb354	22	45185751	46299533	667	0.0454
08cbe251-e8b7-40ff-837f-9826fe7fb354	22	46299561	46303869	6	-0.2882
08cbe251-e8b7-40ff-837f-9826fe7fb354	22	46303886	46962022	441	0.1241
08cbe251-e8b7-40ff-837f-9826fe7fb354	22	46962239	47175442	144	0.293
08cbe251-e8b7-40ff-837f-9826fe7fb354	22	47175560	47357825	150	0.1169
08cbe251-e8b7-40ff-837f-9826fe7fb354	22	47358232	47370469	5	-0.5694
08cbe251-e8b7-40ff-837f-9826fe7fb354	22	47372083	47860817	340	0.1506
08cbe251-e8b7-40ff-837f-9826fe7fb354	22	47861168	48023420	177	-0.0125
08cbe251-e8b7-40ff-837f-9826fe7fb354	22	48029878	48231898	223	0.111
08cbe251-e8b7-40ff-837f-9826fe7fb354	22	48233551	48269749	33	0.3296
08cbe251-e8b7-40ff-837f-9826fe7fb354	22	48271349	48297978	26	-0.1774
08cbe251-e8b7-40ff-837f-9826fe7fb354	22	48299054	48805479	455	0.2031
08cbe251-e8b7-40ff-837f-9826fe7fb354	22	48807542	48817308	5	-0.7063
08cbe251-e8b7-40ff-837f-9826fe7fb354	22	48818220	48909515	25	0.1252
08cbe251-e8b7-40ff-837f-9826fe7fb354	22	48913630	48917700	9	-0.7374
08cbe251-e8b7-40ff-837f-9826fe7fb354	22	48919982	48940621	16	-0.0721
08cbe251-e8b7-40ff-837f-9826fe7fb354	X	3236359	12188414	2886	-0.0345
08cbe251-e8b7-40ff-837f-9826fe7fb354	X	12188648	12191290	3	-3.8607
08cbe251-e8b7-40ff-837f-9826fe7fb354	X	12191642	30283124	9226	0.0014
08cbe251-e8b7-40ff-837f-9826fe7fb354	X	30283549	30283828	3	-5.1131
08cbe251-e8b7-40ff-837f-9826fe7fb354	X	30284412	143356853	45272	-0.0092
08cbe251-e8b7-40ff-837f-9826fe7fb354	X	143357895	143363834	14	-2.0438
08cbe251-e8b7-40ff-837f-9826fe7fb354	X	143364172	147864929	2712	-0.0658
08cbe251-e8b7-40ff-837f-9826fe7fb354	X	147866870	147876362	2	-5.7381
08cbe251-e8b7-40ff-837f-9826fe7fb354	X	147886241	150447546	1176	-0.0864
08cbe251-e8b7-40ff-837f-9826fe7fb354	X	150447757	150456877	14	-1.6397
08cbe251-e8b7-40ff-837f-9826fe7fb354	X	150456942	155677414	1639	-0.072
