GDC_Aliquot	Chromosome	Start	End	Num_Probes	Segment_Mean
673d65c1-c227-4c93-bc47-81bc18597422	1	3301765	3319477	22	-0.6939
673d65c1-c227-4c93-bc47-81bc18597422	1	3320610	5716400	1713	-0.4947
673d65c1-c227-4c93-bc47-81bc18597422	1	5718176	5718729	2	-2.8502
673d65c1-c227-4c93-bc47-81bc18597422	1	5722109	6356044	313	-0.4801
673d65c1-c227-4c93-bc47-81bc18597422	1	6356271	6356318	2	-2.3662
673d65c1-c227-4c93-bc47-81bc18597422	1	6362615	9402650	1663	-0.4855
673d65c1-c227-4c93-bc47-81bc18597422	1	9404004	9449762	29	0.3026
673d65c1-c227-4c93-bc47-81bc18597422	1	9460977	55278756	24054	-0.4932
673d65c1-c227-4c93-bc47-81bc18597422	1	55280936	119984738	40172	-0.5781
673d65c1-c227-4c93-bc47-81bc18597422	1	119984772	157168959	3431	0.3971
673d65c1-c227-4c93-bc47-81bc18597422	1	157169179	160563617	2236	0.2622
673d65c1-c227-4c93-bc47-81bc18597422	1	160563716	165863767	3827	0.3083
673d65c1-c227-4c93-bc47-81bc18597422	1	165865878	166292886	303	0.4068
673d65c1-c227-4c93-bc47-81bc18597422	1	166293550	166478035	143	0.3309
673d65c1-c227-4c93-bc47-81bc18597422	1	166478466	167085676	448	0.2305
673d65c1-c227-4c93-bc47-81bc18597422	1	167085743	167422546	247	0.3392
673d65c1-c227-4c93-bc47-81bc18597422	1	167422979	168000216	425	0.3656
673d65c1-c227-4c93-bc47-81bc18597422	1	168001458	176686906	5292	0.2198
673d65c1-c227-4c93-bc47-81bc18597422	1	176689909	177644788	642	0.3034
673d65c1-c227-4c93-bc47-81bc18597422	1	177646415	182973710	3544	0.2156
673d65c1-c227-4c93-bc47-81bc18597422	1	182973940	187035381	2574	0.3237
673d65c1-c227-4c93-bc47-81bc18597422	1	187037744	192894619	3408	0.2129
673d65c1-c227-4c93-bc47-81bc18597422	1	192898397	195792176	1784	0.1091
673d65c1-c227-4c93-bc47-81bc18597422	1	195792499	200985596	2946	-0.0746
673d65c1-c227-4c93-bc47-81bc18597422	1	200986315	206710576	3633	0.0101
673d65c1-c227-4c93-bc47-81bc18597422	1	206710849	207019832	230	0.1371
673d65c1-c227-4c93-bc47-81bc18597422	1	207020600	207088542	43	-0.0055
673d65c1-c227-4c93-bc47-81bc18597422	1	207088569	207707773	371	-0.0558
673d65c1-c227-4c93-bc47-81bc18597422	1	207708090	213132974	3830	-0.1273
673d65c1-c227-4c93-bc47-81bc18597422	1	213134010	213695178	365	-0.0278
673d65c1-c227-4c93-bc47-81bc18597422	1	213696966	214068008	276	-0.1288
673d65c1-c227-4c93-bc47-81bc18597422	1	214069125	217847990	2620	-0.1683
673d65c1-c227-4c93-bc47-81bc18597422	1	217848079	218199332	280	-0.0365
673d65c1-c227-4c93-bc47-81bc18597422	1	218201112	225289967	4434	-0.1803
673d65c1-c227-4c93-bc47-81bc18597422	1	225293182	231323801	3614	-0.1434
673d65c1-c227-4c93-bc47-81bc18597422	1	231326322	238385010	5062	-0.1854
673d65c1-c227-4c93-bc47-81bc18597422	1	238385318	238998098	478	-0.0668
673d65c1-c227-4c93-bc47-81bc18597422	1	238999962	247501852	4974	-0.1774
673d65c1-c227-4c93-bc47-81bc18597422	1	247502294	247650984	94	-0.252
673d65c1-c227-4c93-bc47-81bc18597422	2	480597	26601378	16509	-0.5733
673d65c1-c227-4c93-bc47-81bc18597422	2	26614451	28029337	583	0.2921
673d65c1-c227-4c93-bc47-81bc18597422	2	28033415	28688791	425	-0.5293
673d65c1-c227-4c93-bc47-81bc18597422	2	28693895	29230969	231	0.2616
673d65c1-c227-4c93-bc47-81bc18597422	2	29231552	43895718	8253	-0.575
673d65c1-c227-4c93-bc47-81bc18597422	2	43902801	47690915	2652	0.2487
673d65c1-c227-4c93-bc47-81bc18597422	2	47692617	64093612	8763	0.1981
673d65c1-c227-4c93-bc47-81bc18597422	2	64095135	65249658	634	0.2748
673d65c1-c227-4c93-bc47-81bc18597422	2	65250037	68413112	2288	0.2051
673d65c1-c227-4c93-bc47-81bc18597422	2	68415450	71071208	1583	0.2679
673d65c1-c227-4c93-bc47-81bc18597422	2	71078019	71084128	10	-0.7078
673d65c1-c227-4c93-bc47-81bc18597422	2	71085568	75075133	2055	0.2519
673d65c1-c227-4c93-bc47-81bc18597422	2	75075179	84099937	4857	0.1933
673d65c1-c227-4c93-bc47-81bc18597422	2	84112790	96359572	2262	0.2493
673d65c1-c227-4c93-bc47-81bc18597422	2	96370471	106376788	5679	-0.5673
673d65c1-c227-4c93-bc47-81bc18597422	2	106377785	108748778	1256	0.198
673d65c1-c227-4c93-bc47-81bc18597422	2	108749109	113388524	1972	0.2657
673d65c1-c227-4c93-bc47-81bc18597422	2	113390787	118546446	2467	0.2051
673d65c1-c227-4c93-bc47-81bc18597422	2	118547513	121919953	2017	0.2516
673d65c1-c227-4c93-bc47-81bc18597422	2	121922894	126630826	2103	0.1971
673d65c1-c227-4c93-bc47-81bc18597422	2	126635397	131062421	2292	0.2402
673d65c1-c227-4c93-bc47-81bc18597422	2	131063405	141788474	5554	0.1931
673d65c1-c227-4c93-bc47-81bc18597422	2	141789244	183515442	24775	-0.0593
673d65c1-c227-4c93-bc47-81bc18597422	2	183518829	217244624	18129	0.1883
673d65c1-c227-4c93-bc47-81bc18597422	2	217245010	219679231	1316	0.2669
673d65c1-c227-4c93-bc47-81bc18597422	2	219682015	229673345	6608	0.1952
673d65c1-c227-4c93-bc47-81bc18597422	2	229673384	238167294	4979	0.2663
673d65c1-c227-4c93-bc47-81bc18597422	2	238170901	241537572	1803	-0.5218
673d65c1-c227-4c93-bc47-81bc18597422	3	2170634	8586391	3676	0.2023
673d65c1-c227-4c93-bc47-81bc18597422	3	8587529	15171303	4287	0.2641
673d65c1-c227-4c93-bc47-81bc18597422	3	15171326	37456719	13174	0.1921
673d65c1-c227-4c93-bc47-81bc18597422	3	37459167	38638052	782	0.2649
673d65c1-c227-4c93-bc47-81bc18597422	3	38639137	42183956	2057	0.2043
673d65c1-c227-4c93-bc47-81bc18597422	3	42186337	50040095	3915	0.2712
673d65c1-c227-4c93-bc47-81bc18597422	3	50043613	50065604	12	-0.5605
673d65c1-c227-4c93-bc47-81bc18597422	3	50074729	50632647	239	0.3632
673d65c1-c227-4c93-bc47-81bc18597422	3	50639710	51345775	342	0.2254
673d65c1-c227-4c93-bc47-81bc18597422	3	51349383	53285185	823	0.2989
673d65c1-c227-4c93-bc47-81bc18597422	3	53286544	53839551	388	0.2427
673d65c1-c227-4c93-bc47-81bc18597422	3	53841786	57929747	2753	0.2176
673d65c1-c227-4c93-bc47-81bc18597422	3	57929752	57964916	17	0.9852
673d65c1-c227-4c93-bc47-81bc18597422	3	57973098	70944623	8425	0.199
673d65c1-c227-4c93-bc47-81bc18597422	3	70946629	74107994	2312	0.2427
673d65c1-c227-4c93-bc47-81bc18597422	3	74108295	115713373	19943	0.1886
673d65c1-c227-4c93-bc47-81bc18597422	3	115717043	116643999	644	0.0615
673d65c1-c227-4c93-bc47-81bc18597422	3	116647936	116702935	19	-0.5043
673d65c1-c227-4c93-bc47-81bc18597422	3	116706587	116880307	195	0.0979
673d65c1-c227-4c93-bc47-81bc18597422	3	116886124	116987838	76	-0.5362
673d65c1-c227-4c93-bc47-81bc18597422	3	116988463	122825153	3280	0.1828
673d65c1-c227-4c93-bc47-81bc18597422	3	122825280	129656268	4008	0.2403
673d65c1-c227-4c93-bc47-81bc18597422	3	129656963	142012854	7158	0.1934
673d65c1-c227-4c93-bc47-81bc18597422	3	142019519	183065313	20910	0.1683
673d65c1-c227-4c93-bc47-81bc18597422	3	183066010	188605805	3036	0.2192
673d65c1-c227-4c93-bc47-81bc18597422	3	188608081	193497095	3063	0.1737
673d65c1-c227-4c93-bc47-81bc18597422	3	193498986	197812401	1561	0.2445
673d65c1-c227-4c93-bc47-81bc18597422	4	1059384	4193673	1130	0.2676
673d65c1-c227-4c93-bc47-81bc18597422	4	4194719	5858611	1317	0.1988
673d65c1-c227-4c93-bc47-81bc18597422	4	5859179	8693217	1883	0.2676
673d65c1-c227-4c93-bc47-81bc18597422	4	8695449	24671909	10469	0.1974
673d65c1-c227-4c93-bc47-81bc18597422	4	24676498	31944574	4618	0.2331
673d65c1-c227-4c93-bc47-81bc18597422	4	31944658	44133465	6956	0.2064
673d65c1-c227-4c93-bc47-81bc18597422	4	44134738	54241451	3406	0.1829
673d65c1-c227-4c93-bc47-81bc18597422	4	54249536	54249593	6	-0.3911
673d65c1-c227-4c93-bc47-81bc18597422	4	54254390	54948027	735	0.1809
673d65c1-c227-4c93-bc47-81bc18597422	4	54948170	60917743	3490	0.1259
673d65c1-c227-4c93-bc47-81bc18597422	4	60922000	114941110	30164	0.1722
673d65c1-c227-4c93-bc47-81bc18597422	4	114944889	121543262	3722	0.2263
673d65c1-c227-4c93-bc47-81bc18597422	4	121544653	121762751	149	0.5302
673d65c1-c227-4c93-bc47-81bc18597422	4	121763339	124790814	1628	0.2173
673d65c1-c227-4c93-bc47-81bc18597422	4	124794021	165972898	22451	0.167
673d65c1-c227-4c93-bc47-81bc18597422	4	165973263	167432394	740	0.0847
673d65c1-c227-4c93-bc47-81bc18597422	4	167433268	173746181	3448	0.1514
673d65c1-c227-4c93-bc47-81bc18597422	4	173746244	174674156	542	0.0533
673d65c1-c227-4c93-bc47-81bc18597422	4	174675617	177645202	1763	0.1464
673d65c1-c227-4c93-bc47-81bc18597422	4	177646203	178359216	398	0.0577
673d65c1-c227-4c93-bc47-81bc18597422	4	178780890	180093151	714	0.1549
673d65c1-c227-4c93-bc47-81bc18597422	4	180096509	187098493	3216	0.0918
673d65c1-c227-4c93-bc47-81bc18597422	4	187098728	187842528	472	0.1905
673d65c1-c227-4c93-bc47-81bc18597422	5	913983	8135809	5200	0.2285
673d65c1-c227-4c93-bc47-81bc18597422	5	8137856	54315900	23013	0.1921
673d65c1-c227-4c93-bc47-81bc18597422	5	54324613	57589077	2119	0.2375
673d65c1-c227-4c93-bc47-81bc18597422	5	57589516	62609385	3079	0.1894
673d65c1-c227-4c93-bc47-81bc18597422	5	62612079	62704674	52	-0.5959
673d65c1-c227-4c93-bc47-81bc18597422	5	62705292	64733547	815	0.188
673d65c1-c227-4c93-bc47-81bc18597422	5	64733694	83000863	10058	0.1201
673d65c1-c227-4c93-bc47-81bc18597422	5	83001543	83320742	172	0.1746
673d65c1-c227-4c93-bc47-81bc18597422	5	83321468	131915676	26282	0.095
673d65c1-c227-4c93-bc47-81bc18597422	5	131916703	135486593	2241	0.1674
673d65c1-c227-4c93-bc47-81bc18597422	5	135489795	135489993	2	-1.1812
673d65c1-c227-4c93-bc47-81bc18597422	5	135492523	142799798	4022	0.1536
673d65c1-c227-4c93-bc47-81bc18597422	5	142800191	148939782	4007	0.1115
673d65c1-c227-4c93-bc47-81bc18597422	5	148940627	151693816	1854	0.1708
673d65c1-c227-4c93-bc47-81bc18597422	5	151695048	157237812	3607	0.1004
673d65c1-c227-4c93-bc47-81bc18597422	5	157237889	157529654	211	0.2058
673d65c1-c227-4c93-bc47-81bc18597422	5	157529881	169668805	7995	0.1031
673d65c1-c227-4c93-bc47-81bc18597422	5	169668854	180934240	6299	0.1833
673d65c1-c227-4c93-bc47-81bc18597422	6	1011760	4110500	2344	-0.5695
673d65c1-c227-4c93-bc47-81bc18597422	6	4112813	25744603	14978	-0.596
673d65c1-c227-4c93-bc47-81bc18597422	6	25744650	32997190	2055	-0.5449
673d65c1-c227-4c93-bc47-81bc18597422	6	32997285	32997308	2	-2.1321
673d65c1-c227-4c93-bc47-81bc18597422	6	32997968	33382424	162	-0.5134
673d65c1-c227-4c93-bc47-81bc18597422	6	33383474	34263303	540	-0.4475
673d65c1-c227-4c93-bc47-81bc18597422	6	34266862	34328729	38	0.1459
673d65c1-c227-4c93-bc47-81bc18597422	6	34329581	35059619	299	-0.4486
673d65c1-c227-4c93-bc47-81bc18597422	6	35060150	35132716	35	-0.544
673d65c1-c227-4c93-bc47-81bc18597422	6	35138790	35149586	3	-1.401
673d65c1-c227-4c93-bc47-81bc18597422	6	35149622	35248963	58	-0.4761
673d65c1-c227-4c93-bc47-81bc18597422	6	35261238	35360540	49	0.3248
673d65c1-c227-4c93-bc47-81bc18597422	6	35364322	35389916	16	0.6667
673d65c1-c227-4c93-bc47-81bc18597422	6	35394267	36177939	377	-0.4812
673d65c1-c227-4c93-bc47-81bc18597422	6	36181594	36603525	263	0.2297
673d65c1-c227-4c93-bc47-81bc18597422	6	36621563	36854098	170	-4.0598
673d65c1-c227-4c93-bc47-81bc18597422	6	36855571	40063279	2228	-0.5671
673d65c1-c227-4c93-bc47-81bc18597422	6	40068742	40069376	2	-2.9076
673d65c1-c227-4c93-bc47-81bc18597422	6	40069626	42506828	1703	-0.5375
673d65c1-c227-4c93-bc47-81bc18597422	6	42509068	42905641	191	0.2182
673d65c1-c227-4c93-bc47-81bc18597422	6	42905663	44808632	1074	0.2884
673d65c1-c227-4c93-bc47-81bc18597422	6	44811118	64333681	8781	0.1909
673d65c1-c227-4c93-bc47-81bc18597422	6	64341503	64342201	5	-0.5853
673d65c1-c227-4c93-bc47-81bc18597422	6	64355721	64430332	42	0.1819
673d65c1-c227-4c93-bc47-81bc18597422	6	64430948	64483927	26	-0.5654
673d65c1-c227-4c93-bc47-81bc18597422	6	64483940	66235540	993	0.1865
673d65c1-c227-4c93-bc47-81bc18597422	6	66238608	66243560	6	-0.8154
673d65c1-c227-4c93-bc47-81bc18597422	6	66257822	69895416	2106	0.1966
673d65c1-c227-4c93-bc47-81bc18597422	6	69898132	107631969	21028	0.1751
673d65c1-c227-4c93-bc47-81bc18597422	6	107635808	112763087	3137	0.2033
673d65c1-c227-4c93-bc47-81bc18597422	6	112768507	129230088	9152	0.1534
673d65c1-c227-4c93-bc47-81bc18597422	6	129230331	170596889	25184	0.185
673d65c1-c227-4c93-bc47-81bc18597422	7	664936	858610	67	0.2135
673d65c1-c227-4c93-bc47-81bc18597422	7	859643	2807925	572	0.3405
673d65c1-c227-4c93-bc47-81bc18597422	7	2810596	5198964	1128	0.2583
673d65c1-c227-4c93-bc47-81bc18597422	7	5211136	6274279	339	0.3175
673d65c1-c227-4c93-bc47-81bc18597422	7	6274409	21095998	8150	0.1897
673d65c1-c227-4c93-bc47-81bc18597422	7	21096019	77542656	28559	0.2119
673d65c1-c227-4c93-bc47-81bc18597422	7	77548796	98187804	11285	0.178
673d65c1-c227-4c93-bc47-81bc18597422	7	98188009	102449522	1621	0.2571
673d65c1-c227-4c93-bc47-81bc18597422	7	102451288	130046768	14680	0.1821
673d65c1-c227-4c93-bc47-81bc18597422	7	130054898	130058927	2	-1.7115
673d65c1-c227-4c93-bc47-81bc18597422	7	130059627	133316416	1948	0.2246
673d65c1-c227-4c93-bc47-81bc18597422	7	133321545	139263432	3661	0.1742
673d65c1-c227-4c93-bc47-81bc18597422	7	139264392	140824757	804	0.2372
673d65c1-c227-4c93-bc47-81bc18597422	7	140824806	141122631	221	0.1273
673d65c1-c227-4c93-bc47-81bc18597422	7	141122918	141155463	24	0.2661
673d65c1-c227-4c93-bc47-81bc18597422	7	141160743	141253300	69	-0.6444
673d65c1-c227-4c93-bc47-81bc18597422	7	141261871	142964608	686	0.2025
673d65c1-c227-4c93-bc47-81bc18597422	7	142966541	148997879	3223	0.1673
673d65c1-c227-4c93-bc47-81bc18597422	7	148998294	152143306	1446	0.2526
673d65c1-c227-4c93-bc47-81bc18597422	7	152144294	154728785	1057	0.1846
673d65c1-c227-4c93-bc47-81bc18597422	7	154730355	157081393	1598	0.2375
673d65c1-c227-4c93-bc47-81bc18597422	7	157082056	157086981	2	-1.0806
673d65c1-c227-4c93-bc47-81bc18597422	7	157087704	157547419	270	0.2054
673d65c1-c227-4c93-bc47-81bc18597422	7	157557990	157558129	2	-0.9155
673d65c1-c227-4c93-bc47-81bc18597422	7	157558146	158592540	442	0.2476
673d65c1-c227-4c93-bc47-81bc18597422	8	667625	9846866	4165	0.2195
673d65c1-c227-4c93-bc47-81bc18597422	8	9848882	11791683	1084	0.2856
673d65c1-c227-4c93-bc47-81bc18597422	8	11801118	14034844	972	0.217
673d65c1-c227-4c93-bc47-81bc18597422	8	14035643	19015423	3847	0.1891
673d65c1-c227-4c93-bc47-81bc18597422	8	19015465	21604069	2199	0.2326
673d65c1-c227-4c93-bc47-81bc18597422	8	21612726	23858399	1216	0.2845
673d65c1-c227-4c93-bc47-81bc18597422	8	23859048	30202344	4342	0.2258
673d65c1-c227-4c93-bc47-81bc18597422	8	30202788	36820944	3729	0.1932
673d65c1-c227-4c93-bc47-81bc18597422	8	36822295	47018471	3724	0.2249
673d65c1-c227-4c93-bc47-81bc18597422	8	47028268	100401006	30387	0.1879
673d65c1-c227-4c93-bc47-81bc18597422	8	100401291	103227028	1811	0.2247
673d65c1-c227-4c93-bc47-81bc18597422	8	103229157	122562554	11047	0.1765
673d65c1-c227-4c93-bc47-81bc18597422	8	122562578	132907115	7165	0.2165
673d65c1-c227-4c93-bc47-81bc18597422	8	132908273	133724362	758	0.2855
673d65c1-c227-4c93-bc47-81bc18597422	8	133728739	139385473	4263	0.2091
673d65c1-c227-4c93-bc47-81bc18597422	8	139385949	141165353	884	0.2737
673d65c1-c227-4c93-bc47-81bc18597422	8	141166181	144182542	567	0.3666
673d65c1-c227-4c93-bc47-81bc18597422	9	789794	1552640	169	0.3123
673d65c1-c227-4c93-bc47-81bc18597422	9	1553378	3083639	1498	0.1521
673d65c1-c227-4c93-bc47-81bc18597422	9	3085004	3741244	300	0.3192
673d65c1-c227-4c93-bc47-81bc18597422	9	3741507	16121619	7099	0.2159
673d65c1-c227-4c93-bc47-81bc18597422	9	16123978	17157209	934	0.65
673d65c1-c227-4c93-bc47-81bc18597422	9	17157319	17875601	480	0.1247
673d65c1-c227-4c93-bc47-81bc18597422	9	17876120	17883755	18	-0.4742
673d65c1-c227-4c93-bc47-81bc18597422	9	17885167	17896594	8	0.1065
673d65c1-c227-4c93-bc47-81bc18597422	9	17897628	17948951	46	-0.5601
673d65c1-c227-4c93-bc47-81bc18597422	9	17955496	18640592	592	0.1353
673d65c1-c227-4c93-bc47-81bc18597422	9	18654353	19410357	658	-0.5765
673d65c1-c227-4c93-bc47-81bc18597422	9	19410757	20252343	643	-0.7538
673d65c1-c227-4c93-bc47-81bc18597422	9	20252611	20695895	331	-0.5997
673d65c1-c227-4c93-bc47-81bc18597422	9	20696044	20771426	78	0.0929
673d65c1-c227-4c93-bc47-81bc18597422	9	20773286	21592387	608	-0.5657
673d65c1-c227-4c93-bc47-81bc18597422	9	21601243	21767151	78	0.12
673d65c1-c227-4c93-bc47-81bc18597422	9	21767405	21976871	116	-0.7624
673d65c1-c227-4c93-bc47-81bc18597422	9	21977195	22082341	95	-2.2777
673d65c1-c227-4c93-bc47-81bc18597422	9	22082381	22408752	202	-0.7575
673d65c1-c227-4c93-bc47-81bc18597422	9	22412949	26674662	2513	-0.5627
673d65c1-c227-4c93-bc47-81bc18597422	9	26674988	26690742	12	0.046
673d65c1-c227-4c93-bc47-81bc18597422	9	26691670	30183045	1872	0.109
673d65c1-c227-4c93-bc47-81bc18597422	9	30184462	31018580	392	0.5662
673d65c1-c227-4c93-bc47-81bc18597422	9	31018820	31635592	411	0.1239
673d65c1-c227-4c93-bc47-81bc18597422	9	31647297	31837336	140	0.5365
673d65c1-c227-4c93-bc47-81bc18597422	9	31841387	36767917	2838	0.1622
673d65c1-c227-4c93-bc47-81bc18597422	9	36767973	38752071	1436	0.2687
673d65c1-c227-4c93-bc47-81bc18597422	9	68423153	68954916	480	-0.5884
673d65c1-c227-4c93-bc47-81bc18597422	9	68963590	68968575	4	0.6147
673d65c1-c227-4c93-bc47-81bc18597422	9	68970789	69053334	80	-0.5994
673d65c1-c227-4c93-bc47-81bc18597422	9	69055478	69061395	9	0.069
673d65c1-c227-4c93-bc47-81bc18597422	9	69062390	69176631	80	-0.5632
673d65c1-c227-4c93-bc47-81bc18597422	9	69177128	69254557	81	0.2294
673d65c1-c227-4c93-bc47-81bc18597422	9	69254994	69880215	420	0.6701
673d65c1-c227-4c93-bc47-81bc18597422	9	69889526	70059847	127	0.9594
673d65c1-c227-4c93-bc47-81bc18597422	9	70060145	70159432	93	0.7028
673d65c1-c227-4c93-bc47-81bc18597422	9	70161858	70355144	86	0.2235
673d65c1-c227-4c93-bc47-81bc18597422	9	70358838	70383553	17	-0.6299
673d65c1-c227-4c93-bc47-81bc18597422	9	70384383	70390993	5	0.3167
673d65c1-c227-4c93-bc47-81bc18597422	9	70395253	70776665	282	-0.612
673d65c1-c227-4c93-bc47-81bc18597422	9	70778737	70839367	60	0.1784
673d65c1-c227-4c93-bc47-81bc18597422	9	70844188	70859414	23	-0.699
673d65c1-c227-4c93-bc47-81bc18597422	9	70859717	71814492	733	0.1896
673d65c1-c227-4c93-bc47-81bc18597422	9	71818423	74126827	1377	0.6584
673d65c1-c227-4c93-bc47-81bc18597422	9	74133299	74525219	241	0.2379
673d65c1-c227-4c93-bc47-81bc18597422	9	74529284	76749461	1667	0.6878
673d65c1-c227-4c93-bc47-81bc18597422	9	76753426	76790148	39	0.1954
673d65c1-c227-4c93-bc47-81bc18597422	9	76792024	76802027	12	0.6195
673d65c1-c227-4c93-bc47-81bc18597422	9	76803532	76817456	16	0.2324
673d65c1-c227-4c93-bc47-81bc18597422	9	76819909	76868096	42	0.6115
673d65c1-c227-4c93-bc47-81bc18597422	9	76869457	78547104	1091	0.2131
673d65c1-c227-4c93-bc47-81bc18597422	9	78547901	78597893	31	0.7277
673d65c1-c227-4c93-bc47-81bc18597422	9	78600871	78675627	57	0.2279
673d65c1-c227-4c93-bc47-81bc18597422	9	78680482	83204326	3126	0.6788
673d65c1-c227-4c93-bc47-81bc18597422	9	83207983	83613601	351	0.2984
673d65c1-c227-4c93-bc47-81bc18597422	9	83617894	83631181	13	0.6622
673d65c1-c227-4c93-bc47-81bc18597422	9	83634295	83684113	37	0.288
673d65c1-c227-4c93-bc47-81bc18597422	9	83684893	84036352	196	0.7294
673d65c1-c227-4c93-bc47-81bc18597422	9	84052078	85145563	864	1.0426
673d65c1-c227-4c93-bc47-81bc18597422	9	85145879	85181564	30	0.6901
673d65c1-c227-4c93-bc47-81bc18597422	9	85183774	85639725	348	0.345
673d65c1-c227-4c93-bc47-81bc18597422	9	85643735	92717252	4596	0.2528
673d65c1-c227-4c93-bc47-81bc18597422	9	92717892	93340550	362	0.3516
673d65c1-c227-4c93-bc47-81bc18597422	9	93341955	99891887	4147	0.2664
673d65c1-c227-4c93-bc47-81bc18597422	9	99892165	100963191	617	0.1947
673d65c1-c227-4c93-bc47-81bc18597422	9	100973785	101528539	402	0.6506
673d65c1-c227-4c93-bc47-81bc18597422	9	101537011	104597865	1645	0.2918
673d65c1-c227-4c93-bc47-81bc18597422	9	104597890	106588216	1314	0.6813
673d65c1-c227-4c93-bc47-81bc18597422	9	106590667	108057520	1129	0.2338
673d65c1-c227-4c93-bc47-81bc18597422	9	108058035	110557862	2005	0.6859
673d65c1-c227-4c93-bc47-81bc18597422	9	110562282	113553046	1854	0.2229
673d65c1-c227-4c93-bc47-81bc18597422	9	113554004	114410763	620	0.327
673d65c1-c227-4c93-bc47-81bc18597422	9	114411239	118666667	3119	0.242
673d65c1-c227-4c93-bc47-81bc18597422	9	118670101	118671320	3	-0.6321
673d65c1-c227-4c93-bc47-81bc18597422	9	118673126	121488275	2124	0.2434
673d65c1-c227-4c93-bc47-81bc18597422	9	121488400	122242826	481	0.3462
673d65c1-c227-4c93-bc47-81bc18597422	9	122243268	122314811	42	0.2296
673d65c1-c227-4c93-bc47-81bc18597422	9	122319716	123913324	935	0.7237
673d65c1-c227-4c93-bc47-81bc18597422	9	123916152	124863448	589	0.3149
673d65c1-c227-4c93-bc47-81bc18597422	9	124873211	138044505	6743	-0.4732
673d65c1-c227-4c93-bc47-81bc18597422	10	366509	7114114	4559	0.1855
673d65c1-c227-4c93-bc47-81bc18597422	10	7115524	9766014	1945	0.1363
673d65c1-c227-4c93-bc47-81bc18597422	10	9766699	11725135	1600	0.2448
673d65c1-c227-4c93-bc47-81bc18597422	10	11725338	16525301	3674	0.1786
673d65c1-c227-4c93-bc47-81bc18597422	10	16525777	19295060	1979	0.1126
673d65c1-c227-4c93-bc47-81bc18597422	10	19319014	19964458	470	0.2131
673d65c1-c227-4c93-bc47-81bc18597422	10	19965901	22414722	1565	0.122
673d65c1-c227-4c93-bc47-81bc18597422	10	22415109	28192697	3711	0.2109
673d65c1-c227-4c93-bc47-81bc18597422	10	28200718	28835916	432	0.1158
673d65c1-c227-4c93-bc47-81bc18597422	10	28836990	36122243	4903	0.2321
673d65c1-c227-4c93-bc47-81bc18597422	10	36122925	42457632	1403	0.1785
673d65c1-c227-4c93-bc47-81bc18597422	10	42457683	42466828	9	-0.5884
673d65c1-c227-4c93-bc47-81bc18597422	10	42470188	42780844	155	0.119
673d65c1-c227-4c93-bc47-81bc18597422	10	42780995	43093174	189	-0.4836
673d65c1-c227-4c93-bc47-81bc18597422	10	43093256	43094322	10	0.1578
673d65c1-c227-4c93-bc47-81bc18597422	10	43094418	45421751	1537	-0.541
673d65c1-c227-4c93-bc47-81bc18597422	10	45421928	47193437	179	0.1579
673d65c1-c227-4c93-bc47-81bc18597422	10	47196361	47327025	110	-0.5424
673d65c1-c227-4c93-bc47-81bc18597422	10	48188464	48268427	72	0.6387
673d65c1-c227-4c93-bc47-81bc18597422	10	48268668	48731272	354	0.9266
673d65c1-c227-4c93-bc47-81bc18597422	10	48736204	48756015	12	0.7104
673d65c1-c227-4c93-bc47-81bc18597422	10	48760551	49036190	279	0.2115
673d65c1-c227-4c93-bc47-81bc18597422	10	49042559	68303904	11152	-0.5962
673d65c1-c227-4c93-bc47-81bc18597422	10	68303980	74640504	3570	-0.521
673d65c1-c227-4c93-bc47-81bc18597422	10	74646693	76729283	1317	0.2384
673d65c1-c227-4c93-bc47-81bc18597422	10	76729558	87705234	7132	-0.5748
673d65c1-c227-4c93-bc47-81bc18597422	10	87708412	87870165	117	-1.7212
673d65c1-c227-4c93-bc47-81bc18597422	10	87871755	87872646	7	-1.1021
673d65c1-c227-4c93-bc47-81bc18597422	10	87872765	89016326	848	-0.5384
673d65c1-c227-4c93-bc47-81bc18597422	10	89016592	89016639	2	-2.1193
673d65c1-c227-4c93-bc47-81bc18597422	10	89016750	96532936	4486	-0.5648
673d65c1-c227-4c93-bc47-81bc18597422	10	96544976	96557404	8	0.1729
673d65c1-c227-4c93-bc47-81bc18597422	10	96567679	96837645	164	-0.535
673d65c1-c227-4c93-bc47-81bc18597422	10	96842394	96903640	34	0.1547
673d65c1-c227-4c93-bc47-81bc18597422	10	96911004	96929376	11	-0.5373
673d65c1-c227-4c93-bc47-81bc18597422	10	96939222	105254211	4741	0.2635
673d65c1-c227-4c93-bc47-81bc18597422	10	105255611	109413770	2790	0.1977
673d65c1-c227-4c93-bc47-81bc18597422	10	109413797	119078786	6540	0.2397
673d65c1-c227-4c93-bc47-81bc18597422	10	119079174	119750393	403	0.3251
673d65c1-c227-4c93-bc47-81bc18597422	10	119753063	123454366	2965	0.2408
673d65c1-c227-4c93-bc47-81bc18597422	10	123455200	125052972	1006	0.305
673d65c1-c227-4c93-bc47-81bc18597422	10	125054626	130233400	3934	0.2503
673d65c1-c227-4c93-bc47-81bc18597422	10	130234176	133411599	827	0.3202
673d65c1-c227-4c93-bc47-81bc18597422	11	456012	2087564	435	-0.4194
673d65c1-c227-4c93-bc47-81bc18597422	11	2090301	2097889	2	-2.7298
673d65c1-c227-4c93-bc47-81bc18597422	11	2098340	2157440	21	-0.5518
673d65c1-c227-4c93-bc47-81bc18597422	11	2185096	3378510	526	0.3257
673d65c1-c227-4c93-bc47-81bc18597422	11	3385079	5287702	1127	0.2225
673d65c1-c227-4c93-bc47-81bc18597422	11	5289833	16994204	8095	-0.5623
673d65c1-c227-4c93-bc47-81bc18597422	11	16996237	16997297	2	-2.2964
673d65c1-c227-4c93-bc47-81bc18597422	11	16997330	30274154	8873	-0.5917
673d65c1-c227-4c93-bc47-81bc18597422	11	30274329	33524941	1957	0.1811
673d65c1-c227-4c93-bc47-81bc18597422	11	33529212	37687116	2677	0.2229
673d65c1-c227-4c93-bc47-81bc18597422	11	37688462	39238421	825	0.1746
673d65c1-c227-4c93-bc47-81bc18597422	11	39240435	40808614	1024	-0.5901
673d65c1-c227-4c93-bc47-81bc18597422	11	40809135	40966624	116	0.1851
673d65c1-c227-4c93-bc47-81bc18597422	11	40970112	40980657	9	-0.7106
673d65c1-c227-4c93-bc47-81bc18597422	11	40980712	43802757	1912	0.1877
673d65c1-c227-4c93-bc47-81bc18597422	11	43803083	56247303	3001	-0.5358
673d65c1-c227-4c93-bc47-81bc18597422	11	56249017	60728348	2544	0.1836
673d65c1-c227-4c93-bc47-81bc18597422	11	60731810	63883564	1585	0.274
673d65c1-c227-4c93-bc47-81bc18597422	11	63896536	71559287	2917	0.314
673d65c1-c227-4c93-bc47-81bc18597422	11	71560198	77242985	2860	0.2642
673d65c1-c227-4c93-bc47-81bc18597422	11	77245623	79837413	1713	0.2241
673d65c1-c227-4c93-bc47-81bc18597422	11	79837422	94093347	8415	0.1651
673d65c1-c227-4c93-bc47-81bc18597422	11	94093942	96014174	1342	0.2235
673d65c1-c227-4c93-bc47-81bc18597422	11	96015139	112529913	10307	0.176
673d65c1-c227-4c93-bc47-81bc18597422	11	112530137	116042352	2524	0.2112
673d65c1-c227-4c93-bc47-81bc18597422	11	116045374	120291541	2967	0.258
673d65c1-c227-4c93-bc47-81bc18597422	11	120292834	124010846	2714	0.2156
673d65c1-c227-4c93-bc47-81bc18597422	11	124012111	124565806	420	0.1473
673d65c1-c227-4c93-bc47-81bc18597422	11	124565960	134272740	6564	0.2304
673d65c1-c227-4c93-bc47-81bc18597422	12	780472	1781033	230	0.2493
673d65c1-c227-4c93-bc47-81bc18597422	12	1781423	3717920	1227	0.315
673d65c1-c227-4c93-bc47-81bc18597422	12	3717980	6212437	2023	0.2642
673d65c1-c227-4c93-bc47-81bc18597422	12	6214134	7241604	465	0.3302
673d65c1-c227-4c93-bc47-81bc18597422	12	7242718	13438803	3124	0.243
673d65c1-c227-4c93-bc47-81bc18597422	12	13440548	13441979	4	1.0874
673d65c1-c227-4c93-bc47-81bc18597422	12	13442858	13994312	487	0.2353
673d65c1-c227-4c93-bc47-81bc18597422	12	13998219	27110699	8180	0.1976
673d65c1-c227-4c93-bc47-81bc18597422	12	27110855	27307326	57	0.5663
673d65c1-c227-4c93-bc47-81bc18597422	12	27309705	46169796	7983	0.196
673d65c1-c227-4c93-bc47-81bc18597422	12	46173411	46439822	145	-0.5953
673d65c1-c227-4c93-bc47-81bc18597422	12	46443448	47726349	711	0.2075
673d65c1-c227-4c93-bc47-81bc18597422	12	47728106	48047909	236	0.3357
673d65c1-c227-4c93-bc47-81bc18597422	12	48047965	48591727	303	0.2478
673d65c1-c227-4c93-bc47-81bc18597422	12	48592447	48958536	179	0.6257
673d65c1-c227-4c93-bc47-81bc18597422	12	48960845	49292869	124	0.273
673d65c1-c227-4c93-bc47-81bc18597422	12	49306288	52726925	1776	0.6294
673d65c1-c227-4c93-bc47-81bc18597422	12	52727669	52759624	42	0.4129
673d65c1-c227-4c93-bc47-81bc18597422	12	52761561	57774635	2513	0.2703
673d65c1-c227-4c93-bc47-81bc18597422	12	57775750	90049705	19500	0.1835
673d65c1-c227-4c93-bc47-81bc18597422	12	90049746	95684828	3791	0.5588
673d65c1-c227-4c93-bc47-81bc18597422	12	95694528	96148232	300	0.2165
673d65c1-c227-4c93-bc47-81bc18597422	12	96148449	103276486	4437	0.1817
673d65c1-c227-4c93-bc47-81bc18597422	12	103277139	119792160	10480	0.2333
673d65c1-c227-4c93-bc47-81bc18597422	12	119793601	125377091	2724	0.3068
673d65c1-c227-4c93-bc47-81bc18597422	12	125377296	126115387	618	0.2216
673d65c1-c227-4c93-bc47-81bc18597422	12	126119186	130931435	1974	0.5982
673d65c1-c227-4c93-bc47-81bc18597422	12	130931534	132605822	671	0.674
673d65c1-c227-4c93-bc47-81bc18597422	13	18874255	32346359	8202	0.2283
673d65c1-c227-4c93-bc47-81bc18597422	13	32346391	39512665	4957	0.1939
673d65c1-c227-4c93-bc47-81bc18597422	13	39512687	41369132	1132	0.2202
673d65c1-c227-4c93-bc47-81bc18597422	13	41371426	42840385	1035	-0.5771
673d65c1-c227-4c93-bc47-81bc18597422	13	42841668	42852450	12	0.2488
673d65c1-c227-4c93-bc47-81bc18597422	13	43216239	114226675	41539	-0.5918
673d65c1-c227-4c93-bc47-81bc18597422	14	20033191	20609676	381	0.3266
673d65c1-c227-4c93-bc47-81bc18597422	14	20612889	20613585	6	-0.3838
673d65c1-c227-4c93-bc47-81bc18597422	14	20615274	21087352	250	0.3598
673d65c1-c227-4c93-bc47-81bc18597422	14	21094401	22664866	275	-0.37
673d65c1-c227-4c93-bc47-81bc18597422	14	22666554	23413854	259	0.4031
673d65c1-c227-4c93-bc47-81bc18597422	14	23416678	24434078	557	-0.484
673d65c1-c227-4c93-bc47-81bc18597422	14	24434111	26945019	1652	-0.5894
673d65c1-c227-4c93-bc47-81bc18597422	14	26948474	26948488	2	-2.3264
673d65c1-c227-4c93-bc47-81bc18597422	14	26948645	31563273	2372	-0.5716
673d65c1-c227-4c93-bc47-81bc18597422	14	31565184	40298294	5295	0.214
673d65c1-c227-4c93-bc47-81bc18597422	14	40300933	45680126	2174	0.0979
673d65c1-c227-4c93-bc47-81bc18597422	14	45761842	46327861	220	-0.4378
673d65c1-c227-4c93-bc47-81bc18597422	14	46330332	63525125	10668	-0.5155
673d65c1-c227-4c93-bc47-81bc18597422	14	63529097	77480918	8338	-0.4697
673d65c1-c227-4c93-bc47-81bc18597422	14	77481488	89927365	7947	-0.5055
673d65c1-c227-4c93-bc47-81bc18597422	14	89929960	96619973	4454	-0.4596
673d65c1-c227-4c93-bc47-81bc18597422	14	96620721	96621610	3	-2.0609
673d65c1-c227-4c93-bc47-81bc18597422	14	96623138	105533894	4828	-0.4336
673d65c1-c227-4c93-bc47-81bc18597422	15	23437561	26968098	2046	0.259
673d65c1-c227-4c93-bc47-81bc18597422	15	26970169	28315870	681	-0.5578
673d65c1-c227-4c93-bc47-81bc18597422	15	30839824	31235556	249	0.2508
673d65c1-c227-4c93-bc47-81bc18597422	15	31235959	32837121	475	0.3627
673d65c1-c227-4c93-bc47-81bc18597422	15	32837179	32871253	43	0.2447
673d65c1-c227-4c93-bc47-81bc18597422	15	32874801	33757075	794	-0.5638
673d65c1-c227-4c93-bc47-81bc18597422	15	33764297	34312565	378	0.2224
673d65c1-c227-4c93-bc47-81bc18597422	15	34313127	40580926	3999	-0.5523
673d65c1-c227-4c93-bc47-81bc18597422	15	40585124	42743405	1031	0.3824
673d65c1-c227-4c93-bc47-81bc18597422	15	42746552	42750492	6	-0.5729
673d65c1-c227-4c93-bc47-81bc18597422	15	42753213	42783017	17	0.2829
673d65c1-c227-4c93-bc47-81bc18597422	15	42785641	62983978	12698	-0.549
673d65c1-c227-4c93-bc47-81bc18597422	15	62985095	79143915	8896	-0.5034
673d65c1-c227-4c93-bc47-81bc18597422	15	79152270	94147644	8939	-0.5381
673d65c1-c227-4c93-bc47-81bc18597422	15	94152756	96457074	1641	0.2422
673d65c1-c227-4c93-bc47-81bc18597422	15	96457626	96483505	17	0.7299
673d65c1-c227-4c93-bc47-81bc18597422	15	96484257	96773593	171	0.2578
673d65c1-c227-4c93-bc47-81bc18597422	15	96778460	101344124	2622	-0.5495
673d65c1-c227-4c93-bc47-81bc18597422	16	603333	1238529	108	-0.5576
673d65c1-c227-4c93-bc47-81bc18597422	16	1299186	5017255	1546	0.3463
673d65c1-c227-4c93-bc47-81bc18597422	16	5018151	28517277	11675	0.2802
673d65c1-c227-4c93-bc47-81bc18597422	16	28517302	31841585	702	0.317
673d65c1-c227-4c93-bc47-81bc18597422	16	46470502	66730906	13264	-0.5647
673d65c1-c227-4c93-bc47-81bc18597422	16	66733079	68342929	621	-0.46
673d65c1-c227-4c93-bc47-81bc18597422	16	68343553	68343945	2	-1.9902
673d65c1-c227-4c93-bc47-81bc18597422	16	68345957	69933279	807	-0.5145
673d65c1-c227-4c93-bc47-81bc18597422	16	69934298	69936097	3	-1.7436
673d65c1-c227-4c93-bc47-81bc18597422	16	69937783	70802467	260	-0.4597
673d65c1-c227-4c93-bc47-81bc18597422	16	70804300	89317317	12138	-0.5451
673d65c1-c227-4c93-bc47-81bc18597422	17	1074619	10703936	5004	0.3193
673d65c1-c227-4c93-bc47-81bc18597422	17	10705062	16281007	2766	0.2592
673d65c1-c227-4c93-bc47-81bc18597422	17	16281808	39114078	7325	0.3025
673d65c1-c227-4c93-bc47-81bc18597422	17	39116480	39310284	79	0.8053
673d65c1-c227-4c93-bc47-81bc18597422	17	39316067	39370886	31	0.0554
673d65c1-c227-4c93-bc47-81bc18597422	17	39376547	39785909	205	-0.4229
673d65c1-c227-4c93-bc47-81bc18597422	17	39786486	40029501	103	0.362
673d65c1-c227-4c93-bc47-81bc18597422	17	40033417	40167408	51	0.6801
673d65c1-c227-4c93-bc47-81bc18597422	17	40173757	44597544	2089	0.3076
673d65c1-c227-4c93-bc47-81bc18597422	17	44597869	44635616	26	0.7331
673d65c1-c227-4c93-bc47-81bc18597422	17	44636261	50839281	2423	0.3239
673d65c1-c227-4c93-bc47-81bc18597422	17	50839972	57396587	4159	0.235
673d65c1-c227-4c93-bc47-81bc18597422	17	57396974	58404583	662	0.3228
673d65c1-c227-4c93-bc47-81bc18597422	17	58404946	61318447	1304	0.2511
673d65c1-c227-4c93-bc47-81bc18597422	17	61318925	61491181	113	0.3017
673d65c1-c227-4c93-bc47-81bc18597422	17	61493010	61674874	102	0.5857
673d65c1-c227-4c93-bc47-81bc18597422	17	61682762	64988259	1417	0.2771
673d65c1-c227-4c93-bc47-81bc18597422	17	64989719	65040472	30	0.6133
673d65c1-c227-4c93-bc47-81bc18597422	17	65042935	65893938	562	0.9232
673d65c1-c227-4c93-bc47-81bc18597422	17	65903328	66654194	433	0.6068
673d65c1-c227-4c93-bc47-81bc18597422	17	66654284	68451868	1017	0.6586
673d65c1-c227-4c93-bc47-81bc18597422	17	68452349	71047709	1802	0.5921
673d65c1-c227-4c93-bc47-81bc18597422	17	71048251	73440619	1838	0.2591
673d65c1-c227-4c93-bc47-81bc18597422	17	73442106	76039363	833	0.3582
673d65c1-c227-4c93-bc47-81bc18597422	17	76039610	76040031	2	-1.1848
673d65c1-c227-4c93-bc47-81bc18597422	17	76040387	82959812	2887	0.36
673d65c1-c227-4c93-bc47-81bc18597422	18	326691	8131882	4148	0.1356
673d65c1-c227-4c93-bc47-81bc18597422	18	8133046	21434622	4248	0.1712
673d65c1-c227-4c93-bc47-81bc18597422	18	21436028	52326261	19233	-0.5752
673d65c1-c227-4c93-bc47-81bc18597422	18	52326915	52338310	16	-1.2121
673d65c1-c227-4c93-bc47-81bc18597422	18	52338861	79349796	15233	-0.5823
673d65c1-c227-4c93-bc47-81bc18597422	19	283868	6190959	1628	-0.4407
673d65c1-c227-4c93-bc47-81bc18597422	19	6191361	11043453	2138	0.3281
673d65c1-c227-4c93-bc47-81bc18597422	19	11047358	11175590	57	-0.4616
673d65c1-c227-4c93-bc47-81bc18597422	19	11186758	15667121	2075	0.3231
673d65c1-c227-4c93-bc47-81bc18597422	19	15725041	16563057	480	0.7993
673d65c1-c227-4c93-bc47-81bc18597422	19	16565516	18935077	954	0.3654
673d65c1-c227-4c93-bc47-81bc18597422	19	18948794	22009436	860	-0.4654
673d65c1-c227-4c93-bc47-81bc18597422	19	22015805	35178041	5999	-0.5261
673d65c1-c227-4c93-bc47-81bc18597422	19	35178152	53901012	7759	-0.4571
673d65c1-c227-4c93-bc47-81bc18597422	19	53901209	53901222	2	-2.2516
673d65c1-c227-4c93-bc47-81bc18597422	19	53901924	58370362	2145	-0.4793
673d65c1-c227-4c93-bc47-81bc18597422	20	472817	4340210	2314	0.795
673d65c1-c227-4c93-bc47-81bc18597422	20	4340734	7153060	1771	0.7354
673d65c1-c227-4c93-bc47-81bc18597422	20	7167305	8656280	710	0.2415
673d65c1-c227-4c93-bc47-81bc18597422	20	8659046	8709452	43	0.6656
673d65c1-c227-4c93-bc47-81bc18597422	20	8711236	8811464	105	1.027
673d65c1-c227-4c93-bc47-81bc18597422	20	8812213	9426099	445	0.7152
673d65c1-c227-4c93-bc47-81bc18597422	20	9428939	9460645	32	1.077
673d65c1-c227-4c93-bc47-81bc18597422	20	9463043	11807696	1853	0.7164
673d65c1-c227-4c93-bc47-81bc18597422	20	11813366	12006139	129	0.961
673d65c1-c227-4c93-bc47-81bc18597422	20	12006560	12140414	84	0.6662
673d65c1-c227-4c93-bc47-81bc18597422	20	12145074	12331828	105	0.3755
673d65c1-c227-4c93-bc47-81bc18597422	20	12336447	12518859	148	0.6917
673d65c1-c227-4c93-bc47-81bc18597422	20	12518869	13248962	535	0.2362
673d65c1-c227-4c93-bc47-81bc18597422	20	13249701	14711021	792	0.705
673d65c1-c227-4c93-bc47-81bc18597422	20	15182862	22715418	5949	0.2597
673d65c1-c227-4c93-bc47-81bc18597422	20	22715505	36896959	4568	0.2908
673d65c1-c227-4c93-bc47-81bc18597422	20	36898585	37295775	291	0.2349
673d65c1-c227-4c93-bc47-81bc18597422	20	37299493	37344024	27	-0.5727
673d65c1-c227-4c93-bc47-81bc18597422	20	37344430	37496913	69	-0.3076
673d65c1-c227-4c93-bc47-81bc18597422	20	37500316	39963212	1653	-0.5403
673d65c1-c227-4c93-bc47-81bc18597422	20	39965286	40223203	190	0.2318
673d65c1-c227-4c93-bc47-81bc18597422	20	40224981	40229707	6	-0.5868
673d65c1-c227-4c93-bc47-81bc18597422	20	40239965	45397052	3416	0.278
673d65c1-c227-4c93-bc47-81bc18597422	20	45403511	45432398	16	-0.5357
673d65c1-c227-4c93-bc47-81bc18597422	20	45433204	45433997	2	-2.2618
673d65c1-c227-4c93-bc47-81bc18597422	20	45434205	47220067	1286	-0.5072
673d65c1-c227-4c93-bc47-81bc18597422	20	47229476	47238066	5	0.5331
673d65c1-c227-4c93-bc47-81bc18597422	20	47238633	48957515	1168	-0.5141
673d65c1-c227-4c93-bc47-81bc18597422	20	48958137	51345655	1379	0.3209
673d65c1-c227-4c93-bc47-81bc18597422	20	51348068	56568278	3745	0.2501
673d65c1-c227-4c93-bc47-81bc18597422	20	56573752	62149852	4184	0.3119
673d65c1-c227-4c93-bc47-81bc18597422	20	62150481	62854098	292	0.4616
673d65c1-c227-4c93-bc47-81bc18597422	20	62854613	63252544	129	0.3407
673d65c1-c227-4c93-bc47-81bc18597422	20	63268829	63588502	85	-0.4276
673d65c1-c227-4c93-bc47-81bc18597422	21	13974127	30941013	10842	0.2058
673d65c1-c227-4c93-bc47-81bc18597422	21	30941701	41737758	7713	0.264
673d65c1-c227-4c93-bc47-81bc18597422	21	41737946	46262057	2028	0.3388
673d65c1-c227-4c93-bc47-81bc18597422	22	16934932	24339545	1241	-0.496
673d65c1-c227-4c93-bc47-81bc18597422	22	24489781	35717380	7916	0.298
673d65c1-c227-4c93-bc47-81bc18597422	22	35720033	48940621	7900	-0.4896
673d65c1-c227-4c93-bc47-81bc18597422	X	3236359	24511076	9121	0.0311
673d65c1-c227-4c93-bc47-81bc18597422	X	24511917	24512022	2	-1.6279
673d65c1-c227-4c93-bc47-81bc18597422	X	24512958	31167939	3485	0.009
673d65c1-c227-4c93-bc47-81bc18597422	X	31168190	32127666	686	-0.226
673d65c1-c227-4c93-bc47-81bc18597422	X	32130904	32951163	584	-1.7551
673d65c1-c227-4c93-bc47-81bc18597422	X	34015333	38468532	1820	0.008
673d65c1-c227-4c93-bc47-81bc18597422	X	38468716	74869235	12860	0.0417
673d65c1-c227-4c93-bc47-81bc18597422	X	74869629	114022125	16531	0.0064
673d65c1-c227-4c93-bc47-81bc18597422	X	114022250	114073410	31	-3.0585
673d65c1-c227-4c93-bc47-81bc18597422	X	114079351	133855316	9119	0.0138
673d65c1-c227-4c93-bc47-81bc18597422	X	133859886	133972883	58	0.813
673d65c1-c227-4c93-bc47-81bc18597422	X	133975725	153442159	9178	0.0177
673d65c1-c227-4c93-bc47-81bc18597422	X	153442410	154497123	349	0.1871
673d65c1-c227-4c93-bc47-81bc18597422	X	154501356	155677414	34	-0.0438
