GDC_Aliquot	Chromosome	Start	End	Num_Probes	Segment_Mean
9ee1c4e2-3601-4d1f-8fa3-f671c016c4d7	1	3301765	5938438	1887	0.0587
9ee1c4e2-3601-4d1f-8fa3-f671c016c4d7	1	5940249	12436500	3295	-0.0056
9ee1c4e2-3601-4d1f-8fa3-f671c016c4d7	1	12443092	15401793	1711	0.0527
9ee1c4e2-3601-4d1f-8fa3-f671c016c4d7	1	15402200	17545472	791	-0.0295
9ee1c4e2-3601-4d1f-8fa3-f671c016c4d7	1	17545533	18984775	1075	0.0681
9ee1c4e2-3601-4d1f-8fa3-f671c016c4d7	1	18985317	22226985	1844	0.0028
9ee1c4e2-3601-4d1f-8fa3-f671c016c4d7	1	22227038	23545302	798	0.0587
9ee1c4e2-3601-4d1f-8fa3-f671c016c4d7	1	23547245	28956884	2246	-0.0211
9ee1c4e2-3601-4d1f-8fa3-f671c016c4d7	1	28957052	30864570	1232	0.0732
9ee1c4e2-3601-4d1f-8fa3-f671c016c4d7	1	30867589	33134622	967	-0.0043
9ee1c4e2-3601-4d1f-8fa3-f671c016c4d7	1	33135589	34922101	1215	0.1155
9ee1c4e2-3601-4d1f-8fa3-f671c016c4d7	1	34923909	36464387	655	0.0104
9ee1c4e2-3601-4d1f-8fa3-f671c016c4d7	1	36464792	37317301	595	0.1203
9ee1c4e2-3601-4d1f-8fa3-f671c016c4d7	1	37322132	41365165	2057	0.0457
9ee1c4e2-3601-4d1f-8fa3-f671c016c4d7	1	41369389	41834238	353	0.1668
9ee1c4e2-3601-4d1f-8fa3-f671c016c4d7	1	41835156	45893907	2229	0.0478
9ee1c4e2-3601-4d1f-8fa3-f671c016c4d7	1	45894382	47466148	677	0.1018
9ee1c4e2-3601-4d1f-8fa3-f671c016c4d7	1	47467422	48816318	956	0.1561
9ee1c4e2-3601-4d1f-8fa3-f671c016c4d7	1	48816385	52127877	1397	0.0579
9ee1c4e2-3601-4d1f-8fa3-f671c016c4d7	1	52130746	52390237	103	0.5799
9ee1c4e2-3601-4d1f-8fa3-f671c016c4d7	1	52393328	55292269	1793	0.863
9ee1c4e2-3601-4d1f-8fa3-f671c016c4d7	1	55292767	56662166	1078	0.723
9ee1c4e2-3601-4d1f-8fa3-f671c016c4d7	1	56663700	66248901	6967	0.9013
9ee1c4e2-3601-4d1f-8fa3-f671c016c4d7	1	66256419	71864222	3411	0.4275
9ee1c4e2-3601-4d1f-8fa3-f671c016c4d7	1	71864741	72162664	170	0.0407
9ee1c4e2-3601-4d1f-8fa3-f671c016c4d7	1	72166591	89869248	10748	0.4284
9ee1c4e2-3601-4d1f-8fa3-f671c016c4d7	1	89873488	106513505	9502	-0.401
9ee1c4e2-3601-4d1f-8fa3-f671c016c4d7	1	106514225	112341514	3637	-0.3009
9ee1c4e2-3601-4d1f-8fa3-f671c016c4d7	1	112341631	113542523	666	0.0532
9ee1c4e2-3601-4d1f-8fa3-f671c016c4d7	1	113546694	157460352	7627	-0.2941
9ee1c4e2-3601-4d1f-8fa3-f671c016c4d7	1	157466808	157487136	13	0.2225
9ee1c4e2-3601-4d1f-8fa3-f671c016c4d7	1	157491916	157538490	37	0.6574
9ee1c4e2-3601-4d1f-8fa3-f671c016c4d7	1	157539011	157542309	9	0.0733
9ee1c4e2-3601-4d1f-8fa3-f671c016c4d7	1	157543434	157558645	11	0.5794
9ee1c4e2-3601-4d1f-8fa3-f671c016c4d7	1	157559800	157922275	270	-0.3085
9ee1c4e2-3601-4d1f-8fa3-f671c016c4d7	1	157927112	157974363	34	0.4567
9ee1c4e2-3601-4d1f-8fa3-f671c016c4d7	1	157975155	158932952	639	-0.3193
9ee1c4e2-3601-4d1f-8fa3-f671c016c4d7	1	158934866	158986311	36	0.1403
9ee1c4e2-3601-4d1f-8fa3-f671c016c4d7	1	158986622	159134070	91	-0.326
9ee1c4e2-3601-4d1f-8fa3-f671c016c4d7	1	159134295	160644104	980	1.2584
9ee1c4e2-3601-4d1f-8fa3-f671c016c4d7	1	160645226	160688359	27	1.4102
9ee1c4e2-3601-4d1f-8fa3-f671c016c4d7	1	160688866	160780423	80	1.6866
9ee1c4e2-3601-4d1f-8fa3-f671c016c4d7	1	160781025	160920736	93	1.4032
9ee1c4e2-3601-4d1f-8fa3-f671c016c4d7	1	160922482	160924779	3	2.487
9ee1c4e2-3601-4d1f-8fa3-f671c016c4d7	1	160929691	161000235	35	1.4042
9ee1c4e2-3601-4d1f-8fa3-f671c016c4d7	1	161007610	161718132	243	-0.3372
9ee1c4e2-3601-4d1f-8fa3-f671c016c4d7	1	161719315	162008520	206	0.1356
9ee1c4e2-3601-4d1f-8fa3-f671c016c4d7	1	162010051	162094797	85	-0.2894
9ee1c4e2-3601-4d1f-8fa3-f671c016c4d7	1	162106142	162175663	77	0.228
9ee1c4e2-3601-4d1f-8fa3-f671c016c4d7	1	162178531	162610922	327	-0.2694
9ee1c4e2-3601-4d1f-8fa3-f671c016c4d7	1	162611568	162766573	145	0.9057
9ee1c4e2-3601-4d1f-8fa3-f671c016c4d7	1	162766587	163082720	284	0.7392
9ee1c4e2-3601-4d1f-8fa3-f671c016c4d7	1	163082734	163276693	148	0.9129
9ee1c4e2-3601-4d1f-8fa3-f671c016c4d7	1	163277096	163288635	5	0.0817
9ee1c4e2-3601-4d1f-8fa3-f671c016c4d7	1	163291054	163322572	20	0.8679
9ee1c4e2-3601-4d1f-8fa3-f671c016c4d7	1	163324544	163490988	154	-0.2416
9ee1c4e2-3601-4d1f-8fa3-f671c016c4d7	1	163494587	163758242	166	0.1545
9ee1c4e2-3601-4d1f-8fa3-f671c016c4d7	1	163759280	164445743	441	-0.2657
9ee1c4e2-3601-4d1f-8fa3-f671c016c4d7	1	164449168	164579513	88	0.179
9ee1c4e2-3601-4d1f-8fa3-f671c016c4d7	1	164582926	164633101	34	0.479
9ee1c4e2-3601-4d1f-8fa3-f671c016c4d7	1	164633619	164683161	48	0.7387
9ee1c4e2-3601-4d1f-8fa3-f671c016c4d7	1	164683214	164703078	27	0.5801
9ee1c4e2-3601-4d1f-8fa3-f671c016c4d7	1	164705773	164914452	173	0.2501
9ee1c4e2-3601-4d1f-8fa3-f671c016c4d7	1	164915387	164916623	3	1.0087
9ee1c4e2-3601-4d1f-8fa3-f671c016c4d7	1	164917163	164997868	83	0.2182
9ee1c4e2-3601-4d1f-8fa3-f671c016c4d7	1	164999184	165004406	6	1.4219
9ee1c4e2-3601-4d1f-8fa3-f671c016c4d7	1	165005570	165169009	135	0.1923
9ee1c4e2-3601-4d1f-8fa3-f671c016c4d7	1	165176110	165419892	250	-0.2124
9ee1c4e2-3601-4d1f-8fa3-f671c016c4d7	1	165421437	165548492	168	0.9357
9ee1c4e2-3601-4d1f-8fa3-f671c016c4d7	1	165554775	165611875	50	-0.2793
9ee1c4e2-3601-4d1f-8fa3-f671c016c4d7	1	165614494	165948117	249	0.1519
9ee1c4e2-3601-4d1f-8fa3-f671c016c4d7	1	165953100	166411654	309	0.8305
9ee1c4e2-3601-4d1f-8fa3-f671c016c4d7	1	166415388	166567447	98	1.3808
9ee1c4e2-3601-4d1f-8fa3-f671c016c4d7	1	166568602	166577614	16	1.9007
9ee1c4e2-3601-4d1f-8fa3-f671c016c4d7	1	166579080	166735966	145	1.3474
9ee1c4e2-3601-4d1f-8fa3-f671c016c4d7	1	166736898	166776034	46	1.0593
9ee1c4e2-3601-4d1f-8fa3-f671c016c4d7	1	166777656	167302625	377	1.4538
9ee1c4e2-3601-4d1f-8fa3-f671c016c4d7	1	167306165	168498935	798	-0.3112
9ee1c4e2-3601-4d1f-8fa3-f671c016c4d7	1	168505072	168664816	139	1.1765
9ee1c4e2-3601-4d1f-8fa3-f671c016c4d7	1	168665684	168933247	257	0.8813
9ee1c4e2-3601-4d1f-8fa3-f671c016c4d7	1	168934620	168963415	32	0.4892
9ee1c4e2-3601-4d1f-8fa3-f671c016c4d7	1	168963528	169402310	301	0.829
9ee1c4e2-3601-4d1f-8fa3-f671c016c4d7	1	169407087	169746475	282	0.3998
9ee1c4e2-3601-4d1f-8fa3-f671c016c4d7	1	169755638	170830780	728	1.3179
9ee1c4e2-3601-4d1f-8fa3-f671c016c4d7	1	170832344	170947532	67	0.9795
9ee1c4e2-3601-4d1f-8fa3-f671c016c4d7	1	170949710	170991057	33	0.3502
9ee1c4e2-3601-4d1f-8fa3-f671c016c4d7	1	170992029	170997209	4	0.8271
9ee1c4e2-3601-4d1f-8fa3-f671c016c4d7	1	171005156	171019357	6	0.43
9ee1c4e2-3601-4d1f-8fa3-f671c016c4d7	1	171022435	171055733	10	0.3421
9ee1c4e2-3601-4d1f-8fa3-f671c016c4d7	1	171059608	171253995	156	-0.2935
9ee1c4e2-3601-4d1f-8fa3-f671c016c4d7	1	171256321	171270843	13	0.4451
9ee1c4e2-3601-4d1f-8fa3-f671c016c4d7	1	171272008	171528636	147	-0.2737
9ee1c4e2-3601-4d1f-8fa3-f671c016c4d7	1	171530788	172758315	831	0.9077
9ee1c4e2-3601-4d1f-8fa3-f671c016c4d7	1	172758424	174562714	992	1.2079
9ee1c4e2-3601-4d1f-8fa3-f671c016c4d7	1	174563608	174756529	74	1.4421
9ee1c4e2-3601-4d1f-8fa3-f671c016c4d7	1	174764424	174958330	103	0.8563
9ee1c4e2-3601-4d1f-8fa3-f671c016c4d7	1	174960326	175033554	37	-0.3235
9ee1c4e2-3601-4d1f-8fa3-f671c016c4d7	1	175044029	175169153	95	0.2199
9ee1c4e2-3601-4d1f-8fa3-f671c016c4d7	1	175172768	175187860	22	1.3254
9ee1c4e2-3601-4d1f-8fa3-f671c016c4d7	1	175203403	175461672	201	0.2174
9ee1c4e2-3601-4d1f-8fa3-f671c016c4d7	1	175793886	175911302	76	1.6931
9ee1c4e2-3601-4d1f-8fa3-f671c016c4d7	1	175917134	175955307	28	0.6708
9ee1c4e2-3601-4d1f-8fa3-f671c016c4d7	1	175955899	176124013	79	0.8748
9ee1c4e2-3601-4d1f-8fa3-f671c016c4d7	1	176124043	176443050	113	0.5502
9ee1c4e2-3601-4d1f-8fa3-f671c016c4d7	1	176443608	176448578	3	-0.84
9ee1c4e2-3601-4d1f-8fa3-f671c016c4d7	1	176449432	176489843	32	0.5944
9ee1c4e2-3601-4d1f-8fa3-f671c016c4d7	1	176490573	176501633	10	1.6267
9ee1c4e2-3601-4d1f-8fa3-f671c016c4d7	1	176506044	176985577	300	0.7608
9ee1c4e2-3601-4d1f-8fa3-f671c016c4d7	1	176986435	177000182	11	0.4865
9ee1c4e2-3601-4d1f-8fa3-f671c016c4d7	1	177000570	179130245	1367	-0.2795
9ee1c4e2-3601-4d1f-8fa3-f671c016c4d7	1	179130286	179527929	306	0.8269
9ee1c4e2-3601-4d1f-8fa3-f671c016c4d7	1	179540073	180020064	323	-0.2862
9ee1c4e2-3601-4d1f-8fa3-f671c016c4d7	1	180025493	180026970	5	0.8082
9ee1c4e2-3601-4d1f-8fa3-f671c016c4d7	1	180030546	180481085	264	-0.3213
9ee1c4e2-3601-4d1f-8fa3-f671c016c4d7	1	180484409	180604242	89	1.6056
9ee1c4e2-3601-4d1f-8fa3-f671c016c4d7	1	180608134	180792441	104	1.9641
9ee1c4e2-3601-4d1f-8fa3-f671c016c4d7	1	180793352	180931986	80	1.6378
9ee1c4e2-3601-4d1f-8fa3-f671c016c4d7	1	180936216	181550385	452	-0.2584
9ee1c4e2-3601-4d1f-8fa3-f671c016c4d7	1	181552247	181662896	100	1.4252
9ee1c4e2-3601-4d1f-8fa3-f671c016c4d7	1	181664735	182131135	320	-0.3173
9ee1c4e2-3601-4d1f-8fa3-f671c016c4d7	1	182132605	182283214	113	1.4505
9ee1c4e2-3601-4d1f-8fa3-f671c016c4d7	1	182286796	182287387	4	0.2948
9ee1c4e2-3601-4d1f-8fa3-f671c016c4d7	1	182288578	182294955	8	1.5284
9ee1c4e2-3601-4d1f-8fa3-f671c016c4d7	1	182300543	182408029	75	-0.2999
9ee1c4e2-3601-4d1f-8fa3-f671c016c4d7	1	182411977	183664396	858	0.8985
9ee1c4e2-3601-4d1f-8fa3-f671c016c4d7	1	183667911	183714682	33	1.5339
9ee1c4e2-3601-4d1f-8fa3-f671c016c4d7	1	183716568	183978749	210	0.9075
9ee1c4e2-3601-4d1f-8fa3-f671c016c4d7	1	183979507	183984992	7	1.4643
9ee1c4e2-3601-4d1f-8fa3-f671c016c4d7	1	183985248	184057016	49	0.9493
9ee1c4e2-3601-4d1f-8fa3-f671c016c4d7	1	184057395	184191879	73	1.585
9ee1c4e2-3601-4d1f-8fa3-f671c016c4d7	1	184192713	184195951	3	0.4344
9ee1c4e2-3601-4d1f-8fa3-f671c016c4d7	1	184199379	184336986	96	1.4768
9ee1c4e2-3601-4d1f-8fa3-f671c016c4d7	1	184345277	184602883	204	0.1531
9ee1c4e2-3601-4d1f-8fa3-f671c016c4d7	1	184603948	185112791	241	-0.2822
9ee1c4e2-3601-4d1f-8fa3-f671c016c4d7	1	185117225	185117859	2	1.671
9ee1c4e2-3601-4d1f-8fa3-f671c016c4d7	1	185120029	185358395	124	-0.3393
9ee1c4e2-3601-4d1f-8fa3-f671c016c4d7	1	185359429	185363881	4	-1.0319
9ee1c4e2-3601-4d1f-8fa3-f671c016c4d7	1	185364113	185366400	5	-0.3357
9ee1c4e2-3601-4d1f-8fa3-f671c016c4d7	1	185367130	185556911	138	0.0921
9ee1c4e2-3601-4d1f-8fa3-f671c016c4d7	1	185560560	185578588	26	-0.4569
9ee1c4e2-3601-4d1f-8fa3-f671c016c4d7	1	185583910	185598989	12	0.3402
9ee1c4e2-3601-4d1f-8fa3-f671c016c4d7	1	185603915	185650460	32	0.4822
9ee1c4e2-3601-4d1f-8fa3-f671c016c4d7	1	185661979	185899913	135	0.9282
9ee1c4e2-3601-4d1f-8fa3-f671c016c4d7	1	185902341	186453283	331	1.2223
9ee1c4e2-3601-4d1f-8fa3-f671c016c4d7	1	186456077	186721457	139	1.4853
9ee1c4e2-3601-4d1f-8fa3-f671c016c4d7	1	186722992	187137890	298	1.2166
9ee1c4e2-3601-4d1f-8fa3-f671c016c4d7	1	187138628	188058362	614	0.4647
9ee1c4e2-3601-4d1f-8fa3-f671c016c4d7	1	188058507	188988586	546	-0.3188
9ee1c4e2-3601-4d1f-8fa3-f671c016c4d7	1	188993886	189287661	177	0.9296
9ee1c4e2-3601-4d1f-8fa3-f671c016c4d7	1	189289682	189994327	317	1.5129
9ee1c4e2-3601-4d1f-8fa3-f671c016c4d7	1	190022937	190261183	152	-0.3484
9ee1c4e2-3601-4d1f-8fa3-f671c016c4d7	1	190266123	190415508	91	1.1607
9ee1c4e2-3601-4d1f-8fa3-f671c016c4d7	1	190420093	190593425	105	0.8679
9ee1c4e2-3601-4d1f-8fa3-f671c016c4d7	1	190595313	190971123	213	1.9212
9ee1c4e2-3601-4d1f-8fa3-f671c016c4d7	1	190971497	191228684	131	1.6062
9ee1c4e2-3601-4d1f-8fa3-f671c016c4d7	1	191236420	191744838	288	-0.3131
9ee1c4e2-3601-4d1f-8fa3-f671c016c4d7	1	191758819	191811366	42	0.6235
9ee1c4e2-3601-4d1f-8fa3-f671c016c4d7	1	191813360	191856724	46	0.2375
9ee1c4e2-3601-4d1f-8fa3-f671c016c4d7	1	191902086	192046779	72	-0.3205
9ee1c4e2-3601-4d1f-8fa3-f671c016c4d7	1	192091532	192145989	39	0.4571
9ee1c4e2-3601-4d1f-8fa3-f671c016c4d7	1	192148472	193685159	1081	-0.3
9ee1c4e2-3601-4d1f-8fa3-f671c016c4d7	1	193686576	200805955	4076	-0.3324
9ee1c4e2-3601-4d1f-8fa3-f671c016c4d7	1	200811577	209847368	6056	-0.2822
9ee1c4e2-3601-4d1f-8fa3-f671c016c4d7	1	209850752	209993352	80	0.6258
9ee1c4e2-3601-4d1f-8fa3-f671c016c4d7	1	209997570	210009737	9	-0.2581
9ee1c4e2-3601-4d1f-8fa3-f671c016c4d7	1	210016398	210106182	49	0.5974
9ee1c4e2-3601-4d1f-8fa3-f671c016c4d7	1	210109001	210995651	706	-0.2649
9ee1c4e2-3601-4d1f-8fa3-f671c016c4d7	1	211010726	211033666	18	0.1926
9ee1c4e2-3601-4d1f-8fa3-f671c016c4d7	1	211035140	211058856	12	-0.2352
9ee1c4e2-3601-4d1f-8fa3-f671c016c4d7	1	211066264	211106397	18	0.4083
9ee1c4e2-3601-4d1f-8fa3-f671c016c4d7	1	211115319	211137427	16	0.7417
9ee1c4e2-3601-4d1f-8fa3-f671c016c4d7	1	211144094	211158517	5	0.3552
9ee1c4e2-3601-4d1f-8fa3-f671c016c4d7	1	211158551	211918681	431	-0.3054
9ee1c4e2-3601-4d1f-8fa3-f671c016c4d7	1	211919458	211960568	33	0.5436
9ee1c4e2-3601-4d1f-8fa3-f671c016c4d7	1	211967223	212035149	33	0.3137
9ee1c4e2-3601-4d1f-8fa3-f671c016c4d7	1	212035452	214351346	1545	-0.2831
9ee1c4e2-3601-4d1f-8fa3-f671c016c4d7	1	214351462	214356443	9	0.5086
9ee1c4e2-3601-4d1f-8fa3-f671c016c4d7	1	214364206	214425282	68	-0.3121
9ee1c4e2-3601-4d1f-8fa3-f671c016c4d7	1	214425611	214427360	3	0.3765
9ee1c4e2-3601-4d1f-8fa3-f671c016c4d7	1	214428165	214573914	126	-0.2864
9ee1c4e2-3601-4d1f-8fa3-f671c016c4d7	1	214575984	214592594	23	0.1458
9ee1c4e2-3601-4d1f-8fa3-f671c016c4d7	1	214601179	217848079	2182	-0.2946
9ee1c4e2-3601-4d1f-8fa3-f671c016c4d7	1	217850966	217969079	94	0.1519
9ee1c4e2-3601-4d1f-8fa3-f671c016c4d7	1	217969477	223654175	3659	-0.2935
9ee1c4e2-3601-4d1f-8fa3-f671c016c4d7	1	223658862	223670431	12	0.6699
9ee1c4e2-3601-4d1f-8fa3-f671c016c4d7	1	223673060	224621247	555	-0.2902
9ee1c4e2-3601-4d1f-8fa3-f671c016c4d7	1	224628892	224673249	42	0.679
9ee1c4e2-3601-4d1f-8fa3-f671c016c4d7	1	224676956	224882466	160	-0.2663
9ee1c4e2-3601-4d1f-8fa3-f671c016c4d7	1	224884525	225055953	112	0.5259
9ee1c4e2-3601-4d1f-8fa3-f671c016c4d7	1	225059323	230801024	3362	-0.3034
9ee1c4e2-3601-4d1f-8fa3-f671c016c4d7	1	230802259	230811675	10	0.5086
9ee1c4e2-3601-4d1f-8fa3-f671c016c4d7	1	230816113	235806307	3362	-0.3038
9ee1c4e2-3601-4d1f-8fa3-f671c016c4d7	1	235806610	235825266	16	0.8156
9ee1c4e2-3601-4d1f-8fa3-f671c016c4d7	1	235837271	236068178	151	-0.3136
9ee1c4e2-3601-4d1f-8fa3-f671c016c4d7	1	236068554	236568044	317	0.1108
9ee1c4e2-3601-4d1f-8fa3-f671c016c4d7	1	236568159	238124833	1321	-0.3485
9ee1c4e2-3601-4d1f-8fa3-f671c016c4d7	1	238125952	238372885	206	0.1651
9ee1c4e2-3601-4d1f-8fa3-f671c016c4d7	1	238373088	238404386	21	0.5814
9ee1c4e2-3601-4d1f-8fa3-f671c016c4d7	1	238405288	238442252	29	0.1489
9ee1c4e2-3601-4d1f-8fa3-f671c016c4d7	1	238442409	238468240	25	-0.3399
9ee1c4e2-3601-4d1f-8fa3-f671c016c4d7	1	238469174	238543731	59	0.124
9ee1c4e2-3601-4d1f-8fa3-f671c016c4d7	1	238548402	238663906	117	0.7166
9ee1c4e2-3601-4d1f-8fa3-f671c016c4d7	1	238666336	239147116	354	-0.347
9ee1c4e2-3601-4d1f-8fa3-f671c016c4d7	1	239148571	239315768	104	0.4336
9ee1c4e2-3601-4d1f-8fa3-f671c016c4d7	1	239316969	239383719	39	0.1294
9ee1c4e2-3601-4d1f-8fa3-f671c016c4d7	1	239384960	239448888	38	-0.3483
9ee1c4e2-3601-4d1f-8fa3-f671c016c4d7	1	239450014	239554380	71	0.1636
9ee1c4e2-3601-4d1f-8fa3-f671c016c4d7	1	239556517	239684931	92	-0.3455
9ee1c4e2-3601-4d1f-8fa3-f671c016c4d7	1	239686309	239719685	29	0.5844
9ee1c4e2-3601-4d1f-8fa3-f671c016c4d7	1	239721796	239726010	4	-0.2801
9ee1c4e2-3601-4d1f-8fa3-f671c016c4d7	1	239727799	239802455	65	0.4707
9ee1c4e2-3601-4d1f-8fa3-f671c016c4d7	1	239806797	239876798	59	-0.3164
9ee1c4e2-3601-4d1f-8fa3-f671c016c4d7	1	239878754	240091384	185	0.155
9ee1c4e2-3601-4d1f-8fa3-f671c016c4d7	1	240094613	240682531	488	-0.3335
9ee1c4e2-3601-4d1f-8fa3-f671c016c4d7	1	240682824	240819905	84	0.1197
9ee1c4e2-3601-4d1f-8fa3-f671c016c4d7	1	240820910	240844067	28	-0.1956
9ee1c4e2-3601-4d1f-8fa3-f671c016c4d7	1	240845177	240856793	13	-0.678
9ee1c4e2-3601-4d1f-8fa3-f671c016c4d7	1	240861289	240895146	27	0.5673
9ee1c4e2-3601-4d1f-8fa3-f671c016c4d7	1	240906127	241263422	265	-0.3037
9ee1c4e2-3601-4d1f-8fa3-f671c016c4d7	1	241264809	241306887	40	0.5304
9ee1c4e2-3601-4d1f-8fa3-f671c016c4d7	1	241313391	242610410	925	-0.323
9ee1c4e2-3601-4d1f-8fa3-f671c016c4d7	1	242614095	242787296	149	0.1299
9ee1c4e2-3601-4d1f-8fa3-f671c016c4d7	1	242790579	243999392	601	-0.3532
9ee1c4e2-3601-4d1f-8fa3-f671c016c4d7	1	244003829	244053612	39	0.1172
9ee1c4e2-3601-4d1f-8fa3-f671c016c4d7	1	244054271	244097810	35	-0.5579
9ee1c4e2-3601-4d1f-8fa3-f671c016c4d7	1	244098076	244463308	249	-0.3199
9ee1c4e2-3601-4d1f-8fa3-f671c016c4d7	1	244463841	244473659	8	-0.7504
9ee1c4e2-3601-4d1f-8fa3-f671c016c4d7	1	244691519	245731016	633	0.1204
9ee1c4e2-3601-4d1f-8fa3-f671c016c4d7	1	245734809	245858857	113	0.4478
9ee1c4e2-3601-4d1f-8fa3-f671c016c4d7	1	245859410	247642766	563	-0.3053
9ee1c4e2-3601-4d1f-8fa3-f671c016c4d7	1	247643628	247650984	6	0.813
9ee1c4e2-3601-4d1f-8fa3-f671c016c4d7	2	480597	1920894	198	0.176
9ee1c4e2-3601-4d1f-8fa3-f671c016c4d7	2	1921174	14991919	9039	-0.2456
9ee1c4e2-3601-4d1f-8fa3-f671c016c4d7	2	14993118	23761810	5974	-0.2173
9ee1c4e2-3601-4d1f-8fa3-f671c016c4d7	2	23761877	76762141	29824	-0.2513
9ee1c4e2-3601-4d1f-8fa3-f671c016c4d7	2	76763590	81131338	2256	0.1789
9ee1c4e2-3601-4d1f-8fa3-f671c016c4d7	2	81135354	82363940	613	0.9892
9ee1c4e2-3601-4d1f-8fa3-f671c016c4d7	2	82368474	82825216	252	0.4947
9ee1c4e2-3601-4d1f-8fa3-f671c016c4d7	2	82832814	82986611	70	0.8704
9ee1c4e2-3601-4d1f-8fa3-f671c016c4d7	2	82988190	86491186	1912	0.4752
9ee1c4e2-3601-4d1f-8fa3-f671c016c4d7	2	86497944	86878530	138	-0.331
9ee1c4e2-3601-4d1f-8fa3-f671c016c4d7	2	86878753	103599859	4632	0.1873
9ee1c4e2-3601-4d1f-8fa3-f671c016c4d7	2	103601690	103694487	51	0.5483
9ee1c4e2-3601-4d1f-8fa3-f671c016c4d7	2	103699485	107179133	2332	0.1981
9ee1c4e2-3601-4d1f-8fa3-f671c016c4d7	2	107180017	107435059	84	-0.2282
9ee1c4e2-3601-4d1f-8fa3-f671c016c4d7	2	107439985	110880249	1395	0.2059
9ee1c4e2-3601-4d1f-8fa3-f671c016c4d7	2	110880294	113385740	1252	-0.2323
9ee1c4e2-3601-4d1f-8fa3-f671c016c4d7	2	113388524	113723132	48	0.1423
9ee1c4e2-3601-4d1f-8fa3-f671c016c4d7	2	113725697	116718438	1631	-0.2437
9ee1c4e2-3601-4d1f-8fa3-f671c016c4d7	2	117175447	117909367	368	0.2136
9ee1c4e2-3601-4d1f-8fa3-f671c016c4d7	2	117909380	120168585	1416	-0.2063
9ee1c4e2-3601-4d1f-8fa3-f671c016c4d7	2	120170493	120384309	101	0.2003
9ee1c4e2-3601-4d1f-8fa3-f671c016c4d7	2	120388188	120488420	62	-0.2581
9ee1c4e2-3601-4d1f-8fa3-f671c016c4d7	2	120488921	120552563	46	0.2349
9ee1c4e2-3601-4d1f-8fa3-f671c016c4d7	2	120590648	121562097	622	-0.1992
9ee1c4e2-3601-4d1f-8fa3-f671c016c4d7	2	121564619	121940362	196	0.1837
9ee1c4e2-3601-4d1f-8fa3-f671c016c4d7	2	121941051	128237390	2978	-0.2341
9ee1c4e2-3601-4d1f-8fa3-f671c016c4d7	2	128239921	129171149	659	0.2186
9ee1c4e2-3601-4d1f-8fa3-f671c016c4d7	2	129175802	136352796	3253	-0.2388
9ee1c4e2-3601-4d1f-8fa3-f671c016c4d7	2	136353815	136550328	173	0.1974
9ee1c4e2-3601-4d1f-8fa3-f671c016c4d7	2	136550940	139028367	1189	-0.2429
9ee1c4e2-3601-4d1f-8fa3-f671c016c4d7	2	139032737	140227228	648	0.1778
9ee1c4e2-3601-4d1f-8fa3-f671c016c4d7	2	140242733	140726476	304	-0.2643
9ee1c4e2-3601-4d1f-8fa3-f671c016c4d7	2	140728317	145559856	2897	0.1681
9ee1c4e2-3601-4d1f-8fa3-f671c016c4d7	2	145568083	216373857	40081	-0.2509
9ee1c4e2-3601-4d1f-8fa3-f671c016c4d7	2	216374532	218024766	1183	-0.1529
9ee1c4e2-3601-4d1f-8fa3-f671c016c4d7	2	218027152	228418295	6542	-0.2355
9ee1c4e2-3601-4d1f-8fa3-f671c016c4d7	2	228426983	232658304	2113	-0.9267
9ee1c4e2-3601-4d1f-8fa3-f671c016c4d7	2	232662626	233046741	227	0.1299
9ee1c4e2-3601-4d1f-8fa3-f671c016c4d7	2	233048045	233122404	50	-0.2795
9ee1c4e2-3601-4d1f-8fa3-f671c016c4d7	2	233132224	241537572	5178	-0.9336
9ee1c4e2-3601-4d1f-8fa3-f671c016c4d7	3	2170634	14995515	7865	0.7129
9ee1c4e2-3601-4d1f-8fa3-f671c016c4d7	3	14996344	15068315	40	0.3138
9ee1c4e2-3601-4d1f-8fa3-f671c016c4d7	3	15069618	17295514	1469	0.6829
9ee1c4e2-3601-4d1f-8fa3-f671c016c4d7	3	17297055	18003732	318	-0.3637
9ee1c4e2-3601-4d1f-8fa3-f671c016c4d7	3	18006562	25938994	4615	0.1364
9ee1c4e2-3601-4d1f-8fa3-f671c016c4d7	3	25939090	50640148	13827	-0.3074
9ee1c4e2-3601-4d1f-8fa3-f671c016c4d7	3	50643727	50745349	51	0.0651
9ee1c4e2-3601-4d1f-8fa3-f671c016c4d7	3	50749815	51090886	187	-0.3318
9ee1c4e2-3601-4d1f-8fa3-f671c016c4d7	3	51104928	51195353	33	0.0513
9ee1c4e2-3601-4d1f-8fa3-f671c016c4d7	3	51209889	53914071	1318	-0.3155
9ee1c4e2-3601-4d1f-8fa3-f671c016c4d7	3	53915126	65639054	7531	-0.268
9ee1c4e2-3601-4d1f-8fa3-f671c016c4d7	3	65639217	75794356	6622	-0.3023
9ee1c4e2-3601-4d1f-8fa3-f671c016c4d7	3	75800481	76213234	169	0.1453
9ee1c4e2-3601-4d1f-8fa3-f671c016c4d7	3	76213415	80854556	2592	-0.3106
9ee1c4e2-3601-4d1f-8fa3-f671c016c4d7	3	80855254	80929479	36	0.1407
9ee1c4e2-3601-4d1f-8fa3-f671c016c4d7	3	80935580	110306077	13257	-0.313
9ee1c4e2-3601-4d1f-8fa3-f671c016c4d7	3	110306100	110306117	2	-4.25
9ee1c4e2-3601-4d1f-8fa3-f671c016c4d7	3	110308618	141057456	18007	-0.2865
9ee1c4e2-3601-4d1f-8fa3-f671c016c4d7	3	141059226	141059996	3	-2.2647
9ee1c4e2-3601-4d1f-8fa3-f671c016c4d7	3	141060448	153041946	6171	-0.3134
9ee1c4e2-3601-4d1f-8fa3-f671c016c4d7	3	153042290	154193206	708	0.1484
9ee1c4e2-3601-4d1f-8fa3-f671c016c4d7	3	154197947	163498653	4698	-0.3046
9ee1c4e2-3601-4d1f-8fa3-f671c016c4d7	3	163501621	164177912	361	0.1902
9ee1c4e2-3601-4d1f-8fa3-f671c016c4d7	3	164188095	164327140	80	1.6491
9ee1c4e2-3601-4d1f-8fa3-f671c016c4d7	3	164330175	165791562	583	0.16
9ee1c4e2-3601-4d1f-8fa3-f671c016c4d7	3	165795786	197812401	16498	-0.3144
9ee1c4e2-3601-4d1f-8fa3-f671c016c4d7	4	1059384	4665619	1475	0.0311
9ee1c4e2-3601-4d1f-8fa3-f671c016c4d7	4	4666167	10345523	3406	0.1016
9ee1c4e2-3601-4d1f-8fa3-f671c016c4d7	4	10345790	22645559	8648	0.0423
9ee1c4e2-3601-4d1f-8fa3-f671c016c4d7	4	22646201	24064272	866	0.308
9ee1c4e2-3601-4d1f-8fa3-f671c016c4d7	4	24065360	24140989	52	0.0924
9ee1c4e2-3601-4d1f-8fa3-f671c016c4d7	4	24141072	24739609	408	0.3508
9ee1c4e2-3601-4d1f-8fa3-f671c016c4d7	4	24740419	34211542	5710	0.5764
9ee1c4e2-3601-4d1f-8fa3-f671c016c4d7	4	34213808	34343072	56	0.8682
9ee1c4e2-3601-4d1f-8fa3-f671c016c4d7	4	34344306	34375620	34	0.5361
9ee1c4e2-3601-4d1f-8fa3-f671c016c4d7	4	34375884	35324455	556	0.9444
9ee1c4e2-3601-4d1f-8fa3-f671c016c4d7	4	35332313	39057273	2562	0.5734
9ee1c4e2-3601-4d1f-8fa3-f671c016c4d7	4	39063471	40686719	750	0.4841
9ee1c4e2-3601-4d1f-8fa3-f671c016c4d7	4	40687746	48067890	3820	0.5726
9ee1c4e2-3601-4d1f-8fa3-f671c016c4d7	4	51832470	65480838	8017	0.2551
9ee1c4e2-3601-4d1f-8fa3-f671c016c4d7	4	65482730	139426326	40758	0.2233
9ee1c4e2-3601-4d1f-8fa3-f671c016c4d7	4	139427260	139685027	162	-0.0674
9ee1c4e2-3601-4d1f-8fa3-f671c016c4d7	4	139685271	187842528	26137	0.2283
9ee1c4e2-3601-4d1f-8fa3-f671c016c4d7	5	913983	11849478	7900	0.2016
9ee1c4e2-3601-4d1f-8fa3-f671c016c4d7	5	11850647	12776133	462	0.486
9ee1c4e2-3601-4d1f-8fa3-f671c016c4d7	5	13169467	13227041	33	0.1848
9ee1c4e2-3601-4d1f-8fa3-f671c016c4d7	5	13227307	13725137	360	-0.2476
9ee1c4e2-3601-4d1f-8fa3-f671c016c4d7	5	13727072	13740377	11	0.4888
9ee1c4e2-3601-4d1f-8fa3-f671c016c4d7	5	13744485	13830021	49	-0.3197
9ee1c4e2-3601-4d1f-8fa3-f671c016c4d7	5	13831230	13999573	150	0.497
9ee1c4e2-3601-4d1f-8fa3-f671c016c4d7	5	14000943	14841002	710	-0.2859
9ee1c4e2-3601-4d1f-8fa3-f671c016c4d7	5	14844162	14892637	38	0.4702
9ee1c4e2-3601-4d1f-8fa3-f671c016c4d7	5	14893463	16086561	285	-0.2321
9ee1c4e2-3601-4d1f-8fa3-f671c016c4d7	5	16086586	16241942	99	0.0985
9ee1c4e2-3601-4d1f-8fa3-f671c016c4d7	5	16244155	16480571	182	-0.2721
9ee1c4e2-3601-4d1f-8fa3-f671c016c4d7	5	16481056	16587456	85	0.1014
9ee1c4e2-3601-4d1f-8fa3-f671c016c4d7	5	16588645	17265505	414	-0.2857
9ee1c4e2-3601-4d1f-8fa3-f671c016c4d7	5	17270333	17298902	17	0.0904
9ee1c4e2-3601-4d1f-8fa3-f671c016c4d7	5	17300367	17462220	90	0.4536
9ee1c4e2-3601-4d1f-8fa3-f671c016c4d7	5	17747964	18364343	394	0.134
9ee1c4e2-3601-4d1f-8fa3-f671c016c4d7	5	18365351	19238859	440	-0.2788
9ee1c4e2-3601-4d1f-8fa3-f671c016c4d7	5	19240316	21280507	950	0.1536
9ee1c4e2-3601-4d1f-8fa3-f671c016c4d7	5	21295460	21826533	213	0.4845
9ee1c4e2-3601-4d1f-8fa3-f671c016c4d7	5	21831663	22023367	117	0.1351
9ee1c4e2-3601-4d1f-8fa3-f671c016c4d7	5	22034954	24108953	1145	-0.2778
9ee1c4e2-3601-4d1f-8fa3-f671c016c4d7	5	24110210	24697344	338	0.9348
9ee1c4e2-3601-4d1f-8fa3-f671c016c4d7	5	24700103	24920680	133	1.1437
9ee1c4e2-3601-4d1f-8fa3-f671c016c4d7	5	24923265	25077162	95	1.332
9ee1c4e2-3601-4d1f-8fa3-f671c016c4d7	5	25384764	25607993	141	0.8815
9ee1c4e2-3601-4d1f-8fa3-f671c016c4d7	5	25615482	27935485	1301	1.2204
9ee1c4e2-3601-4d1f-8fa3-f671c016c4d7	5	27935630	31167506	1875	0.9217
9ee1c4e2-3601-4d1f-8fa3-f671c016c4d7	5	31177521	31606850	393	1.1105
9ee1c4e2-3601-4d1f-8fa3-f671c016c4d7	5	31607835	32000377	295	0.938
9ee1c4e2-3601-4d1f-8fa3-f671c016c4d7	5	32002473	36915061	2743	1.0633
9ee1c4e2-3601-4d1f-8fa3-f671c016c4d7	5	36916034	40675998	2306	0.9233
9ee1c4e2-3601-4d1f-8fa3-f671c016c4d7	5	40676783	41066026	256	0.4328
9ee1c4e2-3601-4d1f-8fa3-f671c016c4d7	5	41068067	45383300	2085	0.9136
9ee1c4e2-3601-4d1f-8fa3-f671c016c4d7	5	50828231	53345766	1528	0.4199
9ee1c4e2-3601-4d1f-8fa3-f671c016c4d7	5	53346137	53419306	44	0.109
9ee1c4e2-3601-4d1f-8fa3-f671c016c4d7	5	53426968	53449070	14	0.5909
9ee1c4e2-3601-4d1f-8fa3-f671c016c4d7	5	53449528	53464512	11	0.1406
9ee1c4e2-3601-4d1f-8fa3-f671c016c4d7	5	53467385	53487578	9	0.5147
9ee1c4e2-3601-4d1f-8fa3-f671c016c4d7	5	53489256	54120255	369	0.653
9ee1c4e2-3601-4d1f-8fa3-f671c016c4d7	5	54126181	54443608	219	0.1316
9ee1c4e2-3601-4d1f-8fa3-f671c016c4d7	5	54443700	54499492	47	0.6774
9ee1c4e2-3601-4d1f-8fa3-f671c016c4d7	5	54507556	55450242	618	0.147
9ee1c4e2-3601-4d1f-8fa3-f671c016c4d7	5	55453568	55564848	49	-0.0738
9ee1c4e2-3601-4d1f-8fa3-f671c016c4d7	5	55570194	55615559	26	0.123
9ee1c4e2-3601-4d1f-8fa3-f671c016c4d7	5	55630060	58360094	1833	0.6507
9ee1c4e2-3601-4d1f-8fa3-f671c016c4d7	5	58360482	75244249	8903	0.1241
9ee1c4e2-3601-4d1f-8fa3-f671c016c4d7	5	75244348	75506561	51	0.6394
9ee1c4e2-3601-4d1f-8fa3-f671c016c4d7	5	75514662	77277145	1149	0.1212
9ee1c4e2-3601-4d1f-8fa3-f671c016c4d7	5	77279723	77291169	9	0.7826
9ee1c4e2-3601-4d1f-8fa3-f671c016c4d7	5	77295873	77364310	52	0.1112
9ee1c4e2-3601-4d1f-8fa3-f671c016c4d7	5	77366453	77388584	14	0.7044
9ee1c4e2-3601-4d1f-8fa3-f671c016c4d7	5	77391388	82569515	2968	0.1039
9ee1c4e2-3601-4d1f-8fa3-f671c016c4d7	5	82571379	83314394	489	0.6723
9ee1c4e2-3601-4d1f-8fa3-f671c016c4d7	5	83320742	83840319	312	0.1221
9ee1c4e2-3601-4d1f-8fa3-f671c016c4d7	5	83843960	83899476	34	0.6082
9ee1c4e2-3601-4d1f-8fa3-f671c016c4d7	5	83900399	83907229	11	0.006
9ee1c4e2-3601-4d1f-8fa3-f671c016c4d7	5	83909145	84010373	66	0.7047
9ee1c4e2-3601-4d1f-8fa3-f671c016c4d7	5	84016011	84165611	50	0.0224
9ee1c4e2-3601-4d1f-8fa3-f671c016c4d7	5	84167097	84359834	105	0.3403
9ee1c4e2-3601-4d1f-8fa3-f671c016c4d7	5	84364015	84893136	270	0.1225
9ee1c4e2-3601-4d1f-8fa3-f671c016c4d7	5	84893209	84938414	29	0.7776
9ee1c4e2-3601-4d1f-8fa3-f671c016c4d7	5	84940176	102578888	8334	0.1011
9ee1c4e2-3601-4d1f-8fa3-f671c016c4d7	5	102579425	103229770	315	0.6855
9ee1c4e2-3601-4d1f-8fa3-f671c016c4d7	5	103230711	164324525	36996	0.1193
9ee1c4e2-3601-4d1f-8fa3-f671c016c4d7	5	164326084	170010373	3960	0.6674
9ee1c4e2-3601-4d1f-8fa3-f671c016c4d7	5	170012495	170102749	101	0.8521
9ee1c4e2-3601-4d1f-8fa3-f671c016c4d7	5	170102899	170387359	195	1.0231
9ee1c4e2-3601-4d1f-8fa3-f671c016c4d7	5	170388480	170620649	210	0.8627
9ee1c4e2-3601-4d1f-8fa3-f671c016c4d7	5	170621044	170927226	202	0.4976
9ee1c4e2-3601-4d1f-8fa3-f671c016c4d7	5	170930895	171073485	62	0.8175
9ee1c4e2-3601-4d1f-8fa3-f671c016c4d7	5	171075342	171133742	22	0.5945
9ee1c4e2-3601-4d1f-8fa3-f671c016c4d7	5	171139453	180934240	5242	0.4344
9ee1c4e2-3601-4d1f-8fa3-f671c016c4d7	6	1011760	1087711	79	-0.3107
9ee1c4e2-3601-4d1f-8fa3-f671c016c4d7	6	1088650	2717365	1225	0.14
9ee1c4e2-3601-4d1f-8fa3-f671c016c4d7	6	2717547	5286073	1777	-0.3073
9ee1c4e2-3601-4d1f-8fa3-f671c016c4d7	6	5286611	5822203	320	0.1437
9ee1c4e2-3601-4d1f-8fa3-f671c016c4d7	6	5823658	5870117	30	0.5066
9ee1c4e2-3601-4d1f-8fa3-f671c016c4d7	6	5875853	5899024	22	0.1965
9ee1c4e2-3601-4d1f-8fa3-f671c016c4d7	6	5901120	5919053	16	-0.3082
9ee1c4e2-3601-4d1f-8fa3-f671c016c4d7	6	5919217	7539016	1303	0.1555
9ee1c4e2-3601-4d1f-8fa3-f671c016c4d7	6	7539721	19212174	8128	-0.3187
9ee1c4e2-3601-4d1f-8fa3-f671c016c4d7	6	19217306	19335050	63	0.1282
9ee1c4e2-3601-4d1f-8fa3-f671c016c4d7	6	19338865	24278641	3528	-0.291
9ee1c4e2-3601-4d1f-8fa3-f671c016c4d7	6	24278848	37225923	5181	-0.3296
9ee1c4e2-3601-4d1f-8fa3-f671c016c4d7	6	37228068	40333640	2188	-0.2711
9ee1c4e2-3601-4d1f-8fa3-f671c016c4d7	6	40333676	53718209	8069	0.1276
9ee1c4e2-3601-4d1f-8fa3-f671c016c4d7	6	53718423	76070360	10306	0.4338
9ee1c4e2-3601-4d1f-8fa3-f671c016c4d7	6	76072598	78345474	1186	0.675
9ee1c4e2-3601-4d1f-8fa3-f671c016c4d7	6	78345489	80174716	951	0.447
9ee1c4e2-3601-4d1f-8fa3-f671c016c4d7	6	80178962	80905900	387	1.0589
9ee1c4e2-3601-4d1f-8fa3-f671c016c4d7	6	80907087	82220270	777	0.8572
9ee1c4e2-3601-4d1f-8fa3-f671c016c4d7	6	82227147	85059658	1699	0.4392
9ee1c4e2-3601-4d1f-8fa3-f671c016c4d7	6	85060699	85179211	88	0.663
9ee1c4e2-3601-4d1f-8fa3-f671c016c4d7	6	85179798	86155796	397	0.4244
9ee1c4e2-3601-4d1f-8fa3-f671c016c4d7	6	86156739	86712374	307	0.5315
9ee1c4e2-3601-4d1f-8fa3-f671c016c4d7	6	86712425	87725470	601	0.4088
9ee1c4e2-3601-4d1f-8fa3-f671c016c4d7	6	87732557	87860816	79	0.671
9ee1c4e2-3601-4d1f-8fa3-f671c016c4d7	6	87861316	89110989	773	0.4168
9ee1c4e2-3601-4d1f-8fa3-f671c016c4d7	6	89119597	89726728	382	0.6718
9ee1c4e2-3601-4d1f-8fa3-f671c016c4d7	6	89729762	89736488	5	1.3182
9ee1c4e2-3601-4d1f-8fa3-f671c016c4d7	6	89742612	89787729	31	0.7189
9ee1c4e2-3601-4d1f-8fa3-f671c016c4d7	6	89787756	89880613	30	1.0221
9ee1c4e2-3601-4d1f-8fa3-f671c016c4d7	6	89884543	90422027	376	0.7199
9ee1c4e2-3601-4d1f-8fa3-f671c016c4d7	6	90422647	90489562	74	0.4936
9ee1c4e2-3601-4d1f-8fa3-f671c016c4d7	6	90490147	90498974	17	0.8756
9ee1c4e2-3601-4d1f-8fa3-f671c016c4d7	6	90499432	91030729	374	0.4774
9ee1c4e2-3601-4d1f-8fa3-f671c016c4d7	6	91031043	91481172	194	0.8966
9ee1c4e2-3601-4d1f-8fa3-f671c016c4d7	6	91481471	91669853	94	1.2579
9ee1c4e2-3601-4d1f-8fa3-f671c016c4d7	6	91670595	92187906	343	1.1485
9ee1c4e2-3601-4d1f-8fa3-f671c016c4d7	6	92203110	93413635	822	1.2856
9ee1c4e2-3601-4d1f-8fa3-f671c016c4d7	6	93415642	95389491	260	1.0179
9ee1c4e2-3601-4d1f-8fa3-f671c016c4d7	6	95390273	95953334	312	0.6403
9ee1c4e2-3601-4d1f-8fa3-f671c016c4d7	6	95960640	97887325	1126	1.282
9ee1c4e2-3601-4d1f-8fa3-f671c016c4d7	6	97888207	98464548	290	1.4285
9ee1c4e2-3601-4d1f-8fa3-f671c016c4d7	6	98476657	98635052	141	0.9015
9ee1c4e2-3601-4d1f-8fa3-f671c016c4d7	6	98638968	98860485	140	1.4066
9ee1c4e2-3601-4d1f-8fa3-f671c016c4d7	6	98862191	98927762	47	0.9539
9ee1c4e2-3601-4d1f-8fa3-f671c016c4d7	6	98933571	101232877	1363	0.8486
9ee1c4e2-3601-4d1f-8fa3-f671c016c4d7	6	101236831	101862498	401	0.638
9ee1c4e2-3601-4d1f-8fa3-f671c016c4d7	6	101867153	101894756	14	1.1399
9ee1c4e2-3601-4d1f-8fa3-f671c016c4d7	6	101895169	101977091	60	0.6319
9ee1c4e2-3601-4d1f-8fa3-f671c016c4d7	6	101977323	102274886	148	1.0532
9ee1c4e2-3601-4d1f-8fa3-f671c016c4d7	6	102279677	105121820	1531	0.6598
9ee1c4e2-3601-4d1f-8fa3-f671c016c4d7	6	105131364	105603400	294	0.8639
9ee1c4e2-3601-4d1f-8fa3-f671c016c4d7	6	105603551	106544589	660	0.9984
9ee1c4e2-3601-4d1f-8fa3-f671c016c4d7	6	106549137	108209809	1019	0.8472
9ee1c4e2-3601-4d1f-8fa3-f671c016c4d7	6	108212682	108719285	258	0.9908
9ee1c4e2-3601-4d1f-8fa3-f671c016c4d7	6	108719604	109628440	538	0.8569
9ee1c4e2-3601-4d1f-8fa3-f671c016c4d7	6	109632916	110028429	301	0.6498
9ee1c4e2-3601-4d1f-8fa3-f671c016c4d7	6	110030876	111135507	610	1.1175
9ee1c4e2-3601-4d1f-8fa3-f671c016c4d7	6	111138505	111406895	150	0.6367
9ee1c4e2-3601-4d1f-8fa3-f671c016c4d7	6	111409861	114169583	1825	1.048
9ee1c4e2-3601-4d1f-8fa3-f671c016c4d7	6	114188027	115621308	653	0.8561
9ee1c4e2-3601-4d1f-8fa3-f671c016c4d7	6	115621962	117684905	1196	1.0585
9ee1c4e2-3601-4d1f-8fa3-f671c016c4d7	6	117690454	118206902	307	1.3544
9ee1c4e2-3601-4d1f-8fa3-f671c016c4d7	6	118207330	119262380	251	1.1438
9ee1c4e2-3601-4d1f-8fa3-f671c016c4d7	6	119263330	120270179	583	1.0446
9ee1c4e2-3601-4d1f-8fa3-f671c016c4d7	6	120270491	121691267	785	1.1393
9ee1c4e2-3601-4d1f-8fa3-f671c016c4d7	6	121692061	122029691	190	0.933
9ee1c4e2-3601-4d1f-8fa3-f671c016c4d7	6	122030068	125718848	2246	0.9951
9ee1c4e2-3601-4d1f-8fa3-f671c016c4d7	6	125719495	126152984	237	0.838
9ee1c4e2-3601-4d1f-8fa3-f671c016c4d7	6	126153609	126444510	148	1.0745
9ee1c4e2-3601-4d1f-8fa3-f671c016c4d7	6	126447164	127356246	432	0.877
9ee1c4e2-3601-4d1f-8fa3-f671c016c4d7	6	127363401	127626684	172	1.3245
9ee1c4e2-3601-4d1f-8fa3-f671c016c4d7	6	127632626	127853383	126	0.8677
9ee1c4e2-3601-4d1f-8fa3-f671c016c4d7	6	127863049	129043221	729	1.1744
9ee1c4e2-3601-4d1f-8fa3-f671c016c4d7	6	129043390	129564985	371	1.0475
9ee1c4e2-3601-4d1f-8fa3-f671c016c4d7	6	129565727	132310714	1824	0.8635
9ee1c4e2-3601-4d1f-8fa3-f671c016c4d7	6	132312462	132963206	497	1.5123
9ee1c4e2-3601-4d1f-8fa3-f671c016c4d7	6	132963792	135387948	1683	1.7233
9ee1c4e2-3601-4d1f-8fa3-f671c016c4d7	6	135387991	136204447	555	1.4592
9ee1c4e2-3601-4d1f-8fa3-f671c016c4d7	6	136205999	136588526	229	0.8718
9ee1c4e2-3601-4d1f-8fa3-f671c016c4d7	6	136588578	137026844	238	1.2453
9ee1c4e2-3601-4d1f-8fa3-f671c016c4d7	6	137029026	137034520	5	2.123
9ee1c4e2-3601-4d1f-8fa3-f671c016c4d7	6	137035182	137474372	306	1.1898
9ee1c4e2-3601-4d1f-8fa3-f671c016c4d7	6	137479757	138123223	446	1.0137
9ee1c4e2-3601-4d1f-8fa3-f671c016c4d7	6	138123367	138124319	2	-0.2387
9ee1c4e2-3601-4d1f-8fa3-f671c016c4d7	6	138124675	138470657	226	1.0103
9ee1c4e2-3601-4d1f-8fa3-f671c016c4d7	6	138478722	138850718	246	2.0356
9ee1c4e2-3601-4d1f-8fa3-f671c016c4d7	6	138855936	139749927	538	1.1559
9ee1c4e2-3601-4d1f-8fa3-f671c016c4d7	6	139750621	140147034	230	1.3174
9ee1c4e2-3601-4d1f-8fa3-f671c016c4d7	6	140153111	143936544	1953	0.8625
9ee1c4e2-3601-4d1f-8fa3-f671c016c4d7	6	143943937	143961566	19	0.8008
9ee1c4e2-3601-4d1f-8fa3-f671c016c4d7	6	143963365	145834871	1106	0.112
9ee1c4e2-3601-4d1f-8fa3-f671c016c4d7	6	145835088	145899883	53	0.3546
9ee1c4e2-3601-4d1f-8fa3-f671c016c4d7	6	145899912	146658453	447	0.1269
9ee1c4e2-3601-4d1f-8fa3-f671c016c4d7	6	146660111	146819603	107	0.3883
9ee1c4e2-3601-4d1f-8fa3-f671c016c4d7	6	146819633	147655210	527	0.1121
9ee1c4e2-3601-4d1f-8fa3-f671c016c4d7	6	147658679	147915249	183	0.4456
9ee1c4e2-3601-4d1f-8fa3-f671c016c4d7	6	147915481	148102357	194	0.1496
9ee1c4e2-3601-4d1f-8fa3-f671c016c4d7	6	148104722	148317306	153	0.5935
9ee1c4e2-3601-4d1f-8fa3-f671c016c4d7	6	148318032	148502613	129	0.1155
9ee1c4e2-3601-4d1f-8fa3-f671c016c4d7	6	148502952	148553599	41	0.5069
9ee1c4e2-3601-4d1f-8fa3-f671c016c4d7	6	148562964	151409667	1936	0.1377
9ee1c4e2-3601-4d1f-8fa3-f671c016c4d7	6	151412762	151577371	88	0.387
9ee1c4e2-3601-4d1f-8fa3-f671c016c4d7	6	151578401	153712427	1607	0.1305
9ee1c4e2-3601-4d1f-8fa3-f671c016c4d7	6	153721068	153750476	27	0.4715
9ee1c4e2-3601-4d1f-8fa3-f671c016c4d7	6	153752009	155138218	906	0.0951
9ee1c4e2-3601-4d1f-8fa3-f671c016c4d7	6	155140224	155166138	21	0.5011
9ee1c4e2-3601-4d1f-8fa3-f671c016c4d7	6	155168917	155353195	130	0.1737
9ee1c4e2-3601-4d1f-8fa3-f671c016c4d7	6	155355398	155356403	2	-1.2812
9ee1c4e2-3601-4d1f-8fa3-f671c016c4d7	6	155360215	155379114	12	0.1156
9ee1c4e2-3601-4d1f-8fa3-f671c016c4d7	6	155379240	155469066	87	0.4492
9ee1c4e2-3601-4d1f-8fa3-f671c016c4d7	6	155469371	155754237	188	0.11
9ee1c4e2-3601-4d1f-8fa3-f671c016c4d7	6	155755140	155836400	68	0.4484
9ee1c4e2-3601-4d1f-8fa3-f671c016c4d7	6	155836454	166832177	6914	0.1424
9ee1c4e2-3601-4d1f-8fa3-f671c016c4d7	6	166832614	170596889	1023	-0.2809
9ee1c4e2-3601-4d1f-8fa3-f671c016c4d7	7	664936	7448970	2623	0.1091
9ee1c4e2-3601-4d1f-8fa3-f671c016c4d7	7	7449280	9344656	846	0.6756
9ee1c4e2-3601-4d1f-8fa3-f671c016c4d7	7	9347499	12407818	1741	0.1158
9ee1c4e2-3601-4d1f-8fa3-f671c016c4d7	7	12415251	12482854	64	0.6956
9ee1c4e2-3601-4d1f-8fa3-f671c016c4d7	7	12490865	25193777	7996	0.1208
9ee1c4e2-3601-4d1f-8fa3-f671c016c4d7	7	25204357	31845462	4282	0.7028
9ee1c4e2-3601-4d1f-8fa3-f671c016c4d7	7	31848046	33670080	1118	0.1401
9ee1c4e2-3601-4d1f-8fa3-f671c016c4d7	7	33671342	35625738	1284	0.1827
9ee1c4e2-3601-4d1f-8fa3-f671c016c4d7	7	35626228	40530814	3240	0.1223
9ee1c4e2-3601-4d1f-8fa3-f671c016c4d7	7	40534215	45909971	2939	0.4427
9ee1c4e2-3601-4d1f-8fa3-f671c016c4d7	7	45910430	55284557	6778	0.1483
9ee1c4e2-3601-4d1f-8fa3-f671c016c4d7	7	55286808	69451080	2950	0.0993
9ee1c4e2-3601-4d1f-8fa3-f671c016c4d7	7	69453467	71676148	1285	0.145
9ee1c4e2-3601-4d1f-8fa3-f671c016c4d7	7	71683118	76426530	1402	0.3754
9ee1c4e2-3601-4d1f-8fa3-f671c016c4d7	7	77130464	78016271	510	0.0953
9ee1c4e2-3601-4d1f-8fa3-f671c016c4d7	7	78021732	78674767	558	-0.0324
9ee1c4e2-3601-4d1f-8fa3-f671c016c4d7	7	78677573	96314264	9430	0.1407
9ee1c4e2-3601-4d1f-8fa3-f671c016c4d7	7	96314333	108259735	5865	0.1066
9ee1c4e2-3601-4d1f-8fa3-f671c016c4d7	7	108264279	108653142	265	0.1752
9ee1c4e2-3601-4d1f-8fa3-f671c016c4d7	7	108653427	110881972	1314	-0.3106
9ee1c4e2-3601-4d1f-8fa3-f671c016c4d7	7	110882714	133333547	11860	0.1336
9ee1c4e2-3601-4d1f-8fa3-f671c016c4d7	7	133334283	158592540	13505	-0.297
9ee1c4e2-3601-4d1f-8fa3-f671c016c4d7	8	667625	980559	166	-0.4493
9ee1c4e2-3601-4d1f-8fa3-f671c016c4d7	8	1258082	1873350	411	0.0375
9ee1c4e2-3601-4d1f-8fa3-f671c016c4d7	8	1874273	2883850	239	0.4009
9ee1c4e2-3601-4d1f-8fa3-f671c016c4d7	8	2921649	3013429	79	0.6766
9ee1c4e2-3601-4d1f-8fa3-f671c016c4d7	8	3015011	3389000	372	0.4457
9ee1c4e2-3601-4d1f-8fa3-f671c016c4d7	8	3391234	15667949	6253	0.1158
9ee1c4e2-3601-4d1f-8fa3-f671c016c4d7	8	15668451	17282869	1027	0.4347
9ee1c4e2-3601-4d1f-8fa3-f671c016c4d7	8	17286321	25501042	6020	0.1246
9ee1c4e2-3601-4d1f-8fa3-f671c016c4d7	8	25506112	25830913	197	1.0511
9ee1c4e2-3601-4d1f-8fa3-f671c016c4d7	8	25833886	25977617	149	0.1332
9ee1c4e2-3601-4d1f-8fa3-f671c016c4d7	8	25978410	26031036	37	0.4719
9ee1c4e2-3601-4d1f-8fa3-f671c016c4d7	8	26031226	26085368	55	0.1629
9ee1c4e2-3601-4d1f-8fa3-f671c016c4d7	8	26085430	26168144	68	0.4605
9ee1c4e2-3601-4d1f-8fa3-f671c016c4d7	8	26174724	26195499	21	1.1161
9ee1c4e2-3601-4d1f-8fa3-f671c016c4d7	8	26200455	26239014	30	0.1156
9ee1c4e2-3601-4d1f-8fa3-f671c016c4d7	8	26241023	26434628	97	1.0335
9ee1c4e2-3601-4d1f-8fa3-f671c016c4d7	8	26435535	26446425	10	0.3138
9ee1c4e2-3601-4d1f-8fa3-f671c016c4d7	8	26453125	26573950	101	1.1087
9ee1c4e2-3601-4d1f-8fa3-f671c016c4d7	8	26578553	26588119	9	0.0632
9ee1c4e2-3601-4d1f-8fa3-f671c016c4d7	8	26591237	26914757	286	0.7404
9ee1c4e2-3601-4d1f-8fa3-f671c016c4d7	8	26919992	27441651	371	1.232
9ee1c4e2-3601-4d1f-8fa3-f671c016c4d7	8	27441760	29016728	1081	1.1031
9ee1c4e2-3601-4d1f-8fa3-f671c016c4d7	8	29023811	29028144	6	-0.4328
9ee1c4e2-3601-4d1f-8fa3-f671c016c4d7	8	29033123	29102191	31	1.0337
9ee1c4e2-3601-4d1f-8fa3-f671c016c4d7	8	29105277	29272492	95	-0.2713
9ee1c4e2-3601-4d1f-8fa3-f671c016c4d7	8	29273652	29625972	246	1.0259
9ee1c4e2-3601-4d1f-8fa3-f671c016c4d7	8	29627665	30494741	541	0.8601
9ee1c4e2-3601-4d1f-8fa3-f671c016c4d7	8	30495895	30882587	191	0.1404
9ee1c4e2-3601-4d1f-8fa3-f671c016c4d7	8	30883310	31043374	86	-0.3078
9ee1c4e2-3601-4d1f-8fa3-f671c016c4d7	8	31047596	31183296	100	0.0877
9ee1c4e2-3601-4d1f-8fa3-f671c016c4d7	8	31184030	31242099	47	-0.3077
9ee1c4e2-3601-4d1f-8fa3-f671c016c4d7	8	31245931	78348298	25054	0.1415
9ee1c4e2-3601-4d1f-8fa3-f671c016c4d7	8	78349124	84103960	3129	-0.2893
9ee1c4e2-3601-4d1f-8fa3-f671c016c4d7	8	84113572	84378009	154	0.4172
9ee1c4e2-3601-4d1f-8fa3-f671c016c4d7	8	84434158	86565625	929	-0.3166
9ee1c4e2-3601-4d1f-8fa3-f671c016c4d7	8	86567322	105882395	11297	-0.2746
9ee1c4e2-3601-4d1f-8fa3-f671c016c4d7	8	105886415	114241288	4302	-0.3125
9ee1c4e2-3601-4d1f-8fa3-f671c016c4d7	8	114285850	114480261	74	0.1512
9ee1c4e2-3601-4d1f-8fa3-f671c016c4d7	8	114486770	116220039	887	-0.325
9ee1c4e2-3601-4d1f-8fa3-f671c016c4d7	8	116221425	134972035	13240	0.1477
9ee1c4e2-3601-4d1f-8fa3-f671c016c4d7	8	134972543	136127560	849	-0.2632
9ee1c4e2-3601-4d1f-8fa3-f671c016c4d7	8	136130669	138790270	1877	0.1562
9ee1c4e2-3601-4d1f-8fa3-f671c016c4d7	8	138790820	144182542	1945	-0.2586
9ee1c4e2-3601-4d1f-8fa3-f671c016c4d7	9	789794	1603540	216	0.1192
9ee1c4e2-3601-4d1f-8fa3-f671c016c4d7	9	1605735	1766892	225	-0.2327
9ee1c4e2-3601-4d1f-8fa3-f671c016c4d7	9	1771831	1963271	144	0.4377
9ee1c4e2-3601-4d1f-8fa3-f671c016c4d7	9	1969311	2295572	352	-0.2352
9ee1c4e2-3601-4d1f-8fa3-f671c016c4d7	9	2320711	2448715	118	0.4678
9ee1c4e2-3601-4d1f-8fa3-f671c016c4d7	9	2449301	2467309	17	-0.3645
9ee1c4e2-3601-4d1f-8fa3-f671c016c4d7	9	2467668	2575420	128	0.4484
9ee1c4e2-3601-4d1f-8fa3-f671c016c4d7	9	2582380	2783113	168	-0.2597
9ee1c4e2-3601-4d1f-8fa3-f671c016c4d7	9	2783158	2978867	210	0.163
9ee1c4e2-3601-4d1f-8fa3-f671c016c4d7	9	2978891	3060199	79	-0.8051
9ee1c4e2-3601-4d1f-8fa3-f671c016c4d7	9	3060291	3631103	299	-0.2879
9ee1c4e2-3601-4d1f-8fa3-f671c016c4d7	9	3631335	4280840	538	0.169
9ee1c4e2-3601-4d1f-8fa3-f671c016c4d7	9	4281405	4338987	74	-0.2598
9ee1c4e2-3601-4d1f-8fa3-f671c016c4d7	9	4339206	5722415	830	0.4521
9ee1c4e2-3601-4d1f-8fa3-f671c016c4d7	9	5722792	7055489	304	0.7316
9ee1c4e2-3601-4d1f-8fa3-f671c016c4d7	9	7057302	7246606	153	0.4669
9ee1c4e2-3601-4d1f-8fa3-f671c016c4d7	9	7247554	7772912	408	0.7201
9ee1c4e2-3601-4d1f-8fa3-f671c016c4d7	9	7773114	7982417	175	0.5257
9ee1c4e2-3601-4d1f-8fa3-f671c016c4d7	9	7985651	8312601	192	0.8858
9ee1c4e2-3601-4d1f-8fa3-f671c016c4d7	9	8315717	8425301	97	0.7177
9ee1c4e2-3601-4d1f-8fa3-f671c016c4d7	9	8425422	8432782	18	0.154
9ee1c4e2-3601-4d1f-8fa3-f671c016c4d7	9	8433022	8532140	107	0.7287
9ee1c4e2-3601-4d1f-8fa3-f671c016c4d7	9	8534927	8784855	184	0.2061
9ee1c4e2-3601-4d1f-8fa3-f671c016c4d7	9	8785435	8830857	52	0.5568
9ee1c4e2-3601-4d1f-8fa3-f671c016c4d7	9	8831409	9420816	248	0.2166
9ee1c4e2-3601-4d1f-8fa3-f671c016c4d7	9	9422159	9697244	189	0.4863
9ee1c4e2-3601-4d1f-8fa3-f671c016c4d7	9	9698530	11275227	821	0.7062
9ee1c4e2-3601-4d1f-8fa3-f671c016c4d7	9	12527414	12735951	114	0.3493
9ee1c4e2-3601-4d1f-8fa3-f671c016c4d7	9	12738691	12801149	45	0.1698
9ee1c4e2-3601-4d1f-8fa3-f671c016c4d7	9	12813920	13026948	125	-0.997
9ee1c4e2-3601-4d1f-8fa3-f671c016c4d7	9	13027531	16508229	2846	-0.2544
9ee1c4e2-3601-4d1f-8fa3-f671c016c4d7	9	16508417	16508653	2	-1.9112
9ee1c4e2-3601-4d1f-8fa3-f671c016c4d7	9	16508807	19483044	2378	-0.2673
9ee1c4e2-3601-4d1f-8fa3-f671c016c4d7	9	19484462	19678597	156	-1.0126
9ee1c4e2-3601-4d1f-8fa3-f671c016c4d7	9	19682678	19776432	80	0.1951
9ee1c4e2-3601-4d1f-8fa3-f671c016c4d7	9	19776821	19988977	169	-0.8885
9ee1c4e2-3601-4d1f-8fa3-f671c016c4d7	9	19989586	19993848	3	-3.7856
9ee1c4e2-3601-4d1f-8fa3-f671c016c4d7	9	19994443	20299197	238	-0.9763
9ee1c4e2-3601-4d1f-8fa3-f671c016c4d7	9	20299845	20352618	49	0.1653
9ee1c4e2-3601-4d1f-8fa3-f671c016c4d7	9	20354695	20466107	59	-1.0314
9ee1c4e2-3601-4d1f-8fa3-f671c016c4d7	9	20471314	20471662	2	-3.545
9ee1c4e2-3601-4d1f-8fa3-f671c016c4d7	9	20476132	22293347	1252	-0.9849
9ee1c4e2-3601-4d1f-8fa3-f671c016c4d7	9	22293396	22307877	11	-0.6196
9ee1c4e2-3601-4d1f-8fa3-f671c016c4d7	9	22321179	23148346	517	0.1321
9ee1c4e2-3601-4d1f-8fa3-f671c016c4d7	9	23150348	23644286	351	-1.0038
9ee1c4e2-3601-4d1f-8fa3-f671c016c4d7	9	23645076	26512022	1615	-0.3175
9ee1c4e2-3601-4d1f-8fa3-f671c016c4d7	9	26513513	31622692	2754	-1.0049
9ee1c4e2-3601-4d1f-8fa3-f671c016c4d7	9	31627271	31720983	83	-0.3014
9ee1c4e2-3601-4d1f-8fa3-f671c016c4d7	9	31726296	31813516	45	0.1724
9ee1c4e2-3601-4d1f-8fa3-f671c016c4d7	9	31814903	32060454	171	-0.327
9ee1c4e2-3601-4d1f-8fa3-f671c016c4d7	9	32066963	32306228	200	0.1389
9ee1c4e2-3601-4d1f-8fa3-f671c016c4d7	9	32313288	36650392	2424	-0.3149
9ee1c4e2-3601-4d1f-8fa3-f671c016c4d7	9	36650845	36744214	59	0.1214
9ee1c4e2-3601-4d1f-8fa3-f671c016c4d7	9	36745848	36886491	153	0.4481
9ee1c4e2-3601-4d1f-8fa3-f671c016c4d7	9	36888978	36896978	15	0.0242
9ee1c4e2-3601-4d1f-8fa3-f671c016c4d7	9	36896993	37183939	212	0.4332
9ee1c4e2-3601-4d1f-8fa3-f671c016c4d7	9	37184976	37987779	461	0.095
9ee1c4e2-3601-4d1f-8fa3-f671c016c4d7	9	37988427	38161918	124	0.4324
9ee1c4e2-3601-4d1f-8fa3-f671c016c4d7	9	38169572	38288811	78	0.1603
9ee1c4e2-3601-4d1f-8fa3-f671c016c4d7	9	38289580	38752071	409	0.4537
9ee1c4e2-3601-4d1f-8fa3-f671c016c4d7	9	68423153	79635257	7863	0.132
9ee1c4e2-3601-4d1f-8fa3-f671c016c4d7	9	79637303	79637764	2	-2.0049
9ee1c4e2-3601-4d1f-8fa3-f671c016c4d7	9	79639341	99395297	13102	0.1423
9ee1c4e2-3601-4d1f-8fa3-f671c016c4d7	9	99399277	106371535	4086	0.1129
9ee1c4e2-3601-4d1f-8fa3-f671c016c4d7	9	106373386	120575743	10461	0.1532
9ee1c4e2-3601-4d1f-8fa3-f671c016c4d7	9	120576834	126264547	3422	0.1063
9ee1c4e2-3601-4d1f-8fa3-f671c016c4d7	9	126266231	127396006	712	0.1497
9ee1c4e2-3601-4d1f-8fa3-f671c016c4d7	9	127399371	133220489	3320	0.0726
9ee1c4e2-3601-4d1f-8fa3-f671c016c4d7	9	133221239	138044505	1893	0.1181
9ee1c4e2-3601-4d1f-8fa3-f671c016c4d7	10	366509	443716	53	-1.2523
9ee1c4e2-3601-4d1f-8fa3-f671c016c4d7	10	546343	1414062	293	-0.4437
9ee1c4e2-3601-4d1f-8fa3-f671c016c4d7	10	1414543	38770504	25892	0.0639
9ee1c4e2-3601-4d1f-8fa3-f671c016c4d7	10	38770824	48210288	2223	-0.2699
9ee1c4e2-3601-4d1f-8fa3-f671c016c4d7	10	48210306	49601183	1112	-0.1946
9ee1c4e2-3601-4d1f-8fa3-f671c016c4d7	10	49602080	58725048	4937	-0.2808
9ee1c4e2-3601-4d1f-8fa3-f671c016c4d7	10	58726508	59577283	604	1.0936
9ee1c4e2-3601-4d1f-8fa3-f671c016c4d7	10	59578509	76019160	9589	-0.2649
9ee1c4e2-3601-4d1f-8fa3-f671c016c4d7	10	76019992	78582918	2015	0.1965
9ee1c4e2-3601-4d1f-8fa3-f671c016c4d7	10	78584569	84508624	3754	-0.2662
9ee1c4e2-3601-4d1f-8fa3-f671c016c4d7	10	84509107	84704383	162	0.1787
9ee1c4e2-3601-4d1f-8fa3-f671c016c4d7	10	84704831	115825168	19198	-0.2655
9ee1c4e2-3601-4d1f-8fa3-f671c016c4d7	10	115825369	133411599	11404	0.1726
9ee1c4e2-3601-4d1f-8fa3-f671c016c4d7	11	456012	577454	24	-0.0723
9ee1c4e2-3601-4d1f-8fa3-f671c016c4d7	11	577684	10545847	5477	0.061
9ee1c4e2-3601-4d1f-8fa3-f671c016c4d7	11	10549597	18049717	5410	0.1039
9ee1c4e2-3601-4d1f-8fa3-f671c016c4d7	11	18050726	19181618	695	0.3712
9ee1c4e2-3601-4d1f-8fa3-f671c016c4d7	11	19183389	20082866	876	0.4744
9ee1c4e2-3601-4d1f-8fa3-f671c016c4d7	11	20083123	21083688	872	0.0959
9ee1c4e2-3601-4d1f-8fa3-f671c016c4d7	11	21084173	21227297	112	-0.3576
9ee1c4e2-3601-4d1f-8fa3-f671c016c4d7	11	21231433	21294041	57	0.0518
9ee1c4e2-3601-4d1f-8fa3-f671c016c4d7	11	21298597	22140302	506	-0.3831
9ee1c4e2-3601-4d1f-8fa3-f671c016c4d7	11	22145207	22227457	46	0.0957
9ee1c4e2-3601-4d1f-8fa3-f671c016c4d7	11	22228066	22361867	68	-0.3633
9ee1c4e2-3601-4d1f-8fa3-f671c016c4d7	11	22362242	22991885	470	0.0717
9ee1c4e2-3601-4d1f-8fa3-f671c016c4d7	11	23034323	23879071	614	-0.3497
9ee1c4e2-3601-4d1f-8fa3-f671c016c4d7	11	23879395	23960189	54	0.1056
9ee1c4e2-3601-4d1f-8fa3-f671c016c4d7	11	23962682	24145070	103	-0.3523
9ee1c4e2-3601-4d1f-8fa3-f671c016c4d7	11	24149194	25052178	569	0.0224
9ee1c4e2-3601-4d1f-8fa3-f671c016c4d7	11	25052251	25311060	68	-0.3238
9ee1c4e2-3601-4d1f-8fa3-f671c016c4d7	11	25314727	25326461	14	0.2225
9ee1c4e2-3601-4d1f-8fa3-f671c016c4d7	11	25333438	25343992	17	-0.4415
9ee1c4e2-3601-4d1f-8fa3-f671c016c4d7	11	25345628	25370239	26	0.0355
9ee1c4e2-3601-4d1f-8fa3-f671c016c4d7	11	25371498	25928566	322	-0.3705
9ee1c4e2-3601-4d1f-8fa3-f671c016c4d7	11	25928947	26197984	197	0.0666
9ee1c4e2-3601-4d1f-8fa3-f671c016c4d7	11	26198970	28727200	1579	-0.3453
9ee1c4e2-3601-4d1f-8fa3-f671c016c4d7	11	28727867	28878639	91	0.1521
9ee1c4e2-3601-4d1f-8fa3-f671c016c4d7	11	28879037	31433428	1573	-0.3635
9ee1c4e2-3601-4d1f-8fa3-f671c016c4d7	11	31443255	33244814	1164	0.0612
9ee1c4e2-3601-4d1f-8fa3-f671c016c4d7	11	33246908	41475140	5068	-0.3503
9ee1c4e2-3601-4d1f-8fa3-f671c016c4d7	11	41478507	41748636	194	0.1273
9ee1c4e2-3601-4d1f-8fa3-f671c016c4d7	11	41753259	45591889	2679	-0.3474
9ee1c4e2-3601-4d1f-8fa3-f671c016c4d7	11	45599123	47160186	692	0.6309
9ee1c4e2-3601-4d1f-8fa3-f671c016c4d7	11	47184531	47237428	19	0.0891
9ee1c4e2-3601-4d1f-8fa3-f671c016c4d7	11	47238117	47299434	29	0.4026
9ee1c4e2-3601-4d1f-8fa3-f671c016c4d7	11	47303115	48043923	312	-0.0009
9ee1c4e2-3601-4d1f-8fa3-f671c016c4d7	11	48044252	48113570	45	0.2665
9ee1c4e2-3601-4d1f-8fa3-f671c016c4d7	11	48115058	49145178	207	0.3856
9ee1c4e2-3601-4d1f-8fa3-f671c016c4d7	11	49145685	56774520	685	-0.3128
9ee1c4e2-3601-4d1f-8fa3-f671c016c4d7	11	56779121	57409987	391	-0.9407
9ee1c4e2-3601-4d1f-8fa3-f671c016c4d7	11	57410621	59344263	1024	-0.3306
9ee1c4e2-3601-4d1f-8fa3-f671c016c4d7	11	59348238	60151865	467	0.4281
9ee1c4e2-3601-4d1f-8fa3-f671c016c4d7	11	60152584	61926541	941	0.162
9ee1c4e2-3601-4d1f-8fa3-f671c016c4d7	11	61931016	69650389	2838	-0.3004
9ee1c4e2-3601-4d1f-8fa3-f671c016c4d7	11	69659758	73255409	1750	-0.973
9ee1c4e2-3601-4d1f-8fa3-f671c016c4d7	11	73261119	73409108	72	-0.2869
9ee1c4e2-3601-4d1f-8fa3-f671c016c4d7	11	73413396	89052795	9497	-0.9626
9ee1c4e2-3601-4d1f-8fa3-f671c016c4d7	11	89055075	89281607	112	-0.3203
9ee1c4e2-3601-4d1f-8fa3-f671c016c4d7	11	89289379	90427385	393	-0.9357
9ee1c4e2-3601-4d1f-8fa3-f671c016c4d7	11	90439581	90768177	268	-0.321
9ee1c4e2-3601-4d1f-8fa3-f671c016c4d7	11	90768729	90781453	11	0.1522
9ee1c4e2-3601-4d1f-8fa3-f671c016c4d7	11	90783739	91054530	157	-0.3173
9ee1c4e2-3601-4d1f-8fa3-f671c016c4d7	11	91061510	91587812	362	-1.0324
9ee1c4e2-3601-4d1f-8fa3-f671c016c4d7	11	91588034	91804487	132	-0.2997
9ee1c4e2-3601-4d1f-8fa3-f671c016c4d7	11	91805103	96367791	2860	-0.9815
9ee1c4e2-3601-4d1f-8fa3-f671c016c4d7	11	96374534	98106708	1056	-0.2931
9ee1c4e2-3601-4d1f-8fa3-f671c016c4d7	11	98107633	106635414	5416	-0.9652
9ee1c4e2-3601-4d1f-8fa3-f671c016c4d7	11	106635873	106636471	2	-6.2149
9ee1c4e2-3601-4d1f-8fa3-f671c016c4d7	11	106640397	109835491	1745	-0.9584
9ee1c4e2-3601-4d1f-8fa3-f671c016c4d7	11	109836977	110099513	156	-0.3171
9ee1c4e2-3601-4d1f-8fa3-f671c016c4d7	11	110101503	112212857	1379	-0.9649
9ee1c4e2-3601-4d1f-8fa3-f671c016c4d7	11	112216378	112217776	4	-4.7004
9ee1c4e2-3601-4d1f-8fa3-f671c016c4d7	11	112218283	113775192	1089	-0.9535
9ee1c4e2-3601-4d1f-8fa3-f671c016c4d7	11	113776610	113840991	52	-3.2118
9ee1c4e2-3601-4d1f-8fa3-f671c016c4d7	11	113841208	113868054	11	-1.628
9ee1c4e2-3601-4d1f-8fa3-f671c016c4d7	11	113870744	117551862	2617	-0.9657
9ee1c4e2-3601-4d1f-8fa3-f671c016c4d7	11	117553290	117562064	6	-1.9652
9ee1c4e2-3601-4d1f-8fa3-f671c016c4d7	11	117562971	117563024	2	-4.4118
9ee1c4e2-3601-4d1f-8fa3-f671c016c4d7	11	117563250	125531217	5582	-0.9587
9ee1c4e2-3601-4d1f-8fa3-f671c016c4d7	11	125532550	125558286	13	-0.213
9ee1c4e2-3601-4d1f-8fa3-f671c016c4d7	11	125566354	125574708	8	-1.0185
9ee1c4e2-3601-4d1f-8fa3-f671c016c4d7	11	125574779	125630825	35	-0.3452
9ee1c4e2-3601-4d1f-8fa3-f671c016c4d7	11	125634524	126184390	370	-0.9658
9ee1c4e2-3601-4d1f-8fa3-f671c016c4d7	11	126186567	126187300	3	-6.1725
9ee1c4e2-3601-4d1f-8fa3-f671c016c4d7	11	126187449	127621410	1143	-0.9422
9ee1c4e2-3601-4d1f-8fa3-f671c016c4d7	11	127624811	128070062	245	-0.2437
9ee1c4e2-3601-4d1f-8fa3-f671c016c4d7	11	128070456	128818758	742	-0.9525
9ee1c4e2-3601-4d1f-8fa3-f671c016c4d7	11	128819485	128958057	123	-3.6261
9ee1c4e2-3601-4d1f-8fa3-f671c016c4d7	11	128958922	129362019	211	-2.4809
9ee1c4e2-3601-4d1f-8fa3-f671c016c4d7	11	129371200	129642254	191	-3.2284
9ee1c4e2-3601-4d1f-8fa3-f671c016c4d7	11	129648597	131243144	959	-0.9426
9ee1c4e2-3601-4d1f-8fa3-f671c016c4d7	11	131247030	133926781	1779	-3.2378
9ee1c4e2-3601-4d1f-8fa3-f671c016c4d7	11	134117835	134272740	88	-1.0042
9ee1c4e2-3601-4d1f-8fa3-f671c016c4d7	12	780472	1752621	209	-0.2546
9ee1c4e2-3601-4d1f-8fa3-f671c016c4d7	12	1752814	6127993	3232	-0.1717
9ee1c4e2-3601-4d1f-8fa3-f671c016c4d7	12	6129313	23571240	9897	-0.2298
9ee1c4e2-3601-4d1f-8fa3-f671c016c4d7	12	23574890	23619006	44	0.6924
9ee1c4e2-3601-4d1f-8fa3-f671c016c4d7	12	23619447	26626675	2063	-0.2156
9ee1c4e2-3601-4d1f-8fa3-f671c016c4d7	12	26628153	26642171	11	0.7141
9ee1c4e2-3601-4d1f-8fa3-f671c016c4d7	12	26644936	26661395	20	-0.1747
9ee1c4e2-3601-4d1f-8fa3-f671c016c4d7	12	26663409	27345276	337	0.8892
9ee1c4e2-3601-4d1f-8fa3-f671c016c4d7	12	27346040	27736342	288	-0.2027
9ee1c4e2-3601-4d1f-8fa3-f671c016c4d7	12	27739219	28544333	495	0.6769
9ee1c4e2-3601-4d1f-8fa3-f671c016c4d7	12	28547198	29050745	329	-0.1506
9ee1c4e2-3601-4d1f-8fa3-f671c016c4d7	12	29075351	29193741	100	0.9845
9ee1c4e2-3601-4d1f-8fa3-f671c016c4d7	12	29194935	29412637	114	0.6394
9ee1c4e2-3601-4d1f-8fa3-f671c016c4d7	12	29417271	33368216	2564	-0.2266
9ee1c4e2-3601-4d1f-8fa3-f671c016c4d7	12	38827290	48203107	5247	0.112
9ee1c4e2-3601-4d1f-8fa3-f671c016c4d7	12	48204922	48205321	3	2.4022
9ee1c4e2-3601-4d1f-8fa3-f671c016c4d7	12	48206737	50467928	1035	0.0788
9ee1c4e2-3601-4d1f-8fa3-f671c016c4d7	12	50473336	50493635	10	1.2123
9ee1c4e2-3601-4d1f-8fa3-f671c016c4d7	12	50498293	52620645	1140	0.0964
9ee1c4e2-3601-4d1f-8fa3-f671c016c4d7	12	52625610	53205527	347	-0.281
9ee1c4e2-3601-4d1f-8fa3-f671c016c4d7	12	53205556	55051162	998	0.1068
9ee1c4e2-3601-4d1f-8fa3-f671c016c4d7	12	55053493	57469247	1178	0.3744
9ee1c4e2-3601-4d1f-8fa3-f671c016c4d7	12	57477220	57506558	9	2.7184
9ee1c4e2-3601-4d1f-8fa3-f671c016c4d7	12	57510648	57721488	99	0.3803
9ee1c4e2-3601-4d1f-8fa3-f671c016c4d7	12	57722795	57800154	41	2.4678
9ee1c4e2-3601-4d1f-8fa3-f671c016c4d7	12	57801279	57822054	11	0.6052
9ee1c4e2-3601-4d1f-8fa3-f671c016c4d7	12	57828056	57863079	17	2.8527
9ee1c4e2-3601-4d1f-8fa3-f671c016c4d7	12	57866525	57971991	59	0.4384
9ee1c4e2-3601-4d1f-8fa3-f671c016c4d7	12	57976150	58017027	25	2.6118
9ee1c4e2-3601-4d1f-8fa3-f671c016c4d7	12	58023291	58083027	44	0.3969
9ee1c4e2-3601-4d1f-8fa3-f671c016c4d7	12	58084815	58128518	35	2.8372
9ee1c4e2-3601-4d1f-8fa3-f671c016c4d7	12	58130321	58297240	106	0.4645
9ee1c4e2-3601-4d1f-8fa3-f671c016c4d7	12	58306692	58309692	4	2.624
9ee1c4e2-3601-4d1f-8fa3-f671c016c4d7	12	58311252	58609700	275	0.4712
9ee1c4e2-3601-4d1f-8fa3-f671c016c4d7	12	58610725	58611609	2	3.4536
9ee1c4e2-3601-4d1f-8fa3-f671c016c4d7	12	58613102	58672153	38	0.3891
9ee1c4e2-3601-4d1f-8fa3-f671c016c4d7	12	58674463	58677087	4	2.5811
9ee1c4e2-3601-4d1f-8fa3-f671c016c4d7	12	58678205	58828282	105	0.4449
9ee1c4e2-3601-4d1f-8fa3-f671c016c4d7	12	58828295	58828512	7	-0.1941
9ee1c4e2-3601-4d1f-8fa3-f671c016c4d7	12	58828516	58971557	116	0.4569
9ee1c4e2-3601-4d1f-8fa3-f671c016c4d7	12	58973712	58986190	8	2.7169
9ee1c4e2-3601-4d1f-8fa3-f671c016c4d7	12	58988054	58995960	4	0.5555
9ee1c4e2-3601-4d1f-8fa3-f671c016c4d7	12	58996798	60610808	974	2.9915
9ee1c4e2-3601-4d1f-8fa3-f671c016c4d7	12	60611455	61293588	360	3.3194
9ee1c4e2-3601-4d1f-8fa3-f671c016c4d7	12	61299710	62585492	768	2.8833
9ee1c4e2-3601-4d1f-8fa3-f671c016c4d7	12	62592749	62687555	65	0.407
9ee1c4e2-3601-4d1f-8fa3-f671c016c4d7	12	62692811	62695076	2	3.7898
9ee1c4e2-3601-4d1f-8fa3-f671c016c4d7	12	62698561	62716430	16	0.5627
9ee1c4e2-3601-4d1f-8fa3-f671c016c4d7	12	62718105	62718302	2	2.3487
9ee1c4e2-3601-4d1f-8fa3-f671c016c4d7	12	62719990	62890539	174	0.4474
9ee1c4e2-3601-4d1f-8fa3-f671c016c4d7	12	62892391	62967145	59	0.086
9ee1c4e2-3601-4d1f-8fa3-f671c016c4d7	12	62969303	63101903	113	-0.2851
9ee1c4e2-3601-4d1f-8fa3-f671c016c4d7	12	63102127	63195927	60	0.0285
9ee1c4e2-3601-4d1f-8fa3-f671c016c4d7	12	63198798	63526209	215	-0.3026
9ee1c4e2-3601-4d1f-8fa3-f671c016c4d7	12	63751525	64793748	572	0.0979
9ee1c4e2-3601-4d1f-8fa3-f671c016c4d7	12	64800617	64826587	14	2.8016
9ee1c4e2-3601-4d1f-8fa3-f671c016c4d7	12	64830931	65381327	310	0.1045
9ee1c4e2-3601-4d1f-8fa3-f671c016c4d7	12	65381859	65394149	10	1.4578
9ee1c4e2-3601-4d1f-8fa3-f671c016c4d7	12	65410914	65478245	37	0.1041
9ee1c4e2-3601-4d1f-8fa3-f671c016c4d7	12	65481407	65494053	9	3.2844
9ee1c4e2-3601-4d1f-8fa3-f671c016c4d7	12	65499311	65572371	48	1.3024
9ee1c4e2-3601-4d1f-8fa3-f671c016c4d7	12	65574476	65749877	107	0.1254
9ee1c4e2-3601-4d1f-8fa3-f671c016c4d7	12	65751102	65754520	6	2.4195
9ee1c4e2-3601-4d1f-8fa3-f671c016c4d7	12	65755583	65758002	8	0.09
9ee1c4e2-3601-4d1f-8fa3-f671c016c4d7	12	65760017	66055208	167	2.8217
9ee1c4e2-3601-4d1f-8fa3-f671c016c4d7	12	66059642	66115827	39	0.1203
9ee1c4e2-3601-4d1f-8fa3-f671c016c4d7	12	66116342	66636120	336	1.3089
9ee1c4e2-3601-4d1f-8fa3-f671c016c4d7	12	66636516	66650290	8	2.1163
9ee1c4e2-3601-4d1f-8fa3-f671c016c4d7	12	66651104	66723911	55	1.3025
9ee1c4e2-3601-4d1f-8fa3-f671c016c4d7	12	66724184	67086529	312	1.9832
9ee1c4e2-3601-4d1f-8fa3-f671c016c4d7	12	67089107	67463857	278	0.1247
9ee1c4e2-3601-4d1f-8fa3-f671c016c4d7	12	67465589	67471774	4	1.747
9ee1c4e2-3601-4d1f-8fa3-f671c016c4d7	12	67474925	67588097	85	0.1371
9ee1c4e2-3601-4d1f-8fa3-f671c016c4d7	12	67589571	67674812	75	2.8444
9ee1c4e2-3601-4d1f-8fa3-f671c016c4d7	12	67679046	68659818	738	0.1308
9ee1c4e2-3601-4d1f-8fa3-f671c016c4d7	12	68667398	68671395	4	2.1574
9ee1c4e2-3601-4d1f-8fa3-f671c016c4d7	12	68675998	68727122	26	0.1775
9ee1c4e2-3601-4d1f-8fa3-f671c016c4d7	12	68730628	70390858	1108	2.6862
9ee1c4e2-3601-4d1f-8fa3-f671c016c4d7	12	70390913	70721288	237	2.2117
9ee1c4e2-3601-4d1f-8fa3-f671c016c4d7	12	70721405	71295203	374	2.4029
9ee1c4e2-3601-4d1f-8fa3-f671c016c4d7	12	71297375	71642322	154	2.074
9ee1c4e2-3601-4d1f-8fa3-f671c016c4d7	12	71642719	71703438	20	3.1648
9ee1c4e2-3601-4d1f-8fa3-f671c016c4d7	12	71703638	71704517	4	2.0841
9ee1c4e2-3601-4d1f-8fa3-f671c016c4d7	12	71707551	71719331	9	2.9061
9ee1c4e2-3601-4d1f-8fa3-f671c016c4d7	12	71720735	71768861	25	2.1492
9ee1c4e2-3601-4d1f-8fa3-f671c016c4d7	12	71778190	71796044	17	0.1589
9ee1c4e2-3601-4d1f-8fa3-f671c016c4d7	12	71800658	72014217	148	2.8124
9ee1c4e2-3601-4d1f-8fa3-f671c016c4d7	12	72018587	72019859	6	0.1812
9ee1c4e2-3601-4d1f-8fa3-f671c016c4d7	12	72020391	72054151	14	1.5467
9ee1c4e2-3601-4d1f-8fa3-f671c016c4d7	12	72057052	72072605	6	2.5174
9ee1c4e2-3601-4d1f-8fa3-f671c016c4d7	12	72075075	72107292	14	1.3865
9ee1c4e2-3601-4d1f-8fa3-f671c016c4d7	12	72107635	72270541	91	2.4193
9ee1c4e2-3601-4d1f-8fa3-f671c016c4d7	12	72275515	74576464	1146	0.3799
9ee1c4e2-3601-4d1f-8fa3-f671c016c4d7	12	74580913	74593045	13	2.2431
9ee1c4e2-3601-4d1f-8fa3-f671c016c4d7	12	74595456	74627338	20	0.2376
9ee1c4e2-3601-4d1f-8fa3-f671c016c4d7	12	74628806	76250352	1078	0.3991
9ee1c4e2-3601-4d1f-8fa3-f671c016c4d7	12	76250382	76829257	322	0.0887
9ee1c4e2-3601-4d1f-8fa3-f671c016c4d7	12	76830773	76841155	4	1.9558
9ee1c4e2-3601-4d1f-8fa3-f671c016c4d7	12	76845496	77147254	197	0.1172
9ee1c4e2-3601-4d1f-8fa3-f671c016c4d7	12	77147880	77153886	10	2.0912
9ee1c4e2-3601-4d1f-8fa3-f671c016c4d7	12	77154766	77257454	75	0.0955
9ee1c4e2-3601-4d1f-8fa3-f671c016c4d7	12	77258963	77793237	456	2.1225
9ee1c4e2-3601-4d1f-8fa3-f671c016c4d7	12	77794538	78846342	667	0.0881
9ee1c4e2-3601-4d1f-8fa3-f671c016c4d7	12	78851328	78966489	81	0.4391
9ee1c4e2-3601-4d1f-8fa3-f671c016c4d7	12	78967142	80298984	757	0.0809
9ee1c4e2-3601-4d1f-8fa3-f671c016c4d7	12	80301488	80617549	194	0.4531
9ee1c4e2-3601-4d1f-8fa3-f671c016c4d7	12	80619656	81520637	607	0.0975
9ee1c4e2-3601-4d1f-8fa3-f671c016c4d7	12	81521174	88162939	3655	0.4051
9ee1c4e2-3601-4d1f-8fa3-f671c016c4d7	12	88168444	88231504	25	0.7348
9ee1c4e2-3601-4d1f-8fa3-f671c016c4d7	12	88231988	88303581	31	0.3754
9ee1c4e2-3601-4d1f-8fa3-f671c016c4d7	12	88303656	88505297	125	0.6849
9ee1c4e2-3601-4d1f-8fa3-f671c016c4d7	12	88510285	90283433	1025	0.425
9ee1c4e2-3601-4d1f-8fa3-f671c016c4d7	12	90288965	90290693	6	1.9663
9ee1c4e2-3601-4d1f-8fa3-f671c016c4d7	12	90292441	93017912	1811	0.4059
9ee1c4e2-3601-4d1f-8fa3-f671c016c4d7	12	93019265	98538708	3856	0.0894
9ee1c4e2-3601-4d1f-8fa3-f671c016c4d7	12	98539326	101139224	1438	0.4169
9ee1c4e2-3601-4d1f-8fa3-f671c016c4d7	12	101139236	101266561	92	0.6405
9ee1c4e2-3601-4d1f-8fa3-f671c016c4d7	12	101266907	103098390	1092	0.4297
9ee1c4e2-3601-4d1f-8fa3-f671c016c4d7	12	103099566	109526125	4307	0.1102
9ee1c4e2-3601-4d1f-8fa3-f671c016c4d7	12	109536599	111018520	716	0.3807
9ee1c4e2-3601-4d1f-8fa3-f671c016c4d7	12	111018545	113522242	1305	0.06
9ee1c4e2-3601-4d1f-8fa3-f671c016c4d7	12	113522525	117527009	2728	0.4618
9ee1c4e2-3601-4d1f-8fa3-f671c016c4d7	12	117527880	118728483	748	0.6747
9ee1c4e2-3601-4d1f-8fa3-f671c016c4d7	12	118732173	121619745	1667	0.4179
9ee1c4e2-3601-4d1f-8fa3-f671c016c4d7	12	121621658	121900640	88	0.0824
9ee1c4e2-3601-4d1f-8fa3-f671c016c4d7	12	121900660	122817689	385	0.335
9ee1c4e2-3601-4d1f-8fa3-f671c016c4d7	12	122820427	129235488	3652	0.1475
9ee1c4e2-3601-4d1f-8fa3-f671c016c4d7	12	129237205	132605822	967	0.6646
9ee1c4e2-3601-4d1f-8fa3-f671c016c4d7	13	18874255	21942355	1360	0.1257
9ee1c4e2-3601-4d1f-8fa3-f671c016c4d7	13	21943704	30986407	5978	-0.2856
9ee1c4e2-3601-4d1f-8fa3-f671c016c4d7	13	30989900	30992687	7	0.0475
9ee1c4e2-3601-4d1f-8fa3-f671c016c4d7	13	30992801	62385052	18094	-0.5015
9ee1c4e2-3601-4d1f-8fa3-f671c016c4d7	13	62418564	62678294	102	0.3569
9ee1c4e2-3601-4d1f-8fa3-f671c016c4d7	13	62678479	64516251	559	-0.4956
9ee1c4e2-3601-4d1f-8fa3-f671c016c4d7	13	64516341	64560606	25	0.3332
9ee1c4e2-3601-4d1f-8fa3-f671c016c4d7	13	64569217	65076378	261	-0.5092
9ee1c4e2-3601-4d1f-8fa3-f671c016c4d7	13	65078686	65236764	75	0.3161
9ee1c4e2-3601-4d1f-8fa3-f671c016c4d7	13	65237106	65247656	4	-1.1137
9ee1c4e2-3601-4d1f-8fa3-f671c016c4d7	13	65249540	65356292	72	-0.51
9ee1c4e2-3601-4d1f-8fa3-f671c016c4d7	13	65363374	65514043	71	-1.0602
9ee1c4e2-3601-4d1f-8fa3-f671c016c4d7	13	65523683	65753998	126	-0.2286
9ee1c4e2-3601-4d1f-8fa3-f671c016c4d7	13	65758667	67744811	939	-0.9539
9ee1c4e2-3601-4d1f-8fa3-f671c016c4d7	13	67744852	67746586	2	-3.6238
9ee1c4e2-3601-4d1f-8fa3-f671c016c4d7	13	67747290	69331925	882	-0.9599
9ee1c4e2-3601-4d1f-8fa3-f671c016c4d7	13	69332138	69749082	190	-0.5362
9ee1c4e2-3601-4d1f-8fa3-f671c016c4d7	13	69750260	74589455	3150	-0.9819
9ee1c4e2-3601-4d1f-8fa3-f671c016c4d7	13	74596937	74764738	151	-0.456
9ee1c4e2-3601-4d1f-8fa3-f671c016c4d7	13	74766398	75936283	771	-0.9731
9ee1c4e2-3601-4d1f-8fa3-f671c016c4d7	13	75940012	76051034	90	-0.5169
9ee1c4e2-3601-4d1f-8fa3-f671c016c4d7	13	76051152	76563677	366	-0.9655
9ee1c4e2-3601-4d1f-8fa3-f671c016c4d7	13	76565775	77730733	671	-0.2759
9ee1c4e2-3601-4d1f-8fa3-f671c016c4d7	13	77731746	81998294	2668	-0.9686
9ee1c4e2-3601-4d1f-8fa3-f671c016c4d7	13	82001076	82076320	54	0.4665
9ee1c4e2-3601-4d1f-8fa3-f671c016c4d7	13	82082960	82874296	415	0.1329
9ee1c4e2-3601-4d1f-8fa3-f671c016c4d7	13	82874506	83525999	373	0.4792
9ee1c4e2-3601-4d1f-8fa3-f671c016c4d7	13	83526795	83673544	36	-0.1681
9ee1c4e2-3601-4d1f-8fa3-f671c016c4d7	13	83676475	84330787	376	0.1513
9ee1c4e2-3601-4d1f-8fa3-f671c016c4d7	13	84331075	84369987	24	-0.3203
9ee1c4e2-3601-4d1f-8fa3-f671c016c4d7	13	84370436	84401911	21	0.1602
9ee1c4e2-3601-4d1f-8fa3-f671c016c4d7	13	84401928	84466592	38	-0.2061
9ee1c4e2-3601-4d1f-8fa3-f671c016c4d7	13	84472689	84701147	154	0.1403
9ee1c4e2-3601-4d1f-8fa3-f671c016c4d7	13	84856027	85451853	431	0.6539
9ee1c4e2-3601-4d1f-8fa3-f671c016c4d7	13	85464780	85659066	116	0.1378
9ee1c4e2-3601-4d1f-8fa3-f671c016c4d7	13	85661833	89231611	1883	-0.9542
9ee1c4e2-3601-4d1f-8fa3-f671c016c4d7	13	89231873	89975255	475	-0.3275
9ee1c4e2-3601-4d1f-8fa3-f671c016c4d7	13	89975537	89991631	14	0.2061
9ee1c4e2-3601-4d1f-8fa3-f671c016c4d7	13	89994230	90006853	13	-0.3035
9ee1c4e2-3601-4d1f-8fa3-f671c016c4d7	13	90007137	90300386	173	0.176
9ee1c4e2-3601-4d1f-8fa3-f671c016c4d7	13	90300526	90812759	278	0.4752
9ee1c4e2-3601-4d1f-8fa3-f671c016c4d7	13	90819546	93010418	1412	-0.2745
9ee1c4e2-3601-4d1f-8fa3-f671c016c4d7	13	93010495	94362516	1002	-0.9482
9ee1c4e2-3601-4d1f-8fa3-f671c016c4d7	13	94363184	95205612	613	-0.2869
9ee1c4e2-3601-4d1f-8fa3-f671c016c4d7	13	95206450	95500055	152	0.1316
9ee1c4e2-3601-4d1f-8fa3-f671c016c4d7	13	95500374	95927322	181	-0.3019
9ee1c4e2-3601-4d1f-8fa3-f671c016c4d7	13	95929512	98138545	1329	-0.9133
9ee1c4e2-3601-4d1f-8fa3-f671c016c4d7	13	98139431	98140655	2	-4.0105
9ee1c4e2-3601-4d1f-8fa3-f671c016c4d7	13	98146103	98662027	402	-0.9783
9ee1c4e2-3601-4d1f-8fa3-f671c016c4d7	13	98663373	98853378	169	-0.522
9ee1c4e2-3601-4d1f-8fa3-f671c016c4d7	13	98854164	99081870	129	-0.9568
9ee1c4e2-3601-4d1f-8fa3-f671c016c4d7	13	99084705	99197743	64	-0.5446
9ee1c4e2-3601-4d1f-8fa3-f671c016c4d7	13	99202870	99219246	9	-1.1416
9ee1c4e2-3601-4d1f-8fa3-f671c016c4d7	13	99220101	99268133	25	-0.5161
9ee1c4e2-3601-4d1f-8fa3-f671c016c4d7	13	99270437	100102582	499	-0.9761
9ee1c4e2-3601-4d1f-8fa3-f671c016c4d7	13	100109008	100322225	103	-0.2893
9ee1c4e2-3601-4d1f-8fa3-f671c016c4d7	13	100322280	100878880	334	-1.0002
9ee1c4e2-3601-4d1f-8fa3-f671c016c4d7	13	100881671	103286963	1967	-0.5051
9ee1c4e2-3601-4d1f-8fa3-f671c016c4d7	13	103287139	104547839	989	-0.9663
9ee1c4e2-3601-4d1f-8fa3-f671c016c4d7	13	104549973	104648482	87	0.1485
9ee1c4e2-3601-4d1f-8fa3-f671c016c4d7	13	104648578	106539457	964	0.4586
9ee1c4e2-3601-4d1f-8fa3-f671c016c4d7	13	106551530	107037982	336	0.1567
9ee1c4e2-3601-4d1f-8fa3-f671c016c4d7	13	107038430	108167203	915	0.4886
9ee1c4e2-3601-4d1f-8fa3-f671c016c4d7	13	108174684	108344029	108	0.1998
9ee1c4e2-3601-4d1f-8fa3-f671c016c4d7	13	108345490	113433286	3272	-1.002
9ee1c4e2-3601-4d1f-8fa3-f671c016c4d7	13	113433847	114226675	209	-0.2586
9ee1c4e2-3601-4d1f-8fa3-f671c016c4d7	14	20033191	21279270	730	-0.2903
9ee1c4e2-3601-4d1f-8fa3-f671c016c4d7	14	21279350	21410148	77	0.0946
9ee1c4e2-3601-4d1f-8fa3-f671c016c4d7	14	21414490	33416171	6303	-0.274
9ee1c4e2-3601-4d1f-8fa3-f671c016c4d7	14	33418774	33586970	187	0.5026
9ee1c4e2-3601-4d1f-8fa3-f671c016c4d7	14	33588357	72297805	22029	-0.2844
9ee1c4e2-3601-4d1f-8fa3-f671c016c4d7	14	72301041	72530961	208	0.5058
9ee1c4e2-3601-4d1f-8fa3-f671c016c4d7	14	72531770	72540839	5	-0.4913
9ee1c4e2-3601-4d1f-8fa3-f671c016c4d7	14	72541470	72984197	319	0.4897
9ee1c4e2-3601-4d1f-8fa3-f671c016c4d7	14	72985979	73599988	267	0.1004
9ee1c4e2-3601-4d1f-8fa3-f671c016c4d7	14	73600108	77157338	2120	-0.28
9ee1c4e2-3601-4d1f-8fa3-f671c016c4d7	14	77157903	77405434	168	0.1565
9ee1c4e2-3601-4d1f-8fa3-f671c016c4d7	14	77411090	78677887	963	-0.2757
9ee1c4e2-3601-4d1f-8fa3-f671c016c4d7	14	78679198	79780224	762	0.173
9ee1c4e2-3601-4d1f-8fa3-f671c016c4d7	14	79782462	80680576	580	0.7302
9ee1c4e2-3601-4d1f-8fa3-f671c016c4d7	14	80681031	80690003	2	2.0279
9ee1c4e2-3601-4d1f-8fa3-f671c016c4d7	14	80690515	80766280	40	0.7867
9ee1c4e2-3601-4d1f-8fa3-f671c016c4d7	14	80766759	81181534	261	0.489
9ee1c4e2-3601-4d1f-8fa3-f671c016c4d7	14	81186631	81351945	99	0.9066
9ee1c4e2-3601-4d1f-8fa3-f671c016c4d7	14	81352623	82106941	467	0.4608
9ee1c4e2-3601-4d1f-8fa3-f671c016c4d7	14	82112431	82537900	270	0.1331
9ee1c4e2-3601-4d1f-8fa3-f671c016c4d7	14	82538585	85097416	1659	0.4622
9ee1c4e2-3601-4d1f-8fa3-f671c016c4d7	14	85097441	85863093	575	0.1887
9ee1c4e2-3601-4d1f-8fa3-f671c016c4d7	14	85863455	85968891	60	0.4299
9ee1c4e2-3601-4d1f-8fa3-f671c016c4d7	14	85973644	86979578	585	0.1605
9ee1c4e2-3601-4d1f-8fa3-f671c016c4d7	14	86980418	88179243	716	-0.2598
9ee1c4e2-3601-4d1f-8fa3-f671c016c4d7	14	88179513	90034154	1025	0.1376
9ee1c4e2-3601-4d1f-8fa3-f671c016c4d7	14	90039305	91750213	972	-0.3098
9ee1c4e2-3601-4d1f-8fa3-f671c016c4d7	14	91750720	93381819	1023	0.4292
9ee1c4e2-3601-4d1f-8fa3-f671c016c4d7	14	93382710	93399799	10	-0.1699
9ee1c4e2-3601-4d1f-8fa3-f671c016c4d7	14	93401530	93710240	130	0.1428
9ee1c4e2-3601-4d1f-8fa3-f671c016c4d7	14	93711111	97057038	2612	0.4799
9ee1c4e2-3601-4d1f-8fa3-f671c016c4d7	14	97065690	97160641	62	0.6816
9ee1c4e2-3601-4d1f-8fa3-f671c016c4d7	14	97160998	97274217	54	0.5012
9ee1c4e2-3601-4d1f-8fa3-f671c016c4d7	14	97274883	97278363	4	-0.1957
9ee1c4e2-3601-4d1f-8fa3-f671c016c4d7	14	97278605	97610145	245	0.4505
9ee1c4e2-3601-4d1f-8fa3-f671c016c4d7	14	97614321	98136976	407	0.1616
9ee1c4e2-3601-4d1f-8fa3-f671c016c4d7	14	98140587	99138574	798	0.6984
9ee1c4e2-3601-4d1f-8fa3-f671c016c4d7	14	99142517	99193515	36	0.2068
9ee1c4e2-3601-4d1f-8fa3-f671c016c4d7	14	99196164	99250571	40	0.7389
9ee1c4e2-3601-4d1f-8fa3-f671c016c4d7	14	99255679	99479017	137	0.1721
9ee1c4e2-3601-4d1f-8fa3-f671c016c4d7	14	99483937	99738344	155	0.7375
9ee1c4e2-3601-4d1f-8fa3-f671c016c4d7	14	99738925	99838729	73	1.2125
9ee1c4e2-3601-4d1f-8fa3-f671c016c4d7	14	99839392	99869586	17	0.5782
9ee1c4e2-3601-4d1f-8fa3-f671c016c4d7	14	99872358	99940526	58	1.043
9ee1c4e2-3601-4d1f-8fa3-f671c016c4d7	14	99941044	100097701	78	0.6656
9ee1c4e2-3601-4d1f-8fa3-f671c016c4d7	14	100097807	101985646	1015	0.1598
9ee1c4e2-3601-4d1f-8fa3-f671c016c4d7	14	101988573	102143339	63	0.4328
9ee1c4e2-3601-4d1f-8fa3-f671c016c4d7	14	102155120	102759484	264	0.6165
9ee1c4e2-3601-4d1f-8fa3-f671c016c4d7	14	102771171	103298481	277	0.4886
9ee1c4e2-3601-4d1f-8fa3-f671c016c4d7	14	103300650	104125137	371	0.7861
9ee1c4e2-3601-4d1f-8fa3-f671c016c4d7	14	104126681	105533894	348	0.47
9ee1c4e2-3601-4d1f-8fa3-f671c016c4d7	15	23437561	23691725	183	0.1733
9ee1c4e2-3601-4d1f-8fa3-f671c016c4d7	15	23692046	23846579	111	0.7973
9ee1c4e2-3601-4d1f-8fa3-f671c016c4d7	15	23849097	23864268	10	0.3524
9ee1c4e2-3601-4d1f-8fa3-f671c016c4d7	15	23871882	25809665	978	0.1301
9ee1c4e2-3601-4d1f-8fa3-f671c016c4d7	15	25809748	25809778	2	-1.252
9ee1c4e2-3601-4d1f-8fa3-f671c016c4d7	15	25813061	28247049	1439	0.1407
9ee1c4e2-3601-4d1f-8fa3-f671c016c4d7	15	28250353	30997246	95	-0.3117
9ee1c4e2-3601-4d1f-8fa3-f671c016c4d7	15	30998178	30998244	2	-2.1464
9ee1c4e2-3601-4d1f-8fa3-f671c016c4d7	15	31002248	31458966	296	-0.3139
9ee1c4e2-3601-4d1f-8fa3-f671c016c4d7	15	31461280	32963280	461	0.1555
9ee1c4e2-3601-4d1f-8fa3-f671c016c4d7	15	32963809	32990472	20	0.548
9ee1c4e2-3601-4d1f-8fa3-f671c016c4d7	15	32990643	34366218	1111	-0.2958
9ee1c4e2-3601-4d1f-8fa3-f671c016c4d7	15	34692790	35073319	278	0.474
9ee1c4e2-3601-4d1f-8fa3-f671c016c4d7	15	35077876	35121223	33	0.1867
9ee1c4e2-3601-4d1f-8fa3-f671c016c4d7	15	35124052	41463787	4001	-0.2905
9ee1c4e2-3601-4d1f-8fa3-f671c016c4d7	15	41467334	42951553	760	0.1116
9ee1c4e2-3601-4d1f-8fa3-f671c016c4d7	15	42952697	45933949	1245	-0.3037
9ee1c4e2-3601-4d1f-8fa3-f671c016c4d7	15	45939946	46511417	369	0.1242
9ee1c4e2-3601-4d1f-8fa3-f671c016c4d7	15	46515193	48596204	1410	-0.274
9ee1c4e2-3601-4d1f-8fa3-f671c016c4d7	15	48599805	48692249	78	0.1062
9ee1c4e2-3601-4d1f-8fa3-f671c016c4d7	15	48700279	48755295	35	-0.2202
9ee1c4e2-3601-4d1f-8fa3-f671c016c4d7	15	48755931	48812737	43	0.0967
9ee1c4e2-3601-4d1f-8fa3-f671c016c4d7	15	48813987	48865766	34	-0.2634
9ee1c4e2-3601-4d1f-8fa3-f671c016c4d7	15	48867949	49185642	190	0.4762
9ee1c4e2-3601-4d1f-8fa3-f671c016c4d7	15	49189052	49270698	40	0.1542
9ee1c4e2-3601-4d1f-8fa3-f671c016c4d7	15	49270849	49331041	21	0.5258
9ee1c4e2-3601-4d1f-8fa3-f671c016c4d7	15	49332050	49737249	191	0.1517
9ee1c4e2-3601-4d1f-8fa3-f671c016c4d7	15	49741627	49798059	31	0.4226
9ee1c4e2-3601-4d1f-8fa3-f671c016c4d7	15	49800434	50057026	184	0.1675
9ee1c4e2-3601-4d1f-8fa3-f671c016c4d7	15	50060364	50142009	68	-0.2464
9ee1c4e2-3601-4d1f-8fa3-f671c016c4d7	15	50142711	50273888	92	0.1654
9ee1c4e2-3601-4d1f-8fa3-f671c016c4d7	15	50277471	50516165	121	-0.3013
9ee1c4e2-3601-4d1f-8fa3-f671c016c4d7	15	50520042	60169812	6205	0.1333
9ee1c4e2-3601-4d1f-8fa3-f671c016c4d7	15	60172813	62969454	2276	0.1801
9ee1c4e2-3601-4d1f-8fa3-f671c016c4d7	15	62969976	64197883	758	0.1276
9ee1c4e2-3601-4d1f-8fa3-f671c016c4d7	15	64206690	65889111	694	0.0669
9ee1c4e2-3601-4d1f-8fa3-f671c016c4d7	15	65889126	83884195	10366	0.1441
9ee1c4e2-3601-4d1f-8fa3-f671c016c4d7	15	83884328	83906298	30	0.401
9ee1c4e2-3601-4d1f-8fa3-f671c016c4d7	15	83907977	85044923	381	0.6447
9ee1c4e2-3601-4d1f-8fa3-f671c016c4d7	15	85045767	87151246	1405	0.4618
9ee1c4e2-3601-4d1f-8fa3-f671c016c4d7	15	87151304	87640152	221	0.7221
9ee1c4e2-3601-4d1f-8fa3-f671c016c4d7	15	87640183	87732825	53	0.477
9ee1c4e2-3601-4d1f-8fa3-f671c016c4d7	15	87734308	89744958	1300	0.7198
9ee1c4e2-3601-4d1f-8fa3-f671c016c4d7	15	89756029	91260200	832	0.8338
9ee1c4e2-3601-4d1f-8fa3-f671c016c4d7	15	91260337	93090725	1509	0.7164
9ee1c4e2-3601-4d1f-8fa3-f671c016c4d7	15	93091219	96420756	1944	0.4855
9ee1c4e2-3601-4d1f-8fa3-f671c016c4d7	15	96421343	97017946	387	0.5843
9ee1c4e2-3601-4d1f-8fa3-f671c016c4d7	15	97018114	101344124	2454	0.4863
9ee1c4e2-3601-4d1f-8fa3-f671c016c4d7	16	603333	682715	19	-1.0217
9ee1c4e2-3601-4d1f-8fa3-f671c016c4d7	16	701873	749384	12	0.2328
9ee1c4e2-3601-4d1f-8fa3-f671c016c4d7	16	836376	966057	45	-0.903
9ee1c4e2-3601-4d1f-8fa3-f671c016c4d7	16	968191	1002943	12	-0.1494
9ee1c4e2-3601-4d1f-8fa3-f671c016c4d7	16	1039949	3968085	1006	0.3649
9ee1c4e2-3601-4d1f-8fa3-f671c016c4d7	16	3971623	4503191	282	-0.8521
9ee1c4e2-3601-4d1f-8fa3-f671c016c4d7	16	4508614	4527068	13	1.2484
9ee1c4e2-3601-4d1f-8fa3-f671c016c4d7	16	4529118	4955221	219	-0.8692
9ee1c4e2-3601-4d1f-8fa3-f671c016c4d7	16	4956248	5183073	103	0.7366
9ee1c4e2-3601-4d1f-8fa3-f671c016c4d7	16	5188886	5229739	29	-0.8267
9ee1c4e2-3601-4d1f-8fa3-f671c016c4d7	16	5231754	6511229	951	0.7723
9ee1c4e2-3601-4d1f-8fa3-f671c016c4d7	16	6511864	7426873	203	0.9347
9ee1c4e2-3601-4d1f-8fa3-f671c016c4d7	16	7427465	7787451	414	1.0798
9ee1c4e2-3601-4d1f-8fa3-f671c016c4d7	16	7995410	8361334	311	0.9199
9ee1c4e2-3601-4d1f-8fa3-f671c016c4d7	16	8361456	8371787	10	0.6979
9ee1c4e2-3601-4d1f-8fa3-f671c016c4d7	16	8376856	10068011	1291	-0.1764
9ee1c4e2-3601-4d1f-8fa3-f671c016c4d7	16	10069209	10071173	6	-1.2698
9ee1c4e2-3601-4d1f-8fa3-f671c016c4d7	16	10071462	10327870	277	-0.1526
9ee1c4e2-3601-4d1f-8fa3-f671c016c4d7	16	10365871	10418193	22	1.1636
9ee1c4e2-3601-4d1f-8fa3-f671c016c4d7	16	10418977	10792151	256	-0.1797
9ee1c4e2-3601-4d1f-8fa3-f671c016c4d7	16	10794937	11607272	562	0.7535
9ee1c4e2-3601-4d1f-8fa3-f671c016c4d7	16	11609002	11746844	82	-0.206
9ee1c4e2-3601-4d1f-8fa3-f671c016c4d7	16	11748197	12009811	122	0.8725
9ee1c4e2-3601-4d1f-8fa3-f671c016c4d7	16	12012105	23176397	3657	-0.1756
9ee1c4e2-3601-4d1f-8fa3-f671c016c4d7	16	23178212	24561625	851	0.2012
9ee1c4e2-3601-4d1f-8fa3-f671c016c4d7	16	24564764	24890990	174	-0.1924
9ee1c4e2-3601-4d1f-8fa3-f671c016c4d7	16	24892855	25053641	91	0.1728
9ee1c4e2-3601-4d1f-8fa3-f671c016c4d7	16	25054259	25839949	572	-0.1857
9ee1c4e2-3601-4d1f-8fa3-f671c016c4d7	16	25842383	25976172	137	0.2417
9ee1c4e2-3601-4d1f-8fa3-f671c016c4d7	16	25976796	26036888	53	-0.1446
9ee1c4e2-3601-4d1f-8fa3-f671c016c4d7	16	26039972	26192979	113	0.2905
9ee1c4e2-3601-4d1f-8fa3-f671c016c4d7	16	26197421	31410351	1942	-0.1861
9ee1c4e2-3601-4d1f-8fa3-f671c016c4d7	16	31414202	31450079	17	0.8946
9ee1c4e2-3601-4d1f-8fa3-f671c016c4d7	16	31461282	51655374	3239	-0.2455
9ee1c4e2-3601-4d1f-8fa3-f671c016c4d7	16	51656015	56709911	3747	-0.9149
9ee1c4e2-3601-4d1f-8fa3-f671c016c4d7	16	56711766	56840360	70	-0.3247
9ee1c4e2-3601-4d1f-8fa3-f671c016c4d7	16	56849526	56901208	28	-0.994
9ee1c4e2-3601-4d1f-8fa3-f671c016c4d7	16	56904332	58617522	1022	0.1241
9ee1c4e2-3601-4d1f-8fa3-f671c016c4d7	16	58627720	61668433	1867	-0.924
9ee1c4e2-3601-4d1f-8fa3-f671c016c4d7	16	61673341	61711611	24	-0.2534
9ee1c4e2-3601-4d1f-8fa3-f671c016c4d7	16	61714724	61872340	108	-0.9536
9ee1c4e2-3601-4d1f-8fa3-f671c016c4d7	16	61878023	62151190	170	-0.2554
9ee1c4e2-3601-4d1f-8fa3-f671c016c4d7	16	62155184	62193730	25	0.1916
9ee1c4e2-3601-4d1f-8fa3-f671c016c4d7	16	62195044	62990236	531	0.4862
9ee1c4e2-3601-4d1f-8fa3-f671c016c4d7	16	62990259	67022048	2719	0.2254
9ee1c4e2-3601-4d1f-8fa3-f671c016c4d7	16	67040418	67979393	352	-0.2831
9ee1c4e2-3601-4d1f-8fa3-f671c016c4d7	16	67979688	70243729	978	-0.9408
9ee1c4e2-3601-4d1f-8fa3-f671c016c4d7	16	70247875	70280811	15	0.2527
9ee1c4e2-3601-4d1f-8fa3-f671c016c4d7	16	70292705	71277585	294	0.7263
9ee1c4e2-3601-4d1f-8fa3-f671c016c4d7	16	71278057	71419348	101	-1.0511
9ee1c4e2-3601-4d1f-8fa3-f671c016c4d7	16	71421356	71988224	288	0.3151
9ee1c4e2-3601-4d1f-8fa3-f671c016c4d7	16	72011210	72015612	10	-1.0521
9ee1c4e2-3601-4d1f-8fa3-f671c016c4d7	16	72017869	72466615	248	0.3824
9ee1c4e2-3601-4d1f-8fa3-f671c016c4d7	16	72467329	74197334	1141	-0.9317
9ee1c4e2-3601-4d1f-8fa3-f671c016c4d7	16	74197932	80239600	4658	-0.2107
9ee1c4e2-3601-4d1f-8fa3-f671c016c4d7	16	80246483	80527883	193	0.1375
9ee1c4e2-3601-4d1f-8fa3-f671c016c4d7	16	80529077	80747455	198	0.5949
9ee1c4e2-3601-4d1f-8fa3-f671c016c4d7	16	80749911	81877580	739	0.4866
9ee1c4e2-3601-4d1f-8fa3-f671c016c4d7	16	81878476	86956127	3690	0.5608
9ee1c4e2-3601-4d1f-8fa3-f671c016c4d7	16	86956140	87503144	366	0.1906
9ee1c4e2-3601-4d1f-8fa3-f671c016c4d7	16	87503777	87723775	130	0.606
9ee1c4e2-3601-4d1f-8fa3-f671c016c4d7	16	87725247	89234014	291	0.1977
9ee1c4e2-3601-4d1f-8fa3-f671c016c4d7	16	89237903	89317317	35	0.6589
9ee1c4e2-3601-4d1f-8fa3-f671c016c4d7	17	1074619	31728739	11800	0.1389
9ee1c4e2-3601-4d1f-8fa3-f671c016c4d7	17	31736338	31736755	2	2.4057
9ee1c4e2-3601-4d1f-8fa3-f671c016c4d7	17	31737081	32743067	505	0.1531
9ee1c4e2-3601-4d1f-8fa3-f671c016c4d7	17	32745375	34807232	933	0.2317
9ee1c4e2-3601-4d1f-8fa3-f671c016c4d7	17	34807582	35232216	245	0.1182
9ee1c4e2-3601-4d1f-8fa3-f671c016c4d7	17	35235445	35240774	6	1.5877
9ee1c4e2-3601-4d1f-8fa3-f671c016c4d7	17	35247234	49351267	5855	0.1627
9ee1c4e2-3601-4d1f-8fa3-f671c016c4d7	17	49352472	57997145	5361	0.2139
9ee1c4e2-3601-4d1f-8fa3-f671c016c4d7	17	57997389	65705035	3650	0.1523
9ee1c4e2-3601-4d1f-8fa3-f671c016c4d7	17	65719233	77398786	6678	-0.1765
9ee1c4e2-3601-4d1f-8fa3-f671c016c4d7	17	77398895	77449922	36	-0.8109
9ee1c4e2-3601-4d1f-8fa3-f671c016c4d7	17	77452076	82959812	2192	-0.2011
9ee1c4e2-3601-4d1f-8fa3-f671c016c4d7	18	326691	1399670	324	-0.9559
9ee1c4e2-3601-4d1f-8fa3-f671c016c4d7	18	1399956	2081925	196	-0.2782
9ee1c4e2-3601-4d1f-8fa3-f671c016c4d7	18	2087487	2182434	90	0.2282
9ee1c4e2-3601-4d1f-8fa3-f671c016c4d7	18	2186354	2187489	4	-0.2483
9ee1c4e2-3601-4d1f-8fa3-f671c016c4d7	18	2187540	3647865	780	-1.0024
9ee1c4e2-3601-4d1f-8fa3-f671c016c4d7	18	3648346	3783801	92	0.1619
9ee1c4e2-3601-4d1f-8fa3-f671c016c4d7	18	3784486	3829144	51	-0.9052
9ee1c4e2-3601-4d1f-8fa3-f671c016c4d7	18	3829406	3830266	6	0.1053
9ee1c4e2-3601-4d1f-8fa3-f671c016c4d7	18	3830606	3832168	10	-0.9233
9ee1c4e2-3601-4d1f-8fa3-f671c016c4d7	18	3834701	11894546	5338	-0.2594
9ee1c4e2-3601-4d1f-8fa3-f671c016c4d7	18	11901889	14462811	1310	0.1305
9ee1c4e2-3601-4d1f-8fa3-f671c016c4d7	18	14464312	14482921	6	1.0274
9ee1c4e2-3601-4d1f-8fa3-f671c016c4d7	18	14483937	14533867	6	0.3398
9ee1c4e2-3601-4d1f-8fa3-f671c016c4d7	18	14540642	21109786	38	-0.2409
9ee1c4e2-3601-4d1f-8fa3-f671c016c4d7	18	21114061	24616715	1948	0.1411
9ee1c4e2-3601-4d1f-8fa3-f671c016c4d7	18	24626578	25063959	358	0.2496
9ee1c4e2-3601-4d1f-8fa3-f671c016c4d7	18	25066585	29960583	2960	0.1544
9ee1c4e2-3601-4d1f-8fa3-f671c016c4d7	18	29963600	30044849	50	-0.2874
9ee1c4e2-3601-4d1f-8fa3-f671c016c4d7	18	30045907	30118621	40	0.0565
9ee1c4e2-3601-4d1f-8fa3-f671c016c4d7	18	30129605	34462171	2674	-0.3058
9ee1c4e2-3601-4d1f-8fa3-f671c016c4d7	18	34463801	35119656	414	-0.9432
9ee1c4e2-3601-4d1f-8fa3-f671c016c4d7	18	35121160	40586389	3369	-0.2802
9ee1c4e2-3601-4d1f-8fa3-f671c016c4d7	18	40593763	41418694	476	-0.9668
9ee1c4e2-3601-4d1f-8fa3-f671c016c4d7	18	41423109	49065345	4854	-0.2689
9ee1c4e2-3601-4d1f-8fa3-f671c016c4d7	18	49066807	75138633	14540	-0.9738
9ee1c4e2-3601-4d1f-8fa3-f671c016c4d7	18	75153610	75195323	45	1.0882
9ee1c4e2-3601-4d1f-8fa3-f671c016c4d7	18	75197305	77024629	1356	1.2183
9ee1c4e2-3601-4d1f-8fa3-f671c016c4d7	18	77025986	77596239	388	1.0515
9ee1c4e2-3601-4d1f-8fa3-f671c016c4d7	18	77597667	78358464	520	1.5141
9ee1c4e2-3601-4d1f-8fa3-f671c016c4d7	18	78358638	79191493	461	1.3359
9ee1c4e2-3601-4d1f-8fa3-f671c016c4d7	18	79191623	79349796	78	1.4986
9ee1c4e2-3601-4d1f-8fa3-f671c016c4d7	19	283868	5403371	1292	0.092
9ee1c4e2-3601-4d1f-8fa3-f671c016c4d7	19	5404301	5620495	111	0.664
9ee1c4e2-3601-4d1f-8fa3-f671c016c4d7	19	5625893	7889355	919	0.0889
9ee1c4e2-3601-4d1f-8fa3-f671c016c4d7	19	7899553	16303915	3953	0.3727
9ee1c4e2-3601-4d1f-8fa3-f671c016c4d7	19	16312421	22522925	2022	0.5997
9ee1c4e2-3601-4d1f-8fa3-f671c016c4d7	19	22526834	27749586	764	0.3729
9ee1c4e2-3601-4d1f-8fa3-f671c016c4d7	19	27749601	30254263	1903	0.0331
9ee1c4e2-3601-4d1f-8fa3-f671c016c4d7	19	30255846	33756651	2372	-0.2725
9ee1c4e2-3601-4d1f-8fa3-f671c016c4d7	19	33761069	34538854	479	0.1261
9ee1c4e2-3601-4d1f-8fa3-f671c016c4d7	19	34539547	34986137	289	0.4197
9ee1c4e2-3601-4d1f-8fa3-f671c016c4d7	19	34987297	35713102	441	0.6185
9ee1c4e2-3601-4d1f-8fa3-f671c016c4d7	19	35713788	36072847	148	0.0702
9ee1c4e2-3601-4d1f-8fa3-f671c016c4d7	19	36073856	36077192	2	1.8535
9ee1c4e2-3601-4d1f-8fa3-f671c016c4d7	19	36077896	36945174	433	0.0453
9ee1c4e2-3601-4d1f-8fa3-f671c016c4d7	19	36947822	37248922	125	0.6074
9ee1c4e2-3601-4d1f-8fa3-f671c016c4d7	19	37249692	37894100	299	0.3897
9ee1c4e2-3601-4d1f-8fa3-f671c016c4d7	19	37896597	39349909	675	0.0917
9ee1c4e2-3601-4d1f-8fa3-f671c016c4d7	19	39349962	39569740	81	0.3016
9ee1c4e2-3601-4d1f-8fa3-f671c016c4d7	19	39570618	39746049	117	0.0654
9ee1c4e2-3601-4d1f-8fa3-f671c016c4d7	19	39748136	40713344	463	0.3467
9ee1c4e2-3601-4d1f-8fa3-f671c016c4d7	19	40720510	47282324	2625	-0.3366
9ee1c4e2-3601-4d1f-8fa3-f671c016c4d7	19	47284187	47715775	212	-1.0069
9ee1c4e2-3601-4d1f-8fa3-f671c016c4d7	19	47717466	48153367	243	-0.353
9ee1c4e2-3601-4d1f-8fa3-f671c016c4d7	19	48155267	48156481	7	-1.6367
9ee1c4e2-3601-4d1f-8fa3-f671c016c4d7	19	48158006	48174828	11	-0.0869
9ee1c4e2-3601-4d1f-8fa3-f671c016c4d7	19	48177267	48232193	43	-1.0241
9ee1c4e2-3601-4d1f-8fa3-f671c016c4d7	19	48232207	48251558	31	-0.3916
9ee1c4e2-3601-4d1f-8fa3-f671c016c4d7	19	48252973	48254953	5	-1.0761
9ee1c4e2-3601-4d1f-8fa3-f671c016c4d7	19	48256721	48480090	85	-0.2996
9ee1c4e2-3601-4d1f-8fa3-f671c016c4d7	19	48486360	48546769	23	0.1803
9ee1c4e2-3601-4d1f-8fa3-f671c016c4d7	19	48548011	49170761	172	-0.3505
9ee1c4e2-3601-4d1f-8fa3-f671c016c4d7	19	49178024	51290961	782	0.1027
9ee1c4e2-3601-4d1f-8fa3-f671c016c4d7	19	51292901	51623881	233	-0.3454
9ee1c4e2-3601-4d1f-8fa3-f671c016c4d7	19	51624018	51701689	54	-0.0413
9ee1c4e2-3601-4d1f-8fa3-f671c016c4d7	19	51706651	54166546	698	-0.3299
9ee1c4e2-3601-4d1f-8fa3-f671c016c4d7	19	54177068	54177886	2	-1.8615
9ee1c4e2-3601-4d1f-8fa3-f671c016c4d7	19	54178560	56576278	1052	-0.3098
9ee1c4e2-3601-4d1f-8fa3-f671c016c4d7	19	56576611	56808261	130	0.1584
9ee1c4e2-3601-4d1f-8fa3-f671c016c4d7	19	56818669	57690841	513	-0.3308
9ee1c4e2-3601-4d1f-8fa3-f671c016c4d7	19	57698338	58370362	330	0.0785
9ee1c4e2-3601-4d1f-8fa3-f671c016c4d7	20	472817	6201318	3454	0.4379
9ee1c4e2-3601-4d1f-8fa3-f671c016c4d7	20	6201915	25060248	13036	0.4786
9ee1c4e2-3601-4d1f-8fa3-f671c016c4d7	20	25061602	33005327	1307	0.4319
9ee1c4e2-3601-4d1f-8fa3-f671c016c4d7	20	33006062	33156664	130	0.596
9ee1c4e2-3601-4d1f-8fa3-f671c016c4d7	20	33160222	36866041	1639	0.415
9ee1c4e2-3601-4d1f-8fa3-f671c016c4d7	20	36866682	37147626	226	0.295
9ee1c4e2-3601-4d1f-8fa3-f671c016c4d7	20	37148663	38557366	879	0.4641
9ee1c4e2-3601-4d1f-8fa3-f671c016c4d7	20	38560151	43573161	3450	0.2
9ee1c4e2-3601-4d1f-8fa3-f671c016c4d7	20	43574148	46304172	1649	0.1516
9ee1c4e2-3601-4d1f-8fa3-f671c016c4d7	20	46311139	46371319	39	-0.2512
9ee1c4e2-3601-4d1f-8fa3-f671c016c4d7	20	46374411	47238633	745	0.2011
9ee1c4e2-3601-4d1f-8fa3-f671c016c4d7	20	47246748	47574746	151	0.4121
9ee1c4e2-3601-4d1f-8fa3-f671c016c4d7	20	47577105	48071142	353	0.1912
9ee1c4e2-3601-4d1f-8fa3-f671c016c4d7	20	48074361	48415917	344	0.5321
9ee1c4e2-3601-4d1f-8fa3-f671c016c4d7	20	48419274	51086245	1480	0.43
9ee1c4e2-3601-4d1f-8fa3-f671c016c4d7	20	51086608	51219471	124	0.5393
9ee1c4e2-3601-4d1f-8fa3-f671c016c4d7	20	51219528	52582146	904	0.1333
9ee1c4e2-3601-4d1f-8fa3-f671c016c4d7	20	52586462	62788711	7396	0.1999
9ee1c4e2-3601-4d1f-8fa3-f671c016c4d7	20	62788926	63588502	234	0.1456
9ee1c4e2-3601-4d1f-8fa3-f671c016c4d7	21	13974127	20399445	4060	-0.9124
9ee1c4e2-3601-4d1f-8fa3-f671c016c4d7	21	20404097	21561684	817	0.4436
9ee1c4e2-3601-4d1f-8fa3-f671c016c4d7	21	21563526	25027316	1942	-0.8869
9ee1c4e2-3601-4d1f-8fa3-f671c016c4d7	21	25027899	25091972	33	-0.2507
9ee1c4e2-3601-4d1f-8fa3-f671c016c4d7	21	25094348	30706741	3903	-0.8862
9ee1c4e2-3601-4d1f-8fa3-f671c016c4d7	21	30707396	35201693	2819	-0.2327
9ee1c4e2-3601-4d1f-8fa3-f671c016c4d7	21	35206066	36596596	911	-0.8985
9ee1c4e2-3601-4d1f-8fa3-f671c016c4d7	21	36597237	46262057	6044	-0.2249
9ee1c4e2-3601-4d1f-8fa3-f671c016c4d7	22	16934932	26899271	2914	0.1212
9ee1c4e2-3601-4d1f-8fa3-f671c016c4d7	22	26899696	27771968	935	0.1957
9ee1c4e2-3601-4d1f-8fa3-f671c016c4d7	22	27773961	40024541	7377	0.1078
9ee1c4e2-3601-4d1f-8fa3-f671c016c4d7	22	40025117	43217448	1634	0.0362
9ee1c4e2-3601-4d1f-8fa3-f671c016c4d7	22	43218093	48940621	4224	0.1202
9ee1c4e2-3601-4d1f-8fa3-f671c016c4d7	X	3236359	6246550	568	-0.3083
9ee1c4e2-3601-4d1f-8fa3-f671c016c4d7	X	6247850	6530483	210	0.6121
9ee1c4e2-3601-4d1f-8fa3-f671c016c4d7	X	8173048	10465388	995	-0.3178
9ee1c4e2-3601-4d1f-8fa3-f671c016c4d7	X	10465510	10466175	2	-4.2328
9ee1c4e2-3601-4d1f-8fa3-f671c016c4d7	X	10467479	19411501	4718	-0.2782
9ee1c4e2-3601-4d1f-8fa3-f671c016c4d7	X	19413410	24292039	2464	0.5108
9ee1c4e2-3601-4d1f-8fa3-f671c016c4d7	X	24292438	25270712	547	-0.3656
9ee1c4e2-3601-4d1f-8fa3-f671c016c4d7	X	25274092	37820793	5875	0.4848
9ee1c4e2-3601-4d1f-8fa3-f671c016c4d7	X	37821398	40664605	1543	0.5731
9ee1c4e2-3601-4d1f-8fa3-f671c016c4d7	X	40664921	58291715	7025	0.4819
9ee1c4e2-3601-4d1f-8fa3-f671c016c4d7	X	62952913	64215969	346	-0.3553
9ee1c4e2-3601-4d1f-8fa3-f671c016c4d7	X	64220965	64259265	14	0.3925
9ee1c4e2-3601-4d1f-8fa3-f671c016c4d7	X	64259317	64389026	54	-0.246
9ee1c4e2-3601-4d1f-8fa3-f671c016c4d7	X	64394798	66778613	889	0.9156
9ee1c4e2-3601-4d1f-8fa3-f671c016c4d7	X	66778815	68899659	944	0.493
9ee1c4e2-3601-4d1f-8fa3-f671c016c4d7	X	68905719	69305147	248	-0.2853
9ee1c4e2-3601-4d1f-8fa3-f671c016c4d7	X	69309274	69318765	11	1.1351
9ee1c4e2-3601-4d1f-8fa3-f671c016c4d7	X	69319997	69560625	118	-0.2787
9ee1c4e2-3601-4d1f-8fa3-f671c016c4d7	X	69561650	69693523	67	0.9399
9ee1c4e2-3601-4d1f-8fa3-f671c016c4d7	X	69696551	71196134	580	0.4589
9ee1c4e2-3601-4d1f-8fa3-f671c016c4d7	X	71198331	71278861	32	-0.2049
9ee1c4e2-3601-4d1f-8fa3-f671c016c4d7	X	71288787	71616476	95	0.379
9ee1c4e2-3601-4d1f-8fa3-f671c016c4d7	X	71623945	71654251	17	-0.2654
9ee1c4e2-3601-4d1f-8fa3-f671c016c4d7	X	71661467	74084813	857	0.4671
9ee1c4e2-3601-4d1f-8fa3-f671c016c4d7	X	74085374	74161183	30	0.9793
9ee1c4e2-3601-4d1f-8fa3-f671c016c4d7	X	74168187	74872908	292	0.4509
9ee1c4e2-3601-4d1f-8fa3-f671c016c4d7	X	74879685	74898161	10	-0.2059
9ee1c4e2-3601-4d1f-8fa3-f671c016c4d7	X	74901494	74931778	14	1.3413
9ee1c4e2-3601-4d1f-8fa3-f671c016c4d7	X	74933001	76153328	75	-0.4437
9ee1c4e2-3601-4d1f-8fa3-f671c016c4d7	X	76153467	76257976	62	-3.1716
9ee1c4e2-3601-4d1f-8fa3-f671c016c4d7	X	76260155	76287580	9	-0.4771
9ee1c4e2-3601-4d1f-8fa3-f671c016c4d7	X	76297739	76826771	245	0.9334
9ee1c4e2-3601-4d1f-8fa3-f671c016c4d7	X	76830885	77576848	167	-2.2133
9ee1c4e2-3601-4d1f-8fa3-f671c016c4d7	X	77587587	78112877	91	1.1318
9ee1c4e2-3601-4d1f-8fa3-f671c016c4d7	X	78115973	78557497	172	1.4651
9ee1c4e2-3601-4d1f-8fa3-f671c016c4d7	X	78566171	79441703	489	1.2311
9ee1c4e2-3601-4d1f-8fa3-f671c016c4d7	X	79441939	79755715	129	1.416
9ee1c4e2-3601-4d1f-8fa3-f671c016c4d7	X	79756008	80361750	381	1.0784
9ee1c4e2-3601-4d1f-8fa3-f671c016c4d7	X	80363183	80433155	25	-0.2967
9ee1c4e2-3601-4d1f-8fa3-f671c016c4d7	X	80443094	80555071	40	1.1776
9ee1c4e2-3601-4d1f-8fa3-f671c016c4d7	X	80565381	80925454	154	0.3853
9ee1c4e2-3601-4d1f-8fa3-f671c016c4d7	X	80925957	82538932	716	1.4152
9ee1c4e2-3601-4d1f-8fa3-f671c016c4d7	X	82546295	84259442	765	0.4017
9ee1c4e2-3601-4d1f-8fa3-f671c016c4d7	X	84261710	84582665	186	1.4839
9ee1c4e2-3601-4d1f-8fa3-f671c016c4d7	X	84583192	84675469	52	1.031
9ee1c4e2-3601-4d1f-8fa3-f671c016c4d7	X	84675594	85564835	108	1.3516
9ee1c4e2-3601-4d1f-8fa3-f671c016c4d7	X	85570122	85582246	14	2.6301
9ee1c4e2-3601-4d1f-8fa3-f671c016c4d7	X	85589688	86113176	384	1.2554
9ee1c4e2-3601-4d1f-8fa3-f671c016c4d7	X	86123059	86875079	505	-0.3949
9ee1c4e2-3601-4d1f-8fa3-f671c016c4d7	X	86875131	87951293	653	-2.705
9ee1c4e2-3601-4d1f-8fa3-f671c016c4d7	X	87955008	87958743	3	-1.0883
9ee1c4e2-3601-4d1f-8fa3-f671c016c4d7	X	87959353	88201807	145	1.0937
9ee1c4e2-3601-4d1f-8fa3-f671c016c4d7	X	88298653	88575493	133	-2.8945
9ee1c4e2-3601-4d1f-8fa3-f671c016c4d7	X	88582389	88608567	14	1.2956
9ee1c4e2-3601-4d1f-8fa3-f671c016c4d7	X	88608730	88964788	191	0.9295
9ee1c4e2-3601-4d1f-8fa3-f671c016c4d7	X	88965113	89774291	310	1.203
9ee1c4e2-3601-4d1f-8fa3-f671c016c4d7	X	89789242	90321513	171	-0.3642
9ee1c4e2-3601-4d1f-8fa3-f671c016c4d7	X	91524751	92174667	177	-1.8253
9ee1c4e2-3601-4d1f-8fa3-f671c016c4d7	X	92175330	92271982	88	-3.1191
9ee1c4e2-3601-4d1f-8fa3-f671c016c4d7	X	92281019	92648047	112	-0.3526
9ee1c4e2-3601-4d1f-8fa3-f671c016c4d7	X	92659290	92958179	80	1.0817
9ee1c4e2-3601-4d1f-8fa3-f671c016c4d7	X	92958657	93591601	176	1.6179
9ee1c4e2-3601-4d1f-8fa3-f671c016c4d7	X	93592260	93923994	194	1.312
9ee1c4e2-3601-4d1f-8fa3-f671c016c4d7	X	93926217	94263497	187	-0.3886
9ee1c4e2-3601-4d1f-8fa3-f671c016c4d7	X	94272412	94740243	242	-2.6727
9ee1c4e2-3601-4d1f-8fa3-f671c016c4d7	X	94740416	96591962	280	-0.3788
9ee1c4e2-3601-4d1f-8fa3-f671c016c4d7	X	96604051	96692619	66	1.332
9ee1c4e2-3601-4d1f-8fa3-f671c016c4d7	X	96695860	97900629	707	-0.3307
9ee1c4e2-3601-4d1f-8fa3-f671c016c4d7	X	97901365	98943947	554	1.3677
9ee1c4e2-3601-4d1f-8fa3-f671c016c4d7	X	98948429	99145966	105	-0.2844
9ee1c4e2-3601-4d1f-8fa3-f671c016c4d7	X	99149755	99155279	7	1.0527
9ee1c4e2-3601-4d1f-8fa3-f671c016c4d7	X	99160019	99166071	4	-1.0579
9ee1c4e2-3601-4d1f-8fa3-f671c016c4d7	X	99167720	99643334	216	-2.3721
9ee1c4e2-3601-4d1f-8fa3-f671c016c4d7	X	99644342	119145320	9161	-0.3269
9ee1c4e2-3601-4d1f-8fa3-f671c016c4d7	X	119147575	119149434	2	-5.0271
9ee1c4e2-3601-4d1f-8fa3-f671c016c4d7	X	119151332	123158805	1906	-0.2958
9ee1c4e2-3601-4d1f-8fa3-f671c016c4d7	X	123159587	123159807	2	-4.2299
9ee1c4e2-3601-4d1f-8fa3-f671c016c4d7	X	123160636	124561265	830	-0.3088
9ee1c4e2-3601-4d1f-8fa3-f671c016c4d7	X	124561338	124562237	2	-2.4074
9ee1c4e2-3601-4d1f-8fa3-f671c016c4d7	X	124562319	126514033	922	-0.3135
9ee1c4e2-3601-4d1f-8fa3-f671c016c4d7	X	126514479	126514617	2	-3.9779
9ee1c4e2-3601-4d1f-8fa3-f671c016c4d7	X	126515793	127345294	398	-0.2938
9ee1c4e2-3601-4d1f-8fa3-f671c016c4d7	X	127345795	128003848	274	-2.457
9ee1c4e2-3601-4d1f-8fa3-f671c016c4d7	X	128003912	155677414	12133	-0.3101
