GDC_Aliquot	Chromosome	Start	End	Num_Probes	Segment_Mean
5039fe19-41b3-4aad-ab4d-084a539fde58	1	3301765	3309376	16	-0.2441
5039fe19-41b3-4aad-ab4d-084a539fde58	1	3309649	4411374	676	-0.4098
5039fe19-41b3-4aad-ab4d-084a539fde58	1	4411673	24251016	10973	-0.2203
5039fe19-41b3-4aad-ab4d-084a539fde58	1	24251521	24483664	159	0.0835
5039fe19-41b3-4aad-ab4d-084a539fde58	1	24485999	29356371	1976	0.0397
5039fe19-41b3-4aad-ab4d-084a539fde58	1	29357090	30935262	1087	0.118
5039fe19-41b3-4aad-ab4d-084a539fde58	1	30938231	33301627	1014	0.0487
5039fe19-41b3-4aad-ab4d-084a539fde58	1	33301689	35001385	1169	0.1282
5039fe19-41b3-4aad-ab4d-084a539fde58	1	35005664	36457358	616	0.04
5039fe19-41b3-4aad-ab4d-084a539fde58	1	36457431	38812362	1424	0.1035
5039fe19-41b3-4aad-ab4d-084a539fde58	1	38813652	40607012	829	0.0388
5039fe19-41b3-4aad-ab4d-084a539fde58	1	40609537	44464460	2294	0.0992
5039fe19-41b3-4aad-ab4d-084a539fde58	1	44465928	46473152	834	0.0346
5039fe19-41b3-4aad-ab4d-084a539fde58	1	46474327	50208731	2117	0.1197
5039fe19-41b3-4aad-ab4d-084a539fde58	1	50210705	50510634	157	0.3149
5039fe19-41b3-4aad-ab4d-084a539fde58	1	50510652	53023996	1038	0.2341
5039fe19-41b3-4aad-ab4d-084a539fde58	1	53024009	74755631	14471	0.2982
5039fe19-41b3-4aad-ab4d-084a539fde58	1	74756708	75776578	550	0.6292
5039fe19-41b3-4aad-ab4d-084a539fde58	1	75779689	75799103	19	1.8762
5039fe19-41b3-4aad-ab4d-084a539fde58	1	75805127	76812741	769	1.4104
5039fe19-41b3-4aad-ab4d-084a539fde58	1	76812796	79556063	1396	0.3702
5039fe19-41b3-4aad-ab4d-084a539fde58	1	79566283	79568999	3	1.644
5039fe19-41b3-4aad-ab4d-084a539fde58	1	79569437	79593026	14	0.3918
5039fe19-41b3-4aad-ab4d-084a539fde58	1	79595749	79599333	7	1.8558
5039fe19-41b3-4aad-ab4d-084a539fde58	1	79600551	80209844	412	0.3804
5039fe19-41b3-4aad-ab4d-084a539fde58	1	80211747	80605165	232	0.6919
5039fe19-41b3-4aad-ab4d-084a539fde58	1	80605748	80967480	205	0.3241
5039fe19-41b3-4aad-ab4d-084a539fde58	1	80967503	82100420	735	0.569
5039fe19-41b3-4aad-ab4d-084a539fde58	1	82105502	83323220	753	0.0141
5039fe19-41b3-4aad-ab4d-084a539fde58	1	83323585	87246573	2522	0.3069
5039fe19-41b3-4aad-ab4d-084a539fde58	1	87249532	87761437	387	0.4587
5039fe19-41b3-4aad-ab4d-084a539fde58	1	87762034	92398637	2835	0.8024
5039fe19-41b3-4aad-ab4d-084a539fde58	1	92398998	98127074	3423	0.6921
5039fe19-41b3-4aad-ab4d-084a539fde58	1	98178140	98195193	10	0.1539
5039fe19-41b3-4aad-ab4d-084a539fde58	1	98197578	99282313	696	0.3035
5039fe19-41b3-4aad-ab4d-084a539fde58	1	99285137	101037306	1084	0.4131
5039fe19-41b3-4aad-ab4d-084a539fde58	1	101040570	101977669	716	0.3131
5039fe19-41b3-4aad-ab4d-084a539fde58	1	101978136	103964061	784	0.4366
5039fe19-41b3-4aad-ab4d-084a539fde58	1	103977129	112399578	4990	0.1084
5039fe19-41b3-4aad-ab4d-084a539fde58	1	112401040	117530648	3195	0.077
5039fe19-41b3-4aad-ab4d-084a539fde58	1	117533917	119984772	1450	0.1065
5039fe19-41b3-4aad-ab4d-084a539fde58	1	146716041	150015680	45	0.4966
5039fe19-41b3-4aad-ab4d-084a539fde58	1	150017474	151226395	423	-0.0701
5039fe19-41b3-4aad-ab4d-084a539fde58	1	151227317	152167815	453	1.4075
5039fe19-41b3-4aad-ab4d-084a539fde58	1	152168544	153251073	683	0.0134
5039fe19-41b3-4aad-ab4d-084a539fde58	1	153251646	156912113	1664	-0.0533
5039fe19-41b3-4aad-ab4d-084a539fde58	1	156913754	158301746	955	0.0154
5039fe19-41b3-4aad-ab4d-084a539fde58	1	158309227	163634829	3543	0.3317
5039fe19-41b3-4aad-ab4d-084a539fde58	1	163635181	164524801	568	0.5053
5039fe19-41b3-4aad-ab4d-084a539fde58	1	164525297	165708436	1069	0.7634
5039fe19-41b3-4aad-ab4d-084a539fde58	1	165710366	165893027	133	0.5915
5039fe19-41b3-4aad-ab4d-084a539fde58	1	165898780	166083021	136	0.3095
5039fe19-41b3-4aad-ab4d-084a539fde58	1	166083868	166760605	519	0.1668
5039fe19-41b3-4aad-ab4d-084a539fde58	1	166764442	171444111	3319	0.0025
5039fe19-41b3-4aad-ab4d-084a539fde58	1	171448291	172577280	774	1.4105
5039fe19-41b3-4aad-ab4d-084a539fde58	1	172590183	173705768	675	-0.0066
5039fe19-41b3-4aad-ab4d-084a539fde58	1	173710709	174918189	576	0.2415
5039fe19-41b3-4aad-ab4d-084a539fde58	1	174920906	175442683	354	0.3254
5039fe19-41b3-4aad-ab4d-084a539fde58	1	175444297	175871181	73	0.2241
5039fe19-41b3-4aad-ab4d-084a539fde58	1	175874349	178634358	1660	0.0256
5039fe19-41b3-4aad-ab4d-084a539fde58	1	178638730	179632968	684	0.2575
5039fe19-41b3-4aad-ab4d-084a539fde58	1	179633345	189957385	6502	-0.001
5039fe19-41b3-4aad-ab4d-084a539fde58	1	189957465	192819443	1653	0.3063
5039fe19-41b3-4aad-ab4d-084a539fde58	1	192820614	193422247	455	0.2221
5039fe19-41b3-4aad-ab4d-084a539fde58	1	193423184	193974819	413	0.3427
5039fe19-41b3-4aad-ab4d-084a539fde58	1	193975070	194412971	276	0.244
5039fe19-41b3-4aad-ab4d-084a539fde58	1	194415396	195659726	603	0.4726
5039fe19-41b3-4aad-ab4d-084a539fde58	1	195659953	196005626	211	0.5859
5039fe19-41b3-4aad-ab4d-084a539fde58	1	196005660	197636574	773	0.4633
5039fe19-41b3-4aad-ab4d-084a539fde58	1	197638769	197849125	122	1.5019
5039fe19-41b3-4aad-ab4d-084a539fde58	1	197852639	199419836	992	0.0011
5039fe19-41b3-4aad-ab4d-084a539fde58	1	199421757	199431452	9	-0.2016
5039fe19-41b3-4aad-ab4d-084a539fde58	1	199432057	199767067	179	-0.7327
5039fe19-41b3-4aad-ab4d-084a539fde58	1	199777994	208246775	5438	-0.4672
5039fe19-41b3-4aad-ab4d-084a539fde58	1	208247243	208391558	130	-0.0838
5039fe19-41b3-4aad-ab4d-084a539fde58	1	208391914	235437498	17713	-0.4608
5039fe19-41b3-4aad-ab4d-084a539fde58	1	235437690	235767503	170	-0.3371
5039fe19-41b3-4aad-ab4d-084a539fde58	1	235767544	235768087	2	-1.5432
5039fe19-41b3-4aad-ab4d-084a539fde58	1	235768143	235991255	121	-0.3366
5039fe19-41b3-4aad-ab4d-084a539fde58	1	235991919	241544439	4344	-0.4652
5039fe19-41b3-4aad-ab4d-084a539fde58	1	241544505	241548371	4	-1.6474
5039fe19-41b3-4aad-ab4d-084a539fde58	1	241548401	247650984	3116	-0.4638
5039fe19-41b3-4aad-ab4d-084a539fde58	2	480597	687775	187	-0.3739
5039fe19-41b3-4aad-ab4d-084a539fde58	2	1912858	2000672	79	0.0311
5039fe19-41b3-4aad-ab4d-084a539fde58	2	2002502	3593390	995	-0.3948
5039fe19-41b3-4aad-ab4d-084a539fde58	2	3594253	3612169	20	-0.0035
5039fe19-41b3-4aad-ab4d-084a539fde58	2	3614470	5979138	1819	-0.3669
5039fe19-41b3-4aad-ab4d-084a539fde58	2	5981174	6065354	77	0.0171
5039fe19-41b3-4aad-ab4d-084a539fde58	2	6076999	6671190	500	-0.3843
5039fe19-41b3-4aad-ab4d-084a539fde58	2	6672850	7035474	289	0.0016
5039fe19-41b3-4aad-ab4d-084a539fde58	2	7037252	8367223	852	-0.3942
5039fe19-41b3-4aad-ab4d-084a539fde58	2	8367297	8699258	269	-0.0108
5039fe19-41b3-4aad-ab4d-084a539fde58	2	8702279	12096941	2284	-0.4078
5039fe19-41b3-4aad-ab4d-084a539fde58	2	12098230	12214538	162	0.0045
5039fe19-41b3-4aad-ab4d-084a539fde58	2	12214730	12332189	112	-0.3906
5039fe19-41b3-4aad-ab4d-084a539fde58	2	12334825	12396574	46	0.0255
5039fe19-41b3-4aad-ab4d-084a539fde58	2	12398702	13697059	753	-0.3925
5039fe19-41b3-4aad-ab4d-084a539fde58	2	13699355	13810775	54	-0.0278
5039fe19-41b3-4aad-ab4d-084a539fde58	2	13810792	14619540	513	-0.3863
5039fe19-41b3-4aad-ab4d-084a539fde58	2	14624184	15841859	852	-0.0094
5039fe19-41b3-4aad-ab4d-084a539fde58	2	15842299	16006197	105	-0.3924
5039fe19-41b3-4aad-ab4d-084a539fde58	2	16007911	16287802	157	-0.0026
5039fe19-41b3-4aad-ab4d-084a539fde58	2	16288394	16977247	539	-0.3773
5039fe19-41b3-4aad-ab4d-084a539fde58	2	16979815	18332064	912	0.0096
5039fe19-41b3-4aad-ab4d-084a539fde58	2	18332498	20329209	1486	-0.3977
5039fe19-41b3-4aad-ab4d-084a539fde58	2	20330339	20372941	20	-0.1498
5039fe19-41b3-4aad-ab4d-084a539fde58	2	20376230	23711946	2107	-0.0013
5039fe19-41b3-4aad-ab4d-084a539fde58	2	23713633	25210497	664	-0.0609
5039fe19-41b3-4aad-ab4d-084a539fde58	2	25212420	29003693	1703	-0.4187
5039fe19-41b3-4aad-ab4d-084a539fde58	2	29004515	31867057	2064	-0.0376
5039fe19-41b3-4aad-ab4d-084a539fde58	2	31871687	41506257	4805	-0.0666
5039fe19-41b3-4aad-ab4d-084a539fde58	2	41514676	41544816	33	0.2071
5039fe19-41b3-4aad-ab4d-084a539fde58	2	41547005	48700107	4711	-0.0856
5039fe19-41b3-4aad-ab4d-084a539fde58	2	48702017	60896312	6782	-0.035
5039fe19-41b3-4aad-ab4d-084a539fde58	2	60900881	62183568	582	-0.1065
5039fe19-41b3-4aad-ab4d-084a539fde58	2	62186478	69768448	4594	-0.0402
5039fe19-41b3-4aad-ab4d-084a539fde58	2	69768474	70354182	317	-0.1228
5039fe19-41b3-4aad-ab4d-084a539fde58	2	70356319	81518275	6029	-0.04
5039fe19-41b3-4aad-ab4d-084a539fde58	2	81518768	84940940	1887	0.3644
5039fe19-41b3-4aad-ab4d-084a539fde58	2	84943347	85063431	48	0.1809
5039fe19-41b3-4aad-ab4d-084a539fde58	2	85064706	88773214	1259	0.3112
5039fe19-41b3-4aad-ab4d-084a539fde58	2	88773440	94927278	124	0.1628
5039fe19-41b3-4aad-ab4d-084a539fde58	2	94930833	95349143	141	0.2997
5039fe19-41b3-4aad-ab4d-084a539fde58	2	95354411	96351162	190	0.1982
5039fe19-41b3-4aad-ab4d-084a539fde58	2	96354311	97673534	261	0.0961
5039fe19-41b3-4aad-ab4d-084a539fde58	2	97674132	103568177	3512	-0.0533
5039fe19-41b3-4aad-ab4d-084a539fde58	2	103570466	103572870	2	-1.2129
5039fe19-41b3-4aad-ab4d-084a539fde58	2	103573621	106926882	2200	-0.0297
5039fe19-41b3-4aad-ab4d-084a539fde58	2	106930183	110870878	1680	0.3169
5039fe19-41b3-4aad-ab4d-084a539fde58	2	110870903	111206942	237	0.5768
5039fe19-41b3-4aad-ab4d-084a539fde58	2	111208645	111717890	73	0.4501
5039fe19-41b3-4aad-ab4d-084a539fde58	2	111720547	111867374	29	0.2041
5039fe19-41b3-4aad-ab4d-084a539fde58	2	111869043	112476233	246	0.4221
5039fe19-41b3-4aad-ab4d-084a539fde58	2	112476684	113875845	811	0.2761
5039fe19-41b3-4aad-ab4d-084a539fde58	2	113881028	123123640	5201	-0.0268
5039fe19-41b3-4aad-ab4d-084a539fde58	2	123126362	123133483	6	-1.1232
5039fe19-41b3-4aad-ab4d-084a539fde58	2	123135123	124265289	608	-0.0278
5039fe19-41b3-4aad-ab4d-084a539fde58	2	125319206	127292558	1077	0.2653
5039fe19-41b3-4aad-ab4d-084a539fde58	2	127293465	128303096	486	-0.0549
5039fe19-41b3-4aad-ab4d-084a539fde58	2	128307912	129437919	835	0.3213
5039fe19-41b3-4aad-ab4d-084a539fde58	2	129458470	134779762	2255	-0.0145
5039fe19-41b3-4aad-ab4d-084a539fde58	2	134781233	136305357	751	-0.0712
5039fe19-41b3-4aad-ab4d-084a539fde58	2	136306860	150450771	7909	-0.0153
5039fe19-41b3-4aad-ab4d-084a539fde58	2	150452770	150610080	103	0.3228
5039fe19-41b3-4aad-ab4d-084a539fde58	2	150610414	200703245	28136	-0.0001
5039fe19-41b3-4aad-ab4d-084a539fde58	2	200703646	203682898	1340	-0.0427
5039fe19-41b3-4aad-ab4d-084a539fde58	2	203683052	218043839	9024	-0.0022
5039fe19-41b3-4aad-ab4d-084a539fde58	2	218044284	218557393	239	-0.0871
5039fe19-41b3-4aad-ab4d-084a539fde58	2	218558249	218568874	12	-0.3574
5039fe19-41b3-4aad-ab4d-084a539fde58	2	218571360	218736047	82	-0.0731
5039fe19-41b3-4aad-ab4d-084a539fde58	2	218739603	230146885	7144	0.007
5039fe19-41b3-4aad-ab4d-084a539fde58	2	230148229	233395870	1612	-0.0365
5039fe19-41b3-4aad-ab4d-084a539fde58	2	233400136	241537572	5072	0.0046
5039fe19-41b3-4aad-ab4d-084a539fde58	3	2170634	9208867	4161	0.1243
5039fe19-41b3-4aad-ab4d-084a539fde58	3	9211507	10295366	486	0.05
5039fe19-41b3-4aad-ab4d-084a539fde58	3	10299099	11628888	942	0.1298
5039fe19-41b3-4aad-ab4d-084a539fde58	3	11629099	12903596	891	0.064
5039fe19-41b3-4aad-ab4d-084a539fde58	3	12909961	18964793	3723	0.1086
5039fe19-41b3-4aad-ab4d-084a539fde58	3	18968589	21615147	1403	0.3838
5039fe19-41b3-4aad-ab4d-084a539fde58	3	21618346	23802941	981	0.1173
5039fe19-41b3-4aad-ab4d-084a539fde58	3	23813392	23973905	89	0.2931
5039fe19-41b3-4aad-ab4d-084a539fde58	3	23977593	29221889	3333	0.1195
5039fe19-41b3-4aad-ab4d-084a539fde58	3	29229810	30526174	880	0.3004
5039fe19-41b3-4aad-ab4d-084a539fde58	3	30526260	33134301	1736	0.3925
5039fe19-41b3-4aad-ab4d-084a539fde58	3	33134588	37257748	2416	0.261
5039fe19-41b3-4aad-ab4d-084a539fde58	3	37260791	37346781	33	-0.0416
5039fe19-41b3-4aad-ab4d-084a539fde58	3	37350112	43526708	3739	0.2648
5039fe19-41b3-4aad-ab4d-084a539fde58	3	43532505	48192136	2419	-0.2791
5039fe19-41b3-4aad-ab4d-084a539fde58	3	48194592	48571168	153	-0.7269
5039fe19-41b3-4aad-ab4d-084a539fde58	3	48574303	53696746	2183	-0.2964
5039fe19-41b3-4aad-ab4d-084a539fde58	3	53697382	56502868	2162	-0.2426
5039fe19-41b3-4aad-ab4d-084a539fde58	3	56502975	58329668	988	-0.2808
5039fe19-41b3-4aad-ab4d-084a539fde58	3	58335257	59719409	883	-0.1548
5039fe19-41b3-4aad-ab4d-084a539fde58	3	59720118	68644795	5617	0.3278
5039fe19-41b3-4aad-ab4d-084a539fde58	3	68647201	70299645	1274	0.1738
5039fe19-41b3-4aad-ab4d-084a539fde58	3	70299730	73076005	1898	0.2638
5039fe19-41b3-4aad-ab4d-084a539fde58	3	73080423	73757736	533	0.4119
5039fe19-41b3-4aad-ab4d-084a539fde58	3	73758648	74881524	753	0.2475
5039fe19-41b3-4aad-ab4d-084a539fde58	3	74882725	76980260	840	0.316
5039fe19-41b3-4aad-ab4d-084a539fde58	3	76980946	76991121	5	-0.0857
5039fe19-41b3-4aad-ab4d-084a539fde58	3	76994799	80579751	2001	0.2588
5039fe19-41b3-4aad-ab4d-084a539fde58	3	80580944	81568766	538	0.1977
5039fe19-41b3-4aad-ab4d-084a539fde58	3	81570437	83903739	1153	0.5663
5039fe19-41b3-4aad-ab4d-084a539fde58	3	83904919	84591674	263	0.7195
5039fe19-41b3-4aad-ab4d-084a539fde58	3	84596600	84686655	54	0.5611
5039fe19-41b3-4aad-ab4d-084a539fde58	3	84690523	87198608	1236	0.3561
5039fe19-41b3-4aad-ab4d-084a539fde58	3	87198869	87950814	294	0.4712
5039fe19-41b3-4aad-ab4d-084a539fde58	3	87951619	88395375	227	0.3339
5039fe19-41b3-4aad-ab4d-084a539fde58	3	88395472	90369509	951	0.583
5039fe19-41b3-4aad-ab4d-084a539fde58	3	90375879	98604616	2352	0.2382
5039fe19-41b3-4aad-ab4d-084a539fde58	3	98605280	99257222	322	0.0217
5039fe19-41b3-4aad-ab4d-084a539fde58	3	99268537	99829430	352	0.4617
5039fe19-41b3-4aad-ab4d-084a539fde58	3	99839587	103819245	2060	0.0278
5039fe19-41b3-4aad-ab4d-084a539fde58	3	103823280	103868377	21	0.454
5039fe19-41b3-4aad-ab4d-084a539fde58	3	103872467	103883297	19	-0.0917
5039fe19-41b3-4aad-ab4d-084a539fde58	3	103884951	103911094	13	0.3232
5039fe19-41b3-4aad-ab4d-084a539fde58	3	103911570	105638015	1107	0.5667
5039fe19-41b3-4aad-ab4d-084a539fde58	3	105639844	106722440	648	0.3695
5039fe19-41b3-4aad-ab4d-084a539fde58	3	106724824	143634424	20982	-0.0928
5039fe19-41b3-4aad-ab4d-084a539fde58	3	143635511	145896363	1253	0.1052
5039fe19-41b3-4aad-ab4d-084a539fde58	3	145897887	145902160	7	-0.273
5039fe19-41b3-4aad-ab4d-084a539fde58	3	145902375	145947249	32	0.0551
5039fe19-41b3-4aad-ab4d-084a539fde58	3	145947392	145980751	23	-0.1615
5039fe19-41b3-4aad-ab4d-084a539fde58	3	145982303	156017189	5247	0.1012
5039fe19-41b3-4aad-ab4d-084a539fde58	3	156018225	157623618	941	0.1511
5039fe19-41b3-4aad-ab4d-084a539fde58	3	157629324	162148453	2438	0.0866
5039fe19-41b3-4aad-ab4d-084a539fde58	3	162239158	162401765	71	1.2958
5039fe19-41b3-4aad-ab4d-084a539fde58	3	162404858	162404969	2	0.0639
5039fe19-41b3-4aad-ab4d-084a539fde58	3	162404983	163177799	281	-0.0418
5039fe19-41b3-4aad-ab4d-084a539fde58	3	163206216	164618027	680	1.401
5039fe19-41b3-4aad-ab4d-084a539fde58	3	164620501	164973003	171	-0.0583
5039fe19-41b3-4aad-ab4d-084a539fde58	3	165172941	165795786	309	1.3062
5039fe19-41b3-4aad-ab4d-084a539fde58	3	166162696	167226187	498	0.0861
5039fe19-41b3-4aad-ab4d-084a539fde58	3	167226517	168371284	590	0.1611
5039fe19-41b3-4aad-ab4d-084a539fde58	3	168372020	168568101	115	0.1009
5039fe19-41b3-4aad-ab4d-084a539fde58	3	168572211	168877682	174	1.3369
5039fe19-41b3-4aad-ab4d-084a539fde58	3	168882482	168884580	3	0.2243
5039fe19-41b3-4aad-ab4d-084a539fde58	3	168887578	169038102	88	1.3893
5039fe19-41b3-4aad-ab4d-084a539fde58	3	169038625	182636568	7135	-0.0295
5039fe19-41b3-4aad-ab4d-084a539fde58	3	182637982	187612609	2591	-0.078
5039fe19-41b3-4aad-ab4d-084a539fde58	3	187613802	190927130	2269	-0.0301
5039fe19-41b3-4aad-ab4d-084a539fde58	3	190927977	193978040	1790	0.1075
5039fe19-41b3-4aad-ab4d-084a539fde58	3	193978363	197534008	1195	0.0607
5039fe19-41b3-4aad-ab4d-084a539fde58	3	197536422	197812401	62	-0.1056
5039fe19-41b3-4aad-ab4d-084a539fde58	4	1059384	2305928	421	0.0798
5039fe19-41b3-4aad-ab4d-084a539fde58	4	2306239	20351750	11527	0.2151
5039fe19-41b3-4aad-ab4d-084a539fde58	4	20352869	39190698	11887	0.2798
5039fe19-41b3-4aad-ab4d-084a539fde58	4	39192292	40634983	653	0.1815
5039fe19-41b3-4aad-ab4d-084a539fde58	4	40635841	52213080	4068	0.2798
5039fe19-41b3-4aad-ab4d-084a539fde58	4	52225294	52601072	202	0.2254
5039fe19-41b3-4aad-ab4d-084a539fde58	4	52601610	57721832	3443	-0.0282
5039fe19-41b3-4aad-ab4d-084a539fde58	4	57723213	57802775	61	0.3262
5039fe19-41b3-4aad-ab4d-084a539fde58	4	57804330	59045107	613	-0.0193
5039fe19-41b3-4aad-ab4d-084a539fde58	4	59050920	59717910	439	0.2809
5039fe19-41b3-4aad-ab4d-084a539fde58	4	59725285	64912883	2656	-0.0428
5039fe19-41b3-4aad-ab4d-084a539fde58	4	64916072	65102668	110	0.2764
5039fe19-41b3-4aad-ab4d-084a539fde58	4	65107248	112295414	26443	-0.0521
5039fe19-41b3-4aad-ab4d-084a539fde58	4	112298422	112329113	16	0.3152
5039fe19-41b3-4aad-ab4d-084a539fde58	4	112329125	114721064	1494	-0.0529
5039fe19-41b3-4aad-ab4d-084a539fde58	4	114725187	114752246	14	0.4262
5039fe19-41b3-4aad-ab4d-084a539fde58	4	114752803	114998290	135	-0.0132
5039fe19-41b3-4aad-ab4d-084a539fde58	4	115003349	115099070	66	0.2861
5039fe19-41b3-4aad-ab4d-084a539fde58	4	115103948	115964218	395	-0.0275
5039fe19-41b3-4aad-ab4d-084a539fde58	4	115967630	116023830	54	0.2946
5039fe19-41b3-4aad-ab4d-084a539fde58	4	116027030	117754002	1003	-0.0417
5039fe19-41b3-4aad-ab4d-084a539fde58	4	117754939	117986552	149	0.2948
5039fe19-41b3-4aad-ab4d-084a539fde58	4	117998610	129274433	6051	-0.0497
5039fe19-41b3-4aad-ab4d-084a539fde58	4	129276641	129277310	2	-1.2697
5039fe19-41b3-4aad-ab4d-084a539fde58	4	129278410	135685342	2935	-0.0635
5039fe19-41b3-4aad-ab4d-084a539fde58	4	135702430	138966801	1977	0.1089
5039fe19-41b3-4aad-ab4d-084a539fde58	4	138968149	139208055	204	-0.0221
5039fe19-41b3-4aad-ab4d-084a539fde58	4	139215533	148526433	5309	0.0812
5039fe19-41b3-4aad-ab4d-084a539fde58	4	148530367	155691613	3947	-0.0751
5039fe19-41b3-4aad-ab4d-084a539fde58	4	155692243	156565068	578	0.274
5039fe19-41b3-4aad-ab4d-084a539fde58	4	156566999	157649618	639	0.4154
5039fe19-41b3-4aad-ab4d-084a539fde58	4	157650173	159764143	1199	0.2677
5039fe19-41b3-4aad-ab4d-084a539fde58	4	159766916	160768327	612	-0.2487
5039fe19-41b3-4aad-ab4d-084a539fde58	4	160768532	161235029	198	-0.0987
5039fe19-41b3-4aad-ab4d-084a539fde58	4	161237218	169767828	4693	-0.2626
5039fe19-41b3-4aad-ab4d-084a539fde58	4	169771224	170037692	144	-0.5497
5039fe19-41b3-4aad-ab4d-084a539fde58	4	170038148	173638540	1873	-0.2635
5039fe19-41b3-4aad-ab4d-084a539fde58	4	173638878	173690087	39	-0.565
5039fe19-41b3-4aad-ab4d-084a539fde58	4	173690808	174220013	334	-0.2811
5039fe19-41b3-4aad-ab4d-084a539fde58	4	174220068	175105354	517	-0.097
5039fe19-41b3-4aad-ab4d-084a539fde58	4	175105813	176845415	974	-0.2628
5039fe19-41b3-4aad-ab4d-084a539fde58	4	176845774	177045077	105	-0.0621
5039fe19-41b3-4aad-ab4d-084a539fde58	4	177045394	177600742	394	-0.2846
5039fe19-41b3-4aad-ab4d-084a539fde58	4	177603835	178175923	324	-0.5132
5039fe19-41b3-4aad-ab4d-084a539fde58	4	178176615	179409367	425	-0.2698
5039fe19-41b3-4aad-ab4d-084a539fde58	4	179413287	187842528	4069	-0.4932
5039fe19-41b3-4aad-ab4d-084a539fde58	5	913983	2116188	265	0.16
5039fe19-41b3-4aad-ab4d-084a539fde58	5	2117288	5830456	3167	0.0884
5039fe19-41b3-4aad-ab4d-084a539fde58	5	5834485	7406316	1242	0.0407
5039fe19-41b3-4aad-ab4d-084a539fde58	5	7407101	8830189	1030	0.0836
5039fe19-41b3-4aad-ab4d-084a539fde58	5	8833513	9783873	767	0.1573
5039fe19-41b3-4aad-ab4d-084a539fde58	5	9786165	10990595	737	0.2825
5039fe19-41b3-4aad-ab4d-084a539fde58	5	10998553	12588908	1087	0.0348
5039fe19-41b3-4aad-ab4d-084a539fde58	5	12589299	13227041	100	0.2975
5039fe19-41b3-4aad-ab4d-084a539fde58	5	13227307	16049191	1583	0.4449
5039fe19-41b3-4aad-ab4d-084a539fde58	5	16049815	16301241	170	0.5796
5039fe19-41b3-4aad-ab4d-084a539fde58	5	16301415	16360260	41	0.4045
5039fe19-41b3-4aad-ab4d-084a539fde58	5	16360526	16409149	35	0.2389
5039fe19-41b3-4aad-ab4d-084a539fde58	5	16410309	16797685	286	0.351
5039fe19-41b3-4aad-ab4d-084a539fde58	5	16800202	19258467	1215	0.2469
5039fe19-41b3-4aad-ab4d-084a539fde58	5	19259607	21153093	856	0.0139
5039fe19-41b3-4aad-ab4d-084a539fde58	5	21153567	21218248	43	0.2861
5039fe19-41b3-4aad-ab4d-084a539fde58	5	21219216	32642774	6479	-0.0063
5039fe19-41b3-4aad-ab4d-084a539fde58	5	32644220	40223081	4409	0.0323
5039fe19-41b3-4aad-ab4d-084a539fde58	5	40225863	43047233	1591	-0.4181
5039fe19-41b3-4aad-ab4d-084a539fde58	5	43054919	43360163	141	-0.1482
5039fe19-41b3-4aad-ab4d-084a539fde58	5	43362735	44073823	310	-0.4125
5039fe19-41b3-4aad-ab4d-084a539fde58	5	44081687	44206403	53	-0.1632
5039fe19-41b3-4aad-ab4d-084a539fde58	5	44206672	44207624	2	-0.8379
5039fe19-41b3-4aad-ab4d-084a539fde58	5	44208307	44653449	217	-0.0077
5039fe19-41b3-4aad-ab4d-084a539fde58	5	44656742	44916451	113	-0.0983
5039fe19-41b3-4aad-ab4d-084a539fde58	5	44922349	45139449	78	0.0754
5039fe19-41b3-4aad-ab4d-084a539fde58	5	45143014	50829022	87	-0.168
5039fe19-41b3-4aad-ab4d-084a539fde58	5	50837510	51645163	435	0.1087
5039fe19-41b3-4aad-ab4d-084a539fde58	5	51645473	56056735	2717	0.0357
5039fe19-41b3-4aad-ab4d-084a539fde58	5	56056943	56741171	577	-0.1168
5039fe19-41b3-4aad-ab4d-084a539fde58	5	56741182	56742051	2	-1.3287
5039fe19-41b3-4aad-ab4d-084a539fde58	5	56744393	62500317	3508	-0.1195
5039fe19-41b3-4aad-ab4d-084a539fde58	5	62506989	62581801	41	0.2832
5039fe19-41b3-4aad-ab4d-084a539fde58	5	62591003	68971076	3671	-0.1072
5039fe19-41b3-4aad-ab4d-084a539fde58	5	68972454	69433842	195	0.1703
5039fe19-41b3-4aad-ab4d-084a539fde58	5	69435867	74764026	2280	-0.1097
5039fe19-41b3-4aad-ab4d-084a539fde58	5	74764256	75958491	583	0.1647
5039fe19-41b3-4aad-ab4d-084a539fde58	5	75959381	78396771	1503	-0.1508
5039fe19-41b3-4aad-ab4d-084a539fde58	5	78396793	78396977	2	-1.3866
5039fe19-41b3-4aad-ab4d-084a539fde58	5	78403621	78856627	314	-0.1476
5039fe19-41b3-4aad-ab4d-084a539fde58	5	78874705	79147912	193	0.2116
5039fe19-41b3-4aad-ab4d-084a539fde58	5	79148525	85958347	3732	-0.1431
5039fe19-41b3-4aad-ab4d-084a539fde58	5	85958994	86630349	356	-0.0471
5039fe19-41b3-4aad-ab4d-084a539fde58	5	86638357	87718902	540	-0.1942
5039fe19-41b3-4aad-ab4d-084a539fde58	5	87723962	88803854	557	-0.0459
5039fe19-41b3-4aad-ab4d-084a539fde58	5	88804134	89012960	127	0.1689
5039fe19-41b3-4aad-ab4d-084a539fde58	5	89016299	89826913	419	0.4256
5039fe19-41b3-4aad-ab4d-084a539fde58	5	89828319	91031892	638	0.323
5039fe19-41b3-4aad-ab4d-084a539fde58	5	91032420	92206286	584	0.1691
5039fe19-41b3-4aad-ab4d-084a539fde58	5	92207582	92311425	46	0.0819
5039fe19-41b3-4aad-ab4d-084a539fde58	5	92318892	131209034	21330	-0.177
5039fe19-41b3-4aad-ab4d-084a539fde58	5	131209332	132741023	822	-0.3437
5039fe19-41b3-4aad-ab4d-084a539fde58	5	132745441	133920411	847	-0.151
5039fe19-41b3-4aad-ab4d-084a539fde58	5	133921373	135019048	536	-0.2176
5039fe19-41b3-4aad-ab4d-084a539fde58	5	135020110	137199741	1531	-0.1428
5039fe19-41b3-4aad-ab4d-084a539fde58	5	137199877	137200513	2	-1.2665
5039fe19-41b3-4aad-ab4d-084a539fde58	5	137202028	137801654	432	-0.1345
5039fe19-41b3-4aad-ab4d-084a539fde58	5	137805128	144290620	3469	-0.2286
5039fe19-41b3-4aad-ab4d-084a539fde58	5	144293332	145293381	571	-0.0894
5039fe19-41b3-4aad-ab4d-084a539fde58	5	145293766	173995211	18849	-0.2269
5039fe19-41b3-4aad-ab4d-084a539fde58	5	173995232	173995505	4	-1.2397
5039fe19-41b3-4aad-ab4d-084a539fde58	5	173995867	180934240	3484	-0.2567
5039fe19-41b3-4aad-ab4d-084a539fde58	6	1011760	3430205	1805	0.3342
5039fe19-41b3-4aad-ab4d-084a539fde58	6	3434008	5298504	1290	1.4785
5039fe19-41b3-4aad-ab4d-084a539fde58	6	5302169	5558343	168	0.2668
5039fe19-41b3-4aad-ab4d-084a539fde58	6	5562299	6275699	538	0.31
5039fe19-41b3-4aad-ab4d-084a539fde58	6	6278119	6659141	367	0.455
5039fe19-41b3-4aad-ab4d-084a539fde58	6	6659348	7647445	712	0.3927
5039fe19-41b3-4aad-ab4d-084a539fde58	6	7649999	11519214	2588	0.4519
5039fe19-41b3-4aad-ab4d-084a539fde58	6	11519800	12842053	1052	0.6866
5039fe19-41b3-4aad-ab4d-084a539fde58	6	12844543	14506954	1212	0.4709
5039fe19-41b3-4aad-ab4d-084a539fde58	6	14510417	34097292	10332	0.0672
5039fe19-41b3-4aad-ab4d-084a539fde58	6	34098205	34433601	141	0.187
5039fe19-41b3-4aad-ab4d-084a539fde58	6	34434986	38986696	2696	0.0454
5039fe19-41b3-4aad-ab4d-084a539fde58	6	38987075	41662170	1984	0.0943
5039fe19-41b3-4aad-ab4d-084a539fde58	6	41662403	44508815	1525	0.036
5039fe19-41b3-4aad-ab4d-084a539fde58	6	44509042	44554661	33	0.192
5039fe19-41b3-4aad-ab4d-084a539fde58	6	44556122	53520545	5349	0.0964
5039fe19-41b3-4aad-ab4d-084a539fde58	6	53520677	84066793	14773	0.1358
5039fe19-41b3-4aad-ab4d-084a539fde58	6	84066861	86178111	1190	-0.0184
5039fe19-41b3-4aad-ab4d-084a539fde58	6	86179149	86537212	206	0.1505
5039fe19-41b3-4aad-ab4d-084a539fde58	6	86538311	89927220	2021	0.1119
5039fe19-41b3-4aad-ab4d-084a539fde58	6	89929244	92621416	1687	0.1593
5039fe19-41b3-4aad-ab4d-084a539fde58	6	92621711	93597248	697	-0.008
5039fe19-41b3-4aad-ab4d-084a539fde58	6	93597628	122918625	15838	0.1343
5039fe19-41b3-4aad-ab4d-084a539fde58	6	122920109	129234548	3723	0.289
5039fe19-41b3-4aad-ab4d-084a539fde58	6	129235372	149329272	12742	0.1314
5039fe19-41b3-4aad-ab4d-084a539fde58	6	149330938	149808616	226	0.0316
5039fe19-41b3-4aad-ab4d-084a539fde58	6	149810956	150970824	840	0.1329
5039fe19-41b3-4aad-ab4d-084a539fde58	6	150971734	154794674	2723	-0.0352
5039fe19-41b3-4aad-ab4d-084a539fde58	6	154797092	154797305	2	-1.1969
5039fe19-41b3-4aad-ab4d-084a539fde58	6	154803449	160968095	3908	-0.028
5039fe19-41b3-4aad-ab4d-084a539fde58	6	160968906	170278918	4507	0.0008
5039fe19-41b3-4aad-ab4d-084a539fde58	6	170279219	170279382	2	-1.391
5039fe19-41b3-4aad-ab4d-084a539fde58	6	170280272	170596889	202	-0.0205
5039fe19-41b3-4aad-ab4d-084a539fde58	7	665647	2140826	397	-0.4915
5039fe19-41b3-4aad-ab4d-084a539fde58	7	2143359	3501065	656	-0.277
5039fe19-41b3-4aad-ab4d-084a539fde58	7	3501426	5999498	921	-0.1398
5039fe19-41b3-4aad-ab4d-084a539fde58	7	6002602	50486569	27382	-0.3984
5039fe19-41b3-4aad-ab4d-084a539fde58	7	50497706	52311221	1423	-0.0188
5039fe19-41b3-4aad-ab4d-084a539fde58	7	52311423	55665013	2342	-0.1413
5039fe19-41b3-4aad-ab4d-084a539fde58	7	55666112	57154482	389	0.1389
5039fe19-41b3-4aad-ab4d-084a539fde58	7	57154972	57864241	17	0.6239
5039fe19-41b3-4aad-ab4d-084a539fde58	7	57876479	70463990	2837	-0.0139
5039fe19-41b3-4aad-ab4d-084a539fde58	7	70465165	70723389	210	0.3384
5039fe19-41b3-4aad-ab4d-084a539fde58	7	70723539	72931874	1053	-0.0142
5039fe19-41b3-4aad-ab4d-084a539fde58	7	73312738	73389687	32	0.53
5039fe19-41b3-4aad-ab4d-084a539fde58	7	73390083	73513288	41	0.2365
5039fe19-41b3-4aad-ab4d-084a539fde58	7	73515278	73801595	88	0.4695
5039fe19-41b3-4aad-ab4d-084a539fde58	7	73806628	74050802	93	-0.0656
5039fe19-41b3-4aad-ab4d-084a539fde58	7	74054839	74595956	203	0.4806
5039fe19-41b3-4aad-ab4d-084a539fde58	7	74615750	76424968	444	-0.0863
5039fe19-41b3-4aad-ab4d-084a539fde58	7	76426530	79406883	1584	0.0277
5039fe19-41b3-4aad-ab4d-084a539fde58	7	79417285	79426531	8	0.237
5039fe19-41b3-4aad-ab4d-084a539fde58	7	79426844	79525862	49	0.3744
5039fe19-41b3-4aad-ab4d-084a539fde58	7	79526713	79672909	84	0.5839
5039fe19-41b3-4aad-ab4d-084a539fde58	7	79673391	79685406	13	-0.025
5039fe19-41b3-4aad-ab4d-084a539fde58	7	79685646	79691477	10	0.5933
5039fe19-41b3-4aad-ab4d-084a539fde58	7	79703631	79856118	77	0.016
5039fe19-41b3-4aad-ab4d-084a539fde58	7	79860043	79988453	55	0.5494
5039fe19-41b3-4aad-ab4d-084a539fde58	7	79993017	80294253	205	0.6901
5039fe19-41b3-4aad-ab4d-084a539fde58	7	80298347	80467671	96	0.0556
5039fe19-41b3-4aad-ab4d-084a539fde58	7	80468873	80496048	14	0.624
5039fe19-41b3-4aad-ab4d-084a539fde58	7	80498651	80527748	27	0.017
5039fe19-41b3-4aad-ab4d-084a539fde58	7	80529545	80543461	8	0.6277
5039fe19-41b3-4aad-ab4d-084a539fde58	7	80547612	81330164	544	0.0277
5039fe19-41b3-4aad-ab4d-084a539fde58	7	81330754	81391759	35	0.5951
5039fe19-41b3-4aad-ab4d-084a539fde58	7	81392646	81403253	12	-0.0368
5039fe19-41b3-4aad-ab4d-084a539fde58	7	81416646	84728701	2069	0.643
5039fe19-41b3-4aad-ab4d-084a539fde58	7	84729769	84738176	7	0.327
5039fe19-41b3-4aad-ab4d-084a539fde58	7	84742547	85059935	179	0.0367
5039fe19-41b3-4aad-ab4d-084a539fde58	7	85060677	85103929	25	0.3216
5039fe19-41b3-4aad-ab4d-084a539fde58	7	85107426	87561651	1236	0.6087
5039fe19-41b3-4aad-ab4d-084a539fde58	7	87562281	87792307	99	0.8153
5039fe19-41b3-4aad-ab4d-084a539fde58	7	87799539	88102046	118	0.5958
5039fe19-41b3-4aad-ab4d-084a539fde58	7	88103673	90279725	256	0.6879
5039fe19-41b3-4aad-ab4d-084a539fde58	7	90280080	90755557	216	0.553
5039fe19-41b3-4aad-ab4d-084a539fde58	7	90756015	90857507	73	0.6968
5039fe19-41b3-4aad-ab4d-084a539fde58	7	90862564	91196942	246	0.5528
5039fe19-41b3-4aad-ab4d-084a539fde58	7	91197785	91669846	330	0.7478
5039fe19-41b3-4aad-ab4d-084a539fde58	7	91677959	91774776	86	0.6147
5039fe19-41b3-4aad-ab4d-084a539fde58	7	91775717	95933324	2525	0.8699
5039fe19-41b3-4aad-ab4d-084a539fde58	7	95933958	96593556	390	0.7542
5039fe19-41b3-4aad-ab4d-084a539fde58	7	96594746	97121104	339	0.6737
5039fe19-41b3-4aad-ab4d-084a539fde58	7	97123168	98148918	533	0.4342
5039fe19-41b3-4aad-ab4d-084a539fde58	7	98153049	98331352	77	0.688
5039fe19-41b3-4aad-ab4d-084a539fde58	7	98334405	98339828	5	0.3446
5039fe19-41b3-4aad-ab4d-084a539fde58	7	98347929	98493433	65	0.0698
5039fe19-41b3-4aad-ab4d-084a539fde58	7	98494568	100243643	700	0.6411
5039fe19-41b3-4aad-ab4d-084a539fde58	7	100244566	103380362	1031	0.3969
5039fe19-41b3-4aad-ab4d-084a539fde58	7	103380675	104454740	752	0.5045
5039fe19-41b3-4aad-ab4d-084a539fde58	7	104457005	107503421	1851	0.4232
5039fe19-41b3-4aad-ab4d-084a539fde58	7	107513821	115004403	3651	0.2374
5039fe19-41b3-4aad-ab4d-084a539fde58	7	115007020	115527356	288	-0.0202
5039fe19-41b3-4aad-ab4d-084a539fde58	7	115528954	116790308	884	0.2289
5039fe19-41b3-4aad-ab4d-084a539fde58	7	116793068	117301581	308	-0.0058
5039fe19-41b3-4aad-ab4d-084a539fde58	7	117304229	117742231	228	0.2645
5039fe19-41b3-4aad-ab4d-084a539fde58	7	117742894	118042485	172	-0.0017
5039fe19-41b3-4aad-ab4d-084a539fde58	7	118042875	119028993	472	0.1637
5039fe19-41b3-4aad-ab4d-084a539fde58	7	119030040	119873104	371	0.3951
5039fe19-41b3-4aad-ab4d-084a539fde58	7	119876197	122719638	1632	0.5748
5039fe19-41b3-4aad-ab4d-084a539fde58	7	122720163	123633107	508	0.3759
5039fe19-41b3-4aad-ab4d-084a539fde58	7	123634422	124619493	606	0.226
5039fe19-41b3-4aad-ab4d-084a539fde58	7	124621167	127498849	1546	0.0937
5039fe19-41b3-4aad-ab4d-084a539fde58	7	127499154	131590251	2004	0.0413
5039fe19-41b3-4aad-ab4d-084a539fde58	7	131590319	132761482	787	0.0887
5039fe19-41b3-4aad-ab4d-084a539fde58	7	132761522	137674478	3091	-0.215
5039fe19-41b3-4aad-ab4d-084a539fde58	7	137677891	137944400	189	0.0749
5039fe19-41b3-4aad-ab4d-084a539fde58	7	137944667	144028265	2852	0.2806
5039fe19-41b3-4aad-ab4d-084a539fde58	7	144028863	144169439	90	0.0787
5039fe19-41b3-4aad-ab4d-084a539fde58	7	144407069	147501248	1778	-0.2102
5039fe19-41b3-4aad-ab4d-084a539fde58	7	147501307	153040171	2863	0.0599
5039fe19-41b3-4aad-ab4d-084a539fde58	7	153040616	153189156	126	-0.2071
5039fe19-41b3-4aad-ab4d-084a539fde58	7	153190120	154490874	346	0.0883
5039fe19-41b3-4aad-ab4d-084a539fde58	7	154491131	154956511	380	0.3093
5039fe19-41b3-4aad-ab4d-084a539fde58	7	154960318	155260564	288	0.4699
5039fe19-41b3-4aad-ab4d-084a539fde58	7	155263016	155823951	311	0.3182
5039fe19-41b3-4aad-ab4d-084a539fde58	7	155824565	156217383	296	0.0902
5039fe19-41b3-4aad-ab4d-084a539fde58	7	156218366	158592540	1215	-0.2228
5039fe19-41b3-4aad-ab4d-084a539fde58	8	667625	1360960	250	-0.2157
5039fe19-41b3-4aad-ab4d-084a539fde58	8	1365954	1944676	390	0.3879
5039fe19-41b3-4aad-ab4d-084a539fde58	8	1945975	3234062	469	-0.219
5039fe19-41b3-4aad-ab4d-084a539fde58	8	3234853	3369362	126	0.3472
5039fe19-41b3-4aad-ab4d-084a539fde58	8	3369397	3624354	267	0.4643
5039fe19-41b3-4aad-ab4d-084a539fde58	8	3630124	3630522	3	1.2223
5039fe19-41b3-4aad-ab4d-084a539fde58	8	3630780	3938010	167	0.4493
5039fe19-41b3-4aad-ab4d-084a539fde58	8	3938052	4579300	346	0.2706
5039fe19-41b3-4aad-ab4d-084a539fde58	8	4580704	4702559	161	0.4361
5039fe19-41b3-4aad-ab4d-084a539fde58	8	4702705	6350198	468	0.2603
5039fe19-41b3-4aad-ab4d-084a539fde58	8	6350232	6423784	66	0.4642
5039fe19-41b3-4aad-ab4d-084a539fde58	8	6426251	6494581	71	0.2593
5039fe19-41b3-4aad-ab4d-084a539fde58	8	6503234	6680004	192	0.8465
5039fe19-41b3-4aad-ab4d-084a539fde58	8	6681624	6843040	123	0.6636
5039fe19-41b3-4aad-ab4d-084a539fde58	8	6843611	9663729	976	0.2375
5039fe19-41b3-4aad-ab4d-084a539fde58	8	9664389	9713935	23	0.5083
5039fe19-41b3-4aad-ab4d-084a539fde58	8	9714111	9853312	61	0.2386
5039fe19-41b3-4aad-ab4d-084a539fde58	8	9853433	10116622	204	0.4777
5039fe19-41b3-4aad-ab4d-084a539fde58	8	10518434	10687085	90	0.2135
5039fe19-41b3-4aad-ab4d-084a539fde58	8	10691348	10879928	190	0.5325
5039fe19-41b3-4aad-ab4d-084a539fde58	8	10881398	11216069	225	0.2478
5039fe19-41b3-4aad-ab4d-084a539fde58	8	11219126	11289614	75	0.5218
5039fe19-41b3-4aad-ab4d-084a539fde58	8	11290344	12929085	485	0.2561
5039fe19-41b3-4aad-ab4d-084a539fde58	8	12929220	14045700	798	-0.058
5039fe19-41b3-4aad-ab4d-084a539fde58	8	14051063	14099979	43	0.1704
5039fe19-41b3-4aad-ab4d-084a539fde58	8	14100687	14411519	264	0.2502
5039fe19-41b3-4aad-ab4d-084a539fde58	8	14414728	14703285	272	0.5096
5039fe19-41b3-4aad-ab4d-084a539fde58	8	14706575	14761340	77	0.2988
5039fe19-41b3-4aad-ab4d-084a539fde58	8	14765082	14784494	18	-0.0458
5039fe19-41b3-4aad-ab4d-084a539fde58	8	14785325	15453127	499	0.2746
5039fe19-41b3-4aad-ab4d-084a539fde58	8	15454368	15825699	306	-0.0566
5039fe19-41b3-4aad-ab4d-084a539fde58	8	15826937	16017656	195	0.2581
5039fe19-41b3-4aad-ab4d-084a539fde58	8	16166714	17590041	882	-0.0498
5039fe19-41b3-4aad-ab4d-084a539fde58	8	17592148	17596844	7	-0.6246
5039fe19-41b3-4aad-ab4d-084a539fde58	8	17600214	19063823	1322	-0.0697
5039fe19-41b3-4aad-ab4d-084a539fde58	8	19065591	19192314	121	0.2181
5039fe19-41b3-4aad-ab4d-084a539fde58	8	19194666	19518062	241	-0.0805
5039fe19-41b3-4aad-ab4d-084a539fde58	8	19520192	19717442	122	0.2177
5039fe19-41b3-4aad-ab4d-084a539fde58	8	19717458	19743480	29	-0.0809
5039fe19-41b3-4aad-ab4d-084a539fde58	8	19744009	20507072	635	0.2386
5039fe19-41b3-4aad-ab4d-084a539fde58	8	20510055	21391785	792	-0.0481
5039fe19-41b3-4aad-ab4d-084a539fde58	8	21392253	21599801	200	0.2502
5039fe19-41b3-4aad-ab4d-084a539fde58	8	21600429	21757837	90	-0.0478
5039fe19-41b3-4aad-ab4d-084a539fde58	8	21759336	21900608	72	0.221
5039fe19-41b3-4aad-ab4d-084a539fde58	8	21903175	22005103	71	-0.0645
5039fe19-41b3-4aad-ab4d-084a539fde58	8	22007029	23307307	567	0.2197
5039fe19-41b3-4aad-ab4d-084a539fde58	8	23309840	24432974	740	0.591
5039fe19-41b3-4aad-ab4d-084a539fde58	8	24436486	24499650	37	0.8975
5039fe19-41b3-4aad-ab4d-084a539fde58	8	24499729	24633375	115	0.6074
5039fe19-41b3-4aad-ab4d-084a539fde58	8	24640738	26248494	1179	0.3768
5039fe19-41b3-4aad-ab4d-084a539fde58	8	26249014	26728096	363	0.8641
5039fe19-41b3-4aad-ab4d-084a539fde58	8	26728990	27409184	481	0.9521
5039fe19-41b3-4aad-ab4d-084a539fde58	8	27409699	27591760	138	0.7965
5039fe19-41b3-4aad-ab4d-084a539fde58	8	27595330	29466108	1215	0.3618
5039fe19-41b3-4aad-ab4d-084a539fde58	8	29468144	29857458	269	0.6981
5039fe19-41b3-4aad-ab4d-084a539fde58	8	29859859	29986697	83	1.004
5039fe19-41b3-4aad-ab4d-084a539fde58	8	29987411	30135550	97	0.855
5039fe19-41b3-4aad-ab4d-084a539fde58	8	30136078	30301534	109	0.7923
5039fe19-41b3-4aad-ab4d-084a539fde58	8	30303371	30565371	151	0.4447
5039fe19-41b3-4aad-ab4d-084a539fde58	8	30565839	30665441	51	0.866
5039fe19-41b3-4aad-ab4d-084a539fde58	8	30665928	31029316	181	1.1104
5039fe19-41b3-4aad-ab4d-084a539fde58	8	31037636	31482736	294	0.8483
5039fe19-41b3-4aad-ab4d-084a539fde58	8	31492137	32280332	585	0.4946
5039fe19-41b3-4aad-ab4d-084a539fde58	8	32281065	32839166	465	0.7139
5039fe19-41b3-4aad-ab4d-084a539fde58	8	32839281	32974190	84	0.3776
5039fe19-41b3-4aad-ab4d-084a539fde58	8	32976632	34689442	903	0.727
5039fe19-41b3-4aad-ab4d-084a539fde58	8	34690850	35011683	161	0.372
5039fe19-41b3-4aad-ab4d-084a539fde58	8	35014834	35018096	3	0.261
5039fe19-41b3-4aad-ab4d-084a539fde58	8	35020816	35128981	73	-0.2854
5039fe19-41b3-4aad-ab4d-084a539fde58	8	35131513	35481925	112	-0.0582
5039fe19-41b3-4aad-ab4d-084a539fde58	8	35486328	35677123	129	0.1279
5039fe19-41b3-4aad-ab4d-084a539fde58	8	35690747	35765080	47	0.3514
5039fe19-41b3-4aad-ab4d-084a539fde58	8	35767414	35776174	10	-0.1655
5039fe19-41b3-4aad-ab4d-084a539fde58	8	35781975	36258450	210	0.4185
5039fe19-41b3-4aad-ab4d-084a539fde58	8	36261689	36267988	5	-0.19
5039fe19-41b3-4aad-ab4d-084a539fde58	8	36271604	36310925	31	0.4006
5039fe19-41b3-4aad-ab4d-084a539fde58	8	36312362	36908132	217	-0.1947
5039fe19-41b3-4aad-ab4d-084a539fde58	8	36909020	36960017	25	0.4197
5039fe19-41b3-4aad-ab4d-084a539fde58	8	36962535	37458054	364	-0.1512
5039fe19-41b3-4aad-ab4d-084a539fde58	8	37466642	37558060	67	0.4249
5039fe19-41b3-4aad-ab4d-084a539fde58	8	37568487	37735060	83	-0.2106
5039fe19-41b3-4aad-ab4d-084a539fde58	8	37740892	37787828	11	0.3415
5039fe19-41b3-4aad-ab4d-084a539fde58	8	37787948	37809500	9	-0.3156
5039fe19-41b3-4aad-ab4d-084a539fde58	8	37817347	38282222	178	0.178
5039fe19-41b3-4aad-ab4d-084a539fde58	8	38286684	38973540	314	0.2641
5039fe19-41b3-4aad-ab4d-084a539fde58	8	38977750	40671700	1003	0.4121
5039fe19-41b3-4aad-ab4d-084a539fde58	8	40672583	41869671	759	0.4978
5039fe19-41b3-4aad-ab4d-084a539fde58	8	41869677	42009365	74	0.4281
5039fe19-41b3-4aad-ab4d-084a539fde58	8	42010600	42403138	306	0.329
5039fe19-41b3-4aad-ab4d-084a539fde58	8	42404318	46554650	290	0.4517
5039fe19-41b3-4aad-ab4d-084a539fde58	8	46557601	52808230	3178	0.1429
5039fe19-41b3-4aad-ab4d-084a539fde58	8	52810024	77257689	14628	-0.0348
5039fe19-41b3-4aad-ab4d-084a539fde58	8	77259504	77311984	50	-0.4268
5039fe19-41b3-4aad-ab4d-084a539fde58	8	77313498	78259435	483	-0.0352
5039fe19-41b3-4aad-ab4d-084a539fde58	8	78259573	78656057	186	0.1244
5039fe19-41b3-4aad-ab4d-084a539fde58	8	78656276	79919632	722	-0.0322
5039fe19-41b3-4aad-ab4d-084a539fde58	8	79920230	80726751	413	0.1196
5039fe19-41b3-4aad-ab4d-084a539fde58	8	80738040	81825551	641	-0.0416
5039fe19-41b3-4aad-ab4d-084a539fde58	8	81826186	82222565	209	0.1147
5039fe19-41b3-4aad-ab4d-084a539fde58	8	82223260	83773027	796	-0.0316
5039fe19-41b3-4aad-ab4d-084a539fde58	8	83773419	84179126	249	0.2211
5039fe19-41b3-4aad-ab4d-084a539fde58	8	84179885	84216726	23	-0.026
5039fe19-41b3-4aad-ab4d-084a539fde58	8	84216868	85318412	510	0.1243
5039fe19-41b3-4aad-ab4d-084a539fde58	8	85323386	85369413	30	-0.0031
5039fe19-41b3-4aad-ab4d-084a539fde58	8	85372578	85608821	133	0.2874
5039fe19-41b3-4aad-ab4d-084a539fde58	8	85828731	92683880	3843	-0.0347
5039fe19-41b3-4aad-ab4d-084a539fde58	8	92683971	92684016	2	-1.2859
5039fe19-41b3-4aad-ab4d-084a539fde58	8	92684036	144182542	30983	-0.0424
5039fe19-41b3-4aad-ab4d-084a539fde58	9	789794	802053	21	-0.1513
5039fe19-41b3-4aad-ab4d-084a539fde58	9	802228	10028851	5665	-0.0019
5039fe19-41b3-4aad-ab4d-084a539fde58	9	10029787	19074822	5893	-0.0401
5039fe19-41b3-4aad-ab4d-084a539fde58	9	19076896	19224327	121	-0.1903
5039fe19-41b3-4aad-ab4d-084a539fde58	9	19224582	21089455	1391	-0.0491
5039fe19-41b3-4aad-ab4d-084a539fde58	9	21091241	26834234	3502	-0.6867
5039fe19-41b3-4aad-ab4d-084a539fde58	9	26841186	27066072	110	-0.4252
5039fe19-41b3-4aad-ab4d-084a539fde58	9	27073652	28007071	823	-0.7036
5039fe19-41b3-4aad-ab4d-084a539fde58	9	28007241	28167364	85	-0.0207
5039fe19-41b3-4aad-ab4d-084a539fde58	9	28355727	29681643	560	-0.2097
5039fe19-41b3-4aad-ab4d-084a539fde58	9	29682403	35280042	3192	-0.4561
5039fe19-41b3-4aad-ab4d-084a539fde58	9	35282982	35324177	21	-0.625
5039fe19-41b3-4aad-ab4d-084a539fde58	9	35327894	38040117	1600	-0.2527
5039fe19-41b3-4aad-ab4d-084a539fde58	9	38041907	38408518	278	-0.0471
5039fe19-41b3-4aad-ab4d-084a539fde58	9	38408923	38752071	290	-0.2309
5039fe19-41b3-4aad-ab4d-084a539fde58	9	68423153	68595978	132	0.7791
5039fe19-41b3-4aad-ab4d-084a539fde58	9	68596253	69512585	756	1.0127
5039fe19-41b3-4aad-ab4d-084a539fde58	9	69512794	69984823	341	0.8778
5039fe19-41b3-4aad-ab4d-084a539fde58	9	69985847	70501451	331	1.035
5039fe19-41b3-4aad-ab4d-084a539fde58	9	70501568	70557097	46	0.7854
5039fe19-41b3-4aad-ab4d-084a539fde58	9	70557317	70669006	100	1.0819
5039fe19-41b3-4aad-ab4d-084a539fde58	9	70669274	70970873	224	0.8061
5039fe19-41b3-4aad-ab4d-084a539fde58	9	70976065	71073291	74	1.0172
5039fe19-41b3-4aad-ab4d-084a539fde58	9	71080844	71773210	540	0.4463
5039fe19-41b3-4aad-ab4d-084a539fde58	9	71774090	72669643	546	0.9442
5039fe19-41b3-4aad-ab4d-084a539fde58	9	72670072	74266485	926	1.0581
5039fe19-41b3-4aad-ab4d-084a539fde58	9	74267487	74312991	38	1.1402
5039fe19-41b3-4aad-ab4d-084a539fde58	9	74313249	74548124	151	1.2681
5039fe19-41b3-4aad-ab4d-084a539fde58	9	74551412	75032382	320	1.0956
5039fe19-41b3-4aad-ab4d-084a539fde58	9	75035532	75497491	311	1.2945
5039fe19-41b3-4aad-ab4d-084a539fde58	9	75500477	75525588	19	0.9292
5039fe19-41b3-4aad-ab4d-084a539fde58	9	75527599	75542194	14	1.2475
5039fe19-41b3-4aad-ab4d-084a539fde58	9	75542583	75571128	12	0.8885
5039fe19-41b3-4aad-ab4d-084a539fde58	9	75571383	75725906	142	1.2947
5039fe19-41b3-4aad-ab4d-084a539fde58	9	75725968	76511387	667	1.0661
5039fe19-41b3-4aad-ab4d-084a539fde58	9	76511415	76511949	4	0.3239
5039fe19-41b3-4aad-ab4d-084a539fde58	9	76512252	76696976	123	1.1176
5039fe19-41b3-4aad-ab4d-084a539fde58	9	76703509	76758069	54	1.5747
5039fe19-41b3-4aad-ab4d-084a539fde58	9	76758300	76852895	88	1.3436
5039fe19-41b3-4aad-ab4d-084a539fde58	9	76854161	77781556	652	1.5491
5039fe19-41b3-4aad-ab4d-084a539fde58	9	77782503	77969093	87	1.1964
5039fe19-41b3-4aad-ab4d-084a539fde58	9	77969320	78208870	143	0.9891
5039fe19-41b3-4aad-ab4d-084a539fde58	9	78209174	78776093	372	1.2018
5039fe19-41b3-4aad-ab4d-084a539fde58	9	78779050	78926972	151	1.0565
5039fe19-41b3-4aad-ab4d-084a539fde58	9	78931892	80440609	1104	1.2366
5039fe19-41b3-4aad-ab4d-084a539fde58	9	80441208	81799375	1004	1.0946
5039fe19-41b3-4aad-ab4d-084a539fde58	9	81802219	82634105	411	1.3197
5039fe19-41b3-4aad-ab4d-084a539fde58	9	82634872	83689984	797	1.4921
5039fe19-41b3-4aad-ab4d-084a539fde58	9	83690050	83829648	78	1.3491
5039fe19-41b3-4aad-ab4d-084a539fde58	9	83831513	83854832	10	1.1504
5039fe19-41b3-4aad-ab4d-084a539fde58	9	83861507	83867811	4	0.3049
5039fe19-41b3-4aad-ab4d-084a539fde58	9	83870123	84618461	571	1.2112
5039fe19-41b3-4aad-ab4d-084a539fde58	9	84618480	85183774	427	1.8419
5039fe19-41b3-4aad-ab4d-084a539fde58	9	85184267	85229633	46	1.06
5039fe19-41b3-4aad-ab4d-084a539fde58	9	85229976	85679352	324	0.8386
5039fe19-41b3-4aad-ab4d-084a539fde58	9	85692249	86313307	287	1.1346
5039fe19-41b3-4aad-ab4d-084a539fde58	9	86316789	86878471	414	1.268
5039fe19-41b3-4aad-ab4d-084a539fde58	9	86883356	87555362	534	1.1417
5039fe19-41b3-4aad-ab4d-084a539fde58	9	87555820	87704499	166	0.8868
5039fe19-41b3-4aad-ab4d-084a539fde58	9	87705993	87775440	60	1.113
5039fe19-41b3-4aad-ab4d-084a539fde58	9	87775590	89141991	841	0.9056
5039fe19-41b3-4aad-ab4d-084a539fde58	9	89145188	89517338	213	1.1534
5039fe19-41b3-4aad-ab4d-084a539fde58	9	89517763	89568281	51	1.0064
5039fe19-41b3-4aad-ab4d-084a539fde58	9	89573563	91298493	1266	0.2557
5039fe19-41b3-4aad-ab4d-084a539fde58	9	91310221	91944179	480	-0.2401
5039fe19-41b3-4aad-ab4d-084a539fde58	9	91946194	91960259	10	0.27
5039fe19-41b3-4aad-ab4d-084a539fde58	9	91963590	97194942	3005	-0.2407
5039fe19-41b3-4aad-ab4d-084a539fde58	9	97203276	97254733	26	-0.8771
5039fe19-41b3-4aad-ab4d-084a539fde58	9	97256993	97466154	136	-0.2241
5039fe19-41b3-4aad-ab4d-084a539fde58	9	97480932	99237116	1226	0.2442
5039fe19-41b3-4aad-ab4d-084a539fde58	9	99240885	99648947	261	1.1385
5039fe19-41b3-4aad-ab4d-084a539fde58	9	99650535	105120552	3231	0.8521
5039fe19-41b3-4aad-ab4d-084a539fde58	9	105120667	105231360	82	1.1025
5039fe19-41b3-4aad-ab4d-084a539fde58	9	105231513	105231884	6	0.2342
5039fe19-41b3-4aad-ab4d-084a539fde58	9	105234262	105454031	141	1.1181
5039fe19-41b3-4aad-ab4d-084a539fde58	9	105456571	105734567	153	0.5814
5039fe19-41b3-4aad-ab4d-084a539fde58	9	105735598	105773544	22	0.8484
5039fe19-41b3-4aad-ab4d-084a539fde58	9	105777318	105813493	4	0.1175
5039fe19-41b3-4aad-ab4d-084a539fde58	9	105820675	105909187	20	0.7497
5039fe19-41b3-4aad-ab4d-084a539fde58	9	105910278	105914436	6	1.1206
5039fe19-41b3-4aad-ab4d-084a539fde58	9	105914912	105928089	13	0.7907
5039fe19-41b3-4aad-ab4d-084a539fde58	9	105928391	106603803	415	0.9818
5039fe19-41b3-4aad-ab4d-084a539fde58	9	106604544	107849636	914	1.1964
5039fe19-41b3-4aad-ab4d-084a539fde58	9	107855786	107903720	48	1.7139
5039fe19-41b3-4aad-ab4d-084a539fde58	9	107905941	108918585	955	0.8628
5039fe19-41b3-4aad-ab4d-084a539fde58	9	108919864	109669991	552	0.5867
5039fe19-41b3-4aad-ab4d-084a539fde58	9	109670485	111117836	1102	0.2326
5039fe19-41b3-4aad-ab4d-084a539fde58	9	111118814	111262617	121	0.4553
5039fe19-41b3-4aad-ab4d-084a539fde58	9	111264093	113264008	1117	0.2387
5039fe19-41b3-4aad-ab4d-084a539fde58	9	113264898	113826469	352	0.5083
5039fe19-41b3-4aad-ab4d-084a539fde58	9	113835269	114563677	560	0.3072
5039fe19-41b3-4aad-ab4d-084a539fde58	9	114563803	119021034	3273	0.2368
5039fe19-41b3-4aad-ab4d-084a539fde58	9	119021759	119381046	286	0.8502
5039fe19-41b3-4aad-ab4d-084a539fde58	9	119381358	119737431	384	0.6925
5039fe19-41b3-4aad-ab4d-084a539fde58	9	119741370	123150265	2193	0.2232
5039fe19-41b3-4aad-ab4d-084a539fde58	9	123151756	123531791	218	0.6575
5039fe19-41b3-4aad-ab4d-084a539fde58	9	123535616	123544501	10	0.0566
5039fe19-41b3-4aad-ab4d-084a539fde58	9	123550455	123660294	73	0.9544
5039fe19-41b3-4aad-ab4d-084a539fde58	9	123661061	123809338	99	0.7454
5039fe19-41b3-4aad-ab4d-084a539fde58	9	123817848	127713478	2316	0.2007
5039fe19-41b3-4aad-ab4d-084a539fde58	9	127716521	130229609	1146	0.1423
5039fe19-41b3-4aad-ab4d-084a539fde58	9	130229783	130709517	246	0.1912
5039fe19-41b3-4aad-ab4d-084a539fde58	9	130710937	130869524	220	0.6478
5039fe19-41b3-4aad-ab4d-084a539fde58	9	130870039	136433406	3024	0.2133
5039fe19-41b3-4aad-ab4d-084a539fde58	9	136444175	136713514	76	0.6917
5039fe19-41b3-4aad-ab4d-084a539fde58	9	136715446	137067414	83	0.1813
5039fe19-41b3-4aad-ab4d-084a539fde58	9	137074344	137707193	121	0.5625
5039fe19-41b3-4aad-ab4d-084a539fde58	9	137707555	137840838	79	0.9262
5039fe19-41b3-4aad-ab4d-084a539fde58	9	137843396	138044505	72	0.6933
5039fe19-41b3-4aad-ab4d-084a539fde58	10	366509	2053582	820	-0.6605
5039fe19-41b3-4aad-ab4d-084a539fde58	10	2068207	5680348	2576	0.1367
5039fe19-41b3-4aad-ab4d-084a539fde58	10	5682419	8837381	2575	0.0937
5039fe19-41b3-4aad-ab4d-084a539fde58	10	8844555	21795374	9544	0.1302
5039fe19-41b3-4aad-ab4d-084a539fde58	10	21797743	22091176	129	-0.6451
5039fe19-41b3-4aad-ab4d-084a539fde58	10	22095114	25267038	2022	0.1434
5039fe19-41b3-4aad-ab4d-084a539fde58	10	25267051	25827802	400	0.2678
5039fe19-41b3-4aad-ab4d-084a539fde58	10	25827915	32280111	4413	0.1211
5039fe19-41b3-4aad-ab4d-084a539fde58	10	32283610	32339079	41	0.5108
5039fe19-41b3-4aad-ab4d-084a539fde58	10	32341591	33111982	439	0.1287
5039fe19-41b3-4aad-ab4d-084a539fde58	10	33113463	33207361	74	0.5087
5039fe19-41b3-4aad-ab4d-084a539fde58	10	33208517	38444579	3137	0.1435
5039fe19-41b3-4aad-ab4d-084a539fde58	10	38462431	42678121	188	0.3142
5039fe19-41b3-4aad-ab4d-084a539fde58	10	42679023	50719256	3332	0.1122
5039fe19-41b3-4aad-ab4d-084a539fde58	10	50720012	52388866	1219	-0.0818
5039fe19-41b3-4aad-ab4d-084a539fde58	10	52393255	54437182	1409	0.0079
5039fe19-41b3-4aad-ab4d-084a539fde58	10	54437431	54681880	171	-0.0407
5039fe19-41b3-4aad-ab4d-084a539fde58	10	54681991	61561371	4013	-0.0882
5039fe19-41b3-4aad-ab4d-084a539fde58	10	61563595	67767188	3488	-0.2275
5039fe19-41b3-4aad-ab4d-084a539fde58	10	67769173	69487307	954	-0.2924
5039fe19-41b3-4aad-ab4d-084a539fde58	10	69489120	71593669	1556	-0.2373
5039fe19-41b3-4aad-ab4d-084a539fde58	10	71593812	75366161	1731	-0.2802
5039fe19-41b3-4aad-ab4d-084a539fde58	10	75366416	100402085	15864	-0.2202
5039fe19-41b3-4aad-ab4d-084a539fde58	10	100404343	100417846	2	1.3352
5039fe19-41b3-4aad-ab4d-084a539fde58	10	100420658	107033714	3827	-0.2284
5039fe19-41b3-4aad-ab4d-084a539fde58	10	107033829	108047745	704	-0.17
5039fe19-41b3-4aad-ab4d-084a539fde58	10	108048254	108048952	2	0.921
5039fe19-41b3-4aad-ab4d-084a539fde58	10	108051435	109394807	890	-0.1836
5039fe19-41b3-4aad-ab4d-084a539fde58	10	109403819	133411599	15673	-0.2186
5039fe19-41b3-4aad-ab4d-084a539fde58	11	456012	2288502	507	-0.2429
5039fe19-41b3-4aad-ab4d-084a539fde58	11	2289375	2289640	2	-2.8515
5039fe19-41b3-4aad-ab4d-084a539fde58	11	2289922	34767796	21431	-0.1933
5039fe19-41b3-4aad-ab4d-084a539fde58	11	34772477	35155932	376	-0.0242
5039fe19-41b3-4aad-ab4d-084a539fde58	11	35156005	35980666	680	-0.1846
5039fe19-41b3-4aad-ab4d-084a539fde58	11	35980758	36168933	165	0.0029
5039fe19-41b3-4aad-ab4d-084a539fde58	11	36168993	38754738	1152	-0.1693
5039fe19-41b3-4aad-ab4d-084a539fde58	11	38755125	39435303	364	-0.0054
5039fe19-41b3-4aad-ab4d-084a539fde58	11	39435435	39616612	79	0.1682
5039fe19-41b3-4aad-ab4d-084a539fde58	11	39617059	40140665	380	-0.0354
5039fe19-41b3-4aad-ab4d-084a539fde58	11	40142797	41523405	977	-0.1774
5039fe19-41b3-4aad-ab4d-084a539fde58	11	41523518	42525143	696	-0.0171
5039fe19-41b3-4aad-ab4d-084a539fde58	11	42526412	43313784	524	-0.1783
5039fe19-41b3-4aad-ab4d-084a539fde58	11	43322892	44236003	603	0.0109
5039fe19-41b3-4aad-ab4d-084a539fde58	11	44238342	45780213	1126	0.1674
5039fe19-41b3-4aad-ab4d-084a539fde58	11	45783000	45903956	61	-0.0181
5039fe19-41b3-4aad-ab4d-084a539fde58	11	45908971	46857966	413	-0.2226
5039fe19-41b3-4aad-ab4d-084a539fde58	11	46863849	47427993	203	-0.0459
5039fe19-41b3-4aad-ab4d-084a539fde58	11	47429466	48968103	448	0.0797
5039fe19-41b3-4aad-ab4d-084a539fde58	11	48969924	56351187	497	-0.0004
5039fe19-41b3-4aad-ab4d-084a539fde58	11	56354581	61672788	2981	-0.0516
5039fe19-41b3-4aad-ab4d-084a539fde58	11	61675341	69153373	2620	-0.0961
5039fe19-41b3-4aad-ab4d-084a539fde58	11	69155962	78630260	4951	-0.0602
5039fe19-41b3-4aad-ab4d-084a539fde58	11	78630358	83252608	3214	-0.0105
5039fe19-41b3-4aad-ab4d-084a539fde58	11	83252917	88375365	3139	0.2176
5039fe19-41b3-4aad-ab4d-084a539fde58	11	88381781	90604328	1058	-0.0672
5039fe19-41b3-4aad-ab4d-084a539fde58	11	90609043	90793054	155	-0.4086
5039fe19-41b3-4aad-ab4d-084a539fde58	11	90793596	91976870	770	-0.0976
5039fe19-41b3-4aad-ab4d-084a539fde58	11	91981902	92532945	268	0.1869
5039fe19-41b3-4aad-ab4d-084a539fde58	11	92533034	98270908	3641	-0.0712
5039fe19-41b3-4aad-ab4d-084a539fde58	11	98270972	99829044	1016	-0.3878
5039fe19-41b3-4aad-ab4d-084a539fde58	11	99830085	100950805	832	-0.0589
5039fe19-41b3-4aad-ab4d-084a539fde58	11	100951584	105560714	2811	-0.3828
5039fe19-41b3-4aad-ab4d-084a539fde58	11	105560992	108098642	1468	-0.0666
5039fe19-41b3-4aad-ab4d-084a539fde58	11	108099793	116354522	5505	-0.3996
5039fe19-41b3-4aad-ab4d-084a539fde58	11	116356542	116649810	259	-0.0879
5039fe19-41b3-4aad-ab4d-084a539fde58	11	116652137	117624787	611	0.1397
5039fe19-41b3-4aad-ab4d-084a539fde58	11	117627063	118843783	900	-0.1049
5039fe19-41b3-4aad-ab4d-084a539fde58	11	118844353	123735321	3425	-0.4252
5039fe19-41b3-4aad-ab4d-084a539fde58	11	123737531	134272740	7183	-0.3866
5039fe19-41b3-4aad-ab4d-084a539fde58	12	780472	3684641	1442	-0.407
5039fe19-41b3-4aad-ab4d-084a539fde58	12	3686613	4027378	216	-0.0869
5039fe19-41b3-4aad-ab4d-084a539fde58	12	4029908	6433525	1931	-0.4157
5039fe19-41b3-4aad-ab4d-084a539fde58	12	6436251	6932192	213	0.1721
5039fe19-41b3-4aad-ab4d-084a539fde58	12	6945422	7215718	125	0.3945
5039fe19-41b3-4aad-ab4d-084a539fde58	12	7222528	10123170	1202	0.231
5039fe19-41b3-4aad-ab4d-084a539fde58	12	10125482	10945001	428	0.0547
5039fe19-41b3-4aad-ab4d-084a539fde58	12	10951262	13354294	1371	-0.4248
5039fe19-41b3-4aad-ab4d-084a539fde58	12	13356315	13385014	34	0.0848
5039fe19-41b3-4aad-ab4d-084a539fde58	12	13386114	14209884	683	-0.3967
5039fe19-41b3-4aad-ab4d-084a539fde58	12	14211919	14741137	284	-0.0268
5039fe19-41b3-4aad-ab4d-084a539fde58	12	14741842	15916120	648	0.2197
5039fe19-41b3-4aad-ab4d-084a539fde58	12	15916267	17161864	788	-0.0775
5039fe19-41b3-4aad-ab4d-084a539fde58	12	17166712	17731076	350	0.5589
5039fe19-41b3-4aad-ab4d-084a539fde58	12	17732059	17831741	60	0.8182
5039fe19-41b3-4aad-ab4d-084a539fde58	12	17832067	18235011	231	0.9104
5039fe19-41b3-4aad-ab4d-084a539fde58	12	18235012	18235793	12	0.485
5039fe19-41b3-4aad-ab4d-084a539fde58	12	18235993	18760055	319	0.924
5039fe19-41b3-4aad-ab4d-084a539fde58	12	18761675	18766824	3	0.0082
5039fe19-41b3-4aad-ab4d-084a539fde58	12	18767461	19008582	142	0.8938
5039fe19-41b3-4aad-ab4d-084a539fde58	12	19010863	19895579	545	1.152
5039fe19-41b3-4aad-ab4d-084a539fde58	12	19896525	20468394	364	1.2595
5039fe19-41b3-4aad-ab4d-084a539fde58	12	20470595	20767170	177	1.1187
5039fe19-41b3-4aad-ab4d-084a539fde58	12	20767229	21147619	182	0.6923
5039fe19-41b3-4aad-ab4d-084a539fde58	12	21159386	22473990	887	0.2137
5039fe19-41b3-4aad-ab4d-084a539fde58	12	22480548	22639759	69	0.6463
5039fe19-41b3-4aad-ab4d-084a539fde58	12	22642997	22703086	40	0.9749
5039fe19-41b3-4aad-ab4d-084a539fde58	12	22703127	24644040	1350	0.7101
5039fe19-41b3-4aad-ab4d-084a539fde58	12	24646012	25615486	580	0.63
5039fe19-41b3-4aad-ab4d-084a539fde58	12	25618710	30159174	2991	0.6853
5039fe19-41b3-4aad-ab4d-084a539fde58	12	30159387	31031418	712	0.8494
5039fe19-41b3-4aad-ab4d-084a539fde58	12	31032134	31331947	67	0.7023
5039fe19-41b3-4aad-ab4d-084a539fde58	12	31333998	31545560	104	0.5627
5039fe19-41b3-4aad-ab4d-084a539fde58	12	31550461	32140725	346	0.7484
5039fe19-41b3-4aad-ab4d-084a539fde58	12	32143260	33368216	791	0.4701
5039fe19-41b3-4aad-ab4d-084a539fde58	12	38827290	40080311	674	-0.3408
5039fe19-41b3-4aad-ab4d-084a539fde58	12	40080345	40790011	446	-0.1458
5039fe19-41b3-4aad-ab4d-084a539fde58	12	40791228	41422093	450	-0.2502
5039fe19-41b3-4aad-ab4d-084a539fde58	12	41422343	41617577	182	-0.1448
5039fe19-41b3-4aad-ab4d-084a539fde58	12	41620331	42193468	344	-0.3598
5039fe19-41b3-4aad-ab4d-084a539fde58	12	42193580	42597400	205	-0.2199
5039fe19-41b3-4aad-ab4d-084a539fde58	12	42597590	42669734	59	-0.4199
5039fe19-41b3-4aad-ab4d-084a539fde58	12	42670082	43345446	114	-0.2341
5039fe19-41b3-4aad-ab4d-084a539fde58	12	43347737	44910224	862	-0.5993
5039fe19-41b3-4aad-ab4d-084a539fde58	12	44910798	45740946	490	-0.14
5039fe19-41b3-4aad-ab4d-084a539fde58	12	45741029	51351906	2898	-0.2171
5039fe19-41b3-4aad-ab4d-084a539fde58	12	51352011	51430653	52	0.1357
5039fe19-41b3-4aad-ab4d-084a539fde58	12	51437965	53607453	1182	-0.1824
5039fe19-41b3-4aad-ab4d-084a539fde58	12	53607919	53941484	228	-0.0086
5039fe19-41b3-4aad-ab4d-084a539fde58	12	53941625	54664103	334	-0.214
5039fe19-41b3-4aad-ab4d-084a539fde58	12	54669669	54697497	31	0.0855
5039fe19-41b3-4aad-ab4d-084a539fde58	12	54697654	57543733	1426	-0.2105
5039fe19-41b3-4aad-ab4d-084a539fde58	12	57543750	59743182	1463	-0.0061
5039fe19-41b3-4aad-ab4d-084a539fde58	12	59745130	59859216	72	-0.1626
5039fe19-41b3-4aad-ab4d-084a539fde58	12	59859301	60175907	188	-0.0358
5039fe19-41b3-4aad-ab4d-084a539fde58	12	60180414	61075156	475	-0.1841
5039fe19-41b3-4aad-ab4d-084a539fde58	12	61082317	61316176	141	-0.6208
5039fe19-41b3-4aad-ab4d-084a539fde58	12	61318825	61947589	381	-0.1914
5039fe19-41b3-4aad-ab4d-084a539fde58	12	61948006	62016658	54	0.1954
5039fe19-41b3-4aad-ab4d-084a539fde58	12	62024308	63203991	807	-0.1716
5039fe19-41b3-4aad-ab4d-084a539fde58	12	63208816	63371292	114	0.1463
5039fe19-41b3-4aad-ab4d-084a539fde58	12	63374282	63421854	37	-0.1179
5039fe19-41b3-4aad-ab4d-084a539fde58	12	63422349	66066357	1354	0.1825
5039fe19-41b3-4aad-ab4d-084a539fde58	12	66067236	66093940	21	0.4882
5039fe19-41b3-4aad-ab4d-084a539fde58	12	66099271	69154742	2236	0.1674
5039fe19-41b3-4aad-ab4d-084a539fde58	12	69155421	69955878	541	0.2368
5039fe19-41b3-4aad-ab4d-084a539fde58	12	69956922	70833745	578	0.3224
5039fe19-41b3-4aad-ab4d-084a539fde58	12	70836022	70896544	53	-0.0413
5039fe19-41b3-4aad-ab4d-084a539fde58	12	70907496	72007265	611	0.3003
5039fe19-41b3-4aad-ab4d-084a539fde58	12	72007515	73486338	742	-0.0173
5039fe19-41b3-4aad-ab4d-084a539fde58	12	73493598	73618288	68	0.139
5039fe19-41b3-4aad-ab4d-084a539fde58	12	73619462	74755069	584	-0.4136
5039fe19-41b3-4aad-ab4d-084a539fde58	12	74755877	74768164	14	-0.1415
5039fe19-41b3-4aad-ab4d-084a539fde58	12	74768197	77774841	2035	-0.025
5039fe19-41b3-4aad-ab4d-084a539fde58	12	77774933	79601968	1136	0.1442
5039fe19-41b3-4aad-ab4d-084a539fde58	12	79603465	81709178	1304	-0.0136
5039fe19-41b3-4aad-ab4d-084a539fde58	12	81709671	81715120	3	-0.8799
5039fe19-41b3-4aad-ab4d-084a539fde58	12	81715588	81736586	11	-0.1473
5039fe19-41b3-4aad-ab4d-084a539fde58	12	81742584	81782088	28	0.1916
5039fe19-41b3-4aad-ab4d-084a539fde58	12	81782281	81789909	9	-0.0843
5039fe19-41b3-4aad-ab4d-084a539fde58	12	81793015	81966791	88	-0.3297
5039fe19-41b3-4aad-ab4d-084a539fde58	12	81968179	81968486	2	0.8974
5039fe19-41b3-4aad-ab4d-084a539fde58	12	81978866	84662746	1617	-0.2572
5039fe19-41b3-4aad-ab4d-084a539fde58	12	84663022	84728603	36	0.1591
5039fe19-41b3-4aad-ab4d-084a539fde58	12	84733921	84898844	113	-0.2759
5039fe19-41b3-4aad-ab4d-084a539fde58	12	84902601	85807972	479	0.1322
5039fe19-41b3-4aad-ab4d-084a539fde58	12	85808625	86030957	138	0.4315
5039fe19-41b3-4aad-ab4d-084a539fde58	12	86044650	86114295	34	0.1157
5039fe19-41b3-4aad-ab4d-084a539fde58	12	86120151	86206418	48	0.4538
5039fe19-41b3-4aad-ab4d-084a539fde58	12	86206876	86259826	31	0.1826
5039fe19-41b3-4aad-ab4d-084a539fde58	12	86261982	86382255	59	-0.1177
5039fe19-41b3-4aad-ab4d-084a539fde58	12	86385126	86757053	131	0.1637
5039fe19-41b3-4aad-ab4d-084a539fde58	12	86759289	88373589	815	0.2963
5039fe19-41b3-4aad-ab4d-084a539fde58	12	88374189	88472145	61	0.1199
5039fe19-41b3-4aad-ab4d-084a539fde58	12	88472158	93994753	3422	-0.0179
5039fe19-41b3-4aad-ab4d-084a539fde58	12	93995723	95165188	913	0.1125
5039fe19-41b3-4aad-ab4d-084a539fde58	12	95168196	95729192	386	-0.0754
5039fe19-41b3-4aad-ab4d-084a539fde58	12	95729831	108397212	8303	0.1455
5039fe19-41b3-4aad-ab4d-084a539fde58	12	108397453	112461698	1942	0.0804
5039fe19-41b3-4aad-ab4d-084a539fde58	12	112462240	119857421	4975	0.1347
5039fe19-41b3-4aad-ab4d-084a539fde58	12	119857917	123580869	1598	0.0691
5039fe19-41b3-4aad-ab4d-084a539fde58	12	123585386	125016225	851	0.1335
5039fe19-41b3-4aad-ab4d-084a539fde58	12	125017001	125103651	51	0.0267
5039fe19-41b3-4aad-ab4d-084a539fde58	12	125105716	132605822	3446	0.155
5039fe19-41b3-4aad-ab4d-084a539fde58	13	18874255	18985511	68	-0.163
5039fe19-41b3-4aad-ab4d-084a539fde58	13	18990166	58791267	23187	-0.595
5039fe19-41b3-4aad-ab4d-084a539fde58	13	58792242	59056367	164	-0.3299
5039fe19-41b3-4aad-ab4d-084a539fde58	13	59059830	64372045	2552	-0.5838
5039fe19-41b3-4aad-ab4d-084a539fde58	13	64372411	64450731	49	-0.077
5039fe19-41b3-4aad-ab4d-084a539fde58	13	64454120	64560606	73	-0.3127
5039fe19-41b3-4aad-ab4d-084a539fde58	13	64569217	64584397	3	0.2112
5039fe19-41b3-4aad-ab4d-084a539fde58	13	64588518	68790733	2052	-0.5977
5039fe19-41b3-4aad-ab4d-084a539fde58	13	68795913	90293712	13100	-0.1434
5039fe19-41b3-4aad-ab4d-084a539fde58	13	90295275	90295289	2	-1.4749
5039fe19-41b3-4aad-ab4d-084a539fde58	13	90300119	92590162	1428	-0.1358
5039fe19-41b3-4aad-ab4d-084a539fde58	13	92590724	92591395	2	-1.4536
5039fe19-41b3-4aad-ab4d-084a539fde58	13	92591564	99773298	4652	-0.1487
5039fe19-41b3-4aad-ab4d-084a539fde58	13	99776773	99807343	29	-0.4253
5039fe19-41b3-4aad-ab4d-084a539fde58	13	99807357	114226675	9508	-0.1418
5039fe19-41b3-4aad-ab4d-084a539fde58	14	20033191	24257414	1624	0.1474
5039fe19-41b3-4aad-ab4d-084a539fde58	14	24260894	27014194	1810	0.2053
5039fe19-41b3-4aad-ab4d-084a539fde58	14	27014739	27592398	296	0.1716
5039fe19-41b3-4aad-ab4d-084a539fde58	14	27596992	28094473	167	-0.1034
5039fe19-41b3-4aad-ab4d-084a539fde58	14	28096493	28271884	70	0.1655
5039fe19-41b3-4aad-ab4d-084a539fde58	14	28272051	28752584	298	-0.124
5039fe19-41b3-4aad-ab4d-084a539fde58	14	28753257	29766263	551	0.1978
5039fe19-41b3-4aad-ab4d-084a539fde58	14	29768684	30379946	358	-0.0946
5039fe19-41b3-4aad-ab4d-084a539fde58	14	30379981	30741786	168	0.1822
5039fe19-41b3-4aad-ab4d-084a539fde58	14	30742788	33411067	1761	-0.1098
5039fe19-41b3-4aad-ab4d-084a539fde58	14	33411920	33412010	2	-1.3083
5039fe19-41b3-4aad-ab4d-084a539fde58	14	33413077	34764068	953	-0.1049
5039fe19-41b3-4aad-ab4d-084a539fde58	14	34767050	35279434	194	0.124
5039fe19-41b3-4aad-ab4d-084a539fde58	14	35279476	36117097	439	-0.133
5039fe19-41b3-4aad-ab4d-084a539fde58	14	36117579	36470547	234	0.1719
5039fe19-41b3-4aad-ab4d-084a539fde58	14	36471279	37579902	773	-0.1128
5039fe19-41b3-4aad-ab4d-084a539fde58	14	37582706	38113858	259	0.1712
5039fe19-41b3-4aad-ab4d-084a539fde58	14	38116720	39870336	948	-0.1239
5039fe19-41b3-4aad-ab4d-084a539fde58	14	39876292	39884660	15	0.6022
5039fe19-41b3-4aad-ab4d-084a539fde58	14	39885418	39904507	7	0.0623
5039fe19-41b3-4aad-ab4d-084a539fde58	14	39915370	40366384	159	0.5775
5039fe19-41b3-4aad-ab4d-084a539fde58	14	40376359	43194113	1529	0.1003
5039fe19-41b3-4aad-ab4d-084a539fde58	14	43194370	43350726	58	-0.1264
5039fe19-41b3-4aad-ab4d-084a539fde58	14	43779976	46198264	723	1.4091
5039fe19-41b3-4aad-ab4d-084a539fde58	14	46198361	46624613	204	1.605
5039fe19-41b3-4aad-ab4d-084a539fde58	14	46624678	46700231	44	1.2938
5039fe19-41b3-4aad-ab4d-084a539fde58	14	46700923	46702084	3	0.1772
5039fe19-41b3-4aad-ab4d-084a539fde58	14	46708629	46767217	38	1.4333
5039fe19-41b3-4aad-ab4d-084a539fde58	14	46776380	47489068	413	0.06
5039fe19-41b3-4aad-ab4d-084a539fde58	14	47493618	48934003	754	1.3549
5039fe19-41b3-4aad-ab4d-084a539fde58	14	48935161	49722075	452	1.5609
5039fe19-41b3-4aad-ab4d-084a539fde58	14	49726850	50371545	345	1.2261
5039fe19-41b3-4aad-ab4d-084a539fde58	14	50374389	55570448	3434	0.044
5039fe19-41b3-4aad-ab4d-084a539fde58	14	55575259	55848193	127	0.5973
5039fe19-41b3-4aad-ab4d-084a539fde58	14	55855565	55869927	10	0.0278
5039fe19-41b3-4aad-ab4d-084a539fde58	14	55873273	55910666	39	0.6403
5039fe19-41b3-4aad-ab4d-084a539fde58	14	55911622	55970175	57	1.4757
5039fe19-41b3-4aad-ab4d-084a539fde58	14	55971531	55976733	8	0.726
5039fe19-41b3-4aad-ab4d-084a539fde58	14	55979643	56011933	25	1.5342
5039fe19-41b3-4aad-ab4d-084a539fde58	14	56021676	56025393	8	0.6726
5039fe19-41b3-4aad-ab4d-084a539fde58	14	56025694	56026278	5	1.3939
5039fe19-41b3-4aad-ab4d-084a539fde58	14	56026727	56101037	91	0.5748
5039fe19-41b3-4aad-ab4d-084a539fde58	14	56102405	56107739	4	0.3764
5039fe19-41b3-4aad-ab4d-084a539fde58	14	56108226	58187001	1486	0.0772
5039fe19-41b3-4aad-ab4d-084a539fde58	14	58188066	58790884	302	-0.1169
5039fe19-41b3-4aad-ab4d-084a539fde58	14	58796568	60579271	1103	0.076
5039fe19-41b3-4aad-ab4d-084a539fde58	14	60587054	61353196	364	0.2146
5039fe19-41b3-4aad-ab4d-084a539fde58	14	61357387	61725369	317	0.0813
5039fe19-41b3-4aad-ab4d-084a539fde58	14	61729543	61793300	16	0.432
5039fe19-41b3-4aad-ab4d-084a539fde58	14	61795807	62900644	741	0.0794
5039fe19-41b3-4aad-ab4d-084a539fde58	14	62901780	65901173	1826	0.2953
5039fe19-41b3-4aad-ab4d-084a539fde58	14	65902166	66016600	88	0.3881
5039fe19-41b3-4aad-ab4d-084a539fde58	14	66020448	66199325	112	0.8209
5039fe19-41b3-4aad-ab4d-084a539fde58	14	66200482	67264922	403	0.3006
5039fe19-41b3-4aad-ab4d-084a539fde58	14	67267761	67366969	50	0.7045
5039fe19-41b3-4aad-ab4d-084a539fde58	14	67371811	67426470	30	0.3035
5039fe19-41b3-4aad-ab4d-084a539fde58	14	67427903	67481782	34	0.6225
5039fe19-41b3-4aad-ab4d-084a539fde58	14	67482031	68136992	329	0.712
5039fe19-41b3-4aad-ab4d-084a539fde58	14	68140306	68315122	115	0.9193
5039fe19-41b3-4aad-ab4d-084a539fde58	14	68316557	68535084	142	0.5568
5039fe19-41b3-4aad-ab4d-084a539fde58	14	68535785	68563786	27	-0.0941
5039fe19-41b3-4aad-ab4d-084a539fde58	14	68565655	69213724	427	0.5465
5039fe19-41b3-4aad-ab4d-084a539fde58	14	69215001	69215155	2	-0.3596
5039fe19-41b3-4aad-ab4d-084a539fde58	14	69223279	69915955	397	0.5265
5039fe19-41b3-4aad-ab4d-084a539fde58	14	69917079	70649723	485	0.6195
5039fe19-41b3-4aad-ab4d-084a539fde58	14	70650766	71376469	445	0.5445
5039fe19-41b3-4aad-ab4d-084a539fde58	14	71390188	71726850	142	0.8741
5039fe19-41b3-4aad-ab4d-084a539fde58	14	71729551	72079281	284	0.4729
5039fe19-41b3-4aad-ab4d-084a539fde58	14	72081918	72312927	226	0.5733
5039fe19-41b3-4aad-ab4d-084a539fde58	14	72315192	73290197	680	0.4595
5039fe19-41b3-4aad-ab4d-084a539fde58	14	73291037	74249710	457	1.3193
5039fe19-41b3-4aad-ab4d-084a539fde58	14	74249800	74697722	238	1.6446
5039fe19-41b3-4aad-ab4d-084a539fde58	14	74699122	78493912	2538	1.4677
5039fe19-41b3-4aad-ab4d-084a539fde58	14	78495739	78909003	291	0.2918
5039fe19-41b3-4aad-ab4d-084a539fde58	14	78910933	89266214	6429	-0.0793
5039fe19-41b3-4aad-ab4d-084a539fde58	14	89267786	94345527	3098	-0.1142
5039fe19-41b3-4aad-ab4d-084a539fde58	14	94346805	97652211	2544	-0.0886
5039fe19-41b3-4aad-ab4d-084a539fde58	14	97652451	98030842	301	0.4724
5039fe19-41b3-4aad-ab4d-084a539fde58	14	98032614	98203125	156	-0.0936
5039fe19-41b3-4aad-ab4d-084a539fde58	14	98203332	98337774	127	-0.2711
5039fe19-41b3-4aad-ab4d-084a539fde58	14	98338005	99952762	1113	-0.0889
5039fe19-41b3-4aad-ab4d-084a539fde58	14	99953096	99969159	3	0.771
5039fe19-41b3-4aad-ab4d-084a539fde58	14	99969622	101888896	1042	-0.084
5039fe19-41b3-4aad-ab4d-084a539fde58	14	101890138	104064614	1001	-0.1461
5039fe19-41b3-4aad-ab4d-084a539fde58	14	104064680	105533894	367	-0.0961
5039fe19-41b3-4aad-ab4d-084a539fde58	15	23437561	23878358	313	0.1337
5039fe19-41b3-4aad-ab4d-084a539fde58	15	23880933	23918904	42	0.6007
5039fe19-41b3-4aad-ab4d-084a539fde58	15	23922908	23983173	45	0.1347
5039fe19-41b3-4aad-ab4d-084a539fde58	15	23983745	24067388	52	0.7316
5039fe19-41b3-4aad-ab4d-084a539fde58	15	24068659	25032641	266	0.1176
5039fe19-41b3-4aad-ab4d-084a539fde58	15	25033495	25116368	72	0.4032
5039fe19-41b3-4aad-ab4d-084a539fde58	15	25117417	30839824	1939	0.123
5039fe19-41b3-4aad-ab4d-084a539fde58	15	30842699	31616932	536	0.555
5039fe19-41b3-4aad-ab4d-084a539fde58	15	31617732	33115106	435	0.3404
5039fe19-41b3-4aad-ab4d-084a539fde58	15	33115342	33287122	131	0.6057
5039fe19-41b3-4aad-ab4d-084a539fde58	15	33288762	33322113	42	0.6442
5039fe19-41b3-4aad-ab4d-084a539fde58	15	33324985	33592422	259	0.8113
5039fe19-41b3-4aad-ab4d-084a539fde58	15	33592558	33701282	109	0.6667
5039fe19-41b3-4aad-ab4d-084a539fde58	15	33701549	33741071	34	1.0712
5039fe19-41b3-4aad-ab4d-084a539fde58	15	33744175	33839055	86	0.8173
5039fe19-41b3-4aad-ab4d-084a539fde58	15	33839950	34217195	242	0.3151
5039fe19-41b3-4aad-ab4d-084a539fde58	15	34225794	34720383	143	-0.2176
5039fe19-41b3-4aad-ab4d-084a539fde58	15	34723576	34986274	199	0.1569
5039fe19-41b3-4aad-ab4d-084a539fde58	15	34986363	35221247	158	-0.2196
5039fe19-41b3-4aad-ab4d-084a539fde58	15	35224597	35275419	29	0.1357
5039fe19-41b3-4aad-ab4d-084a539fde58	15	35279197	35343351	35	-0.2526
5039fe19-41b3-4aad-ab4d-084a539fde58	15	35350077	35896897	326	0.1343
5039fe19-41b3-4aad-ab4d-084a539fde58	15	35897975	36111040	193	0.2918
5039fe19-41b3-4aad-ab4d-084a539fde58	15	36112548	36775631	463	0.1363
5039fe19-41b3-4aad-ab4d-084a539fde58	15	36779059	38884763	1402	-0.1985
5039fe19-41b3-4aad-ab4d-084a539fde58	15	38887120	38887225	2	-1.7329
5039fe19-41b3-4aad-ab4d-084a539fde58	15	38887457	44105474	2685	-0.2331
5039fe19-41b3-4aad-ab4d-084a539fde58	15	44106119	45654779	587	-0.0817
5039fe19-41b3-4aad-ab4d-084a539fde58	15	45655421	48700279	2069	-0.0121
5039fe19-41b3-4aad-ab4d-084a539fde58	15	48700682	58755064	6307	-0.2113
5039fe19-41b3-4aad-ab4d-084a539fde58	15	58756179	60053447	852	-0.2705
5039fe19-41b3-4aad-ab4d-084a539fde58	15	60053668	61854770	1552	-0.2051
5039fe19-41b3-4aad-ab4d-084a539fde58	15	61857220	83117381	12234	-0.235
5039fe19-41b3-4aad-ab4d-084a539fde58	15	83120454	89462468	3639	-0.2074
5039fe19-41b3-4aad-ab4d-084a539fde58	15	89470242	91904411	1434	-0.2635
5039fe19-41b3-4aad-ab4d-084a539fde58	15	91908661	94199669	1396	-0.206
5039fe19-41b3-4aad-ab4d-084a539fde58	15	94199770	94200141	2	-1.3089
5039fe19-41b3-4aad-ab4d-084a539fde58	15	94202577	101344124	4428	-0.204
5039fe19-41b3-4aad-ab4d-084a539fde58	16	603333	4779364	1503	-0.0844
5039fe19-41b3-4aad-ab4d-084a539fde58	16	4781126	28266900	11781	-0.0432
5039fe19-41b3-4aad-ab4d-084a539fde58	16	28271594	31841585	742	-0.0829
5039fe19-41b3-4aad-ab4d-084a539fde58	16	46470502	89317317	27153	-0.2085
5039fe19-41b3-4aad-ab4d-084a539fde58	17	1074619	10295512	4815	0.3887
5039fe19-41b3-4aad-ab4d-084a539fde58	17	10295570	15654216	2731	0.4316
5039fe19-41b3-4aad-ab4d-084a539fde58	17	15654426	21399695	2183	0.3948
5039fe19-41b3-4aad-ab4d-084a539fde58	17	21774057	27015487	26	-0.2616
5039fe19-41b3-4aad-ab4d-084a539fde58	17	27016182	33631275	3335	-0.4486
5039fe19-41b3-4aad-ab4d-084a539fde58	17	34611015	37536300	1440	-0.1898
5039fe19-41b3-4aad-ab4d-084a539fde58	17	37541266	49432124	4849	-0.2685
5039fe19-41b3-4aad-ab4d-084a539fde58	17	49432244	58270061	5454	-0.2211
5039fe19-41b3-4aad-ab4d-084a539fde58	17	58270678	65328115	3241	-0.261
5039fe19-41b3-4aad-ab4d-084a539fde58	17	65328308	65328767	2	-1.393
5039fe19-41b3-4aad-ab4d-084a539fde58	17	65329396	65738306	276	-0.2585
5039fe19-41b3-4aad-ab4d-084a539fde58	17	65745511	67191828	935	-0.2146
5039fe19-41b3-4aad-ab4d-084a539fde58	17	67194313	68509664	625	-0.2867
5039fe19-41b3-4aad-ab4d-084a539fde58	17	68509715	75196245	4123	-0.2241
5039fe19-41b3-4aad-ab4d-084a539fde58	17	75199723	82888640	3156	0.0309
5039fe19-41b3-4aad-ab4d-084a539fde58	17	82890848	82959812	53	0.0956
5039fe19-41b3-4aad-ab4d-084a539fde58	18	326691	21109102	8251	-0.1964
5039fe19-41b3-4aad-ab4d-084a539fde58	18	21109786	24016384	1496	-0.4137
5039fe19-41b3-4aad-ab4d-084a539fde58	18	24019659	24865808	661	-0.0375
5039fe19-41b3-4aad-ab4d-084a539fde58	18	24867421	32274457	4550	-0.3955
5039fe19-41b3-4aad-ab4d-084a539fde58	18	32274793	40853367	5264	-0.3392
5039fe19-41b3-4aad-ab4d-084a539fde58	18	40854126	41125080	152	-0.9301
5039fe19-41b3-4aad-ab4d-084a539fde58	18	41150307	42834928	1012	-0.3398
5039fe19-41b3-4aad-ab4d-084a539fde58	18	42834979	42987393	103	-0.2726
5039fe19-41b3-4aad-ab4d-084a539fde58	18	42989156	42991232	3	-1.4773
5039fe19-41b3-4aad-ab4d-084a539fde58	18	42994065	47772062	2859	-0.2916
5039fe19-41b3-4aad-ab4d-084a539fde58	18	47772108	51042597	2360	-0.3734
5039fe19-41b3-4aad-ab4d-084a539fde58	18	51042625	51761323	557	0.0416
5039fe19-41b3-4aad-ab4d-084a539fde58	18	51764394	52332046	370	-0.3327
5039fe19-41b3-4aad-ab4d-084a539fde58	18	52332329	52335038	4	0.0512
5039fe19-41b3-4aad-ab4d-084a539fde58	18	52338262	55822461	2135	-0.9401
5039fe19-41b3-4aad-ab4d-084a539fde58	18	55831042	56142783	218	-0.3315
5039fe19-41b3-4aad-ab4d-084a539fde58	18	56142891	63001037	4399	-0.9563
5039fe19-41b3-4aad-ab4d-084a539fde58	18	63002204	63006302	3	-4.3221
5039fe19-41b3-4aad-ab4d-084a539fde58	18	63006379	66227911	1788	-0.9484
5039fe19-41b3-4aad-ab4d-084a539fde58	18	66228072	71381922	2948	-0.389
5039fe19-41b3-4aad-ab4d-084a539fde58	18	71382253	74493597	501	-0.694
5039fe19-41b3-4aad-ab4d-084a539fde58	18	74497823	75116263	375	-0.1652
5039fe19-41b3-4aad-ab4d-084a539fde58	18	75118774	79308440	2840	-0.6631
5039fe19-41b3-4aad-ab4d-084a539fde58	18	79322151	79349796	13	-0.1616
5039fe19-41b3-4aad-ab4d-084a539fde58	19	283868	3166717	690	-0.1013
5039fe19-41b3-4aad-ab4d-084a539fde58	19	3167765	6885312	1256	-0.4217
5039fe19-41b3-4aad-ab4d-084a539fde58	19	7112112	7559505	213	0.0589
5039fe19-41b3-4aad-ab4d-084a539fde58	19	7588332	9722450	1053	0.3499
5039fe19-41b3-4aad-ab4d-084a539fde58	19	9722565	10827588	465	0.2404
5039fe19-41b3-4aad-ab4d-084a539fde58	19	10839763	11053013	104	-0.0007
5039fe19-41b3-4aad-ab4d-084a539fde58	19	11057986	11058376	2	-1.0063
5039fe19-41b3-4aad-ab4d-084a539fde58	19	11066732	16376520	2509	0.0091
5039fe19-41b3-4aad-ab4d-084a539fde58	19	16378246	17495593	482	-0.0748
5039fe19-41b3-4aad-ab4d-084a539fde58	19	17509997	17920242	194	0.0306
5039fe19-41b3-4aad-ab4d-084a539fde58	19	17931528	19492883	629	0.0869
5039fe19-41b3-4aad-ab4d-084a539fde58	19	19493515	21547333	383	-0.0321
5039fe19-41b3-4aad-ab4d-084a539fde58	19	21558130	21728314	75	0.2781
5039fe19-41b3-4aad-ab4d-084a539fde58	19	21730165	22673777	325	0.5076
5039fe19-41b3-4aad-ab4d-084a539fde58	19	22675995	23238409	285	0.1765
5039fe19-41b3-4aad-ab4d-084a539fde58	19	23240592	23866591	379	0.3603
5039fe19-41b3-4aad-ab4d-084a539fde58	19	23866608	28166233	306	0.1262
5039fe19-41b3-4aad-ab4d-084a539fde58	19	28167182	28321673	146	0.2995
5039fe19-41b3-4aad-ab4d-084a539fde58	19	28322058	28356703	22	0.4568
5039fe19-41b3-4aad-ab4d-084a539fde58	19	28356775	28835250	337	0.6372
5039fe19-41b3-4aad-ab4d-084a539fde58	19	28835272	28979002	133	0.4236
5039fe19-41b3-4aad-ab4d-084a539fde58	19	28979695	29056017	72	0.0812
5039fe19-41b3-4aad-ab4d-084a539fde58	19	29056411	32109444	2245	-0.0532
5039fe19-41b3-4aad-ab4d-084a539fde58	19	32109958	32999759	526	-0.127
5039fe19-41b3-4aad-ab4d-084a539fde58	19	32999779	33423379	243	0.0577
5039fe19-41b3-4aad-ab4d-084a539fde58	19	33423664	33651187	159	-0.0842
5039fe19-41b3-4aad-ab4d-084a539fde58	19	33653825	33768941	105	0.0912
5039fe19-41b3-4aad-ab4d-084a539fde58	19	33769097	34170792	276	-0.0742
5039fe19-41b3-4aad-ab4d-084a539fde58	19	34176944	35355472	731	0.0571
5039fe19-41b3-4aad-ab4d-084a539fde58	19	35355500	35692997	184	0.2501
5039fe19-41b3-4aad-ab4d-084a539fde58	19	35699161	35916896	89	0.4164
5039fe19-41b3-4aad-ab4d-084a539fde58	19	35919173	36524985	259	0.1475
5039fe19-41b3-4aad-ab4d-084a539fde58	19	36525423	37834896	637	0.244
5039fe19-41b3-4aad-ab4d-084a539fde58	19	37835294	37900832	34	0.067
5039fe19-41b3-4aad-ab4d-084a539fde58	19	37902572	46890755	3836	0.3678
5039fe19-41b3-4aad-ab4d-084a539fde58	19	46896574	53387882	2551	0.5131
5039fe19-41b3-4aad-ab4d-084a539fde58	19	53388820	58340170	2181	0.253
5039fe19-41b3-4aad-ab4d-084a539fde58	19	58341469	58370362	13	0.1599
5039fe19-41b3-4aad-ab4d-084a539fde58	20	472817	5906793	3235	-0.2166
5039fe19-41b3-4aad-ab4d-084a539fde58	20	5906832	17122339	7597	-0.1821
5039fe19-41b3-4aad-ab4d-084a539fde58	20	17122438	31259815	6124	-0.2015
5039fe19-41b3-4aad-ab4d-084a539fde58	20	31262783	32247182	461	0.4551
5039fe19-41b3-4aad-ab4d-084a539fde58	20	32263381	33816419	823	-0.0938
5039fe19-41b3-4aad-ab4d-084a539fde58	20	33821069	34652599	347	0.4148
5039fe19-41b3-4aad-ab4d-084a539fde58	20	34661394	34685599	9	-0.1757
5039fe19-41b3-4aad-ab4d-084a539fde58	20	34687382	36323899	758	0.4247
5039fe19-41b3-4aad-ab4d-084a539fde58	20	36335898	36830859	193	0.7606
5039fe19-41b3-4aad-ab4d-084a539fde58	20	36834448	37133091	236	0.3129
5039fe19-41b3-4aad-ab4d-084a539fde58	20	37134211	37890001	472	0.4528
5039fe19-41b3-4aad-ab4d-084a539fde58	20	37892590	44496488	4464	0.359
5039fe19-41b3-4aad-ab4d-084a539fde58	20	44496908	47892110	2205	0.6561
5039fe19-41b3-4aad-ab4d-084a539fde58	20	47907004	50193088	1322	0.9756
5039fe19-41b3-4aad-ab4d-084a539fde58	20	50193365	50457109	156	0.6502
5039fe19-41b3-4aad-ab4d-084a539fde58	20	50458993	50887672	352	0.5398
5039fe19-41b3-4aad-ab4d-084a539fde58	20	50889658	52621911	1191	0.8961
5039fe19-41b3-4aad-ab4d-084a539fde58	20	52623072	54388448	1278	0.986
5039fe19-41b3-4aad-ab4d-084a539fde58	20	54388814	54467545	50	0.8806
5039fe19-41b3-4aad-ab4d-084a539fde58	20	54469020	54730882	220	0.6069
5039fe19-41b3-4aad-ab4d-084a539fde58	20	54732541	55611193	638	0.9528
5039fe19-41b3-4aad-ab4d-084a539fde58	20	55612272	57429450	1354	0.5831
5039fe19-41b3-4aad-ab4d-084a539fde58	20	57432603	57980751	433	0.9296
5039fe19-41b3-4aad-ab4d-084a539fde58	20	57981538	58251612	209	0.6494
5039fe19-41b3-4aad-ab4d-084a539fde58	20	58251827	59353611	774	1.0043
5039fe19-41b3-4aad-ab4d-084a539fde58	20	59354339	60161075	634	0.6855
5039fe19-41b3-4aad-ab4d-084a539fde58	20	60161416	60695235	467	0.9875
5039fe19-41b3-4aad-ab4d-084a539fde58	20	60695482	61829284	852	0.6732
5039fe19-41b3-4aad-ab4d-084a539fde58	20	61834745	62490138	320	0.972
5039fe19-41b3-4aad-ab4d-084a539fde58	20	62500776	62663245	52	1.2693
5039fe19-41b3-4aad-ab4d-084a539fde58	20	62665059	63588502	314	0.9679
5039fe19-41b3-4aad-ab4d-084a539fde58	21	13974127	14973212	626	-0.0547
5039fe19-41b3-4aad-ab4d-084a539fde58	21	14973310	16772601	1093	0.1455
5039fe19-41b3-4aad-ab4d-084a539fde58	21	16776175	22056747	3562	-0.0362
5039fe19-41b3-4aad-ab4d-084a539fde58	21	22060604	31014480	5607	-0.2451
5039fe19-41b3-4aad-ab4d-084a539fde58	21	31018130	31862084	580	0.3445
5039fe19-41b3-4aad-ab4d-084a539fde58	21	31882519	32002488	99	-0.3007
5039fe19-41b3-4aad-ab4d-084a539fde58	21	32009187	32241608	149	0.4003
5039fe19-41b3-4aad-ab4d-084a539fde58	21	32249246	36031213	2556	-0.266
5039fe19-41b3-4aad-ab4d-084a539fde58	21	36034551	36068948	33	0.3482
5039fe19-41b3-4aad-ab4d-084a539fde58	21	36071267	45764840	6014	-0.2641
5039fe19-41b3-4aad-ab4d-084a539fde58	21	45765942	46262057	252	-0.0817
5039fe19-41b3-4aad-ab4d-084a539fde58	22	16934932	17795671	509	0.1712
5039fe19-41b3-4aad-ab4d-084a539fde58	22	17796287	21751261	269	0.2465
5039fe19-41b3-4aad-ab4d-084a539fde58	22	21751293	25765422	1058	0.1784
5039fe19-41b3-4aad-ab4d-084a539fde58	22	25766808	28145087	2217	0.2324
5039fe19-41b3-4aad-ab4d-084a539fde58	22	28145362	29901824	958	0.1844
5039fe19-41b3-4aad-ab4d-084a539fde58	22	29903337	31541428	877	0.3005
5039fe19-41b3-4aad-ab4d-084a539fde58	22	31544860	34525254	2422	0.0787
5039fe19-41b3-4aad-ab4d-084a539fde58	22	34526459	34527130	2	-1.0385
5039fe19-41b3-4aad-ab4d-084a539fde58	22	34527139	36137894	1041	0.0856
5039fe19-41b3-4aad-ab4d-084a539fde58	22	36186514	36589843	191	-0.27
5039fe19-41b3-4aad-ab4d-084a539fde58	22	36590045	39448788	1440	0.0581
5039fe19-41b3-4aad-ab4d-084a539fde58	22	39461881	39515433	28	0.8025
5039fe19-41b3-4aad-ab4d-084a539fde58	22	39523519	40541357	437	0.529
5039fe19-41b3-4aad-ab4d-084a539fde58	22	40543242	42768404	1122	0.4885
5039fe19-41b3-4aad-ab4d-084a539fde58	22	42775258	48940621	4511	0.5576
5039fe19-41b3-4aad-ab4d-084a539fde58	X	3236359	4549828	233	1.2751
5039fe19-41b3-4aad-ab4d-084a539fde58	X	4554493	4574312	26	2.0084
5039fe19-41b3-4aad-ab4d-084a539fde58	X	5581074	8277756	591	-0.0182
5039fe19-41b3-4aad-ab4d-084a539fde58	X	8433360	8458082	19	0.9871
5039fe19-41b3-4aad-ab4d-084a539fde58	X	8460865	9392763	453	0.6396
5039fe19-41b3-4aad-ab4d-084a539fde58	X	9403842	9693842	236	-0.0561
5039fe19-41b3-4aad-ab4d-084a539fde58	X	9696313	9732186	39	0.0574
5039fe19-41b3-4aad-ab4d-084a539fde58	X	9732478	9798855	38	0.4158
5039fe19-41b3-4aad-ab4d-084a539fde58	X	9800966	12032975	1114	0.058
5039fe19-41b3-4aad-ab4d-084a539fde58	X	12033472	12034573	2	-1.673
5039fe19-41b3-4aad-ab4d-084a539fde58	X	12037777	12526162	464	0.0689
5039fe19-41b3-4aad-ab4d-084a539fde58	X	12526329	14671989	1286	-0.0139
5039fe19-41b3-4aad-ab4d-084a539fde58	X	14673745	15105444	261	1.3586
5039fe19-41b3-4aad-ab4d-084a539fde58	X	15108236	15696773	65	0.6588
5039fe19-41b3-4aad-ab4d-084a539fde58	X	15696824	15696827	3	-0.4708
5039fe19-41b3-4aad-ab4d-084a539fde58	X	15696831	15996597	155	0.666
5039fe19-41b3-4aad-ab4d-084a539fde58	X	16000040	16230230	149	0.9169
5039fe19-41b3-4aad-ab4d-084a539fde58	X	16230637	16248410	8	0.0864
5039fe19-41b3-4aad-ab4d-084a539fde58	X	16254303	16666140	233	0.9051
5039fe19-41b3-4aad-ab4d-084a539fde58	X	16666146	16694825	23	0.3444
5039fe19-41b3-4aad-ab4d-084a539fde58	X	16698962	17131562	203	1.4734
5039fe19-41b3-4aad-ab4d-084a539fde58	X	17134211	17247887	98	-0.0157
5039fe19-41b3-4aad-ab4d-084a539fde58	X	17253759	17481363	46	0.8379
5039fe19-41b3-4aad-ab4d-084a539fde58	X	17483862	17760516	152	0.0489
5039fe19-41b3-4aad-ab4d-084a539fde58	X	17762741	17864899	51	0.9595
5039fe19-41b3-4aad-ab4d-084a539fde58	X	17864970	19289942	439	0.8391
5039fe19-41b3-4aad-ab4d-084a539fde58	X	19290792	20077032	340	1.0391
5039fe19-41b3-4aad-ab4d-084a539fde58	X	20077588	20134104	26	0.7149
5039fe19-41b3-4aad-ab4d-084a539fde58	X	20150168	20887445	369	1.0805
5039fe19-41b3-4aad-ab4d-084a539fde58	X	20897417	20900375	3	0.0074
5039fe19-41b3-4aad-ab4d-084a539fde58	X	20907777	21521596	236	0.4129
5039fe19-41b3-4aad-ab4d-084a539fde58	X	21527037	22226211	422	0.0122
5039fe19-41b3-4aad-ab4d-084a539fde58	X	22244642	22280461	48	0.7248
5039fe19-41b3-4aad-ab4d-084a539fde58	X	22281840	22283864	2	2.5679
5039fe19-41b3-4aad-ab4d-084a539fde58	X	22284084	23514914	606	0.8108
5039fe19-41b3-4aad-ab4d-084a539fde58	X	23531165	23900803	273	-0.0235
5039fe19-41b3-4aad-ab4d-084a539fde58	X	23901522	24063808	72	0.5836
5039fe19-41b3-4aad-ab4d-084a539fde58	X	24068060	24292937	129	-0.0218
5039fe19-41b3-4aad-ab4d-084a539fde58	X	24296386	26324793	1013	0.768
5039fe19-41b3-4aad-ab4d-084a539fde58	X	26325014	28045358	1040	1.1297
5039fe19-41b3-4aad-ab4d-084a539fde58	X	28048693	29441159	756	-0.0047
5039fe19-41b3-4aad-ab4d-084a539fde58	X	29447325	30856563	796	1.1618
5039fe19-41b3-4aad-ab4d-084a539fde58	X	31167939	32193924	713	0.0447
5039fe19-41b3-4aad-ab4d-084a539fde58	X	32194270	32194853	2	1.2878
5039fe19-41b3-4aad-ab4d-084a539fde58	X	32195380	35081267	794	0.017
5039fe19-41b3-4aad-ab4d-084a539fde58	X	35084270	35247724	79	0.4602
5039fe19-41b3-4aad-ab4d-084a539fde58	X	35254338	39082694	1806	0.0109
5039fe19-41b3-4aad-ab4d-084a539fde58	X	39095911	40100174	593	1.1883
5039fe19-41b3-4aad-ab4d-084a539fde58	X	40108803	41056445	505	-0.0308
5039fe19-41b3-4aad-ab4d-084a539fde58	X	41059073	41500826	225	0.5358
5039fe19-41b3-4aad-ab4d-084a539fde58	X	41513770	46777536	2323	0.0052
5039fe19-41b3-4aad-ab4d-084a539fde58	X	46782306	47065154	145	0.3925
5039fe19-41b3-4aad-ab4d-084a539fde58	X	47082681	47165172	39	1.4193
5039fe19-41b3-4aad-ab4d-084a539fde58	X	47170565	50137848	1063	-0.0245
5039fe19-41b3-4aad-ab4d-084a539fde58	X	50142837	51304229	612	0.3799
5039fe19-41b3-4aad-ab4d-084a539fde58	X	51309530	52657472	395	0.0062
5039fe19-41b3-4aad-ab4d-084a539fde58	X	52789762	57063718	1545	0.4012
5039fe19-41b3-4aad-ab4d-084a539fde58	X	57064333	57068808	4	-1.0139
5039fe19-41b3-4aad-ab4d-084a539fde58	X	57069482	57210580	53	0.3887
5039fe19-41b3-4aad-ab4d-084a539fde58	X	57210862	62952913	383	-0.0023
5039fe19-41b3-4aad-ab4d-084a539fde58	X	62953249	63125269	31	0.4265
5039fe19-41b3-4aad-ab4d-084a539fde58	X	63125409	63760257	158	-0.0044
5039fe19-41b3-4aad-ab4d-084a539fde58	X	63765641	69852048	2582	0.4041
5039fe19-41b3-4aad-ab4d-084a539fde58	X	69852518	77504860	2370	0.2027
5039fe19-41b3-4aad-ab4d-084a539fde58	X	77516178	89672269	5579	-0.6028
5039fe19-41b3-4aad-ab4d-084a539fde58	X	89686166	90215160	168	-0.059
5039fe19-41b3-4aad-ab4d-084a539fde58	X	90217056	92174667	209	-0.5223
5039fe19-41b3-4aad-ab4d-084a539fde58	X	92175330	92214341	39	-0.8736
5039fe19-41b3-4aad-ab4d-084a539fde58	X	92215051	92261930	35	-0.5557
5039fe19-41b3-4aad-ab4d-084a539fde58	X	92262039	92262120	2	-2.3167
5039fe19-41b3-4aad-ab4d-084a539fde58	X	92262571	92801899	160	-0.5508
5039fe19-41b3-4aad-ab4d-084a539fde58	X	92802280	92894366	26	-0.0138
5039fe19-41b3-4aad-ab4d-084a539fde58	X	92906844	94077057	472	-0.6222
5039fe19-41b3-4aad-ab4d-084a539fde58	X	94079471	94485046	258	-0.0045
5039fe19-41b3-4aad-ab4d-084a539fde58	X	94486277	96591962	346	-0.6018
5039fe19-41b3-4aad-ab4d-084a539fde58	X	96604051	96609709	7	0.085
5039fe19-41b3-4aad-ab4d-084a539fde58	X	96612426	96672589	44	-0.7236
5039fe19-41b3-4aad-ab4d-084a539fde58	X	96672778	96697308	21	-0.024
5039fe19-41b3-4aad-ab4d-084a539fde58	X	96703210	96761518	37	-0.7413
5039fe19-41b3-4aad-ab4d-084a539fde58	X	96762155	98290090	866	-0.0148
5039fe19-41b3-4aad-ab4d-084a539fde58	X	98290322	98394390	69	-0.6931
5039fe19-41b3-4aad-ab4d-084a539fde58	X	98398331	98546290	63	-0.0137
5039fe19-41b3-4aad-ab4d-084a539fde58	X	98551462	98740248	109	-0.6066
5039fe19-41b3-4aad-ab4d-084a539fde58	X	98743699	102834177	1886	-0.0028
5039fe19-41b3-4aad-ab4d-084a539fde58	X	102837437	102896628	23	-0.5844
5039fe19-41b3-4aad-ab4d-084a539fde58	X	102897769	102975705	44	-0.054
5039fe19-41b3-4aad-ab4d-084a539fde58	X	102980932	104495049	680	-0.62
5039fe19-41b3-4aad-ab4d-084a539fde58	X	104498570	104558152	18	-0.0611
5039fe19-41b3-4aad-ab4d-084a539fde58	X	104558999	104583691	16	-0.7969
5039fe19-41b3-4aad-ab4d-084a539fde58	X	104583774	104609542	18	-0.1413
5039fe19-41b3-4aad-ab4d-084a539fde58	X	104614231	104681777	27	0.0377
5039fe19-41b3-4aad-ab4d-084a539fde58	X	104682972	105029024	191	0.6479
5039fe19-41b3-4aad-ab4d-084a539fde58	X	105036971	105540188	263	0.8818
5039fe19-41b3-4aad-ab4d-084a539fde58	X	105541866	106357714	376	-0.5874
5039fe19-41b3-4aad-ab4d-084a539fde58	X	106364744	106446755	46	0.9766
5039fe19-41b3-4aad-ab4d-084a539fde58	X	106446789	107010372	255	0.5747
5039fe19-41b3-4aad-ab4d-084a539fde58	X	107011960	107537514	49	1.0223
5039fe19-41b3-4aad-ab4d-084a539fde58	X	107538522	107666049	53	0.433
5039fe19-41b3-4aad-ab4d-084a539fde58	X	107666600	107885514	118	0.6284
5039fe19-41b3-4aad-ab4d-084a539fde58	X	107896466	108036224	62	1.028
5039fe19-41b3-4aad-ab4d-084a539fde58	X	108037874	108182124	85	0.0137
5039fe19-41b3-4aad-ab4d-084a539fde58	X	108182370	108317101	84	0.2913
5039fe19-41b3-4aad-ab4d-084a539fde58	X	108317329	147590377	18593	-0.2961
5039fe19-41b3-4aad-ab4d-084a539fde58	X	147591031	147623674	26	0.5773
5039fe19-41b3-4aad-ab4d-084a539fde58	X	147629726	151984824	2308	-0.2886
5039fe19-41b3-4aad-ab4d-084a539fde58	X	151987227	152154045	98	0.6644
5039fe19-41b3-4aad-ab4d-084a539fde58	X	152163253	152163297	2	1.716
5039fe19-41b3-4aad-ab4d-084a539fde58	X	152163484	154554965	570	0.5717
5039fe19-41b3-4aad-ab4d-084a539fde58	X	155651443	155677414	16	-0.9514
