GDC_Aliquot	Chromosome	Start	End	Num_Probes	Segment_Mean
4133ffe3-9263-41d5-958d-6078bab4891e	1	3301765	12049238	4969	0.3573
4133ffe3-9263-41d5-958d-6078bab4891e	1	12053183	12059512	3	-1.5081
4133ffe3-9263-41d5-958d-6078bab4891e	1	12065479	13848616	648	0.3577
4133ffe3-9263-41d5-958d-6078bab4891e	1	13849429	17599047	2079	0.1835
4133ffe3-9263-41d5-958d-6078bab4891e	1	17601219	17627818	10	-0.3247
4133ffe3-9263-41d5-958d-6078bab4891e	1	17627991	31148580	7267	0.176
4133ffe3-9263-41d5-958d-6078bab4891e	1	31150820	31152499	2	-1.755
4133ffe3-9263-41d5-958d-6078bab4891e	1	31152542	51120319	10555	0.1871
4133ffe3-9263-41d5-958d-6078bab4891e	1	51124054	51150684	17	0.8946
4133ffe3-9263-41d5-958d-6078bab4891e	1	51150707	53910028	1474	0.198
4133ffe3-9263-41d5-958d-6078bab4891e	1	53911057	54933259	586	0.4321
4133ffe3-9263-41d5-958d-6078bab4891e	1	54938268	56806142	1440	0.2167
4133ffe3-9263-41d5-958d-6078bab4891e	1	56806619	56806703	2	-1.1589
4133ffe3-9263-41d5-958d-6078bab4891e	1	56806941	67728468	7934	0.2277
4133ffe3-9263-41d5-958d-6078bab4891e	1	67729450	67777714	40	0.294
4133ffe3-9263-41d5-958d-6078bab4891e	1	67778443	87806449	11858	0.4166
4133ffe3-9263-41d5-958d-6078bab4891e	1	87807289	96759009	5487	0.7285
4133ffe3-9263-41d5-958d-6078bab4891e	1	96761119	106764670	5489	-0.0067
4133ffe3-9263-41d5-958d-6078bab4891e	1	106765984	108684220	1152	0.1998
4133ffe3-9263-41d5-958d-6078bab4891e	1	108685540	111849687	1899	-0.0378
4133ffe3-9263-41d5-958d-6078bab4891e	1	111849738	150030136	5186	0.0026
4133ffe3-9263-41d5-958d-6078bab4891e	1	150034478	155451760	2572	0.2013
4133ffe3-9263-41d5-958d-6078bab4891e	1	155454274	157104310	757	0.5612
4133ffe3-9263-41d5-958d-6078bab4891e	1	157107513	159646491	1684	-0.3097
4133ffe3-9263-41d5-958d-6078bab4891e	1	159649566	161313069	1036	-0.3568
4133ffe3-9263-41d5-958d-6078bab4891e	1	161316200	208363742	29919	-0.2944
4133ffe3-9263-41d5-958d-6078bab4891e	1	208367586	208940367	463	-0.0278
4133ffe3-9263-41d5-958d-6078bab4891e	1	208940758	247650984	25051	-0.2928
4133ffe3-9263-41d5-958d-6078bab4891e	2	480597	12166394	7475	-0.0174
4133ffe3-9263-41d5-958d-6078bab4891e	2	12166408	57945481	26602	-0.0021
4133ffe3-9263-41d5-958d-6078bab4891e	2	57945988	57949185	2	1.2111
4133ffe3-9263-41d5-958d-6078bab4891e	2	57954404	58161561	118	0.0471
4133ffe3-9263-41d5-958d-6078bab4891e	2	58163438	84151459	14709	-0.0203
4133ffe3-9263-41d5-958d-6078bab4891e	2	84154266	85427176	738	0.1195
4133ffe3-9263-41d5-958d-6078bab4891e	2	85429224	85506786	35	0.6986
4133ffe3-9263-41d5-958d-6078bab4891e	2	85512688	86057163	342	0.4188
4133ffe3-9263-41d5-958d-6078bab4891e	2	86285979	88825975	698	0.0423
4133ffe3-9263-41d5-958d-6078bab4891e	2	88826632	99129995	1465	0.1744
4133ffe3-9263-41d5-958d-6078bab4891e	2	99152747	139331922	20795	-0.0274
4133ffe3-9263-41d5-958d-6078bab4891e	2	139333370	139333722	2	-1.6576
4133ffe3-9263-41d5-958d-6078bab4891e	2	139338784	177344617	22604	-0.0239
4133ffe3-9263-41d5-958d-6078bab4891e	2	177344767	178852404	877	-0.2969
4133ffe3-9263-41d5-958d-6078bab4891e	2	178855442	180075325	766	-0.0267
4133ffe3-9263-41d5-958d-6078bab4891e	2	180075974	180076075	2	-1.4588
4133ffe3-9263-41d5-958d-6078bab4891e	2	180076759	184775295	2646	-0.03
4133ffe3-9263-41d5-958d-6078bab4891e	2	184781085	184924181	50	0.5574
4133ffe3-9263-41d5-958d-6078bab4891e	2	184926191	193241878	3872	0.3229
4133ffe3-9263-41d5-958d-6078bab4891e	2	193245366	196968487	1560	0.2082
4133ffe3-9263-41d5-958d-6078bab4891e	2	196968806	215377693	10691	-0.0201
4133ffe3-9263-41d5-958d-6078bab4891e	2	215378927	216488186	783	-0.2726
4133ffe3-9263-41d5-958d-6078bab4891e	2	216491008	229667181	8466	-0.0129
4133ffe3-9263-41d5-958d-6078bab4891e	2	229668035	233909016	2058	-0.0592
4133ffe3-9263-41d5-958d-6078bab4891e	2	233909366	237748293	2690	-0.007
4133ffe3-9263-41d5-958d-6078bab4891e	2	237752115	241537572	2044	-0.0599
4133ffe3-9263-41d5-958d-6078bab4891e	3	2170634	12407495	6118	0.2256
4133ffe3-9263-41d5-958d-6078bab4891e	3	12407625	14938617	1721	0.1709
4133ffe3-9263-41d5-958d-6078bab4891e	3	14938632	45574389	18069	0.2135
4133ffe3-9263-41d5-958d-6078bab4891e	3	45575548	52721076	3087	0.168
4133ffe3-9263-41d5-958d-6078bab4891e	3	52723324	71388538	12212	0.2288
4133ffe3-9263-41d5-958d-6078bab4891e	3	71390821	85439590	7694	-0.0286
4133ffe3-9263-41d5-958d-6078bab4891e	3	85441637	90436812	2344	-0.3027
4133ffe3-9263-41d5-958d-6078bab4891e	3	90453712	119788033	14626	0.0032
4133ffe3-9263-41d5-958d-6078bab4891e	3	119790587	125610693	3312	0.2278
4133ffe3-9263-41d5-958d-6078bab4891e	3	125612058	140260303	8232	0.2048
4133ffe3-9263-41d5-958d-6078bab4891e	3	140261653	160634780	10824	0.2358
4133ffe3-9263-41d5-958d-6078bab4891e	3	160635540	167361662	2890	0.203
4133ffe3-9263-41d5-958d-6078bab4891e	3	167362781	178555385	5803	0.2446
4133ffe3-9263-41d5-958d-6078bab4891e	3	178564403	187156894	4476	0.2048
4133ffe3-9263-41d5-958d-6078bab4891e	3	187157047	193416346	4070	0.2405
4133ffe3-9263-41d5-958d-6078bab4891e	3	193416581	197812401	1609	-0.2661
4133ffe3-9263-41d5-958d-6078bab4891e	4	1059384	5452518	2089	0.0724
4133ffe3-9263-41d5-958d-6078bab4891e	4	5455067	16579247	7427	0.2978
4133ffe3-9263-41d5-958d-6078bab4891e	4	16579562	17491220	726	0.3509
4133ffe3-9263-41d5-958d-6078bab4891e	4	17492702	45197488	16628	0.2953
4133ffe3-9263-41d5-958d-6078bab4891e	4	45198643	45378883	102	0.1414
4133ffe3-9263-41d5-958d-6078bab4891e	4	45381232	45612015	111	0.3053
4133ffe3-9263-41d5-958d-6078bab4891e	4	45612667	56122799	4056	0.354
4133ffe3-9263-41d5-958d-6078bab4891e	4	56129436	59687423	2141	0.306
4133ffe3-9263-41d5-958d-6078bab4891e	4	59689377	60598300	555	0.3864
4133ffe3-9263-41d5-958d-6078bab4891e	4	60601687	63363576	1309	0.1867
4133ffe3-9263-41d5-958d-6078bab4891e	4	63364439	63408827	25	0.3035
4133ffe3-9263-41d5-958d-6078bab4891e	4	63413128	63528875	64	0.1504
4133ffe3-9263-41d5-958d-6078bab4891e	4	63538262	84650803	11763	0.0006
4133ffe3-9263-41d5-958d-6078bab4891e	4	84653201	155664314	39245	0.0641
4133ffe3-9263-41d5-958d-6078bab4891e	4	155672936	156130871	315	-0.3822
4133ffe3-9263-41d5-958d-6078bab4891e	4	156132404	160728076	2713	0.087
4133ffe3-9263-41d5-958d-6078bab4891e	4	160728371	160728521	2	1.3118
4133ffe3-9263-41d5-958d-6078bab4891e	4	160731978	161872733	601	0.0423
4133ffe3-9263-41d5-958d-6078bab4891e	4	161880221	185563956	12102	-0.0836
4133ffe3-9263-41d5-958d-6078bab4891e	4	185563974	187299755	1097	-0.0328
4133ffe3-9263-41d5-958d-6078bab4891e	4	187300071	187842528	321	-0.0787
4133ffe3-9263-41d5-958d-6078bab4891e	5	913983	4375669	2183	-0.211
4133ffe3-9263-41d5-958d-6078bab4891e	5	4375749	21698744	10610	-0.176
4133ffe3-9263-41d5-958d-6078bab4891e	5	21699814	31189800	5247	-0.2023
4133ffe3-9263-41d5-958d-6078bab4891e	5	31189882	39408101	4905	-0.1575
4133ffe3-9263-41d5-958d-6078bab4891e	5	39412466	45383300	3156	-0.1813
4133ffe3-9263-41d5-958d-6078bab4891e	5	50828231	51344580	304	-0.046
4133ffe3-9263-41d5-958d-6078bab4891e	5	51345320	68157678	10107	-0.2828
4133ffe3-9263-41d5-958d-6078bab4891e	5	68158668	68168671	6	-1.3556
4133ffe3-9263-41d5-958d-6078bab4891e	5	68169975	161690576	52972	-0.282
4133ffe3-9263-41d5-958d-6078bab4891e	5	161699469	161984553	120	-0.6533
4133ffe3-9263-41d5-958d-6078bab4891e	5	161984564	176623714	9509	-0.2884
4133ffe3-9263-41d5-958d-6078bab4891e	5	176882170	178012562	351	-0.0378
4133ffe3-9263-41d5-958d-6078bab4891e	5	178050723	180911368	1504	-0.6848
4133ffe3-9263-41d5-958d-6078bab4891e	5	180912830	180934240	10	-0.3215
4133ffe3-9263-41d5-958d-6078bab4891e	6	1011760	6716400	4206	0.2326
4133ffe3-9263-41d5-958d-6078bab4891e	6	6717664	20758042	9810	0.2101
4133ffe3-9263-41d5-958d-6078bab4891e	6	20758116	22498210	1208	0.2439
4133ffe3-9263-41d5-958d-6078bab4891e	6	22501958	22502495	3	-0.8863
4133ffe3-9263-41d5-958d-6078bab4891e	6	22505788	25411807	2065	0.2201
4133ffe3-9263-41d5-958d-6078bab4891e	6	25412759	30936171	1921	0.1701
4133ffe3-9263-41d5-958d-6078bab4891e	6	30940222	30940489	2	-1.968
4133ffe3-9263-41d5-958d-6078bab4891e	6	30945681	33588828	495	0.1816
4133ffe3-9263-41d5-958d-6078bab4891e	6	33594943	43732008	6236	-0.0428
4133ffe3-9263-41d5-958d-6078bab4891e	6	43738305	48091172	2680	-0.0005
4133ffe3-9263-41d5-958d-6078bab4891e	6	48104963	49254566	559	-0.0581
4133ffe3-9263-41d5-958d-6078bab4891e	6	49257101	50448087	649	0.187
4133ffe3-9263-41d5-958d-6078bab4891e	6	50453670	57328568	4278	-0.0157
4133ffe3-9263-41d5-958d-6078bab4891e	6	57329320	61991916	181	0.2353
4133ffe3-9263-41d5-958d-6078bab4891e	6	61992183	69528407	4095	-0.0328
4133ffe3-9263-41d5-958d-6078bab4891e	6	69531977	70619562	686	0.6685
4133ffe3-9263-41d5-958d-6078bab4891e	6	70620829	72834777	1270	0.5269
4133ffe3-9263-41d5-958d-6078bab4891e	6	72835012	73001180	120	0.7026
4133ffe3-9263-41d5-958d-6078bab4891e	6	73001217	77024611	2299	0.4364
4133ffe3-9263-41d5-958d-6078bab4891e	6	77029740	85389884	4687	-0.0052
4133ffe3-9263-41d5-958d-6078bab4891e	6	85390095	89983788	2576	0.2127
4133ffe3-9263-41d5-958d-6078bab4891e	6	89987652	94617621	2457	-0.0235
4133ffe3-9263-41d5-958d-6078bab4891e	6	94620977	95973609	331	0.3756
4133ffe3-9263-41d5-958d-6078bab4891e	6	95990052	100499795	2781	-0.0347
4133ffe3-9263-41d5-958d-6078bab4891e	6	100501946	100705789	87	0.3831
4133ffe3-9263-41d5-958d-6078bab4891e	6	100782506	113852882	7816	-0.0109
4133ffe3-9263-41d5-958d-6078bab4891e	6	113861747	166503069	32260	0.2346
4133ffe3-9263-41d5-958d-6078bab4891e	6	166503852	168457458	515	0.4132
4133ffe3-9263-41d5-958d-6078bab4891e	6	168461894	170596889	800	0.013
4133ffe3-9263-41d5-958d-6078bab4891e	7	664936	12574915	5340	-0.048
4133ffe3-9263-41d5-958d-6078bab4891e	7	12579010	40256136	17736	-0.0187
4133ffe3-9263-41d5-958d-6078bab4891e	7	40257409	52705128	8025	0.2242
4133ffe3-9263-41d5-958d-6078bab4891e	7	52708262	52725658	10	-0.423
4133ffe3-9263-41d5-958d-6078bab4891e	7	52725693	55593810	1980	0.2192
4133ffe3-9263-41d5-958d-6078bab4891e	7	55593813	69984510	3039	0.1742
4133ffe3-9263-41d5-958d-6078bab4891e	7	69988459	77850032	2841	-0.0606
4133ffe3-9263-41d5-958d-6078bab4891e	7	77852722	82991305	3275	-0.018
4133ffe3-9263-41d5-958d-6078bab4891e	7	82991684	102884310	9546	-0.0414
4133ffe3-9263-41d5-958d-6078bab4891e	7	102884794	141862841	21732	-0.0093
4133ffe3-9263-41d5-958d-6078bab4891e	7	141862961	158592540	8338	-0.0776
4133ffe3-9263-41d5-958d-6078bab4891e	8	667625	31478886	18521	-0.639
4133ffe3-9263-41d5-958d-6078bab4891e	8	31481740	31613021	70	-0.2634
4133ffe3-9263-41d5-958d-6078bab4891e	8	31616521	35566276	2370	-0.6244
4133ffe3-9263-41d5-958d-6078bab4891e	8	35566562	35781975	135	-0.0198
4133ffe3-9263-41d5-958d-6078bab4891e	8	35785337	36085983	125	0.231
4133ffe3-9263-41d5-958d-6078bab4891e	8	36086957	36348741	139	1.0241
4133ffe3-9263-41d5-958d-6078bab4891e	8	36351260	36915709	202	0.6001
4133ffe3-9263-41d5-958d-6078bab4891e	8	36917840	37544732	447	0.12
4133ffe3-9263-41d5-958d-6078bab4891e	8	37545311	40524280	1500	-0.1288
4133ffe3-9263-41d5-958d-6078bab4891e	8	40524825	46557601	1535	0.1047
4133ffe3-9263-41d5-958d-6078bab4891e	8	46558899	52000640	2710	0.5025
4133ffe3-9263-41d5-958d-6078bab4891e	8	52001092	52793185	451	0.594
4133ffe3-9263-41d5-958d-6078bab4891e	8	52793603	56950046	2470	0.3433
4133ffe3-9263-41d5-958d-6078bab4891e	8	56953917	57348712	227	0.5996
4133ffe3-9263-41d5-958d-6078bab4891e	8	57351452	64239618	4353	0.3636
4133ffe3-9263-41d5-958d-6078bab4891e	8	64252791	69578533	2924	0.415
4133ffe3-9263-41d5-958d-6078bab4891e	8	69580124	82443849	7461	0.3764
4133ffe3-9263-41d5-958d-6078bab4891e	8	82444377	83166271	391	0.2109
4133ffe3-9263-41d5-958d-6078bab4891e	8	83175188	83227523	32	0.4377
4133ffe3-9263-41d5-958d-6078bab4891e	8	83243042	83251300	7	0.6035
4133ffe3-9263-41d5-958d-6078bab4891e	8	83264429	83405479	72	1.1613
4133ffe3-9263-41d5-958d-6078bab4891e	8	83405653	83601075	101	0.9015
4133ffe3-9263-41d5-958d-6078bab4891e	8	83601098	83721569	80	0.6759
4133ffe3-9263-41d5-958d-6078bab4891e	8	83722947	84500738	423	0.4976
4133ffe3-9263-41d5-958d-6078bab4891e	8	84501264	104864510	11577	0.2256
4133ffe3-9263-41d5-958d-6078bab4891e	8	104864999	104867017	3	-0.7627
4133ffe3-9263-41d5-958d-6078bab4891e	8	104867126	109795764	2606	0.2434
4133ffe3-9263-41d5-958d-6078bab4891e	8	109797010	112881504	1574	0.392
4133ffe3-9263-41d5-958d-6078bab4891e	8	112881596	113931451	555	0.52
4133ffe3-9263-41d5-958d-6078bab4891e	8	113934181	120264842	3975	0.2286
4133ffe3-9263-41d5-958d-6078bab4891e	8	120265157	122326518	1268	0.352
4133ffe3-9263-41d5-958d-6078bab4891e	8	122326616	144182542	13812	0.2127
4133ffe3-9263-41d5-958d-6078bab4891e	9	789794	4991135	3060	0.7836
4133ffe3-9263-41d5-958d-6078bab4891e	9	4991748	4993043	5	0.0281
4133ffe3-9263-41d5-958d-6078bab4891e	9	4993082	7580951	1061	0.7816
4133ffe3-9263-41d5-958d-6078bab4891e	9	7582441	9108336	1084	0.2932
4133ffe3-9263-41d5-958d-6078bab4891e	9	9112698	11275227	1136	0.2289
4133ffe3-9263-41d5-958d-6078bab4891e	9	12527414	13633209	709	0.66
4133ffe3-9263-41d5-958d-6078bab4891e	9	13634207	14510368	792	0.8053
4133ffe3-9263-41d5-958d-6078bab4891e	9	14517557	14582422	70	0.02
4133ffe3-9263-41d5-958d-6078bab4891e	9	14583871	16333574	1388	-0.6482
4133ffe3-9263-41d5-958d-6078bab4891e	9	16335471	16336196	2	-2.2318
4133ffe3-9263-41d5-958d-6078bab4891e	9	16336252	16613689	239	-0.6547
4133ffe3-9263-41d5-958d-6078bab4891e	9	16613982	26651166	6906	-0.2852
4133ffe3-9263-41d5-958d-6078bab4891e	9	26651366	27049085	246	-0.027
4133ffe3-9263-41d5-958d-6078bab4891e	9	27050581	27051092	3	-0.4117
4133ffe3-9263-41d5-958d-6078bab4891e	9	27054496	27879796	698	0.4151
4133ffe3-9263-41d5-958d-6078bab4891e	9	27880350	28167364	217	-0.0175
4133ffe3-9263-41d5-958d-6078bab4891e	9	28355727	31051107	1160	-0.6671
4133ffe3-9263-41d5-958d-6078bab4891e	9	31054599	31055640	3	-0.3934
4133ffe3-9263-41d5-958d-6078bab4891e	9	31063412	31708228	418	0.2156
4133ffe3-9263-41d5-958d-6078bab4891e	9	31708752	34146782	1599	-0.2967
4133ffe3-9263-41d5-958d-6078bab4891e	9	34151282	34159900	10	-0.8079
4133ffe3-9263-41d5-958d-6078bab4891e	9	34163907	34575040	197	-0.2433
4133ffe3-9263-41d5-958d-6078bab4891e	9	34578800	34623238	33	0.0191
4133ffe3-9263-41d5-958d-6078bab4891e	9	34631162	38752071	2522	-0.2752
4133ffe3-9263-41d5-958d-6078bab4891e	9	68423153	68815655	347	0.817
4133ffe3-9263-41d5-958d-6078bab4891e	9	68816066	86719896	12360	0.1918
4133ffe3-9263-41d5-958d-6078bab4891e	9	86724407	88590870	1352	0.5768
4133ffe3-9263-41d5-958d-6078bab4891e	9	88592086	88976765	271	0.6994
4133ffe3-9263-41d5-958d-6078bab4891e	9	88979500	97032998	5064	0.3669
4133ffe3-9263-41d5-958d-6078bab4891e	9	97042221	98542066	933	-0.0787
4133ffe3-9263-41d5-958d-6078bab4891e	9	98547988	121198498	15550	-0.0429
4133ffe3-9263-41d5-958d-6078bab4891e	9	121199195	138044505	8972	-0.0896
4133ffe3-9263-41d5-958d-6078bab4891e	10	366509	32484675	22609	-0.3002
4133ffe3-9263-41d5-958d-6078bab4891e	10	32489298	32557509	26	-0.8755
4133ffe3-9263-41d5-958d-6078bab4891e	10	32570564	133411599	58559	-0.2953
4133ffe3-9263-41d5-958d-6078bab4891e	11	456012	8316968	4185	-0.0377
4133ffe3-9263-41d5-958d-6078bab4891e	11	8318306	20726505	8813	-0.0122
4133ffe3-9263-41d5-958d-6078bab4891e	11	20728111	26091328	3543	-0.0386
4133ffe3-9263-41d5-958d-6078bab4891e	11	26094019	37708020	7208	0.0019
4133ffe3-9263-41d5-958d-6078bab4891e	11	37708266	59008079	8466	-0.0211
4133ffe3-9263-41d5-958d-6078bab4891e	11	59008725	73584118	6303	-0.0515
4133ffe3-9263-41d5-958d-6078bab4891e	11	73584783	83615936	6151	-0.0159
4133ffe3-9263-41d5-958d-6078bab4891e	11	83625269	83767909	87	-1.0988
4133ffe3-9263-41d5-958d-6078bab4891e	11	83775780	83924304	122	-0.0111
4133ffe3-9263-41d5-958d-6078bab4891e	11	83930465	84358092	265	-1.1477
4133ffe3-9263-41d5-958d-6078bab4891e	11	84472844	85547803	570	-0.0125
4133ffe3-9263-41d5-958d-6078bab4891e	11	85551741	86024237	247	-1.1428
4133ffe3-9263-41d5-958d-6078bab4891e	11	86024992	113095047	16746	-0.0014
4133ffe3-9263-41d5-958d-6078bab4891e	11	113097540	134272740	14796	-0.2923
4133ffe3-9263-41d5-958d-6078bab4891e	12	780472	1054481	130	0.51
4133ffe3-9263-41d5-958d-6078bab4891e	12	1056560	1112660	34	0.1829
4133ffe3-9263-41d5-958d-6078bab4891e	12	1117070	18202502	9817	-0.2943
4133ffe3-9263-41d5-958d-6078bab4891e	12	18205337	25103726	4268	-0.2574
4133ffe3-9263-41d5-958d-6078bab4891e	12	25105523	26798767	1296	-1.1368
4133ffe3-9263-41d5-958d-6078bab4891e	12	26801944	28168263	810	-0.2635
4133ffe3-9263-41d5-958d-6078bab4891e	12	28172185	28281232	56	-0.6458
4133ffe3-9263-41d5-958d-6078bab4891e	12	28284105	28355842	40	0.1096
4133ffe3-9263-41d5-958d-6078bab4891e	12	28356588	33363499	3219	-0.0061
4133ffe3-9263-41d5-958d-6078bab4891e	12	33365705	40515120	931	0.1788
4133ffe3-9263-41d5-958d-6078bab4891e	12	40515915	43520975	1652	0.2171
4133ffe3-9263-41d5-958d-6078bab4891e	12	43522413	43523374	3	1.0581
4133ffe3-9263-41d5-958d-6078bab4891e	12	43529698	47751673	2363	0.2132
4133ffe3-9263-41d5-958d-6078bab4891e	12	47752652	65444749	9750	0.1798
4133ffe3-9263-41d5-958d-6078bab4891e	12	65445329	74805577	5865	0.2012
4133ffe3-9263-41d5-958d-6078bab4891e	12	74806069	81670607	4409	0.2286
4133ffe3-9263-41d5-958d-6078bab4891e	12	81670868	82320802	397	0.1661
4133ffe3-9263-41d5-958d-6078bab4891e	12	82331399	82331587	2	-1.1239
4133ffe3-9263-41d5-958d-6078bab4891e	12	82333080	106172863	14944	0.2009
4133ffe3-9263-41d5-958d-6078bab4891e	12	106173353	123539699	9907	0.1722
4133ffe3-9263-41d5-958d-6078bab4891e	12	123548279	123551547	2	-0.9133
4133ffe3-9263-41d5-958d-6078bab4891e	12	123552865	132605822	4363	0.1842
4133ffe3-9263-41d5-958d-6078bab4891e	13	18874255	48268612	18658	-0.2903
4133ffe3-9263-41d5-958d-6078bab4891e	13	48270007	48312665	40	-1.0383
4133ffe3-9263-41d5-958d-6078bab4891e	13	48312693	93559186	24726	-0.3049
4133ffe3-9263-41d5-958d-6078bab4891e	13	93566886	112607731	12971	-0.0069
4133ffe3-9263-41d5-958d-6078bab4891e	13	112610927	114226675	516	0.3925
4133ffe3-9263-41d5-958d-6078bab4891e	14	20033191	43858346	12719	0.2036
4133ffe3-9263-41d5-958d-6078bab4891e	14	43858621	44350506	127	0.4271
4133ffe3-9263-41d5-958d-6078bab4891e	14	44465304	44510812	23	-1.1383
4133ffe3-9263-41d5-958d-6078bab4891e	14	44514220	50166670	2657	0.3757
4133ffe3-9263-41d5-958d-6078bab4891e	14	50166967	50331319	90	-0.3108
4133ffe3-9263-41d5-958d-6078bab4891e	14	50331797	63740552	8611	0.3919
4133ffe3-9263-41d5-958d-6078bab4891e	14	63740788	78740781	9222	0.3573
4133ffe3-9263-41d5-958d-6078bab4891e	14	78743066	88265630	6088	0.3878
4133ffe3-9263-41d5-958d-6078bab4891e	14	88266430	95421574	4448	0.3572
4133ffe3-9263-41d5-958d-6078bab4891e	14	95422154	95422960	3	1.3215
4133ffe3-9263-41d5-958d-6078bab4891e	14	95423304	105453862	5729	0.3465
4133ffe3-9263-41d5-958d-6078bab4891e	14	105468051	105533894	16	0.0847
4133ffe3-9263-41d5-958d-6078bab4891e	15	23437561	90811552	38189	-0.0407
4133ffe3-9263-41d5-958d-6078bab4891e	15	90812502	90813023	2	-1.6361
4133ffe3-9263-41d5-958d-6078bab4891e	15	90813274	101344124	6551	-0.0505
4133ffe3-9263-41d5-958d-6078bab4891e	16	603333	4982909	1628	-0.0735
4133ffe3-9263-41d5-958d-6078bab4891e	16	4983981	27423717	11200	-0.0315
4133ffe3-9263-41d5-958d-6078bab4891e	16	27426226	46470502	1196	-0.0635
4133ffe3-9263-41d5-958d-6078bab4891e	16	46473753	47096681	231	-0.3095
4133ffe3-9263-41d5-958d-6078bab4891e	16	47106375	47634645	203	0.4723
4133ffe3-9263-41d5-958d-6078bab4891e	16	47635924	47767288	62	0.2243
4133ffe3-9263-41d5-958d-6078bab4891e	16	47768437	49782471	1339	0.0317
4133ffe3-9263-41d5-958d-6078bab4891e	16	49787468	50934316	696	-0.2958
4133ffe3-9263-41d5-958d-6078bab4891e	16	50936511	50952993	17	0.2829
4133ffe3-9263-41d5-958d-6078bab4891e	16	50956307	82657148	20842	-0.2939
4133ffe3-9263-41d5-958d-6078bab4891e	16	82698135	84148194	1279	0.2208
4133ffe3-9263-41d5-958d-6078bab4891e	16	84900412	85301427	250	0.5553
4133ffe3-9263-41d5-958d-6078bab4891e	16	85302129	85302229	2	-0.7673
4133ffe3-9263-41d5-958d-6078bab4891e	16	85302897	86482004	930	0.5703
4133ffe3-9263-41d5-958d-6078bab4891e	16	86486971	87664651	937	1.0683
4133ffe3-9263-41d5-958d-6078bab4891e	16	87674579	87675352	2	-0.19
4133ffe3-9263-41d5-958d-6078bab4891e	16	87676327	89317317	356	1.0211
4133ffe3-9263-41d5-958d-6078bab4891e	17	1074619	3796825	1214	0.051
4133ffe3-9263-41d5-958d-6078bab4891e	17	3800910	11150287	4112	-0.1544
4133ffe3-9263-41d5-958d-6078bab4891e	17	11150373	13833739	1926	0.0327
4133ffe3-9263-41d5-958d-6078bab4891e	17	13833820	17881060	1286	-0.1415
4133ffe3-9263-41d5-958d-6078bab4891e	17	17884458	18390113	284	0.2653
4133ffe3-9263-41d5-958d-6078bab4891e	17	18647546	18957450	112	0.5073
4133ffe3-9263-41d5-958d-6078bab4891e	17	18957997	19274746	17	0.1624
4133ffe3-9263-41d5-958d-6078bab4891e	17	19283031	21774057	781	0.1019
4133ffe3-9263-41d5-958d-6078bab4891e	17	26943491	28412122	698	-0.0349
4133ffe3-9263-41d5-958d-6078bab4891e	17	28414756	30307236	809	-0.2697
4133ffe3-9263-41d5-958d-6078bab4891e	17	30309895	32849022	1116	-0.0523
4133ffe3-9263-41d5-958d-6078bab4891e	17	32851582	38315573	2345	-0.2779
4133ffe3-9263-41d5-958d-6078bab4891e	17	38320537	40271954	892	-0.0286
4133ffe3-9263-41d5-958d-6078bab4891e	17	40280824	45436394	2424	-0.2854
4133ffe3-9263-41d5-958d-6078bab4891e	17	45461373	52361301	2941	-0.0364
4133ffe3-9263-41d5-958d-6078bab4891e	17	52363558	52485503	95	0.1707
4133ffe3-9263-41d5-958d-6078bab4891e	17	52488167	57755232	3482	-0.2904
4133ffe3-9263-41d5-958d-6078bab4891e	17	57757138	58827031	576	-0.0148
4133ffe3-9263-41d5-958d-6078bab4891e	17	58829019	59701541	353	0.1801
4133ffe3-9263-41d5-958d-6078bab4891e	17	59702024	64220911	2115	-0.2927
4133ffe3-9263-41d5-958d-6078bab4891e	17	64221759	64226560	2	-1.775
4133ffe3-9263-41d5-958d-6078bab4891e	17	64226762	72467317	5235	-0.285
4133ffe3-9263-41d5-958d-6078bab4891e	17	72470272	82959812	4439	-0.3217
4133ffe3-9263-41d5-958d-6078bab4891e	18	326691	1593088	477	0.0924
4133ffe3-9263-41d5-958d-6078bab4891e	18	1593468	24412209	9549	-0.018
4133ffe3-9263-41d5-958d-6078bab4891e	18	24412228	24531551	94	0.0642
4133ffe3-9263-41d5-958d-6078bab4891e	18	24532380	26616261	1371	0.2333
4133ffe3-9263-41d5-958d-6078bab4891e	18	26616966	30609165	2433	0.4349
4133ffe3-9263-41d5-958d-6078bab4891e	18	30611960	36988546	3977	0.7637
4133ffe3-9263-41d5-958d-6078bab4891e	18	36991774	39351179	1503	-0.0289
4133ffe3-9263-41d5-958d-6078bab4891e	18	39351837	41062405	953	-0.3133
4133ffe3-9263-41d5-958d-6078bab4891e	18	41063108	41358436	134	-0.1464
4133ffe3-9263-41d5-958d-6078bab4891e	18	41358750	59778626	12000	-0.296
4133ffe3-9263-41d5-958d-6078bab4891e	18	59784460	61635017	1152	-0.6385
4133ffe3-9263-41d5-958d-6078bab4891e	18	61635219	61640935	4	-0.3151
4133ffe3-9263-41d5-958d-6078bab4891e	18	61641006	62205504	361	0.0385
4133ffe3-9263-41d5-958d-6078bab4891e	18	62208077	64797815	1660	-0.2817
4133ffe3-9263-41d5-958d-6078bab4891e	18	64798715	69208543	2176	0.2576
4133ffe3-9263-41d5-958d-6078bab4891e	18	69209243	79349796	5058	-0.6677
4133ffe3-9263-41d5-958d-6078bab4891e	19	283868	2856761	573	-0.3474
4133ffe3-9263-41d5-958d-6078bab4891e	19	2865532	9077140	2296	0.1159
4133ffe3-9263-41d5-958d-6078bab4891e	19	9084392	9484445	226	-0.0667
4133ffe3-9263-41d5-958d-6078bab4891e	19	9485132	9985394	241	0.1197
4133ffe3-9263-41d5-958d-6078bab4891e	19	9988362	15004945	2147	-0.0623
4133ffe3-9263-41d5-958d-6078bab4891e	19	15005325	16358896	799	0.1059
4133ffe3-9263-41d5-958d-6078bab4891e	19	16368474	16457132	54	0.3202
4133ffe3-9263-41d5-958d-6078bab4891e	19	16458603	16566478	48	0.1416
4133ffe3-9263-41d5-958d-6078bab4891e	19	16625585	17871001	557	0.7479
4133ffe3-9263-41d5-958d-6078bab4891e	19	17878597	18422983	233	0.0627
4133ffe3-9263-41d5-958d-6078bab4891e	19	18432543	18737022	107	-0.1009
4133ffe3-9263-41d5-958d-6078bab4891e	19	18741104	21107737	480	0.1284
4133ffe3-9263-41d5-958d-6078bab4891e	19	21116149	21388461	148	0.5119
4133ffe3-9263-41d5-958d-6078bab4891e	19	21404606	23872082	1143	-0.3009
4133ffe3-9263-41d5-958d-6078bab4891e	19	27749470	29025591	982	0.349
4133ffe3-9263-41d5-958d-6078bab4891e	19	29027660	29545117	444	0.5332
4133ffe3-9263-41d5-958d-6078bab4891e	19	29545824	30793899	860	0.351
4133ffe3-9263-41d5-958d-6078bab4891e	19	30797211	30797633	2	-1.5437
4133ffe3-9263-41d5-958d-6078bab4891e	19	30799692	34939482	2735	0.3652
4133ffe3-9263-41d5-958d-6078bab4891e	19	34942034	36472277	781	0.2996
4133ffe3-9263-41d5-958d-6078bab4891e	19	36473474	36900985	240	0.3892
4133ffe3-9263-41d5-958d-6078bab4891e	19	36904004	58370362	9035	0.1776
4133ffe3-9263-41d5-958d-6078bab4891e	20	472817	2507648	1382	0.1785
4133ffe3-9263-41d5-958d-6078bab4891e	20	2510357	6005588	1931	-0.3217
4133ffe3-9263-41d5-958d-6078bab4891e	20	6012241	6287237	189	0.0059
4133ffe3-9263-41d5-958d-6078bab4891e	20	6289259	8104743	1246	-0.2906
4133ffe3-9263-41d5-958d-6078bab4891e	20	8605879	11500556	2322	0.6776
4133ffe3-9263-41d5-958d-6078bab4891e	20	11500629	12565627	686	0.3333
4133ffe3-9263-41d5-958d-6078bab4891e	20	12565969	13329871	592	0.6602
4133ffe3-9263-41d5-958d-6078bab4891e	20	13332535	14585075	663	-0.1742
4133ffe3-9263-41d5-958d-6078bab4891e	20	14625754	14710476	46	-1.2577
4133ffe3-9263-41d5-958d-6078bab4891e	20	14711021	17620785	2200	-0.197
4133ffe3-9263-41d5-958d-6078bab4891e	20	17623615	31247668	5690	0.0745
4133ffe3-9263-41d5-958d-6078bab4891e	20	31256075	34384272	1534	0.1887
4133ffe3-9263-41d5-958d-6078bab4891e	20	34386933	35071678	297	0.3537
4133ffe3-9263-41d5-958d-6078bab4891e	20	35075395	35457828	199	-0.0426
4133ffe3-9263-41d5-958d-6078bab4891e	20	35460287	43294115	4952	-0.2903
4133ffe3-9263-41d5-958d-6078bab4891e	20	43296454	43788235	295	-0.0242
4133ffe3-9263-41d5-958d-6078bab4891e	20	43792768	43794068	2	1.0809
4133ffe3-9263-41d5-958d-6078bab4891e	20	43795185	52060146	5363	-0.019
4133ffe3-9263-41d5-958d-6078bab4891e	20	52060250	59398174	5368	-0.2911
4133ffe3-9263-41d5-958d-6078bab4891e	20	59398537	63588502	2580	-0.3293
4133ffe3-9263-41d5-958d-6078bab4891e	21	13974127	18157574	2598	0.2118
4133ffe3-9263-41d5-958d-6078bab4891e	21	18158396	18161075	2	-1.1039
4133ffe3-9263-41d5-958d-6078bab4891e	21	18162519	24213071	3669	0.1995
4133ffe3-9263-41d5-958d-6078bab4891e	21	24215936	24216026	3	-0.9137
4133ffe3-9263-41d5-958d-6078bab4891e	21	24216643	25282634	744	0.1846
4133ffe3-9263-41d5-958d-6078bab4891e	21	25288411	42068760	11757	0.2118
4133ffe3-9263-41d5-958d-6078bab4891e	21	42068978	46262057	1801	0.1656
4133ffe3-9263-41d5-958d-6078bab4891e	22	16934932	25219358	1697	0.5274
4133ffe3-9263-41d5-958d-6078bab4891e	22	25219457	28649701	2605	0.5695
4133ffe3-9263-41d5-958d-6078bab4891e	22	28650252	29454970	476	0.5341
4133ffe3-9263-41d5-958d-6078bab4891e	22	29458884	31544860	1110	0.5031
4133ffe3-9263-41d5-958d-6078bab4891e	22	31545926	36195334	3473	0.5519
4133ffe3-9263-41d5-958d-6078bab4891e	22	36199751	43108228	3431	0.5001
4133ffe3-9263-41d5-958d-6078bab4891e	22	43114712	48940621	4289	0.5335
4133ffe3-9263-41d5-958d-6078bab4891e	X	3236359	25742419	9573	-0.1635
4133ffe3-9263-41d5-958d-6078bab4891e	X	25742626	30813061	2931	-0.2015
4133ffe3-9263-41d5-958d-6078bab4891e	X	30816435	31228949	78	0.1213
4133ffe3-9263-41d5-958d-6078bab4891e	X	31229169	31549132	216	-0.1746
4133ffe3-9263-41d5-958d-6078bab4891e	X	31549375	72573121	14783	0.0583
4133ffe3-9263-41d5-958d-6078bab4891e	X	72573208	102114572	11595	0.029
4133ffe3-9263-41d5-958d-6078bab4891e	X	102115066	155677414	24274	0.0538
