GDC_Aliquot	Chromosome	Start	End	Num_Probes	Segment_Mean
eedf4d2b-9930-4364-a103-28937ff78d35	1	3301765	66281673	35853	-0.0038
eedf4d2b-9930-4364-a103-28937ff78d35	1	66281930	66285081	3	-2.3767
eedf4d2b-9930-4364-a103-28937ff78d35	1	66291344	102852113	22025	0.0047
eedf4d2b-9930-4364-a103-28937ff78d35	1	102852687	102856163	2	-3.4777
eedf4d2b-9930-4364-a103-28937ff78d35	1	102856785	247650984	71416	0.0008
eedf4d2b-9930-4364-a103-28937ff78d35	2	480597	36676623	21901	0.0043
eedf4d2b-9930-4364-a103-28937ff78d35	2	36677185	36677299	2	-1.644
eedf4d2b-9930-4364-a103-28937ff78d35	2	36677870	51287991	8624	0.0067
eedf4d2b-9930-4364-a103-28937ff78d35	2	51289903	51297528	12	-1.0665
eedf4d2b-9930-4364-a103-28937ff78d35	2	51297887	241537572	101283	0.0059
eedf4d2b-9930-4364-a103-28937ff78d35	3	2170634	197812401	106812	0.0035
eedf4d2b-9930-4364-a103-28937ff78d35	4	1059384	187842528	103171	0.0027
eedf4d2b-9930-4364-a103-28937ff78d35	5	913983	2271849	382	0.0071
eedf4d2b-9930-4364-a103-28937ff78d35	5	2274995	2276209	6	-1.3802
eedf4d2b-9930-4364-a103-28937ff78d35	5	2277382	11950742	7569	0.0037
eedf4d2b-9930-4364-a103-28937ff78d35	5	11951405	11961395	3	-1.3523
eedf4d2b-9930-4364-a103-28937ff78d35	5	11966638	151529948	74644	0.003
eedf4d2b-9930-4364-a103-28937ff78d35	5	151530011	151536383	5	-1.5038
eedf4d2b-9930-4364-a103-28937ff78d35	5	151538173	180934240	18211	0.0011
eedf4d2b-9930-4364-a103-28937ff78d35	6	1011760	170596889	96858	0.0036
eedf4d2b-9930-4364-a103-28937ff78d35	7	664936	109120096	55362	0.0032
eedf4d2b-9930-4364-a103-28937ff78d35	7	109122934	109131219	8	-1.347
eedf4d2b-9930-4364-a103-28937ff78d35	7	109136237	158592540	26318	0.0004
eedf4d2b-9930-4364-a103-28937ff78d35	8	667625	144182542	81954	0.0019
eedf4d2b-9930-4364-a103-28937ff78d35	9	789794	138044505	68250	0.0007
eedf4d2b-9930-4364-a103-28937ff78d35	10	366509	18915930	13492	0.0117
eedf4d2b-9930-4364-a103-28937ff78d35	10	18916174	18957788	15	0.5828
eedf4d2b-9930-4364-a103-28937ff78d35	10	18958218	27794576	5667	0.0102
eedf4d2b-9930-4364-a103-28937ff78d35	10	27794727	27795080	2	-1.5147
eedf4d2b-9930-4364-a103-28937ff78d35	10	27796896	29810743	1522	0.0041
eedf4d2b-9930-4364-a103-28937ff78d35	10	29811627	29814842	4	-0.9254
eedf4d2b-9930-4364-a103-28937ff78d35	10	29815039	32933508	2055	0.0035
eedf4d2b-9930-4364-a103-28937ff78d35	10	32933940	32938452	3	-1.4739
eedf4d2b-9930-4364-a103-28937ff78d35	10	32938549	78774818	24029	0.0036
eedf4d2b-9930-4364-a103-28937ff78d35	10	78775507	78776176	2	-2.2408
eedf4d2b-9930-4364-a103-28937ff78d35	10	78778752	133411599	34252	-0.0009
eedf4d2b-9930-4364-a103-28937ff78d35	11	456012	47372087	29640	-0.0003
eedf4d2b-9930-4364-a103-28937ff78d35	11	47372754	47372766	2	-1.528
eedf4d2b-9930-4364-a103-28937ff78d35	11	47374671	57239617	1506	-0.0074
eedf4d2b-9930-4364-a103-28937ff78d35	11	57242124	57245268	2	-2.438
eedf4d2b-9930-4364-a103-28937ff78d35	11	57245774	134272740	46154	-0.0004
eedf4d2b-9930-4364-a103-28937ff78d35	12	780472	132605822	74134	0.0032
eedf4d2b-9930-4364-a103-28937ff78d35	13	18874255	114226675	56776	0.0052
eedf4d2b-9930-4364-a103-28937ff78d35	14	20033191	105533894	49615	0.0026
eedf4d2b-9930-4364-a103-28937ff78d35	15	23437561	39013603	7652	0.0034
eedf4d2b-9930-4364-a103-28937ff78d35	15	39021759	39027000	14	-1.0992
eedf4d2b-9930-4364-a103-28937ff78d35	15	39027810	101344124	36965	0.0014
eedf4d2b-9930-4364-a103-28937ff78d35	16	603333	89317317	41108	-0.0015
eedf4d2b-9930-4364-a103-28937ff78d35	17	1074619	82959812	37185	0.0016
eedf4d2b-9930-4364-a103-28937ff78d35	18	326691	79349796	42823	0.0043
eedf4d2b-9930-4364-a103-28937ff78d35	19	283868	58370362	24089	-0.0042
eedf4d2b-9930-4364-a103-28937ff78d35	20	472817	33046866	17800	0.0048
eedf4d2b-9930-4364-a103-28937ff78d35	20	33047747	33047780	2	-2.1505
eedf4d2b-9930-4364-a103-28937ff78d35	20	33051314	33155516	87	0.0309
eedf4d2b-9930-4364-a103-28937ff78d35	20	33156664	46914240	8274	-0.0653
eedf4d2b-9930-4364-a103-28937ff78d35	20	46916176	62982821	11144	-0.0012
eedf4d2b-9930-4364-a103-28937ff78d35	20	62987714	62991362	2	-1.4106
eedf4d2b-9930-4364-a103-28937ff78d35	20	62991745	63588502	152	-0.0062
eedf4d2b-9930-4364-a103-28937ff78d35	21	13974127	21960306	5196	0.0007
eedf4d2b-9930-4364-a103-28937ff78d35	21	21962935	21963464	2	-1.7742
eedf4d2b-9930-4364-a103-28937ff78d35	21	21967070	46262057	15341	0.0065
eedf4d2b-9930-4364-a103-28937ff78d35	22	16934932	48940621	17033	-0.0094
eedf4d2b-9930-4364-a103-28937ff78d35	X	3236359	40873169	16750	-0.0083
eedf4d2b-9930-4364-a103-28937ff78d35	X	40873256	40873760	2	-4.1823
eedf4d2b-9930-4364-a103-28937ff78d35	X	40882446	153557872	45703	-0.0067
eedf4d2b-9930-4364-a103-28937ff78d35	X	153558270	153559975	2	-4.1755
eedf4d2b-9930-4364-a103-28937ff78d35	X	153568278	155677414	329	0.0366
