GDC_Aliquot	Chromosome	Start	End	Num_Probes	Segment_Mean
9c8245da-bbbc-426e-9245-cdfe1e6079d3	1	3301765	6927281	2335	0.2465
9c8245da-bbbc-426e-9245-cdfe1e6079d3	1	6927345	9490189	1426	0.0102
9c8245da-bbbc-426e-9245-cdfe1e6079d3	1	9496002	11357925	840	0.2801
9c8245da-bbbc-426e-9245-cdfe1e6079d3	1	11359754	23341702	6653	0.5272
9c8245da-bbbc-426e-9245-cdfe1e6079d3	1	23348813	51606648	14462	0.2749
9c8245da-bbbc-426e-9245-cdfe1e6079d3	1	51613295	51909280	119	0.5238
9c8245da-bbbc-426e-9245-cdfe1e6079d3	1	51909752	52654631	342	0.2694
9c8245da-bbbc-426e-9245-cdfe1e6079d3	1	52658460	56761279	2817	0.5441
9c8245da-bbbc-426e-9245-cdfe1e6079d3	1	56766318	56806142	40	0.835
9c8245da-bbbc-426e-9245-cdfe1e6079d3	1	56806619	69055215	8773	0.544
9c8245da-bbbc-426e-9245-cdfe1e6079d3	1	69057461	70909817	1009	0.9087
9c8245da-bbbc-426e-9245-cdfe1e6079d3	1	70911967	73798545	1493	0.5418
9c8245da-bbbc-426e-9245-cdfe1e6079d3	1	73799279	74489814	318	-0.0248
9c8245da-bbbc-426e-9245-cdfe1e6079d3	1	74490712	85432098	6688	0.536
9c8245da-bbbc-426e-9245-cdfe1e6079d3	1	85432221	85569181	106	0.3475
9c8245da-bbbc-426e-9245-cdfe1e6079d3	1	85571440	88994437	2211	0.5491
9c8245da-bbbc-426e-9245-cdfe1e6079d3	1	88995484	89038931	38	0.2696
9c8245da-bbbc-426e-9245-cdfe1e6079d3	1	89039685	101303877	7379	0.542
9c8245da-bbbc-426e-9245-cdfe1e6079d3	1	101303900	111686404	5688	0.5169
9c8245da-bbbc-426e-9245-cdfe1e6079d3	1	111691119	119975336	5234	0.5487
9c8245da-bbbc-426e-9245-cdfe1e6079d3	1	119978092	151504836	573	0.3865
9c8245da-bbbc-426e-9245-cdfe1e6079d3	1	151504963	151506001	2	-1.2343
9c8245da-bbbc-426e-9245-cdfe1e6079d3	1	151507898	152896663	750	0.3978
9c8245da-bbbc-426e-9245-cdfe1e6079d3	1	152899818	152900077	2	-1.3791
9c8245da-bbbc-426e-9245-cdfe1e6079d3	1	152901969	161840361	4972	0.3817
9c8245da-bbbc-426e-9245-cdfe1e6079d3	1	161840458	174157455	8863	0.4163
9c8245da-bbbc-426e-9245-cdfe1e6079d3	1	174157604	181872308	4603	0.2142
9c8245da-bbbc-426e-9245-cdfe1e6079d3	1	181872860	181897342	16	-0.2597
9c8245da-bbbc-426e-9245-cdfe1e6079d3	1	181898861	183671014	1214	0.2253
9c8245da-bbbc-426e-9245-cdfe1e6079d3	1	183672871	184409856	531	-0.0303
9c8245da-bbbc-426e-9245-cdfe1e6079d3	1	184415530	184658379	173	0.1729
9c8245da-bbbc-426e-9245-cdfe1e6079d3	1	184659436	186482719	1020	-0.3863
9c8245da-bbbc-426e-9245-cdfe1e6079d3	1	186484027	192446232	3439	0.1481
9c8245da-bbbc-426e-9245-cdfe1e6079d3	1	192447070	196094383	2295	-0.4197
9c8245da-bbbc-426e-9245-cdfe1e6079d3	1	196099187	196466817	216	0.1563
9c8245da-bbbc-426e-9245-cdfe1e6079d3	1	196473375	204520599	4853	-0.4147
9c8245da-bbbc-426e-9245-cdfe1e6079d3	1	204520634	204636415	117	-0.0885
9c8245da-bbbc-426e-9245-cdfe1e6079d3	1	204637187	205142633	418	-0.4503
9c8245da-bbbc-426e-9245-cdfe1e6079d3	1	205142722	234772540	19333	-0.4003
9c8245da-bbbc-426e-9245-cdfe1e6079d3	1	234776541	234815579	10	0.2365
9c8245da-bbbc-426e-9245-cdfe1e6079d3	1	234820595	234840325	17	-0.3637
9c8245da-bbbc-426e-9245-cdfe1e6079d3	1	234840459	247650984	8017	-0.441
9c8245da-bbbc-426e-9245-cdfe1e6079d3	2	480597	26194960	16272	-0.3688
9c8245da-bbbc-426e-9245-cdfe1e6079d3	2	26199943	33860902	4098	0.3311
9c8245da-bbbc-426e-9245-cdfe1e6079d3	2	33869169	33869230	2	-0.8624
9c8245da-bbbc-426e-9245-cdfe1e6079d3	2	33869896	36247836	1159	0.289
9c8245da-bbbc-426e-9245-cdfe1e6079d3	2	36276675	36776057	498	-0.3866
9c8245da-bbbc-426e-9245-cdfe1e6079d3	2	36776391	36779270	2	-1.7729
9c8245da-bbbc-426e-9245-cdfe1e6079d3	2	36779360	42773076	3271	-0.3578
9c8245da-bbbc-426e-9245-cdfe1e6079d3	2	42788579	43275338	342	0.0547
9c8245da-bbbc-426e-9245-cdfe1e6079d3	2	43276430	50636524	4781	-0.3578
9c8245da-bbbc-426e-9245-cdfe1e6079d3	2	50965967	55140702	2071	0.3169
9c8245da-bbbc-426e-9245-cdfe1e6079d3	2	55146426	55315119	97	0.0258
9c8245da-bbbc-426e-9245-cdfe1e6079d3	2	55315496	55614786	142	0.3204
9c8245da-bbbc-426e-9245-cdfe1e6079d3	2	55615497	61179303	3314	0.7273
9c8245da-bbbc-426e-9245-cdfe1e6079d3	2	61180110	62657747	728	0.3384
9c8245da-bbbc-426e-9245-cdfe1e6079d3	2	62659875	64114589	636	-0.3418
9c8245da-bbbc-426e-9245-cdfe1e6079d3	2	64285152	66359802	1488	0.0267
9c8245da-bbbc-426e-9245-cdfe1e6079d3	2	66360438	67973664	1119	0.3263
9c8245da-bbbc-426e-9245-cdfe1e6079d3	2	67974520	68158384	123	-0.0663
9c8245da-bbbc-426e-9245-cdfe1e6079d3	2	68161708	68851774	318	0.321
9c8245da-bbbc-426e-9245-cdfe1e6079d3	2	68851935	69421388	408	0.0191
9c8245da-bbbc-426e-9245-cdfe1e6079d3	2	69425788	73219691	2152	0.321
9c8245da-bbbc-426e-9245-cdfe1e6079d3	2	73220647	73533812	134	0.0225
9c8245da-bbbc-426e-9245-cdfe1e6079d3	2	73544568	75523541	1144	0.3128
9c8245da-bbbc-426e-9245-cdfe1e6079d3	2	75523811	86798112	5920	-0.3725
9c8245da-bbbc-426e-9245-cdfe1e6079d3	2	86813104	94675825	455	0.0106
9c8245da-bbbc-426e-9245-cdfe1e6079d3	2	94675975	99214047	1493	0.2991
9c8245da-bbbc-426e-9245-cdfe1e6079d3	2	99310483	105535795	3932	-0.3579
9c8245da-bbbc-426e-9245-cdfe1e6079d3	2	105536538	105538229	4	-1.7113
9c8245da-bbbc-426e-9245-cdfe1e6079d3	2	105539128	130454138	12563	-0.3617
9c8245da-bbbc-426e-9245-cdfe1e6079d3	2	130455273	130486519	3	1.0997
9c8245da-bbbc-426e-9245-cdfe1e6079d3	2	130726392	142726894	6321	-0.3618
9c8245da-bbbc-426e-9245-cdfe1e6079d3	2	142740338	148599881	3084	0.3168
9c8245da-bbbc-426e-9245-cdfe1e6079d3	2	148608622	156273894	4679	-0.3518
9c8245da-bbbc-426e-9245-cdfe1e6079d3	2	156281388	158755500	1383	0.3196
9c8245da-bbbc-426e-9245-cdfe1e6079d3	2	158756065	158756439	2	-1.0113
9c8245da-bbbc-426e-9245-cdfe1e6079d3	2	158759758	164182229	3098	0.3208
9c8245da-bbbc-426e-9245-cdfe1e6079d3	2	164183472	164184386	3	-1.3186
9c8245da-bbbc-426e-9245-cdfe1e6079d3	2	164185554	167070427	1644	0.3066
9c8245da-bbbc-426e-9245-cdfe1e6079d3	2	167070441	208640682	23057	-0.3401
9c8245da-bbbc-426e-9245-cdfe1e6079d3	2	208643286	212992973	2560	-0.3851
9c8245da-bbbc-426e-9245-cdfe1e6079d3	2	212993106	223999835	6987	-0.3354
9c8245da-bbbc-426e-9245-cdfe1e6079d3	2	224004129	224057097	41	0.0597
9c8245da-bbbc-426e-9245-cdfe1e6079d3	2	224057313	224086588	35	-0.4239
9c8245da-bbbc-426e-9245-cdfe1e6079d3	2	224089169	224714865	381	0.0688
9c8245da-bbbc-426e-9245-cdfe1e6079d3	2	224717445	228641159	2472	-0.3547
9c8245da-bbbc-426e-9245-cdfe1e6079d3	2	228645897	228728408	44	-0.8608
9c8245da-bbbc-426e-9245-cdfe1e6079d3	2	228738673	229022287	160	-0.3585
9c8245da-bbbc-426e-9245-cdfe1e6079d3	2	229022843	229037368	10	-0.9659
9c8245da-bbbc-426e-9245-cdfe1e6079d3	2	229037763	229323835	230	-0.3914
9c8245da-bbbc-426e-9245-cdfe1e6079d3	2	229329856	229398941	56	0.0515
9c8245da-bbbc-426e-9245-cdfe1e6079d3	2	229399037	229417777	11	-0.456
9c8245da-bbbc-426e-9245-cdfe1e6079d3	2	229421935	229674973	191	0.0565
9c8245da-bbbc-426e-9245-cdfe1e6079d3	2	229678284	230406957	265	-0.3544
9c8245da-bbbc-426e-9245-cdfe1e6079d3	2	230408575	233572261	1544	-0.9293
9c8245da-bbbc-426e-9245-cdfe1e6079d3	2	233572788	234568144	788	-0.349
9c8245da-bbbc-426e-9245-cdfe1e6079d3	2	234571919	234882051	244	0.0555
9c8245da-bbbc-426e-9245-cdfe1e6079d3	2	234883166	234907022	11	-0.3967
9c8245da-bbbc-426e-9245-cdfe1e6079d3	2	234910737	234947315	23	0.0154
9c8245da-bbbc-426e-9245-cdfe1e6079d3	2	234948402	235794808	539	-0.363
9c8245da-bbbc-426e-9245-cdfe1e6079d3	2	235798407	241537572	3345	-0.9581
9c8245da-bbbc-426e-9245-cdfe1e6079d3	3	2170634	6393192	2079	-0.3967
9c8245da-bbbc-426e-9245-cdfe1e6079d3	3	6397048	47739227	24900	0.0037
9c8245da-bbbc-426e-9245-cdfe1e6079d3	3	47739637	59485151	6334	-0.3881
9c8245da-bbbc-426e-9245-cdfe1e6079d3	3	59485723	59720118	229	-0.9917
9c8245da-bbbc-426e-9245-cdfe1e6079d3	3	61040294	74303237	9709	-0.0593
9c8245da-bbbc-426e-9245-cdfe1e6079d3	3	74305048	82160842	4032	-0.0983
9c8245da-bbbc-426e-9245-cdfe1e6079d3	3	82163088	82804024	366	-0.0623
9c8245da-bbbc-426e-9245-cdfe1e6079d3	3	82806586	84549728	720	0.1213
9c8245da-bbbc-426e-9245-cdfe1e6079d3	3	84554413	86855071	1122	-0.1065
9c8245da-bbbc-426e-9245-cdfe1e6079d3	3	86862180	88093953	558	0.1798
9c8245da-bbbc-426e-9245-cdfe1e6079d3	3	88095803	98211020	3225	-0.0685
9c8245da-bbbc-426e-9245-cdfe1e6079d3	3	98213209	115440146	9581	-0.0142
9c8245da-bbbc-426e-9245-cdfe1e6079d3	3	115444242	116758198	927	-0.4216
9c8245da-bbbc-426e-9245-cdfe1e6079d3	3	116759282	125650989	5319	-0.003
9c8245da-bbbc-426e-9245-cdfe1e6079d3	3	125656751	125674131	15	-1.0063
9c8245da-bbbc-426e-9245-cdfe1e6079d3	3	125675185	197812401	37820	-0.0025
9c8245da-bbbc-426e-9245-cdfe1e6079d3	4	1059384	2617604	533	-0.1058
9c8245da-bbbc-426e-9245-cdfe1e6079d3	4	2622376	5024849	1233	0.4375
9c8245da-bbbc-426e-9245-cdfe1e6079d3	4	5030447	6191517	931	0.9274
9c8245da-bbbc-426e-9245-cdfe1e6079d3	4	6201340	11659258	3255	0.4517
9c8245da-bbbc-426e-9245-cdfe1e6079d3	4	11659273	14632432	2189	0.5897
9c8245da-bbbc-426e-9245-cdfe1e6079d3	4	14632484	25455985	7198	0.4382
9c8245da-bbbc-426e-9245-cdfe1e6079d3	4	25456039	25961519	330	0.9707
9c8245da-bbbc-426e-9245-cdfe1e6079d3	4	25983997	44711125	10925	0.4312
9c8245da-bbbc-426e-9245-cdfe1e6079d3	4	44713219	45673681	498	0.1773
9c8245da-bbbc-426e-9245-cdfe1e6079d3	4	45674658	48067890	1216	0.4345
9c8245da-bbbc-426e-9245-cdfe1e6079d3	4	51832470	52161248	186	-0.0761
9c8245da-bbbc-426e-9245-cdfe1e6079d3	4	52161921	58048350	3836	-0.0242
9c8245da-bbbc-426e-9245-cdfe1e6079d3	4	58054037	62720348	2565	-0.0787
9c8245da-bbbc-426e-9245-cdfe1e6079d3	4	62723171	63093980	188	-0.441
9c8245da-bbbc-426e-9245-cdfe1e6079d3	4	63255715	76395971	6854	-0.0749
9c8245da-bbbc-426e-9245-cdfe1e6079d3	4	76397552	80331565	2416	-0.0326
9c8245da-bbbc-426e-9245-cdfe1e6079d3	4	80334596	130529682	28200	-0.0689
9c8245da-bbbc-426e-9245-cdfe1e6079d3	4	130529771	133104911	1109	-0.1149
9c8245da-bbbc-426e-9245-cdfe1e6079d3	4	133104976	133105154	2	-1.3627
9c8245da-bbbc-426e-9245-cdfe1e6079d3	4	133105768	135966732	1204	-0.1087
9c8245da-bbbc-426e-9245-cdfe1e6079d3	4	135967567	165600921	16863	-0.0685
9c8245da-bbbc-426e-9245-cdfe1e6079d3	4	165603115	165685146	67	0.2734
9c8245da-bbbc-426e-9245-cdfe1e6079d3	4	165685596	173029291	3942	-0.0772
9c8245da-bbbc-426e-9245-cdfe1e6079d3	4	173032806	173145395	68	-0.4292
9c8245da-bbbc-426e-9245-cdfe1e6079d3	4	173147538	179627873	3494	-0.0773
9c8245da-bbbc-426e-9245-cdfe1e6079d3	4	179628722	184172093	2044	0.228
9c8245da-bbbc-426e-9245-cdfe1e6079d3	4	184182567	187842528	1885	-0.092
9c8245da-bbbc-426e-9245-cdfe1e6079d3	5	913983	2116012	264	0.6625
9c8245da-bbbc-426e-9245-cdfe1e6079d3	5	2116188	9190441	5757	0.8408
9c8245da-bbbc-426e-9245-cdfe1e6079d3	5	9190842	9191569	6	-0.0651
9c8245da-bbbc-426e-9245-cdfe1e6079d3	5	9192721	20623500	6342	0.8529
9c8245da-bbbc-426e-9245-cdfe1e6079d3	5	20623528	30884254	5402	0.804
9c8245da-bbbc-426e-9245-cdfe1e6079d3	5	30885032	45378354	8302	0.8627
9c8245da-bbbc-426e-9245-cdfe1e6079d3	5	45383300	51573410	398	0.0184
9c8245da-bbbc-426e-9245-cdfe1e6079d3	5	51574646	67018953	9202	0.3349
9c8245da-bbbc-426e-9245-cdfe1e6079d3	5	67020181	67527420	370	0.2484
9c8245da-bbbc-426e-9245-cdfe1e6079d3	5	67528138	72370278	1819	0.3457
9c8245da-bbbc-426e-9245-cdfe1e6079d3	5	72371851	72454778	58	-0.4056
9c8245da-bbbc-426e-9245-cdfe1e6079d3	5	72459135	127535283	30449	0.3241
9c8245da-bbbc-426e-9245-cdfe1e6079d3	5	127535892	128567252	596	0.2938
9c8245da-bbbc-426e-9245-cdfe1e6079d3	5	128570042	128574056	3	-0.6537
9c8245da-bbbc-426e-9245-cdfe1e6079d3	5	128574841	140259599	6633	0.3061
9c8245da-bbbc-426e-9245-cdfe1e6079d3	5	140259786	140384745	59	0.5669
9c8245da-bbbc-426e-9245-cdfe1e6079d3	5	140385441	156541261	10337	0.2909
9c8245da-bbbc-426e-9245-cdfe1e6079d3	5	156545546	156566181	18	-0.3887
9c8245da-bbbc-426e-9245-cdfe1e6079d3	5	156569129	156695914	85	0.2488
9c8245da-bbbc-426e-9245-cdfe1e6079d3	5	156696984	160393924	2425	0.3247
9c8245da-bbbc-426e-9245-cdfe1e6079d3	5	160398352	165818252	3304	0.2592
9c8245da-bbbc-426e-9245-cdfe1e6079d3	5	165818817	166251121	305	-0.4379
9c8245da-bbbc-426e-9245-cdfe1e6079d3	5	166251210	166326249	61	0.2563
9c8245da-bbbc-426e-9245-cdfe1e6079d3	5	166327022	166659635	233	-0.3711
9c8245da-bbbc-426e-9245-cdfe1e6079d3	5	166660738	180653187	8414	0.2836
9c8245da-bbbc-426e-9245-cdfe1e6079d3	5	180799516	180934240	68	-0.3782
9c8245da-bbbc-426e-9245-cdfe1e6079d3	6	1011760	25446080	17307	0.2742
9c8245da-bbbc-426e-9245-cdfe1e6079d3	6	25446717	35054975	3122	0.2307
9c8245da-bbbc-426e-9245-cdfe1e6079d3	6	35056918	43689390	5474	0.2642
9c8245da-bbbc-426e-9245-cdfe1e6079d3	6	43689592	47841729	2557	0.3024
9c8245da-bbbc-426e-9245-cdfe1e6079d3	6	47841858	56514182	5239	0.2679
9c8245da-bbbc-426e-9245-cdfe1e6079d3	6	56517649	56759062	121	-0.4394
9c8245da-bbbc-426e-9245-cdfe1e6079d3	6	56759641	63642102	1229	0.2531
9c8245da-bbbc-426e-9245-cdfe1e6079d3	6	63642700	63643742	3	-1.0652
9c8245da-bbbc-426e-9245-cdfe1e6079d3	6	63646617	73069502	5401	0.2566
9c8245da-bbbc-426e-9245-cdfe1e6079d3	6	73072213	75004320	1159	0.5307
9c8245da-bbbc-426e-9245-cdfe1e6079d3	6	75011916	91239044	9231	-0.0336
9c8245da-bbbc-426e-9245-cdfe1e6079d3	6	91240655	99083296	3744	-0.0841
9c8245da-bbbc-426e-9245-cdfe1e6079d3	6	99084062	99992528	633	-0.0415
9c8245da-bbbc-426e-9245-cdfe1e6079d3	6	99997512	99999024	2	-1.2246
9c8245da-bbbc-426e-9245-cdfe1e6079d3	6	99999229	101074423	542	-0.0059
9c8245da-bbbc-426e-9245-cdfe1e6079d3	6	101075673	104638439	1974	-0.0808
9c8245da-bbbc-426e-9245-cdfe1e6079d3	6	104638808	170596889	39209	-0.0402
9c8245da-bbbc-426e-9245-cdfe1e6079d3	7	664936	13920646	6246	-0.0095
9c8245da-bbbc-426e-9245-cdfe1e6079d3	7	13920727	37684329	15171	0.0079
9c8245da-bbbc-426e-9245-cdfe1e6079d3	7	37684763	48527581	6607	0.0375
9c8245da-bbbc-426e-9245-cdfe1e6079d3	7	48527973	50140516	1056	-0.0095
9c8245da-bbbc-426e-9245-cdfe1e6079d3	7	50140601	50146782	4	-0.9568
9c8245da-bbbc-426e-9245-cdfe1e6079d3	7	50147388	56385414	4259	0.0065
9c8245da-bbbc-426e-9245-cdfe1e6079d3	7	56388107	149409189	43766	-0.025
9c8245da-bbbc-426e-9245-cdfe1e6079d3	7	149409405	158592540	4621	-0.0579
9c8245da-bbbc-426e-9245-cdfe1e6079d3	8	667625	6595238	2896	0.1911
9c8245da-bbbc-426e-9245-cdfe1e6079d3	8	6595371	36669949	18524	0.2232
9c8245da-bbbc-426e-9245-cdfe1e6079d3	8	36673134	68243786	15918	0.2477
9c8245da-bbbc-426e-9245-cdfe1e6079d3	8	68244425	69884070	1042	0.3071
9c8245da-bbbc-426e-9245-cdfe1e6079d3	8	69884928	79743556	5793	0.2492
9c8245da-bbbc-426e-9245-cdfe1e6079d3	8	79748262	89321749	5079	0.2225
9c8245da-bbbc-426e-9245-cdfe1e6079d3	8	89321808	98650134	5559	0.2676
9c8245da-bbbc-426e-9245-cdfe1e6079d3	8	98657695	99095330	153	-0.4018
9c8245da-bbbc-426e-9245-cdfe1e6079d3	8	99098336	99879054	363	0.2249
9c8245da-bbbc-426e-9245-cdfe1e6079d3	8	99886207	101171963	769	-0.0141
9c8245da-bbbc-426e-9245-cdfe1e6079d3	8	101173852	123410097	12869	0.2547
9c8245da-bbbc-426e-9245-cdfe1e6079d3	8	123410196	123600584	143	-0.433
9c8245da-bbbc-426e-9245-cdfe1e6079d3	8	123603376	137102514	9634	0.2638
9c8245da-bbbc-426e-9245-cdfe1e6079d3	8	137105056	144182542	3311	0.228
9c8245da-bbbc-426e-9245-cdfe1e6079d3	9	789794	8433525	4734	-0.4078
9c8245da-bbbc-426e-9245-cdfe1e6079d3	9	8437141	9505609	675	-0.9876
9c8245da-bbbc-426e-9245-cdfe1e6079d3	9	9511247	15587183	3248	-0.4137
9c8245da-bbbc-426e-9245-cdfe1e6079d3	9	15589180	16014952	244	-0.9364
9c8245da-bbbc-426e-9245-cdfe1e6079d3	9	16016605	68425024	14616	-0.4085
9c8245da-bbbc-426e-9245-cdfe1e6079d3	9	68426962	104241306	23591	-0.0505
9c8245da-bbbc-426e-9245-cdfe1e6079d3	9	104241365	116306191	8480	-0.0239
9c8245da-bbbc-426e-9245-cdfe1e6079d3	9	116306290	121376676	3857	-0.0727
9c8245da-bbbc-426e-9245-cdfe1e6079d3	9	121381022	121472977	60	0.2323
9c8245da-bbbc-426e-9245-cdfe1e6079d3	9	121473377	138044505	8800	-0.064
9c8245da-bbbc-426e-9245-cdfe1e6079d3	10	366509	984434	228	-0.391
9c8245da-bbbc-426e-9245-cdfe1e6079d3	10	985047	985755	2	-2.1404
9c8245da-bbbc-426e-9245-cdfe1e6079d3	10	985900	1860173	445	-0.3931
9c8245da-bbbc-426e-9245-cdfe1e6079d3	10	1860214	1860494	7	-1.5705
9c8245da-bbbc-426e-9245-cdfe1e6079d3	10	1861321	6956616	3682	-0.3754
9c8245da-bbbc-426e-9245-cdfe1e6079d3	10	6957915	8720156	1506	-0.4398
9c8245da-bbbc-426e-9245-cdfe1e6079d3	10	8720232	29659888	14726	-0.3762
9c8245da-bbbc-426e-9245-cdfe1e6079d3	10	29662698	29976964	284	-2.5142
9c8245da-bbbc-426e-9245-cdfe1e6079d3	10	29977812	74174830	22701	-0.3813
9c8245da-bbbc-426e-9245-cdfe1e6079d3	10	74175606	75533930	652	-1.9331
9c8245da-bbbc-426e-9245-cdfe1e6079d3	10	75538344	76020098	345	-0.3794
9c8245da-bbbc-426e-9245-cdfe1e6079d3	10	76021388	76601012	437	-2.1449
9c8245da-bbbc-426e-9245-cdfe1e6079d3	10	76603588	83978469	4974	-0.3872
9c8245da-bbbc-426e-9245-cdfe1e6079d3	10	83981370	83981582	2	-2.8187
9c8245da-bbbc-426e-9245-cdfe1e6079d3	10	83988885	87905814	2378	-0.3849
9c8245da-bbbc-426e-9245-cdfe1e6079d3	10	87911806	87966496	107	-1.2046
9c8245da-bbbc-426e-9245-cdfe1e6079d3	10	87966647	89047431	709	-2.2285
9c8245da-bbbc-426e-9245-cdfe1e6079d3	10	89050948	112465977	14186	-0.3773
9c8245da-bbbc-426e-9245-cdfe1e6079d3	10	112468404	112598796	83	-1.7828
9c8245da-bbbc-426e-9245-cdfe1e6079d3	10	112602687	118600317	4133	-0.4226
9c8245da-bbbc-426e-9245-cdfe1e6079d3	10	118601549	127027047	6101	-0.3904
9c8245da-bbbc-426e-9245-cdfe1e6079d3	10	127027092	133411599	3323	-0.4451
9c8245da-bbbc-426e-9245-cdfe1e6079d3	11	456012	8050447	3948	-0.084
9c8245da-bbbc-426e-9245-cdfe1e6079d3	11	8051689	12235491	3025	-0.04
9c8245da-bbbc-426e-9245-cdfe1e6079d3	11	12236681	12334277	102	-0.104
9c8245da-bbbc-426e-9245-cdfe1e6079d3	11	12341153	12437158	93	-0.4092
9c8245da-bbbc-426e-9245-cdfe1e6079d3	11	12444429	66662919	28198	-0.0603
9c8245da-bbbc-426e-9245-cdfe1e6079d3	11	66664759	67490352	291	0.2198
9c8245da-bbbc-426e-9245-cdfe1e6079d3	11	67501654	79183811	6012	-0.0758
9c8245da-bbbc-426e-9245-cdfe1e6079d3	11	79184794	83272988	2727	-0.4555
9c8245da-bbbc-426e-9245-cdfe1e6079d3	11	83273861	83985734	440	-0.1026
9c8245da-bbbc-426e-9245-cdfe1e6079d3	11	83990015	84357491	236	-0.4263
9c8245da-bbbc-426e-9245-cdfe1e6079d3	11	84357557	96442367	7199	-0.0765
9c8245da-bbbc-426e-9245-cdfe1e6079d3	11	96443277	107313141	6880	-0.1038
9c8245da-bbbc-426e-9245-cdfe1e6079d3	11	107313315	110441319	1717	-0.056
9c8245da-bbbc-426e-9245-cdfe1e6079d3	11	110446305	111941513	1020	-1.0151
9c8245da-bbbc-426e-9245-cdfe1e6079d3	11	111942980	120379333	5862	-0.0877
9c8245da-bbbc-426e-9245-cdfe1e6079d3	11	120385628	120443469	34	0.2905
9c8245da-bbbc-426e-9245-cdfe1e6079d3	11	120450066	134272740	9596	-0.0945
9c8245da-bbbc-426e-9245-cdfe1e6079d3	12	780472	27983063	16217	-0.0719
9c8245da-bbbc-426e-9245-cdfe1e6079d3	12	27986913	27989532	2	-1.6938
9c8245da-bbbc-426e-9245-cdfe1e6079d3	12	27989664	41302320	4903	-0.0694
9c8245da-bbbc-426e-9245-cdfe1e6079d3	12	41302449	92900209	30012	-0.0376
9c8245da-bbbc-426e-9245-cdfe1e6079d3	12	92904450	95198179	1545	-0.9908
9c8245da-bbbc-426e-9245-cdfe1e6079d3	12	95204880	103779001	5461	-0.0402
9c8245da-bbbc-426e-9245-cdfe1e6079d3	12	103779926	103878411	103	0.2287
9c8245da-bbbc-426e-9245-cdfe1e6079d3	12	103879226	128650391	14553	-0.0599
9c8245da-bbbc-426e-9245-cdfe1e6079d3	12	128653391	132605822	1397	-0.1106
9c8245da-bbbc-426e-9245-cdfe1e6079d3	13	18874255	31541691	7673	0.2559
9c8245da-bbbc-426e-9245-cdfe1e6079d3	13	31547882	31564194	12	-0.3881
9c8245da-bbbc-426e-9245-cdfe1e6079d3	13	31564655	31739490	106	0.2368
9c8245da-bbbc-426e-9245-cdfe1e6079d3	13	31742568	32321341	355	-0.4535
9c8245da-bbbc-426e-9245-cdfe1e6079d3	13	32321416	32339352	45	-0.2017
9c8245da-bbbc-426e-9245-cdfe1e6079d3	13	32339369	32379251	87	-0.3881
9c8245da-bbbc-426e-9245-cdfe1e6079d3	13	32379392	32385103	2	-2.4019
9c8245da-bbbc-426e-9245-cdfe1e6079d3	13	32386668	41560668	6106	-0.4217
9c8245da-bbbc-426e-9245-cdfe1e6079d3	13	41561456	41587544	26	-1.0351
9c8245da-bbbc-426e-9245-cdfe1e6079d3	13	41587955	51330345	5428	-0.4038
9c8245da-bbbc-426e-9245-cdfe1e6079d3	13	51330548	73263424	11052	-0.4432
9c8245da-bbbc-426e-9245-cdfe1e6079d3	13	73263577	82303946	5870	-0.4122
9c8245da-bbbc-426e-9245-cdfe1e6079d3	13	82304403	86097661	2185	0.2465
9c8245da-bbbc-426e-9245-cdfe1e6079d3	13	86108762	86883226	387	-0.4017
9c8245da-bbbc-426e-9245-cdfe1e6079d3	13	86890778	86989209	56	0.1958
9c8245da-bbbc-426e-9245-cdfe1e6079d3	13	86993860	91271118	2402	-0.4371
9c8245da-bbbc-426e-9245-cdfe1e6079d3	13	91271396	97525657	3987	0.2285
9c8245da-bbbc-426e-9245-cdfe1e6079d3	13	97525685	101955402	3023	0.2672
9c8245da-bbbc-426e-9245-cdfe1e6079d3	13	101955935	110258103	5974	0.2305
9c8245da-bbbc-426e-9245-cdfe1e6079d3	13	110260054	110305315	37	-0.5903
9c8245da-bbbc-426e-9245-cdfe1e6079d3	13	110308365	110483476	194	-3.0083
9c8245da-bbbc-426e-9245-cdfe1e6079d3	13	110485141	110565566	87	-0.5252
9c8245da-bbbc-426e-9245-cdfe1e6079d3	13	110577182	110883676	194	0.2419
9c8245da-bbbc-426e-9245-cdfe1e6079d3	13	110884396	111024573	104	-0.3972
9c8245da-bbbc-426e-9245-cdfe1e6079d3	13	111108406	114226675	1416	0.2385
9c8245da-bbbc-426e-9245-cdfe1e6079d3	14	20033191	49448917	15142	-0.0211
9c8245da-bbbc-426e-9245-cdfe1e6079d3	14	49448960	70057188	12732	0.0035
9c8245da-bbbc-426e-9245-cdfe1e6079d3	14	70057365	72898037	1890	-0.0124
9c8245da-bbbc-426e-9245-cdfe1e6079d3	14	72898466	73223471	180	-0.9351
9c8245da-bbbc-426e-9245-cdfe1e6079d3	14	73229222	79946187	4298	-0.004
9c8245da-bbbc-426e-9245-cdfe1e6079d3	14	79947375	80010200	49	0.3581
9c8245da-bbbc-426e-9245-cdfe1e6079d3	14	80010388	105533894	15385	-0.0064
9c8245da-bbbc-426e-9245-cdfe1e6079d3	15	23437561	38576204	7289	-0.053
9c8245da-bbbc-426e-9245-cdfe1e6079d3	15	38576236	39103081	446	-0.2883
9c8245da-bbbc-426e-9245-cdfe1e6079d3	15	39105124	39127337	29	0.0085
9c8245da-bbbc-426e-9245-cdfe1e6079d3	15	39129701	39133920	3	-1.2756
9c8245da-bbbc-426e-9245-cdfe1e6079d3	15	39139047	55236970	9326	-0.0493
9c8245da-bbbc-426e-9245-cdfe1e6079d3	15	55238575	55240013	2	-1.5291
9c8245da-bbbc-426e-9245-cdfe1e6079d3	15	55240408	99968164	26962	-0.0505
9c8245da-bbbc-426e-9245-cdfe1e6079d3	15	100204464	101344124	589	-0.9973
9c8245da-bbbc-426e-9245-cdfe1e6079d3	16	603333	29294233	13417	-0.3887
9c8245da-bbbc-426e-9245-cdfe1e6079d3	16	29296764	46470502	588	-0.2495
9c8245da-bbbc-426e-9245-cdfe1e6079d3	16	46473753	48927909	1120	-0.8497
9c8245da-bbbc-426e-9245-cdfe1e6079d3	16	48928041	53014543	2982	-0.97
9c8245da-bbbc-426e-9245-cdfe1e6079d3	16	53016073	54944875	1452	-0.8709
9c8245da-bbbc-426e-9245-cdfe1e6079d3	16	54945475	54974397	18	-0.3684
9c8245da-bbbc-426e-9245-cdfe1e6079d3	16	55005081	55014614	9	-1.1125
9c8245da-bbbc-426e-9245-cdfe1e6079d3	16	55014864	56823059	1271	-0.3714
9c8245da-bbbc-426e-9245-cdfe1e6079d3	16	56823759	56859723	23	-0.8668
9c8245da-bbbc-426e-9245-cdfe1e6079d3	16	56864966	57107294	159	-0.4106
9c8245da-bbbc-426e-9245-cdfe1e6079d3	16	57108174	57454893	168	-0.9362
9c8245da-bbbc-426e-9245-cdfe1e6079d3	16	57460709	59020554	972	-0.3672
9c8245da-bbbc-426e-9245-cdfe1e6079d3	16	59020715	59110327	46	0.0513
9c8245da-bbbc-426e-9245-cdfe1e6079d3	16	59110636	59122516	9	-0.5759
9c8245da-bbbc-426e-9245-cdfe1e6079d3	16	59122530	59191515	54	0.0058
9c8245da-bbbc-426e-9245-cdfe1e6079d3	16	59192367	65148765	3778	-0.9207
9c8245da-bbbc-426e-9245-cdfe1e6079d3	16	65152954	65187670	42	-0.2933
9c8245da-bbbc-426e-9245-cdfe1e6079d3	16	65187987	65189133	3	0.1602
9c8245da-bbbc-426e-9245-cdfe1e6079d3	16	65189269	65203996	10	-0.2771
9c8245da-bbbc-426e-9245-cdfe1e6079d3	16	65204042	65234895	25	0.0561
9c8245da-bbbc-426e-9245-cdfe1e6079d3	16	65243897	65263673	21	-0.3311
9c8245da-bbbc-426e-9245-cdfe1e6079d3	16	65263933	65496832	145	0.0561
9c8245da-bbbc-426e-9245-cdfe1e6079d3	16	65497599	89317317	14725	-0.3771
9c8245da-bbbc-426e-9245-cdfe1e6079d3	17	1074619	2203796	391	1.1622
9c8245da-bbbc-426e-9245-cdfe1e6079d3	17	2205056	2498947	214	0.5536
9c8245da-bbbc-426e-9245-cdfe1e6079d3	17	2502462	8367142	2883	0.1588
9c8245da-bbbc-426e-9245-cdfe1e6079d3	17	8378893	13711198	3632	0.6213
9c8245da-bbbc-426e-9245-cdfe1e6079d3	17	13716383	15819539	437	0.203
9c8245da-bbbc-426e-9245-cdfe1e6079d3	17	15826449	18081663	1076	0.6282
9c8245da-bbbc-426e-9245-cdfe1e6079d3	17	18082698	18129759	28	1.007
9c8245da-bbbc-426e-9245-cdfe1e6079d3	17	18130141	18132330	3	0.3509
9c8245da-bbbc-426e-9245-cdfe1e6079d3	17	18132758	18178014	30	0.9994
9c8245da-bbbc-426e-9245-cdfe1e6079d3	17	18179241	21774057	1023	0.5995
9c8245da-bbbc-426e-9245-cdfe1e6079d3	17	26943491	28262360	651	-0.0489
9c8245da-bbbc-426e-9245-cdfe1e6079d3	17	28263287	31696626	1391	-0.3877
9c8245da-bbbc-426e-9245-cdfe1e6079d3	17	31703847	31866682	100	0.0081
9c8245da-bbbc-426e-9245-cdfe1e6079d3	17	31866982	34611015	1214	0.2609
9c8245da-bbbc-426e-9245-cdfe1e6079d3	17	34616624	38901031	1888	-0.0416
9c8245da-bbbc-426e-9245-cdfe1e6079d3	17	38901264	39603372	310	-0.3868
9c8245da-bbbc-426e-9245-cdfe1e6079d3	17	39608602	40185351	270	0.0061
9c8245da-bbbc-426e-9245-cdfe1e6079d3	17	40199581	40399270	82	0.2091
9c8245da-bbbc-426e-9245-cdfe1e6079d3	17	40399305	40923563	280	-0.0066
9c8245da-bbbc-426e-9245-cdfe1e6079d3	17	40925640	44428776	1645	-0.3899
9c8245da-bbbc-426e-9245-cdfe1e6079d3	17	44429460	44574578	56	-0.0799
9c8245da-bbbc-426e-9245-cdfe1e6079d3	17	44574670	67194313	11647	-0.4028
9c8245da-bbbc-426e-9245-cdfe1e6079d3	17	67196324	78909037	6375	0.5445
9c8245da-bbbc-426e-9245-cdfe1e6079d3	17	78909655	82959812	1578	0.2915
9c8245da-bbbc-426e-9245-cdfe1e6079d3	18	326691	79349796	42852	-0.0492
9c8245da-bbbc-426e-9245-cdfe1e6079d3	19	283868	2284285	396	-0.9413
9c8245da-bbbc-426e-9245-cdfe1e6079d3	19	2299390	6195904	1235	0.2762
9c8245da-bbbc-426e-9245-cdfe1e6079d3	19	6196362	12002970	2554	0.4488
9c8245da-bbbc-426e-9245-cdfe1e6079d3	19	12003237	12735346	299	-0.059
9c8245da-bbbc-426e-9245-cdfe1e6079d3	19	12735709	12909071	63	0.4435
9c8245da-bbbc-426e-9245-cdfe1e6079d3	19	12913884	14177046	520	0.646
9c8245da-bbbc-426e-9245-cdfe1e6079d3	19	14179546	23872082	3969	0.4373
9c8245da-bbbc-426e-9245-cdfe1e6079d3	19	27749470	46185862	10030	-0.0373
9c8245da-bbbc-426e-9245-cdfe1e6079d3	19	46190156	47339218	439	-0.9359
9c8245da-bbbc-426e-9245-cdfe1e6079d3	19	47344404	52125157	1926	-0.0367
9c8245da-bbbc-426e-9245-cdfe1e6079d3	19	52125358	53093918	349	-0.4143
9c8245da-bbbc-426e-9245-cdfe1e6079d3	19	53096269	56028674	1037	-0.0412
9c8245da-bbbc-426e-9245-cdfe1e6079d3	19	56032012	58370362	1288	-0.4221
9c8245da-bbbc-426e-9245-cdfe1e6079d3	20	472817	25764087	16797	0.492
9c8245da-bbbc-426e-9245-cdfe1e6079d3	20	25774116	25774214	2	-0.9511
9c8245da-bbbc-426e-9245-cdfe1e6079d3	20	25847699	31256075	124	0.4502
9c8245da-bbbc-426e-9245-cdfe1e6079d3	20	31256170	38606495	3733	0.263
9c8245da-bbbc-426e-9245-cdfe1e6079d3	20	38606649	40272868	1162	0.32
9c8245da-bbbc-426e-9245-cdfe1e6079d3	20	40273395	50629046	6762	0.2691
9c8245da-bbbc-426e-9245-cdfe1e6079d3	20	50632339	59196555	6141	0.2961
9c8245da-bbbc-426e-9245-cdfe1e6079d3	20	59197642	62315319	2340	0.261
9c8245da-bbbc-426e-9245-cdfe1e6079d3	20	62316232	63588502	422	-0.4644
9c8245da-bbbc-426e-9245-cdfe1e6079d3	21	13974127	14052983	20	0.0916
9c8245da-bbbc-426e-9245-cdfe1e6079d3	21	14065080	16390904	1467	0.2353
9c8245da-bbbc-426e-9245-cdfe1e6079d3	21	16391428	18507386	1322	0.2942
9c8245da-bbbc-426e-9245-cdfe1e6079d3	21	18507559	25615692	4400	0.2496
9c8245da-bbbc-426e-9245-cdfe1e6079d3	21	25618389	25738996	73	-0.3809
9c8245da-bbbc-426e-9245-cdfe1e6079d3	21	25743104	29495132	2668	0.3391
9c8245da-bbbc-426e-9245-cdfe1e6079d3	21	29495744	30071403	441	0.4071
9c8245da-bbbc-426e-9245-cdfe1e6079d3	21	30075028	31441281	806	0.2981
9c8245da-bbbc-426e-9245-cdfe1e6079d3	21	31443087	31696984	157	-0.3922
9c8245da-bbbc-426e-9245-cdfe1e6079d3	21	31704757	34963726	2048	0.3144
9c8245da-bbbc-426e-9245-cdfe1e6079d3	21	34964600	34979594	15	0.9214
9c8245da-bbbc-426e-9245-cdfe1e6079d3	21	34979608	43606530	6070	0.3087
9c8245da-bbbc-426e-9245-cdfe1e6079d3	21	43606847	46262057	1075	0.0213
9c8245da-bbbc-426e-9245-cdfe1e6079d3	22	16934932	21744398	772	-0.1335
9c8245da-bbbc-426e-9245-cdfe1e6079d3	22	21746429	26864094	2106	0.163
9c8245da-bbbc-426e-9245-cdfe1e6079d3	22	26864457	27937822	1041	0.2186
9c8245da-bbbc-426e-9245-cdfe1e6079d3	22	27939258	48940621	13141	0.1643
9c8245da-bbbc-426e-9245-cdfe1e6079d3	X	3236359	5877102	270	0.1999
9c8245da-bbbc-426e-9245-cdfe1e6079d3	X	5878101	6185914	262	0.3702
9c8245da-bbbc-426e-9245-cdfe1e6079d3	X	6186123	15001300	4210	0.2094
9c8245da-bbbc-426e-9245-cdfe1e6079d3	X	15001946	19641544	1844	-0.0374
9c8245da-bbbc-426e-9245-cdfe1e6079d3	X	19643150	19904078	128	0.1824
9c8245da-bbbc-426e-9245-cdfe1e6079d3	X	19905217	20039439	41	0.0159
9c8245da-bbbc-426e-9245-cdfe1e6079d3	X	20043465	20083724	25	-0.3544
9c8245da-bbbc-426e-9245-cdfe1e6079d3	X	20085641	22551572	1364	-0.0346
9c8245da-bbbc-426e-9245-cdfe1e6079d3	X	22553122	23367879	254	-0.7374
9c8245da-bbbc-426e-9245-cdfe1e6079d3	X	23369163	24741432	847	-0.0038
9c8245da-bbbc-426e-9245-cdfe1e6079d3	X	24747053	24933814	110	-0.3449
9c8245da-bbbc-426e-9245-cdfe1e6079d3	X	24935910	25405627	222	0.6781
9c8245da-bbbc-426e-9245-cdfe1e6079d3	X	25408767	26925589	731	0.5208
9c8245da-bbbc-426e-9245-cdfe1e6079d3	X	26928233	26970450	33	0.2843
9c8245da-bbbc-426e-9245-cdfe1e6079d3	X	26970564	27431435	286	0.1453
9c8245da-bbbc-426e-9245-cdfe1e6079d3	X	27431686	27696601	196	0.325
9c8245da-bbbc-426e-9245-cdfe1e6079d3	X	27696828	27696978	2	-0.6186
9c8245da-bbbc-426e-9245-cdfe1e6079d3	X	27699718	28698963	522	0.3363
9c8245da-bbbc-426e-9245-cdfe1e6079d3	X	28701439	31236885	1328	0.6608
9c8245da-bbbc-426e-9245-cdfe1e6079d3	X	31237060	31521589	199	0.3426
9c8245da-bbbc-426e-9245-cdfe1e6079d3	X	31522123	31666758	83	0.1086
9c8245da-bbbc-426e-9245-cdfe1e6079d3	X	31672862	32063574	287	0.3236
9c8245da-bbbc-426e-9245-cdfe1e6079d3	X	32065123	32142715	68	-0.1749
9c8245da-bbbc-426e-9245-cdfe1e6079d3	X	32144578	35786970	1224	0.329
9c8245da-bbbc-426e-9245-cdfe1e6079d3	X	35789668	35796052	10	-0.2212
9c8245da-bbbc-426e-9245-cdfe1e6079d3	X	35803646	39869584	1989	0.3496
9c8245da-bbbc-426e-9245-cdfe1e6079d3	X	39871885	42417046	1217	0.168
9c8245da-bbbc-426e-9245-cdfe1e6079d3	X	42419743	43054516	47	0.4331
9c8245da-bbbc-426e-9245-cdfe1e6079d3	X	43054610	43861041	421	0.1357
9c8245da-bbbc-426e-9245-cdfe1e6079d3	X	43867148	43868220	2	-0.9139
9c8245da-bbbc-426e-9245-cdfe1e6079d3	X	43868761	45044570	611	0.1569
9c8245da-bbbc-426e-9245-cdfe1e6079d3	X	45047080	45129575	32	-0.1132
9c8245da-bbbc-426e-9245-cdfe1e6079d3	X	45133805	47827158	1363	0.1797
9c8245da-bbbc-426e-9245-cdfe1e6079d3	X	47827609	77609233	8917	-0.0868
9c8245da-bbbc-426e-9245-cdfe1e6079d3	X	77619890	77877204	16	-0.9144
9c8245da-bbbc-426e-9245-cdfe1e6079d3	X	77895578	112293726	14918	-0.1034
9c8245da-bbbc-426e-9245-cdfe1e6079d3	X	112294695	112294698	2	-1.5247
9c8245da-bbbc-426e-9245-cdfe1e6079d3	X	112294886	123671570	5508	-0.1016
9c8245da-bbbc-426e-9245-cdfe1e6079d3	X	123672007	123713169	21	-0.3625
9c8245da-bbbc-426e-9245-cdfe1e6079d3	X	123714979	123731210	8	-0.6451
9c8245da-bbbc-426e-9245-cdfe1e6079d3	X	123741531	123969194	104	-0.0561
9c8245da-bbbc-426e-9245-cdfe1e6079d3	X	123969270	123970173	6	-0.5163
9c8245da-bbbc-426e-9245-cdfe1e6079d3	X	123970271	124013534	36	-0.072
9c8245da-bbbc-426e-9245-cdfe1e6079d3	X	124015821	128257124	1968	0.1027
9c8245da-bbbc-426e-9245-cdfe1e6079d3	X	128294211	142257662	5864	-0.1023
9c8245da-bbbc-426e-9245-cdfe1e6079d3	X	142258208	142603201	261	-0.7683
9c8245da-bbbc-426e-9245-cdfe1e6079d3	X	142608493	155677414	5994	-0.0988
