GDC_Aliquot	Chromosome	Start	End	Num_Probes	Segment_Mean
309737bf-aeeb-4f88-9042-e62cc52df00f	1	3301765	54953122	27643	0.1535
309737bf-aeeb-4f88-9042-e62cc52df00f	1	54953303	64434741	6925	0.2036
309737bf-aeeb-4f88-9042-e62cc52df00f	1	64435422	64436772	2	1.5984
309737bf-aeeb-4f88-9042-e62cc52df00f	1	64436800	67402127	2189	0.1662
309737bf-aeeb-4f88-9042-e62cc52df00f	1	67402376	77308743	5704	0.2076
309737bf-aeeb-4f88-9042-e62cc52df00f	1	77309187	78512277	641	0.1672
309737bf-aeeb-4f88-9042-e62cc52df00f	1	78513556	85626763	4426	0.246
309737bf-aeeb-4f88-9042-e62cc52df00f	1	85626826	99065239	8147	0.21
309737bf-aeeb-4f88-9042-e62cc52df00f	1	99066620	103033148	2490	0.2442
309737bf-aeeb-4f88-9042-e62cc52df00f	1	103033874	119984738	9907	0.192
309737bf-aeeb-4f88-9042-e62cc52df00f	1	119984772	153350098	1685	0.1647
309737bf-aeeb-4f88-9042-e62cc52df00f	1	153393072	161940249	4675	0.703
309737bf-aeeb-4f88-9042-e62cc52df00f	1	161942226	189974600	18471	0.7394
309737bf-aeeb-4f88-9042-e62cc52df00f	1	189979516	194911968	3050	0.7788
309737bf-aeeb-4f88-9042-e62cc52df00f	1	194912619	201790221	4030	0.7473
309737bf-aeeb-4f88-9042-e62cc52df00f	1	201792820	227120715	16474	0.6932
309737bf-aeeb-4f88-9042-e62cc52df00f	1	227128513	233144505	3794	0.6517
309737bf-aeeb-4f88-9042-e62cc52df00f	1	233150808	247650984	9415	0.6898
309737bf-aeeb-4f88-9042-e62cc52df00f	2	480597	76146857	44319	-0.7392
309737bf-aeeb-4f88-9042-e62cc52df00f	2	76146862	76147845	2	-4.287
309737bf-aeeb-4f88-9042-e62cc52df00f	2	76148311	81204078	2669	-0.737
309737bf-aeeb-4f88-9042-e62cc52df00f	2	81204772	136564251	24262	0.2361
309737bf-aeeb-4f88-9042-e62cc52df00f	2	136567407	147249819	5873	0.2682
309737bf-aeeb-4f88-9042-e62cc52df00f	2	147254629	155738274	5046	-0.7085
309737bf-aeeb-4f88-9042-e62cc52df00f	2	155739084	155739345	3	-6.6905
309737bf-aeeb-4f88-9042-e62cc52df00f	2	155739472	155775131	22	-1.8918
309737bf-aeeb-4f88-9042-e62cc52df00f	2	155775829	156734641	505	-0.6229
309737bf-aeeb-4f88-9042-e62cc52df00f	2	156737640	156752303	11	-2.3743
309737bf-aeeb-4f88-9042-e62cc52df00f	2	156759927	236074106	45538	-0.7139
309737bf-aeeb-4f88-9042-e62cc52df00f	2	236075039	236079946	5	-3.3055
309737bf-aeeb-4f88-9042-e62cc52df00f	2	236080188	241537572	3154	-0.7609
309737bf-aeeb-4f88-9042-e62cc52df00f	3	2170634	11051142	5272	0.2161
309737bf-aeeb-4f88-9042-e62cc52df00f	3	11052147	14846655	2494	0.1583
309737bf-aeeb-4f88-9042-e62cc52df00f	3	14848206	20977472	3548	0.2051
309737bf-aeeb-4f88-9042-e62cc52df00f	3	20979383	31623913	6405	0.2357
309737bf-aeeb-4f88-9042-e62cc52df00f	3	31624633	59282758	15471	0.1859
309737bf-aeeb-4f88-9042-e62cc52df00f	3	59286147	66025596	4387	0.2267
309737bf-aeeb-4f88-9042-e62cc52df00f	3	66026638	71697648	3803	0.1843
309737bf-aeeb-4f88-9042-e62cc52df00f	3	71700242	88249055	8826	0.2171
309737bf-aeeb-4f88-9042-e62cc52df00f	3	88249962	91390926	1043	0.1785
309737bf-aeeb-4f88-9042-e62cc52df00f	3	91462299	102054944	4156	0.7698
309737bf-aeeb-4f88-9042-e62cc52df00f	3	102054984	104420374	1255	0.8472
309737bf-aeeb-4f88-9042-e62cc52df00f	3	104430148	110306077	3300	0.779
309737bf-aeeb-4f88-9042-e62cc52df00f	3	110306100	110306117	2	-0.6641
309737bf-aeeb-4f88-9042-e62cc52df00f	3	110308618	116016969	3376	0.8022
309737bf-aeeb-4f88-9042-e62cc52df00f	3	116019466	116019524	2	-0.4571
309737bf-aeeb-4f88-9042-e62cc52df00f	3	116021773	118692483	1930	0.7994
309737bf-aeeb-4f88-9042-e62cc52df00f	3	118698777	130600093	6595	0.7451
309737bf-aeeb-4f88-9042-e62cc52df00f	3	130600122	143010346	7009	0.1873
309737bf-aeeb-4f88-9042-e62cc52df00f	3	143010376	146297644	1778	0.2517
309737bf-aeeb-4f88-9042-e62cc52df00f	3	146299459	161349167	8002	0.2076
309737bf-aeeb-4f88-9042-e62cc52df00f	3	161349562	165313569	1715	0.2676
309737bf-aeeb-4f88-9042-e62cc52df00f	3	165313711	173308184	4195	0.2023
309737bf-aeeb-4f88-9042-e62cc52df00f	3	173308371	179109461	2666	0.2527
309737bf-aeeb-4f88-9042-e62cc52df00f	3	179109588	197812401	9890	0.1824
309737bf-aeeb-4f88-9042-e62cc52df00f	4	1059384	10608125	4994	-0.8614
309737bf-aeeb-4f88-9042-e62cc52df00f	4	10608697	11163041	480	0.1879
309737bf-aeeb-4f88-9042-e62cc52df00f	4	11166470	18643576	5401	0.7582
309737bf-aeeb-4f88-9042-e62cc52df00f	4	18644193	25293635	4314	0.8013
309737bf-aeeb-4f88-9042-e62cc52df00f	4	25293648	26884584	969	0.7691
309737bf-aeeb-4f88-9042-e62cc52df00f	4	26886029	38886547	7414	0.2387
309737bf-aeeb-4f88-9042-e62cc52df00f	4	38892759	38893685	2	-1.3125
309737bf-aeeb-4f88-9042-e62cc52df00f	4	38895410	41576939	1446	0.2077
309737bf-aeeb-4f88-9042-e62cc52df00f	4	41578506	41579533	3	-1.0534
309737bf-aeeb-4f88-9042-e62cc52df00f	4	41581874	47823142	3126	0.2219
309737bf-aeeb-4f88-9042-e62cc52df00f	4	47826890	52872244	690	0.175
309737bf-aeeb-4f88-9042-e62cc52df00f	4	52872349	52872357	2	-2.0489
309737bf-aeeb-4f88-9042-e62cc52df00f	4	52873095	63461043	6310	0.1756
309737bf-aeeb-4f88-9042-e62cc52df00f	4	63463688	76364243	6738	-0.7731
309737bf-aeeb-4f88-9042-e62cc52df00f	4	76364281	76364680	2	-3.1977
309737bf-aeeb-4f88-9042-e62cc52df00f	4	76368633	91966494	9253	-0.7774
309737bf-aeeb-4f88-9042-e62cc52df00f	4	92021553	103463372	6265	0.2075
309737bf-aeeb-4f88-9042-e62cc52df00f	4	103464010	103484207	21	0.714
309737bf-aeeb-4f88-9042-e62cc52df00f	4	103490409	107303885	2118	-0.704
309737bf-aeeb-4f88-9042-e62cc52df00f	4	107305940	123768350	9359	0.2411
309737bf-aeeb-4f88-9042-e62cc52df00f	4	123771477	126108015	1396	0.3178
309737bf-aeeb-4f88-9042-e62cc52df00f	4	126108933	132558937	3049	0.2475
309737bf-aeeb-4f88-9042-e62cc52df00f	4	132561119	138905566	3310	0.2909
309737bf-aeeb-4f88-9042-e62cc52df00f	4	138908862	155093646	9123	0.2235
309737bf-aeeb-4f88-9042-e62cc52df00f	4	155094233	158261255	1943	0.287
309737bf-aeeb-4f88-9042-e62cc52df00f	4	158261637	162445156	2436	0.2062
309737bf-aeeb-4f88-9042-e62cc52df00f	4	162445364	162507757	36	0.7013
309737bf-aeeb-4f88-9042-e62cc52df00f	4	162511078	185433569	11594	0.2262
309737bf-aeeb-4f88-9042-e62cc52df00f	4	185438837	185769228	239	-0.8032
309737bf-aeeb-4f88-9042-e62cc52df00f	4	185772355	187842528	1254	0.2103
309737bf-aeeb-4f88-9042-e62cc52df00f	5	913983	7168793	4566	0.1618
309737bf-aeeb-4f88-9042-e62cc52df00f	5	7168823	29150779	12213	0.2046
309737bf-aeeb-4f88-9042-e62cc52df00f	5	29150847	31690742	1718	0.2533
309737bf-aeeb-4f88-9042-e62cc52df00f	5	31702039	55206057	10360	0.204
309737bf-aeeb-4f88-9042-e62cc52df00f	5	55206836	55803599	281	0.1666
309737bf-aeeb-4f88-9042-e62cc52df00f	5	55810059	126444493	38712	0.2442
309737bf-aeeb-4f88-9042-e62cc52df00f	5	126448447	127834384	789	0.2077
309737bf-aeeb-4f88-9042-e62cc52df00f	5	127834760	180934240	32203	-0.7906
309737bf-aeeb-4f88-9042-e62cc52df00f	6	1011760	14704462	9848	-0.8359
309737bf-aeeb-4f88-9042-e62cc52df00f	6	14705819	38837945	12774	-0.7579
309737bf-aeeb-4f88-9042-e62cc52df00f	6	38844660	44686634	3793	0.1787
309737bf-aeeb-4f88-9042-e62cc52df00f	6	44691849	54504507	5935	0.222
309737bf-aeeb-4f88-9042-e62cc52df00f	6	54508582	56695732	1339	0.2842
309737bf-aeeb-4f88-9042-e62cc52df00f	6	56695898	76073613	8424	0.2259
309737bf-aeeb-4f88-9042-e62cc52df00f	6	76120824	76138280	13	0.7185
309737bf-aeeb-4f88-9042-e62cc52df00f	6	76144602	112076803	20068	0.218
309737bf-aeeb-4f88-9042-e62cc52df00f	6	112078253	142942152	18080	0.2533
309737bf-aeeb-4f88-9042-e62cc52df00f	6	142942366	170596889	16678	0.2227
309737bf-aeeb-4f88-9042-e62cc52df00f	7	664936	4647542	1551	0.1665
309737bf-aeeb-4f88-9042-e62cc52df00f	7	4652236	22405051	9654	-0.7852
309737bf-aeeb-4f88-9042-e62cc52df00f	7	22405287	24111478	1125	0.1854
309737bf-aeeb-4f88-9042-e62cc52df00f	7	24111556	49630166	16452	0.2148
309737bf-aeeb-4f88-9042-e62cc52df00f	7	49630306	65000530	5193	0.1745
309737bf-aeeb-4f88-9042-e62cc52df00f	7	65011052	111922121	22646	-0.7788
309737bf-aeeb-4f88-9042-e62cc52df00f	7	111929600	121998523	5406	-0.7226
309737bf-aeeb-4f88-9042-e62cc52df00f	7	121999604	158592540	19538	-0.782
309737bf-aeeb-4f88-9042-e62cc52df00f	8	667625	3013429	883	-0.8659
309737bf-aeeb-4f88-9042-e62cc52df00f	8	3015011	3042532	11	-2.7427
309737bf-aeeb-4f88-9042-e62cc52df00f	8	3042701	10861084	3703	-0.8385
309737bf-aeeb-4f88-9042-e62cc52df00f	8	10862730	10872182	11	-2.3725
309737bf-aeeb-4f88-9042-e62cc52df00f	8	10872814	12993796	812	-0.8816
309737bf-aeeb-4f88-9042-e62cc52df00f	8	12994004	20403751	5673	-0.7897
309737bf-aeeb-4f88-9042-e62cc52df00f	8	20404543	22614311	1497	-0.8556
309737bf-aeeb-4f88-9042-e62cc52df00f	8	22614538	22615437	2	-3.8725
309737bf-aeeb-4f88-9042-e62cc52df00f	8	22617153	43080575	12316	-0.803
309737bf-aeeb-4f88-9042-e62cc52df00f	8	46547532	57487724	5955	0.1872
309737bf-aeeb-4f88-9042-e62cc52df00f	8	57492262	58904914	1012	0.2586
309737bf-aeeb-4f88-9042-e62cc52df00f	8	58908045	68479210	5477	0.1908
309737bf-aeeb-4f88-9042-e62cc52df00f	8	68479818	105470428	21256	0.2339
309737bf-aeeb-4f88-9042-e62cc52df00f	8	105477790	115761064	5228	-0.7262
309737bf-aeeb-4f88-9042-e62cc52df00f	8	115763645	115968403	119	-4.3011
309737bf-aeeb-4f88-9042-e62cc52df00f	8	115968704	116008200	21	-0.6843
309737bf-aeeb-4f88-9042-e62cc52df00f	8	116012792	116026778	10	-3.5839
309737bf-aeeb-4f88-9042-e62cc52df00f	8	116029893	122604636	4394	-0.7561
309737bf-aeeb-4f88-9042-e62cc52df00f	8	122611328	144182542	13604	0.2086
309737bf-aeeb-4f88-9042-e62cc52df00f	9	789794	2084576	684	0.1772
309737bf-aeeb-4f88-9042-e62cc52df00f	9	2084717	32127884	18826	0.2132
309737bf-aeeb-4f88-9042-e62cc52df00f	9	32130988	38752071	4058	0.1809
309737bf-aeeb-4f88-9042-e62cc52df00f	9	68423153	68586903	129	1.3749
309737bf-aeeb-4f88-9042-e62cc52df00f	9	68587611	68596253	5	0.7357
309737bf-aeeb-4f88-9042-e62cc52df00f	9	68596284	68788905	191	1.394
309737bf-aeeb-4f88-9042-e62cc52df00f	9	68792681	68800987	4	0.544
309737bf-aeeb-4f88-9042-e62cc52df00f	9	68801306	69118752	293	1.3783
309737bf-aeeb-4f88-9042-e62cc52df00f	9	69125255	69127809	3	-0.4918
309737bf-aeeb-4f88-9042-e62cc52df00f	9	69131137	69594019	325	1.3473
309737bf-aeeb-4f88-9042-e62cc52df00f	9	69594914	70306343	494	1.1042
309737bf-aeeb-4f88-9042-e62cc52df00f	9	70310211	70328184	4	1.034
309737bf-aeeb-4f88-9042-e62cc52df00f	9	70329100	71279169	716	0.1782
309737bf-aeeb-4f88-9042-e62cc52df00f	9	71279363	71353043	45	1.0596
309737bf-aeeb-4f88-9042-e62cc52df00f	9	71356033	73390142	1314	0.1617
309737bf-aeeb-4f88-9042-e62cc52df00f	9	73395434	73414583	4	0.7517
309737bf-aeeb-4f88-9042-e62cc52df00f	9	73414910	73822473	257	1.1471
309737bf-aeeb-4f88-9042-e62cc52df00f	9	73822793	74093072	143	1.4038
309737bf-aeeb-4f88-9042-e62cc52df00f	9	74094335	74187245	56	0.7344
309737bf-aeeb-4f88-9042-e62cc52df00f	9	74191482	74228266	17	1.1903
309737bf-aeeb-4f88-9042-e62cc52df00f	9	74229302	77273946	2277	0.7066
309737bf-aeeb-4f88-9042-e62cc52df00f	9	77276988	77875639	373	1.1011
309737bf-aeeb-4f88-9042-e62cc52df00f	9	77880777	79056875	802	0.7201
309737bf-aeeb-4f88-9042-e62cc52df00f	9	79057480	79538574	371	1.371
309737bf-aeeb-4f88-9042-e62cc52df00f	9	79541261	79821943	182	1.5549
309737bf-aeeb-4f88-9042-e62cc52df00f	9	79822046	79909943	77	1.0951
309737bf-aeeb-4f88-9042-e62cc52df00f	9	79910277	79924624	20	1.3525
309737bf-aeeb-4f88-9042-e62cc52df00f	9	79924759	80083593	115	1.6096
309737bf-aeeb-4f88-9042-e62cc52df00f	9	80084341	80107596	13	1.1413
309737bf-aeeb-4f88-9042-e62cc52df00f	9	80110107	80412703	209	1.0608
309737bf-aeeb-4f88-9042-e62cc52df00f	9	80413506	83751448	2288	0.694
309737bf-aeeb-4f88-9042-e62cc52df00f	9	83757378	83811859	35	1.3318
309737bf-aeeb-4f88-9042-e62cc52df00f	9	83819543	83872434	19	0.7403
309737bf-aeeb-4f88-9042-e62cc52df00f	9	83874109	84776662	638	1.3195
309737bf-aeeb-4f88-9042-e62cc52df00f	9	84776946	85221495	393	1.535
309737bf-aeeb-4f88-9042-e62cc52df00f	9	85222740	85245425	21	1.9423
309737bf-aeeb-4f88-9042-e62cc52df00f	9	85249439	85540026	236	1.6401
309737bf-aeeb-4f88-9042-e62cc52df00f	9	85541637	85755948	89	1.8529
309737bf-aeeb-4f88-9042-e62cc52df00f	9	85762520	86321760	281	1.5772
309737bf-aeeb-4f88-9042-e62cc52df00f	9	86322174	86531731	121	1.3504
309737bf-aeeb-4f88-9042-e62cc52df00f	9	86545834	87041135	412	1.5557
309737bf-aeeb-4f88-9042-e62cc52df00f	9	87052752	87685009	559	1.3454
309737bf-aeeb-4f88-9042-e62cc52df00f	9	87687557	87688360	2	-0.2079
309737bf-aeeb-4f88-9042-e62cc52df00f	9	87689022	88476586	465	1.3281
309737bf-aeeb-4f88-9042-e62cc52df00f	9	88477130	92848119	2801	1.5294
309737bf-aeeb-4f88-9042-e62cc52df00f	9	92849288	95442510	1511	1.3213
309737bf-aeeb-4f88-9042-e62cc52df00f	9	95444822	95823705	459	1.092
309737bf-aeeb-4f88-9042-e62cc52df00f	9	95824607	103947229	4724	0.1458
309737bf-aeeb-4f88-9042-e62cc52df00f	9	103989761	105825551	1277	0.7025
309737bf-aeeb-4f88-9042-e62cc52df00f	9	105887212	105914912	24	1.1582
309737bf-aeeb-4f88-9042-e62cc52df00f	9	105915156	106787222	576	0.7321
309737bf-aeeb-4f88-9042-e62cc52df00f	9	106793052	108722619	1576	0.1976
309737bf-aeeb-4f88-9042-e62cc52df00f	9	108726102	109706306	768	0.7156
309737bf-aeeb-4f88-9042-e62cc52df00f	9	109707187	110657351	714	0.1766
309737bf-aeeb-4f88-9042-e62cc52df00f	9	110657479	110705221	29	0.6568
309737bf-aeeb-4f88-9042-e62cc52df00f	9	110705266	110710386	6	1.1058
309737bf-aeeb-4f88-9042-e62cc52df00f	9	110710530	111975501	922	0.7415
309737bf-aeeb-4f88-9042-e62cc52df00f	9	111977059	112940886	493	1.0323
309737bf-aeeb-4f88-9042-e62cc52df00f	9	112941850	112984840	23	1.1974
309737bf-aeeb-4f88-9042-e62cc52df00f	9	112985113	113148516	35	1.4769
309737bf-aeeb-4f88-9042-e62cc52df00f	9	113148711	113155989	12	1.1061
309737bf-aeeb-4f88-9042-e62cc52df00f	9	113156272	113281437	97	1.6887
309737bf-aeeb-4f88-9042-e62cc52df00f	9	113282718	116638138	2341	1.3611
309737bf-aeeb-4f88-9042-e62cc52df00f	9	116638835	116720517	68	1.0771
309737bf-aeeb-4f88-9042-e62cc52df00f	9	116721100	116735232	24	1.4484
309737bf-aeeb-4f88-9042-e62cc52df00f	9	116736782	116746688	8	2.0698
309737bf-aeeb-4f88-9042-e62cc52df00f	9	116746997	117162567	381	1.3372
309737bf-aeeb-4f88-9042-e62cc52df00f	9	117162816	117310348	141	1.0628
309737bf-aeeb-4f88-9042-e62cc52df00f	9	117312436	119501287	1594	0.7025
309737bf-aeeb-4f88-9042-e62cc52df00f	9	119501885	120591826	935	1.0715
309737bf-aeeb-4f88-9042-e62cc52df00f	9	120597718	120776363	92	0.7274
309737bf-aeeb-4f88-9042-e62cc52df00f	9	120777190	122841289	1300	1.0534
309737bf-aeeb-4f88-9042-e62cc52df00f	9	122841883	123103791	126	0.7195
309737bf-aeeb-4f88-9042-e62cc52df00f	9	123105071	123172150	34	1.5019
309737bf-aeeb-4f88-9042-e62cc52df00f	9	123173116	123211138	16	1.1786
309737bf-aeeb-4f88-9042-e62cc52df00f	9	123214930	123224497	9	1.6349
309737bf-aeeb-4f88-9042-e62cc52df00f	9	123228279	125691520	1436	0.6862
309737bf-aeeb-4f88-9042-e62cc52df00f	9	125691735	128082465	1428	0.1623
309737bf-aeeb-4f88-9042-e62cc52df00f	9	128084789	128084951	3	-2.1002
309737bf-aeeb-4f88-9042-e62cc52df00f	9	128085583	131719498	1967	0.1629
309737bf-aeeb-4f88-9042-e62cc52df00f	9	131720970	131722510	5	-0.9838
309737bf-aeeb-4f88-9042-e62cc52df00f	9	131723477	138044505	2911	0.1411
309737bf-aeeb-4f88-9042-e62cc52df00f	10	366509	21642960	15468	0.1815
309737bf-aeeb-4f88-9042-e62cc52df00f	10	21647736	22388186	307	0.7159
309737bf-aeeb-4f88-9042-e62cc52df00f	10	22390248	28596795	3991	0.1699
309737bf-aeeb-4f88-9042-e62cc52df00f	10	28597697	37270750	5792	0.2024
309737bf-aeeb-4f88-9042-e62cc52df00f	10	37273915	43095300	1052	0.1472
309737bf-aeeb-4f88-9042-e62cc52df00f	10	43095340	43095356	2	-1.3773
309737bf-aeeb-4f88-9042-e62cc52df00f	10	43095405	51362118	3507	0.1797
309737bf-aeeb-4f88-9042-e62cc52df00f	10	51362991	66244856	9402	0.2264
309737bf-aeeb-4f88-9042-e62cc52df00f	10	66245229	98863306	19786	0.1977
309737bf-aeeb-4f88-9042-e62cc52df00f	10	98864013	102606929	1848	0.1434
309737bf-aeeb-4f88-9042-e62cc52df00f	10	102610905	104186084	810	0.1919
309737bf-aeeb-4f88-9042-e62cc52df00f	10	104186227	109645641	3653	0.2333
309737bf-aeeb-4f88-9042-e62cc52df00f	10	109645815	111595320	1324	0.1967
309737bf-aeeb-4f88-9042-e62cc52df00f	10	111595462	111596441	3	-0.8998
309737bf-aeeb-4f88-9042-e62cc52df00f	10	111598317	114553101	2072	0.1891
309737bf-aeeb-4f88-9042-e62cc52df00f	10	114554076	116446400	1295	0.2466
309737bf-aeeb-4f88-9042-e62cc52df00f	10	116449145	133411599	10914	0.1819
309737bf-aeeb-4f88-9042-e62cc52df00f	11	456012	69065262	36226	0.2005
309737bf-aeeb-4f88-9042-e62cc52df00f	11	69075023	69075127	2	-1.6529
309737bf-aeeb-4f88-9042-e62cc52df00f	11	69079537	76401446	3843	0.1759
309737bf-aeeb-4f88-9042-e62cc52df00f	11	76404655	84711848	5172	-0.7779
309737bf-aeeb-4f88-9042-e62cc52df00f	11	84719546	85219462	287	-4.052
309737bf-aeeb-4f88-9042-e62cc52df00f	11	85224472	106310246	13004	-0.7358
309737bf-aeeb-4f88-9042-e62cc52df00f	11	106321120	107202641	576	0.2858
309737bf-aeeb-4f88-9042-e62cc52df00f	11	107202771	134272740	18334	0.208
309737bf-aeeb-4f88-9042-e62cc52df00f	12	780472	4871573	2320	0.1946
309737bf-aeeb-4f88-9042-e62cc52df00f	12	4875435	4876387	3	-1.1018
309737bf-aeeb-4f88-9042-e62cc52df00f	12	4877174	12696307	4316	0.1886
309737bf-aeeb-4f88-9042-e62cc52df00f	12	12698152	18917732	3763	-0.7416
309737bf-aeeb-4f88-9042-e62cc52df00f	12	18919444	18919463	2	1.1193
309737bf-aeeb-4f88-9042-e62cc52df00f	12	18924476	48190885	14506	0.214
309737bf-aeeb-4f88-9042-e62cc52df00f	12	48192035	57539707	4745	0.168
309737bf-aeeb-4f88-9042-e62cc52df00f	12	57540402	60259451	1776	0.2221
309737bf-aeeb-4f88-9042-e62cc52df00f	12	60261804	66727321	3754	0.1664
309737bf-aeeb-4f88-9042-e62cc52df00f	12	66728743	92231594	15523	0.217
309737bf-aeeb-4f88-9042-e62cc52df00f	12	92232676	92238105	7	-0.9231
309737bf-aeeb-4f88-9042-e62cc52df00f	12	92240617	96432472	2826	0.1923
309737bf-aeeb-4f88-9042-e62cc52df00f	12	96432833	96433879	2	-1.2737
309737bf-aeeb-4f88-9042-e62cc52df00f	12	96435284	97602468	878	0.1991
309737bf-aeeb-4f88-9042-e62cc52df00f	12	97602787	101619398	2432	0.1575
309737bf-aeeb-4f88-9042-e62cc52df00f	12	101621001	106134628	3125	0.189
309737bf-aeeb-4f88-9042-e62cc52df00f	12	106134676	119556269	8161	0.1372
309737bf-aeeb-4f88-9042-e62cc52df00f	12	119556571	119584378	24	0.6387
309737bf-aeeb-4f88-9042-e62cc52df00f	12	119589260	127627841	4491	0.1568
309737bf-aeeb-4f88-9042-e62cc52df00f	12	127631437	130592328	737	0.6798
309737bf-aeeb-4f88-9042-e62cc52df00f	12	130593880	130594291	2	-0.7164
309737bf-aeeb-4f88-9042-e62cc52df00f	12	130597548	132605822	885	0.6831
309737bf-aeeb-4f88-9042-e62cc52df00f	13	18874255	21270703	897	-0.7825
309737bf-aeeb-4f88-9042-e62cc52df00f	13	21271303	21288811	15	-2.404
309737bf-aeeb-4f88-9042-e62cc52df00f	13	21289235	21616853	197	-4.2968
309737bf-aeeb-4f88-9042-e62cc52df00f	13	21617661	22027596	302	-0.8769
309737bf-aeeb-4f88-9042-e62cc52df00f	13	22030678	22031417	2	-7.5751
309737bf-aeeb-4f88-9042-e62cc52df00f	13	22032072	22035458	5	-1.745
309737bf-aeeb-4f88-9042-e62cc52df00f	13	22037997	22445413	342	-0.7619
309737bf-aeeb-4f88-9042-e62cc52df00f	13	22445719	22447680	2	-7.4436
309737bf-aeeb-4f88-9042-e62cc52df00f	13	22447846	22451877	4	-3.0059
309737bf-aeeb-4f88-9042-e62cc52df00f	13	22455091	23541791	668	-0.7873
309737bf-aeeb-4f88-9042-e62cc52df00f	13	24003455	24154182	149	-5.8399
309737bf-aeeb-4f88-9042-e62cc52df00f	13	24159847	30696085	4433	-0.8071
309737bf-aeeb-4f88-9042-e62cc52df00f	13	30697587	30712245	18	-5.3374
309737bf-aeeb-4f88-9042-e62cc52df00f	13	30715336	31120106	400	-0.775
309737bf-aeeb-4f88-9042-e62cc52df00f	13	31120463	31420599	94	-5.0302
309737bf-aeeb-4f88-9042-e62cc52df00f	13	31426346	31789175	248	-0.8426
309737bf-aeeb-4f88-9042-e62cc52df00f	13	31798832	31819253	19	-5.5266
309737bf-aeeb-4f88-9042-e62cc52df00f	13	31819440	32135776	187	-0.7422
309737bf-aeeb-4f88-9042-e62cc52df00f	13	32137515	32309446	68	-5.0363
309737bf-aeeb-4f88-9042-e62cc52df00f	13	32309770	32776919	332	-3.1935
309737bf-aeeb-4f88-9042-e62cc52df00f	13	32780830	33019132	205	-0.8066
309737bf-aeeb-4f88-9042-e62cc52df00f	13	33025060	33026139	2	-7.5123
309737bf-aeeb-4f88-9042-e62cc52df00f	13	33026629	33083582	53	-0.8909
309737bf-aeeb-4f88-9042-e62cc52df00f	13	33083620	33209484	75	-5.579
309737bf-aeeb-4f88-9042-e62cc52df00f	13	33210247	33449179	168	-0.8166
309737bf-aeeb-4f88-9042-e62cc52df00f	13	33450224	33462333	9	-3.0266
309737bf-aeeb-4f88-9042-e62cc52df00f	13	33468893	33990447	374	-0.7712
309737bf-aeeb-4f88-9042-e62cc52df00f	13	33994158	34047783	44	-5.0841
309737bf-aeeb-4f88-9042-e62cc52df00f	13	34048636	34183788	96	-0.7393
309737bf-aeeb-4f88-9042-e62cc52df00f	13	34186300	34188519	3	-3.337
309737bf-aeeb-4f88-9042-e62cc52df00f	13	34191551	34663476	342	-0.7344
309737bf-aeeb-4f88-9042-e62cc52df00f	13	34671123	34690409	14	0.2123
309737bf-aeeb-4f88-9042-e62cc52df00f	13	34691044	35935591	761	-0.7357
309737bf-aeeb-4f88-9042-e62cc52df00f	13	35941161	36331410	277	0.2736
309737bf-aeeb-4f88-9042-e62cc52df00f	13	36335105	40186147	2668	-0.753
309737bf-aeeb-4f88-9042-e62cc52df00f	13	40186561	40186801	2	-3.5693
309737bf-aeeb-4f88-9042-e62cc52df00f	13	40188714	43807722	2225	-0.7599
309737bf-aeeb-4f88-9042-e62cc52df00f	13	43813516	43911482	65	0.2655
309737bf-aeeb-4f88-9042-e62cc52df00f	13	43911756	43912043	2	-0.9397
309737bf-aeeb-4f88-9042-e62cc52df00f	13	43914955	44695515	495	0.2297
309737bf-aeeb-4f88-9042-e62cc52df00f	13	44699116	44711897	9	-0.6674
309737bf-aeeb-4f88-9042-e62cc52df00f	13	44715221	45267422	302	0.2184
309737bf-aeeb-4f88-9042-e62cc52df00f	13	45274261	45283531	7	-0.6553
309737bf-aeeb-4f88-9042-e62cc52df00f	13	45284948	45454789	69	0.1562
309737bf-aeeb-4f88-9042-e62cc52df00f	13	45457955	45592061	98	-0.7748
309737bf-aeeb-4f88-9042-e62cc52df00f	13	45592516	45796297	146	0.2279
309737bf-aeeb-4f88-9042-e62cc52df00f	13	45797840	45805204	8	-0.9993
309737bf-aeeb-4f88-9042-e62cc52df00f	13	45806399	45806803	3	-0.2843
309737bf-aeeb-4f88-9042-e62cc52df00f	13	45810537	45870572	47	0.2263
309737bf-aeeb-4f88-9042-e62cc52df00f	13	45870787	45872054	6	-0.8025
309737bf-aeeb-4f88-9042-e62cc52df00f	13	45875762	45937382	47	0.1861
309737bf-aeeb-4f88-9042-e62cc52df00f	13	45941290	45943961	5	-0.5983
309737bf-aeeb-4f88-9042-e62cc52df00f	13	45944905	45950856	7	0.2127
309737bf-aeeb-4f88-9042-e62cc52df00f	13	45956058	45977107	13	-0.7533
309737bf-aeeb-4f88-9042-e62cc52df00f	13	45981240	46043077	23	0.2174
309737bf-aeeb-4f88-9042-e62cc52df00f	13	46043220	47334628	923	-0.7506
309737bf-aeeb-4f88-9042-e62cc52df00f	13	47344828	47606800	174	0.1911
309737bf-aeeb-4f88-9042-e62cc52df00f	13	47607903	47947044	225	-0.772
309737bf-aeeb-4f88-9042-e62cc52df00f	13	47955769	48092692	64	0.1654
309737bf-aeeb-4f88-9042-e62cc52df00f	13	48096818	48264752	96	-0.6962
309737bf-aeeb-4f88-9042-e62cc52df00f	13	48268612	48461557	234	-2.5534
309737bf-aeeb-4f88-9042-e62cc52df00f	13	48474296	48642192	126	-0.7727
309737bf-aeeb-4f88-9042-e62cc52df00f	13	48642200	48821946	144	0.1922
309737bf-aeeb-4f88-9042-e62cc52df00f	13	48826009	48905093	64	-0.7193
309737bf-aeeb-4f88-9042-e62cc52df00f	13	48906255	48996494	43	-5.3385
309737bf-aeeb-4f88-9042-e62cc52df00f	13	48997140	49145839	59	-3.0518
309737bf-aeeb-4f88-9042-e62cc52df00f	13	49152213	49923945	357	-0.7603
309737bf-aeeb-4f88-9042-e62cc52df00f	13	51050074	52166816	638	0.2284
309737bf-aeeb-4f88-9042-e62cc52df00f	13	52167448	92049695	21941	-0.7543
309737bf-aeeb-4f88-9042-e62cc52df00f	13	92050566	92050589	2	-6.3808
309737bf-aeeb-4f88-9042-e62cc52df00f	13	92050713	94533837	1748	-0.7757
309737bf-aeeb-4f88-9042-e62cc52df00f	13	94535880	103437574	6017	0.227
309737bf-aeeb-4f88-9042-e62cc52df00f	13	103437783	104864313	1107	0.2957
309737bf-aeeb-4f88-9042-e62cc52df00f	13	104867329	114226675	5685	0.2259
309737bf-aeeb-4f88-9042-e62cc52df00f	14	20033191	54231634	18263	0.2002
309737bf-aeeb-4f88-9042-e62cc52df00f	14	54231753	58479146	2788	0.1642
309737bf-aeeb-4f88-9042-e62cc52df00f	14	58480647	63399772	3012	0.2003
309737bf-aeeb-4f88-9042-e62cc52df00f	14	63399968	70186007	3962	-0.7659
309737bf-aeeb-4f88-9042-e62cc52df00f	14	70191235	70191327	3	-3.5098
309737bf-aeeb-4f88-9042-e62cc52df00f	14	70192222	88093648	11312	-0.7968
309737bf-aeeb-4f88-9042-e62cc52df00f	14	88094011	88094405	2	-5.6761
309737bf-aeeb-4f88-9042-e62cc52df00f	14	88111149	96123023	5136	-0.8215
309737bf-aeeb-4f88-9042-e62cc52df00f	14	96123846	96125697	2	-4.9496
309737bf-aeeb-4f88-9042-e62cc52df00f	14	96126554	101069619	3305	-0.8403
309737bf-aeeb-4f88-9042-e62cc52df00f	14	101069690	101069792	2	-5.0399
309737bf-aeeb-4f88-9042-e62cc52df00f	14	101072883	104196918	1465	-0.7917
309737bf-aeeb-4f88-9042-e62cc52df00f	14	104200315	104206884	2	-3.6596
309737bf-aeeb-4f88-9042-e62cc52df00f	14	104213059	105533894	329	-0.788
309737bf-aeeb-4f88-9042-e62cc52df00f	15	23437561	31664417	3284	0.1393
309737bf-aeeb-4f88-9042-e62cc52df00f	15	31664862	40410802	5289	0.209
309737bf-aeeb-4f88-9042-e62cc52df00f	15	40413195	46383042	2733	0.1667
309737bf-aeeb-4f88-9042-e62cc52df00f	15	46385075	53634400	4638	0.2041
309737bf-aeeb-4f88-9042-e62cc52df00f	15	53634532	54518628	663	0.1532
309737bf-aeeb-4f88-9042-e62cc52df00f	15	54521799	54521815	2	-2.2882
309737bf-aeeb-4f88-9042-e62cc52df00f	15	54522666	65786071	7218	0.176
309737bf-aeeb-4f88-9042-e62cc52df00f	15	65786670	84719890	10653	0.1567
309737bf-aeeb-4f88-9042-e62cc52df00f	15	84720667	101344124	10276	0.1851
309737bf-aeeb-4f88-9042-e62cc52df00f	16	603333	3914885	1061	0.185
309737bf-aeeb-4f88-9042-e62cc52df00f	16	3917410	3920016	6	-0.9801
309737bf-aeeb-4f88-9042-e62cc52df00f	16	3922201	3972084	31	0.2381
309737bf-aeeb-4f88-9042-e62cc52df00f	16	3978059	3982580	5	-0.8833
309737bf-aeeb-4f88-9042-e62cc52df00f	16	3986154	4331808	192	0.1604
309737bf-aeeb-4f88-9042-e62cc52df00f	16	4339925	9845911	3385	-0.8772
309737bf-aeeb-4f88-9042-e62cc52df00f	16	9851278	62585565	19744	0.1475
309737bf-aeeb-4f88-9042-e62cc52df00f	16	62586407	65954331	2340	0.2114
309737bf-aeeb-4f88-9042-e62cc52df00f	16	65954469	89317317	14368	0.1441
309737bf-aeeb-4f88-9042-e62cc52df00f	17	1074619	10527613	4893	0.139
309737bf-aeeb-4f88-9042-e62cc52df00f	17	10528028	16652195	3049	0.712
309737bf-aeeb-4f88-9042-e62cc52df00f	17	16660167	16660241	2	-0.8689
309737bf-aeeb-4f88-9042-e62cc52df00f	17	16664225	21774057	1778	0.6944
309737bf-aeeb-4f88-9042-e62cc52df00f	17	26943491	82959812	27523	0.1618
309737bf-aeeb-4f88-9042-e62cc52df00f	18	326691	1441749	351	0.162
309737bf-aeeb-4f88-9042-e62cc52df00f	18	1441977	4730882	1886	0.2204
309737bf-aeeb-4f88-9042-e62cc52df00f	18	4731703	27928072	10169	0.1725
309737bf-aeeb-4f88-9042-e62cc52df00f	18	27928435	31381484	2016	0.2219
309737bf-aeeb-4f88-9042-e62cc52df00f	18	31382147	40945603	5883	0.1758
309737bf-aeeb-4f88-9042-e62cc52df00f	18	40947332	45717773	2894	0.2304
309737bf-aeeb-4f88-9042-e62cc52df00f	18	45717878	55280630	6307	0.166
309737bf-aeeb-4f88-9042-e62cc52df00f	18	55285664	66065789	6644	0.1977
309737bf-aeeb-4f88-9042-e62cc52df00f	18	66065804	66065858	3	-0.871
309737bf-aeeb-4f88-9042-e62cc52df00f	18	66066360	68606352	1315	0.2013
309737bf-aeeb-4f88-9042-e62cc52df00f	18	68606855	68842614	148	0.1447
309737bf-aeeb-4f88-9042-e62cc52df00f	18	68843133	68904530	43	-0.8425
309737bf-aeeb-4f88-9042-e62cc52df00f	18	68906808	79349796	5274	0.1926
309737bf-aeeb-4f88-9042-e62cc52df00f	19	283868	58370362	24137	0.1392
309737bf-aeeb-4f88-9042-e62cc52df00f	20	472817	20499654	13574	0.1998
309737bf-aeeb-4f88-9042-e62cc52df00f	20	20500149	44649413	11229	0.1565
309737bf-aeeb-4f88-9042-e62cc52df00f	20	44649722	59046400	9868	0.1788
309737bf-aeeb-4f88-9042-e62cc52df00f	20	59046984	61609954	2034	0.1412
309737bf-aeeb-4f88-9042-e62cc52df00f	20	61610560	63588502	834	0.1962
309737bf-aeeb-4f88-9042-e62cc52df00f	21	13974127	14208506	97	0.1975
309737bf-aeeb-4f88-9042-e62cc52df00f	21	14209281	14222050	7	0.6815
309737bf-aeeb-4f88-9042-e62cc52df00f	21	14222144	15060614	596	0.1851
309737bf-aeeb-4f88-9042-e62cc52df00f	21	15062902	28435925	8530	0.2301
309737bf-aeeb-4f88-9042-e62cc52df00f	21	28436057	46262057	11361	0.16
309737bf-aeeb-4f88-9042-e62cc52df00f	22	16934932	24797587	1366	0.1456
309737bf-aeeb-4f88-9042-e62cc52df00f	22	24808086	28425551	2809	-0.9001
309737bf-aeeb-4f88-9042-e62cc52df00f	22	28431213	35524022	4886	-0.8397
309737bf-aeeb-4f88-9042-e62cc52df00f	22	35524087	35527058	2	-3.4713
309737bf-aeeb-4f88-9042-e62cc52df00f	22	35527145	43096606	3631	-0.7884
309737bf-aeeb-4f88-9042-e62cc52df00f	22	43096633	44725000	1230	-0.9132
309737bf-aeeb-4f88-9042-e62cc52df00f	22	44725058	44734521	11	-2.0827
309737bf-aeeb-4f88-9042-e62cc52df00f	22	44750935	48940621	2998	-0.9068
309737bf-aeeb-4f88-9042-e62cc52df00f	X	3236359	8277756	852	-1.1785
309737bf-aeeb-4f88-9042-e62cc52df00f	X	8433360	26878493	9433	0.4298
309737bf-aeeb-4f88-9042-e62cc52df00f	X	26879646	26883092	2	-1.2519
309737bf-aeeb-4f88-9042-e62cc52df00f	X	26885395	31169077	2334	0.4266
309737bf-aeeb-4f88-9042-e62cc52df00f	X	31172775	34931141	1451	0.4915
309737bf-aeeb-4f88-9042-e62cc52df00f	X	34931595	46289093	5408	0.402
309737bf-aeeb-4f88-9042-e62cc52df00f	X	46289107	58291715	4502	0.3423
309737bf-aeeb-4f88-9042-e62cc52df00f	X	62952913	85839436	8685	-0.1961
309737bf-aeeb-4f88-9042-e62cc52df00f	X	85839689	90031153	2240	-0.1499
309737bf-aeeb-4f88-9042-e62cc52df00f	X	90031309	110807735	8465	-0.1854
309737bf-aeeb-4f88-9042-e62cc52df00f	X	110814217	118103771	3368	-0.155
309737bf-aeeb-4f88-9042-e62cc52df00f	X	118109135	148996076	14927	-0.1975
309737bf-aeeb-4f88-9042-e62cc52df00f	X	148996331	150392631	552	-1.1868
309737bf-aeeb-4f88-9042-e62cc52df00f	X	150393072	155677414	1698	-0.2051
