GDC_Aliquot	Chromosome	Start	End	Num_Probes	Segment_Mean
fa68bf2f-7a99-4fb5-98ef-3f4ae753808d	1	3301765	247650984	129749	0.0002
fa68bf2f-7a99-4fb5-98ef-3f4ae753808d	2	480597	51309666	30645	0.006
fa68bf2f-7a99-4fb5-98ef-3f4ae753808d	2	51311298	51313307	2	-1.481
fa68bf2f-7a99-4fb5-98ef-3f4ae753808d	2	51320013	164997464	57184	0.006
fa68bf2f-7a99-4fb5-98ef-3f4ae753808d	2	165001071	165007296	3	-1.5654
fa68bf2f-7a99-4fb5-98ef-3f4ae753808d	2	165007539	241537572	44366	0.0041
fa68bf2f-7a99-4fb5-98ef-3f4ae753808d	3	2170634	197812401	107182	-0.0008
fa68bf2f-7a99-4fb5-98ef-3f4ae753808d	4	1059384	27691902	16775	0.0015
fa68bf2f-7a99-4fb5-98ef-3f4ae753808d	4	27692228	27692567	3	-1.5568
fa68bf2f-7a99-4fb5-98ef-3f4ae753808d	4	27693271	187842528	86728	-0.0017
fa68bf2f-7a99-4fb5-98ef-3f4ae753808d	5	913983	118382866	63201	0.0033
fa68bf2f-7a99-4fb5-98ef-3f4ae753808d	5	118396135	118655257	170	-1.087
fa68bf2f-7a99-4fb5-98ef-3f4ae753808d	5	118658444	180934240	37769	0.0008
fa68bf2f-7a99-4fb5-98ef-3f4ae753808d	6	1011760	170596889	97170	0.0008
fa68bf2f-7a99-4fb5-98ef-3f4ae753808d	7	664936	158592540	81929	0.001
fa68bf2f-7a99-4fb5-98ef-3f4ae753808d	8	667625	144182542	82235	0.0013
fa68bf2f-7a99-4fb5-98ef-3f4ae753808d	9	789794	22710287	14147	0.0015
fa68bf2f-7a99-4fb5-98ef-3f4ae753808d	9	22717306	22724130	5	-0.9906
fa68bf2f-7a99-4fb5-98ef-3f4ae753808d	9	22726135	138044505	54346	0.0005
fa68bf2f-7a99-4fb5-98ef-3f4ae753808d	10	366509	133411599	81289	0.0018
fa68bf2f-7a99-4fb5-98ef-3f4ae753808d	11	456012	117423990	65905	0.0008
fa68bf2f-7a99-4fb5-98ef-3f4ae753808d	11	117424257	117424801	2	-1.9257
fa68bf2f-7a99-4fb5-98ef-3f4ae753808d	11	117425075	134272740	11679	0.0007
fa68bf2f-7a99-4fb5-98ef-3f4ae753808d	12	780472	41418136	21298	0.0011
fa68bf2f-7a99-4fb5-98ef-3f4ae753808d	12	41422077	41422093	2	-1.3822
fa68bf2f-7a99-4fb5-98ef-3f4ae753808d	12	41422343	132605822	53062	0.004
fa68bf2f-7a99-4fb5-98ef-3f4ae753808d	13	18874255	114226675	56992	0.0029
fa68bf2f-7a99-4fb5-98ef-3f4ae753808d	14	20033191	105533894	49780	0.0023
fa68bf2f-7a99-4fb5-98ef-3f4ae753808d	15	23437561	77431653	30466	0.0009
fa68bf2f-7a99-4fb5-98ef-3f4ae753808d	15	77434687	77435697	2	-1.7875
fa68bf2f-7a99-4fb5-98ef-3f4ae753808d	15	77437915	101344124	14314	0.0014
fa68bf2f-7a99-4fb5-98ef-3f4ae753808d	16	603333	89317317	41213	0.0019
fa68bf2f-7a99-4fb5-98ef-3f4ae753808d	17	1074619	82959812	37277	0.0029
fa68bf2f-7a99-4fb5-98ef-3f4ae753808d	18	326691	79349796	42966	0.0041
fa68bf2f-7a99-4fb5-98ef-3f4ae753808d	19	283868	58370362	24149	0.0002
fa68bf2f-7a99-4fb5-98ef-3f4ae753808d	20	472817	8032855	4710	0.0023
fa68bf2f-7a99-4fb5-98ef-3f4ae753808d	20	8036228	8040501	5	-1.0443
fa68bf2f-7a99-4fb5-98ef-3f4ae753808d	20	8040752	63588502	32841	0.0012
fa68bf2f-7a99-4fb5-98ef-3f4ae753808d	21	13974127	46262057	20593	0.0023
fa68bf2f-7a99-4fb5-98ef-3f4ae753808d	22	16934932	48940621	17083	0.0015
fa68bf2f-7a99-4fb5-98ef-3f4ae753808d	X	3236359	22778337	8302	0.0092
fa68bf2f-7a99-4fb5-98ef-3f4ae753808d	X	22778789	22780555	2	-1.4092
fa68bf2f-7a99-4fb5-98ef-3f4ae753808d	X	22784634	120667875	39874	-0.0006
fa68bf2f-7a99-4fb5-98ef-3f4ae753808d	X	120668292	120668766	2	-2.9328
fa68bf2f-7a99-4fb5-98ef-3f4ae753808d	X	120672543	155677414	15809	-0.0005
