GDC_Aliquot	Chromosome	Start	End	Num_Probes	Segment_Mean
7631ad97-63bd-48b9-9ff3-381368384c9c	1	3301765	73659682	40236	0.0132
7631ad97-63bd-48b9-9ff3-381368384c9c	1	73660097	73661105	2	-1.6789
7631ad97-63bd-48b9-9ff3-381368384c9c	1	73661478	211653125	66230	0.0116
7631ad97-63bd-48b9-9ff3-381368384c9c	1	211656127	247650984	23106	-0.0045
7631ad97-63bd-48b9-9ff3-381368384c9c	2	480597	17263396	10841	0.0018
7631ad97-63bd-48b9-9ff3-381368384c9c	2	17263759	102180064	43206	0.0124
7631ad97-63bd-48b9-9ff3-381368384c9c	2	102181940	109110011	4224	-0.0037
7631ad97-63bd-48b9-9ff3-381368384c9c	2	109110656	109119293	3	-1.2244
7631ad97-63bd-48b9-9ff3-381368384c9c	2	109120850	193769288	45723	0.0016
7631ad97-63bd-48b9-9ff3-381368384c9c	2	193771901	193773983	3	-1.4143
7631ad97-63bd-48b9-9ff3-381368384c9c	2	193774435	220701361	15439	-0.0079
7631ad97-63bd-48b9-9ff3-381368384c9c	2	220706180	220706442	3	-1.1535
7631ad97-63bd-48b9-9ff3-381368384c9c	2	220709385	241537572	12633	-0.0101
7631ad97-63bd-48b9-9ff3-381368384c9c	3	2170634	3159839	430	-0.0238
7631ad97-63bd-48b9-9ff3-381368384c9c	3	3160096	144668597	79256	0.011
7631ad97-63bd-48b9-9ff3-381368384c9c	3	144668729	197812401	27388	-0.0107
7631ad97-63bd-48b9-9ff3-381368384c9c	4	1059384	108569408	60370	0.0117
7631ad97-63bd-48b9-9ff3-381368384c9c	4	108571276	108599109	5	-1.0839
7631ad97-63bd-48b9-9ff3-381368384c9c	4	108609169	187842528	43005	0.0127
7631ad97-63bd-48b9-9ff3-381368384c9c	5	913983	85622529	45753	0.0007
7631ad97-63bd-48b9-9ff3-381368384c9c	5	85623594	85627919	3	-1.2815
7631ad97-63bd-48b9-9ff3-381368384c9c	5	85634475	180934240	55246	-0.0009
7631ad97-63bd-48b9-9ff3-381368384c9c	6	1011760	31204878	19365	-0.0056
7631ad97-63bd-48b9-9ff3-381368384c9c	6	31208262	31208825	2	1.2281
7631ad97-63bd-48b9-9ff3-381368384c9c	6	31210138	46958100	8474	0.0057
7631ad97-63bd-48b9-9ff3-381368384c9c	6	46960032	46960083	2	-1.4349
7631ad97-63bd-48b9-9ff3-381368384c9c	6	46963821	170596889	69227	0.0003
7631ad97-63bd-48b9-9ff3-381368384c9c	7	664936	158592540	81863	0.006
7631ad97-63bd-48b9-9ff3-381368384c9c	8	667625	42799673	24961	-0.0174
7631ad97-63bd-48b9-9ff3-381368384c9c	8	42800138	135754996	53042	0.0085
7631ad97-63bd-48b9-9ff3-381368384c9c	8	135755042	135767191	7	-0.8194
7631ad97-63bd-48b9-9ff3-381368384c9c	8	135775049	144182542	4128	0.0224
7631ad97-63bd-48b9-9ff3-381368384c9c	9	789794	15552401	8661	0.0171
7631ad97-63bd-48b9-9ff3-381368384c9c	9	15554962	15555460	3	-1.0474
7631ad97-63bd-48b9-9ff3-381368384c9c	9	15556115	19577294	3257	0.0257
7631ad97-63bd-48b9-9ff3-381368384c9c	9	19578307	30900061	6750	-0.0241
7631ad97-63bd-48b9-9ff3-381368384c9c	9	30900823	138044505	49743	0.0062
7631ad97-63bd-48b9-9ff3-381368384c9c	10	366509	37417376	25630	-0.0105
7631ad97-63bd-48b9-9ff3-381368384c9c	10	37425393	126406154	51788	0.0051
7631ad97-63bd-48b9-9ff3-381368384c9c	10	126407504	133411599	3776	-0.0151
7631ad97-63bd-48b9-9ff3-381368384c9c	11	456012	42974312	27096	-0.0005
7631ad97-63bd-48b9-9ff3-381368384c9c	11	42974837	43035606	50	-0.9465
7631ad97-63bd-48b9-9ff3-381368384c9c	11	43039779	134272740	50352	-0.0012
7631ad97-63bd-48b9-9ff3-381368384c9c	12	780472	132605822	74273	0.0021
7631ad97-63bd-48b9-9ff3-381368384c9c	13	18874255	114226675	56923	-0.0172
7631ad97-63bd-48b9-9ff3-381368384c9c	14	20033191	99182754	46821	-0.0052
7631ad97-63bd-48b9-9ff3-381368384c9c	14	99183226	99183260	2	1.4441
7631ad97-63bd-48b9-9ff3-381368384c9c	14	99183417	105533894	2905	-0.0176
7631ad97-63bd-48b9-9ff3-381368384c9c	15	23437561	36109168	5680	0.0042
7631ad97-63bd-48b9-9ff3-381368384c9c	15	36109324	47640966	6506	-0.0174
7631ad97-63bd-48b9-9ff3-381368384c9c	15	47643379	101344124	32559	0.0058
7631ad97-63bd-48b9-9ff3-381368384c9c	16	603333	89317317	41182	-0.0004
7631ad97-63bd-48b9-9ff3-381368384c9c	17	1074619	19486783	9064	0.0074
7631ad97-63bd-48b9-9ff3-381368384c9c	17	19494142	19495910	4	-1.1404
7631ad97-63bd-48b9-9ff3-381368384c9c	17	19498115	82959812	28185	0.0023
7631ad97-63bd-48b9-9ff3-381368384c9c	18	326691	59547410	32303	-0.0043
7631ad97-63bd-48b9-9ff3-381368384c9c	18	59548510	59549167	2	-1.3969
7631ad97-63bd-48b9-9ff3-381368384c9c	18	59551608	79349796	10605	-0.0098
7631ad97-63bd-48b9-9ff3-381368384c9c	19	283868	58370362	24128	-0.0007
7631ad97-63bd-48b9-9ff3-381368384c9c	20	472817	3247766	1833	0.0075
7631ad97-63bd-48b9-9ff3-381368384c9c	20	3247814	19557801	10943	-0.0074
7631ad97-63bd-48b9-9ff3-381368384c9c	20	19558451	63588502	24759	0.0142
7631ad97-63bd-48b9-9ff3-381368384c9c	21	13974127	46262057	20577	-0.0157
7631ad97-63bd-48b9-9ff3-381368384c9c	22	16934932	48940621	17082	0.0163
7631ad97-63bd-48b9-9ff3-381368384c9c	X	3236359	155677414	63297	-0.0014
