GDC_Aliquot	Chromosome	Start	End	Num_Probes	Segment_Mean
6592905d-2b60-4612-b3a4-ce935577de7b	1	3301765	13986985	5757	0.1368
6592905d-2b60-4612-b3a4-ce935577de7b	1	13988058	27390193	7277	0.1638
6592905d-2b60-4612-b3a4-ce935577de7b	1	27390732	39509470	6434	0.1396
6592905d-2b60-4612-b3a4-ce935577de7b	1	39516785	39517829	2	-1.7572
6592905d-2b60-4612-b3a4-ce935577de7b	1	39523579	42103284	1436	0.162
6592905d-2b60-4612-b3a4-ce935577de7b	1	42104007	50367525	4391	0.1333
6592905d-2b60-4612-b3a4-ce935577de7b	1	50369934	61615701	7343	0.1655
6592905d-2b60-4612-b3a4-ce935577de7b	1	61617128	61617980	2	-2.6992
6592905d-2b60-4612-b3a4-ce935577de7b	1	61618288	70461578	5925	0.1733
6592905d-2b60-4612-b3a4-ce935577de7b	1	70463103	76360958	3327	0.1316
6592905d-2b60-4612-b3a4-ce935577de7b	1	76361311	77985653	929	0.1774
6592905d-2b60-4612-b3a4-ce935577de7b	1	77988136	79631871	834	0.2388
6592905d-2b60-4612-b3a4-ce935577de7b	1	79632369	93476885	8574	0.1702
6592905d-2b60-4612-b3a4-ce935577de7b	1	93477037	97076923	2358	0.221
6592905d-2b60-4612-b3a4-ce935577de7b	1	97077241	119984772	13497	0.1771
6592905d-2b60-4612-b3a4-ce935577de7b	1	146716041	155333027	2580	-0.1645
6592905d-2b60-4612-b3a4-ce935577de7b	1	155333790	155335328	2	-2.0507
6592905d-2b60-4612-b3a4-ce935577de7b	1	155336546	213873302	37250	-0.1635
6592905d-2b60-4612-b3a4-ce935577de7b	1	213874669	219458520	3886	-0.1287
6592905d-2b60-4612-b3a4-ce935577de7b	1	219460527	247650984	17809	-0.172
6592905d-2b60-4612-b3a4-ce935577de7b	2	480597	2709171	769	-0.8243
6592905d-2b60-4612-b3a4-ce935577de7b	2	2709885	2717962	3	-2.7092
6592905d-2b60-4612-b3a4-ce935577de7b	2	2718490	2955371	209	-0.8834
6592905d-2b60-4612-b3a4-ce935577de7b	2	2958474	2970791	12	-0.1789
6592905d-2b60-4612-b3a4-ce935577de7b	2	2977054	3076389	62	-0.7805
6592905d-2b60-4612-b3a4-ce935577de7b	2	3076584	14833398	8105	-0.1948
6592905d-2b60-4612-b3a4-ce935577de7b	2	14835631	16923395	1485	-0.2513
6592905d-2b60-4612-b3a4-ce935577de7b	2	16925434	57945481	23443	-0.1851
6592905d-2b60-4612-b3a4-ce935577de7b	2	57945988	61631533	2243	-0.236
6592905d-2b60-4612-b3a4-ce935577de7b	2	61631954	71616760	6020	-0.1971
6592905d-2b60-4612-b3a4-ce935577de7b	2	71619079	76950202	2834	0.1763
6592905d-2b60-4612-b3a4-ce935577de7b	2	76983866	78756907	943	-0.2053
6592905d-2b60-4612-b3a4-ce935577de7b	2	78756922	82499740	1891	0.1462
6592905d-2b60-4612-b3a4-ce935577de7b	2	82499871	82499884	2	-1.5397
6592905d-2b60-4612-b3a4-ce935577de7b	2	82503373	85105322	1433	0.1715
6592905d-2b60-4612-b3a4-ce935577de7b	2	85105337	85106283	2	-1.0875
6592905d-2b60-4612-b3a4-ce935577de7b	2	85106853	88828606	1279	0.1782
6592905d-2b60-4612-b3a4-ce935577de7b	2	88829551	100665381	2379	0.4413
6592905d-2b60-4612-b3a4-ce935577de7b	2	100667086	102716131	1325	0.5026
6592905d-2b60-4612-b3a4-ce935577de7b	2	102716319	109704919	4240	0.4557
6592905d-2b60-4612-b3a4-ce935577de7b	2	110640222	117632066	3260	0.1978
6592905d-2b60-4612-b3a4-ce935577de7b	2	117658439	122987747	3361	0.698
6592905d-2b60-4612-b3a4-ce935577de7b	2	122989415	123158215	127	1.0565
6592905d-2b60-4612-b3a4-ce935577de7b	2	123158229	127971625	1979	0.6841
6592905d-2b60-4612-b3a4-ce935577de7b	2	127974456	128160964	101	0.2187
6592905d-2b60-4612-b3a4-ce935577de7b	2	128162733	130001889	1258	0.1657
6592905d-2b60-4612-b3a4-ce935577de7b	2	130003736	130744035	16	-0.3174
6592905d-2b60-4612-b3a4-ce935577de7b	2	130744465	130955759	112	0.1228
6592905d-2b60-4612-b3a4-ce935577de7b	2	130956879	131188740	105	0.3898
6592905d-2b60-4612-b3a4-ce935577de7b	2	131523263	137525382	3336	0.1467
6592905d-2b60-4612-b3a4-ce935577de7b	2	137525913	155167404	9934	0.2155
6592905d-2b60-4612-b3a4-ce935577de7b	2	155167431	159618284	2519	0.1771
6592905d-2b60-4612-b3a4-ce935577de7b	2	159618426	160538699	571	0.2267
6592905d-2b60-4612-b3a4-ce935577de7b	2	160544323	160553157	6	-1.0547
6592905d-2b60-4612-b3a4-ce935577de7b	2	160560281	187288530	15423	0.1994
6592905d-2b60-4612-b3a4-ce935577de7b	2	187291725	189802464	1230	0.2762
6592905d-2b60-4612-b3a4-ce935577de7b	2	189802879	191373748	927	0.2115
6592905d-2b60-4612-b3a4-ce935577de7b	2	191374622	195857562	1783	-0.1327
6592905d-2b60-4612-b3a4-ce935577de7b	2	195857817	225024604	17642	-0.189
6592905d-2b60-4612-b3a4-ce935577de7b	2	225026222	229061760	2497	-0.1461
6592905d-2b60-4612-b3a4-ce935577de7b	2	229061986	241537572	7252	-0.2029
6592905d-2b60-4612-b3a4-ce935577de7b	3	2170634	3343525	626	0.4278
6592905d-2b60-4612-b3a4-ce935577de7b	3	3343596	15593729	7597	0.4903
6592905d-2b60-4612-b3a4-ce935577de7b	3	15595502	15647611	28	0.3785
6592905d-2b60-4612-b3a4-ce935577de7b	3	15648518	17972558	1431	0.5348
6592905d-2b60-4612-b3a4-ce935577de7b	3	17977467	20453929	1301	0.4472
6592905d-2b60-4612-b3a4-ce935577de7b	3	20454758	28496565	4558	0.5129
6592905d-2b60-4612-b3a4-ce935577de7b	3	28499828	30840307	1641	-0.128
6592905d-2b60-4612-b3a4-ce935577de7b	3	30840539	48674644	10231	-0.1882
6592905d-2b60-4612-b3a4-ce935577de7b	3	48674989	48675358	2	-5.1904
6592905d-2b60-4612-b3a4-ce935577de7b	3	48676234	48810989	45	-0.1527
6592905d-2b60-4612-b3a4-ce935577de7b	3	48814581	48992967	58	0.2067
6592905d-2b60-4612-b3a4-ce935577de7b	3	48997084	49363977	129	-0.1481
6592905d-2b60-4612-b3a4-ce935577de7b	3	49365526	49371950	4	0.7438
6592905d-2b60-4612-b3a4-ce935577de7b	3	49372831	49485508	30	-0.2139
6592905d-2b60-4612-b3a4-ce935577de7b	3	49497979	52790411	1343	0.4639
6592905d-2b60-4612-b3a4-ce935577de7b	3	52792531	52825614	26	-0.2305
6592905d-2b60-4612-b3a4-ce935577de7b	3	52829722	90406012	22202	0.2066
6592905d-2b60-4612-b3a4-ce935577de7b	3	90436486	97695505	1832	0.4689
6592905d-2b60-4612-b3a4-ce935577de7b	3	97695519	102950962	2767	0.5276
6592905d-2b60-4612-b3a4-ce935577de7b	3	102953557	104677504	1020	0.1936
6592905d-2b60-4612-b3a4-ce935577de7b	3	104683774	108257563	2228	0.2388
6592905d-2b60-4612-b3a4-ce935577de7b	3	108268035	110152574	777	0.1858
6592905d-2b60-4612-b3a4-ce935577de7b	3	110152977	111633841	850	0.5177
6592905d-2b60-4612-b3a4-ce935577de7b	3	111639467	114486840	1723	0.196
6592905d-2b60-4612-b3a4-ce935577de7b	3	114487740	142491959	16166	-0.188
6592905d-2b60-4612-b3a4-ce935577de7b	3	142492771	145777683	1693	0.1955
6592905d-2b60-4612-b3a4-ce935577de7b	3	145781960	148889140	1357	0.246
6592905d-2b60-4612-b3a4-ce935577de7b	3	148891917	155483437	3792	0.1949
6592905d-2b60-4612-b3a4-ce935577de7b	3	155485778	158371835	1570	-0.1747
6592905d-2b60-4612-b3a4-ce935577de7b	3	158372369	162054225	1975	0.1807
6592905d-2b60-4612-b3a4-ce935577de7b	3	162061087	163786747	690	-0.1618
6592905d-2b60-4612-b3a4-ce935577de7b	3	163788591	163836319	20	0.3428
6592905d-2b60-4612-b3a4-ce935577de7b	3	163838826	164305153	285	-0.2123
6592905d-2b60-4612-b3a4-ce935577de7b	3	164309028	164332629	14	0.3211
6592905d-2b60-4612-b3a4-ce935577de7b	3	164336098	164960595	265	-0.1965
6592905d-2b60-4612-b3a4-ce935577de7b	3	164960860	165257558	55	0.2026
6592905d-2b60-4612-b3a4-ce935577de7b	3	165262454	165437681	72	-0.2163
6592905d-2b60-4612-b3a4-ce935577de7b	3	165438055	165795786	191	0.1864
6592905d-2b60-4612-b3a4-ce935577de7b	3	166162696	166233542	54	-0.1412
6592905d-2b60-4612-b3a4-ce935577de7b	3	166239316	166290763	51	0.2194
6592905d-2b60-4612-b3a4-ce935577de7b	3	166299556	166338613	24	0.4326
6592905d-2b60-4612-b3a4-ce935577de7b	3	166350305	166636579	137	0.1751
6592905d-2b60-4612-b3a4-ce935577de7b	3	166638468	170463456	2068	-0.2139
6592905d-2b60-4612-b3a4-ce935577de7b	3	170463645	178092383	3790	-0.152
6592905d-2b60-4612-b3a4-ce935577de7b	3	178095678	179067741	476	0.2222
6592905d-2b60-4612-b3a4-ce935577de7b	3	179071209	182268068	1798	0.1558
6592905d-2b60-4612-b3a4-ce935577de7b	3	182273287	186575925	2039	0.1999
6592905d-2b60-4612-b3a4-ce935577de7b	3	186576031	186576101	2	-1.0524
6592905d-2b60-4612-b3a4-ce935577de7b	3	186576159	187575881	719	0.1779
6592905d-2b60-4612-b3a4-ce935577de7b	3	187577539	188657959	761	0.5017
6592905d-2b60-4612-b3a4-ce935577de7b	3	188658164	190611083	1371	0.2471
6592905d-2b60-4612-b3a4-ce935577de7b	3	190611381	190975906	212	0.4996
6592905d-2b60-4612-b3a4-ce935577de7b	3	190977863	197812401	3015	0.2073
6592905d-2b60-4612-b3a4-ce935577de7b	4	1059384	2510327	529	0.4121
6592905d-2b60-4612-b3a4-ce935577de7b	4	2514874	6874842	2615	0.1154
6592905d-2b60-4612-b3a4-ce935577de7b	4	6875544	6876175	2	-1.0796
6592905d-2b60-4612-b3a4-ce935577de7b	4	6878748	13262820	3952	0.1181
6592905d-2b60-4612-b3a4-ce935577de7b	4	13263816	16252066	2222	0.1604
6592905d-2b60-4612-b3a4-ce935577de7b	4	16255335	24932994	5677	-0.2139
6592905d-2b60-4612-b3a4-ce935577de7b	4	24944892	26057693	769	0.1429
6592905d-2b60-4612-b3a4-ce935577de7b	4	26060355	35550541	5580	0.178
6592905d-2b60-4612-b3a4-ce935577de7b	4	35555321	41470217	3686	0.1407
6592905d-2b60-4612-b3a4-ce935577de7b	4	41472309	41473030	2	-1.3355
6592905d-2b60-4612-b3a4-ce935577de7b	4	41475543	53005508	3969	0.126
6592905d-2b60-4612-b3a4-ce935577de7b	4	53006507	54239766	791	0.4631
6592905d-2b60-4612-b3a4-ce935577de7b	4	54241437	54249590	7	-0.0994
6592905d-2b60-4612-b3a4-ce935577de7b	4	54249593	54671699	404	0.4371
6592905d-2b60-4612-b3a4-ce935577de7b	4	54674075	54676732	8	-0.3998
6592905d-2b60-4612-b3a4-ce935577de7b	4	54678667	55958906	880	0.444
6592905d-2b60-4612-b3a4-ce935577de7b	4	55960067	56022060	40	0.6419
6592905d-2b60-4612-b3a4-ce935577de7b	4	56028125	56061028	12	0.1505
6592905d-2b60-4612-b3a4-ce935577de7b	4	56062747	63255715	4001	-0.2406
6592905d-2b60-4612-b3a4-ce935577de7b	4	63292904	77307102	7455	0.1491
6592905d-2b60-4612-b3a4-ce935577de7b	4	77307741	95812401	10770	-0.2102
6592905d-2b60-4612-b3a4-ce935577de7b	4	95812479	95813083	2	-2.7573
6592905d-2b60-4612-b3a4-ce935577de7b	4	95813328	107323108	6320	-0.2167
6592905d-2b60-4612-b3a4-ce935577de7b	4	107324991	112863326	3153	0.1389
6592905d-2b60-4612-b3a4-ce935577de7b	4	112865204	129152809	9012	0.1732
6592905d-2b60-4612-b3a4-ce935577de7b	4	129153609	155480541	14310	0.1481
6592905d-2b60-4612-b3a4-ce935577de7b	4	155485501	155816233	217	0.4938
6592905d-2b60-4612-b3a4-ce935577de7b	4	155816505	158551367	1655	0.5409
6592905d-2b60-4612-b3a4-ce935577de7b	4	158553629	160404457	1049	0.4689
6592905d-2b60-4612-b3a4-ce935577de7b	4	160404642	160490491	59	0.7003
6592905d-2b60-4612-b3a4-ce935577de7b	4	160495691	161898309	770	0.4469
6592905d-2b60-4612-b3a4-ce935577de7b	4	161899032	163890598	1204	0.1481
6592905d-2b60-4612-b3a4-ce935577de7b	4	163892370	164155506	159	-0.2358
6592905d-2b60-4612-b3a4-ce935577de7b	4	164155752	165196629	390	0.1758
6592905d-2b60-4612-b3a4-ce935577de7b	4	165241456	165264322	10	-0.4491
6592905d-2b60-4612-b3a4-ce935577de7b	4	165269279	169335524	2322	0.2331
6592905d-2b60-4612-b3a4-ce935577de7b	4	169336009	172266405	1608	0.1793
6592905d-2b60-4612-b3a4-ce935577de7b	4	172270674	174512832	1137	-0.0819
6592905d-2b60-4612-b3a4-ce935577de7b	4	174512923	187842528	6664	-0.6199
6592905d-2b60-4612-b3a4-ce935577de7b	5	913983	2217980	354	0.659
6592905d-2b60-4612-b3a4-ce935577de7b	5	2222577	11452001	7257	0.1359
6592905d-2b60-4612-b3a4-ce935577de7b	5	11456260	11470692	12	-0.5924
6592905d-2b60-4612-b3a4-ce935577de7b	5	11473592	13538556	1011	0.6764
6592905d-2b60-4612-b3a4-ce935577de7b	5	13540643	15331291	1326	1.0567
6592905d-2b60-4612-b3a4-ce935577de7b	5	15332460	15332597	6	0.2072
6592905d-2b60-4612-b3a4-ce935577de7b	5	15332903	16327074	214	1.043
6592905d-2b60-4612-b3a4-ce935577de7b	5	16330378	16334848	5	0.7163
6592905d-2b60-4612-b3a4-ce935577de7b	5	16341969	16359880	12	-0.4563
6592905d-2b60-4612-b3a4-ce935577de7b	5	16360260	16384537	23	0.9078
6592905d-2b60-4612-b3a4-ce935577de7b	5	16384820	16778489	282	-0.211
6592905d-2b60-4612-b3a4-ce935577de7b	5	16781797	17305266	307	0.439
6592905d-2b60-4612-b3a4-ce935577de7b	5	17306392	18848300	771	0.1618
6592905d-2b60-4612-b3a4-ce935577de7b	5	18976881	19552889	335	1.0482
6592905d-2b60-4612-b3a4-ce935577de7b	5	19553143	19742862	97	1.5363
6592905d-2b60-4612-b3a4-ce935577de7b	5	19749654	19856050	55	-0.7716
6592905d-2b60-4612-b3a4-ce935577de7b	5	19861971	19886314	21	-0.1517
6592905d-2b60-4612-b3a4-ce935577de7b	5	19888778	20984321	410	-0.7679
6592905d-2b60-4612-b3a4-ce935577de7b	5	20986518	28007870	3714	-0.2198
6592905d-2b60-4612-b3a4-ce935577de7b	5	28008273	31970751	2487	-0.7676
6592905d-2b60-4612-b3a4-ce935577de7b	5	31976487	32295468	181	-0.1519
6592905d-2b60-4612-b3a4-ce935577de7b	5	32298266	37439445	2784	0.2005
6592905d-2b60-4612-b3a4-ce935577de7b	5	37651330	38904226	963	-0.1955
6592905d-2b60-4612-b3a4-ce935577de7b	5	38907875	39132935	121	0.1911
6592905d-2b60-4612-b3a4-ce935577de7b	5	39140707	39998743	589	-0.1947
6592905d-2b60-4612-b3a4-ce935577de7b	5	39999227	40003799	7	0.008
6592905d-2b60-4612-b3a4-ce935577de7b	5	40014189	41791498	1121	0.2061
6592905d-2b60-4612-b3a4-ce935577de7b	5	41792144	42470915	330	0.462
6592905d-2b60-4612-b3a4-ce935577de7b	5	42471311	43230514	384	0.1856
6592905d-2b60-4612-b3a4-ce935577de7b	5	43232440	44924657	768	-0.1392
6592905d-2b60-4612-b3a4-ce935577de7b	5	44932343	55228694	2919	0.4439
6592905d-2b60-4612-b3a4-ce935577de7b	5	55229412	56361064	630	0.1872
6592905d-2b60-4612-b3a4-ce935577de7b	5	56361118	56361148	2	-1.0261
6592905d-2b60-4612-b3a4-ce935577de7b	5	56361394	57585530	831	0.1759
6592905d-2b60-4612-b3a4-ce935577de7b	5	57589036	57614345	10	-0.501
6592905d-2b60-4612-b3a4-ce935577de7b	5	57617204	57788164	132	-0.906
6592905d-2b60-4612-b3a4-ce935577de7b	5	57792215	58175986	275	0.1919
6592905d-2b60-4612-b3a4-ce935577de7b	5	58180667	74802660	8816	-0.2356
6592905d-2b60-4612-b3a4-ce935577de7b	5	74810381	81369915	3861	0.1311
6592905d-2b60-4612-b3a4-ce935577de7b	5	81385587	83921272	1452	0.1859
6592905d-2b60-4612-b3a4-ce935577de7b	5	83921459	88205518	2151	-0.2193
6592905d-2b60-4612-b3a4-ce935577de7b	5	88207675	89853058	869	0.1368
6592905d-2b60-4612-b3a4-ce935577de7b	5	89856083	91569465	921	0.4612
6592905d-2b60-4612-b3a4-ce935577de7b	5	91571809	92425621	379	0.1742
6592905d-2b60-4612-b3a4-ce935577de7b	5	92426325	95462726	1550	0.4452
6592905d-2b60-4612-b3a4-ce935577de7b	5	95463438	97341770	1129	0.1849
6592905d-2b60-4612-b3a4-ce935577de7b	5	97345681	99152826	923	0.5129
6592905d-2b60-4612-b3a4-ce935577de7b	5	99167137	102475226	884	0.1309
6592905d-2b60-4612-b3a4-ce935577de7b	5	102478044	105882445	1769	0.1926
6592905d-2b60-4612-b3a4-ce935577de7b	5	105883965	106713333	396	0.5286
6592905d-2b60-4612-b3a4-ce935577de7b	5	106713773	110202564	2109	0.1733
6592905d-2b60-4612-b3a4-ce935577de7b	5	110208891	137258585	16332	-0.2387
6592905d-2b60-4612-b3a4-ce935577de7b	5	137259113	145088602	4262	0.1644
6592905d-2b60-4612-b3a4-ce935577de7b	5	145089834	147810242	1775	0.4535
6592905d-2b60-4612-b3a4-ce935577de7b	5	147812558	148464603	388	0.1763
6592905d-2b60-4612-b3a4-ce935577de7b	5	148464829	156269009	5181	-0.2513
6592905d-2b60-4612-b3a4-ce935577de7b	5	156271113	156336759	45	0.0914
6592905d-2b60-4612-b3a4-ce935577de7b	5	156340736	157220261	597	0.1463
6592905d-2b60-4612-b3a4-ce935577de7b	5	157220371	158106426	607	0.4367
6592905d-2b60-4612-b3a4-ce935577de7b	5	158106946	158111986	2	1.6641
6592905d-2b60-4612-b3a4-ce935577de7b	5	158113248	163408154	3354	0.4428
6592905d-2b60-4612-b3a4-ce935577de7b	5	163408650	170753243	5112	0.1416
6592905d-2b60-4612-b3a4-ce935577de7b	5	170753266	173767879	1781	0.4317
6592905d-2b60-4612-b3a4-ce935577de7b	5	173771208	178210446	2213	0.0929
6592905d-2b60-4612-b3a4-ce935577de7b	5	178211191	178211193	2	1.6325
6592905d-2b60-4612-b3a4-ce935577de7b	5	178212452	178955681	432	0.0955
6592905d-2b60-4612-b3a4-ce935577de7b	5	178963406	179078140	72	-0.2631
6592905d-2b60-4612-b3a4-ce935577de7b	5	179078166	180934240	935	0.1175
6592905d-2b60-4612-b3a4-ce935577de7b	6	1011760	1961544	769	-0.7233
6592905d-2b60-4612-b3a4-ce935577de7b	6	1964413	2869054	641	-0.1689
6592905d-2b60-4612-b3a4-ce935577de7b	6	2869287	3695591	577	-0.6385
6592905d-2b60-4612-b3a4-ce935577de7b	6	3698100	4000182	260	-0.1121
6592905d-2b60-4612-b3a4-ce935577de7b	6	4001529	4030474	20	-0.4748
6592905d-2b60-4612-b3a4-ce935577de7b	6	4036666	4076553	42	-0.1802
6592905d-2b60-4612-b3a4-ce935577de7b	6	4080115	4095639	14	-0.6325
6592905d-2b60-4612-b3a4-ce935577de7b	6	4096148	7903798	2790	-0.1635
6592905d-2b60-4612-b3a4-ce935577de7b	6	7908714	8272886	280	0.1837
6592905d-2b60-4612-b3a4-ce935577de7b	6	8286769	10323501	1427	-0.1775
6592905d-2b60-4612-b3a4-ce935577de7b	6	10327265	24321809	9716	0.2014
6592905d-2b60-4612-b3a4-ce935577de7b	6	24325581	24326057	2	-1.8261
6592905d-2b60-4612-b3a4-ce935577de7b	6	24328478	26190100	1090	0.1895
6592905d-2b60-4612-b3a4-ce935577de7b	6	26197579	31169883	1721	-0.1717
6592905d-2b60-4612-b3a4-ce935577de7b	6	31175734	38518861	3171	-0.2325
6592905d-2b60-4612-b3a4-ce935577de7b	6	38519073	41729707	2416	-0.2742
6592905d-2b60-4612-b3a4-ce935577de7b	6	41729788	67631793	12417	-0.2213
6592905d-2b60-4612-b3a4-ce935577de7b	6	67632400	73000428	3104	-0.2566
6592905d-2b60-4612-b3a4-ce935577de7b	6	73001180	86712479	7577	-0.2093
6592905d-2b60-4612-b3a4-ce935577de7b	6	86712869	99385316	6851	-0.2561
6592905d-2b60-4612-b3a4-ce935577de7b	6	99386048	121484587	12507	-0.2241
6592905d-2b60-4612-b3a4-ce935577de7b	6	121488873	122387541	485	-0.1864
6592905d-2b60-4612-b3a4-ce935577de7b	6	122387909	132821765	6486	-0.2673
6592905d-2b60-4612-b3a4-ce935577de7b	6	132822227	133901262	740	-0.2099
6592905d-2b60-4612-b3a4-ce935577de7b	6	133906478	146904703	7802	0.4593
6592905d-2b60-4612-b3a4-ce935577de7b	6	146904853	146939336	20	0.0951
6592905d-2b60-4612-b3a4-ce935577de7b	6	146946985	150206831	2216	0.462
6592905d-2b60-4612-b3a4-ce935577de7b	6	150207472	155437101	3715	0.4263
6592905d-2b60-4612-b3a4-ce935577de7b	6	155439061	158481436	1886	0.4659
6592905d-2b60-4612-b3a4-ce935577de7b	6	158483880	170596889	6343	0.4163
6592905d-2b60-4612-b3a4-ce935577de7b	7	664936	7852243	2961	0.1388
6592905d-2b60-4612-b3a4-ce935577de7b	7	7855537	7895343	38	0.2246
6592905d-2b60-4612-b3a4-ce935577de7b	7	7897280	8094127	153	0.4147
6592905d-2b60-4612-b3a4-ce935577de7b	7	8097385	21031365	7056	0.204
6592905d-2b60-4612-b3a4-ce935577de7b	7	21031781	39668011	12600	0.1435
6592905d-2b60-4612-b3a4-ce935577de7b	7	39669351	41723114	1207	0.4205
6592905d-2b60-4612-b3a4-ce935577de7b	7	41726216	41779313	45	0.712
6592905d-2b60-4612-b3a4-ce935577de7b	7	41779879	41868577	76	0.4178
6592905d-2b60-4612-b3a4-ce935577de7b	7	41870393	42602782	569	0.708
6592905d-2b60-4612-b3a4-ce935577de7b	7	42610510	42687333	46	0.174
6592905d-2b60-4612-b3a4-ce935577de7b	7	43250941	43957476	440	0.515
6592905d-2b60-4612-b3a4-ce935577de7b	7	43963680	45302373	669	0.1431
6592905d-2b60-4612-b3a4-ce935577de7b	7	45303761	45516054	100	0.6052
6592905d-2b60-4612-b3a4-ce935577de7b	7	45516992	46223572	462	0.6869
6592905d-2b60-4612-b3a4-ce935577de7b	7	46224637	48030897	1378	0.8769
6592905d-2b60-4612-b3a4-ce935577de7b	7	48031960	50047563	1305	0.4426
6592905d-2b60-4612-b3a4-ce935577de7b	7	50051533	51559267	1102	-0.2318
6592905d-2b60-4612-b3a4-ce935577de7b	7	51561569	51675307	107	-0.8505
6592905d-2b60-4612-b3a4-ce935577de7b	7	51676047	51724194	29	-0.1184
6592905d-2b60-4612-b3a4-ce935577de7b	7	51724585	53794599	1465	-0.7692
6592905d-2b60-4612-b3a4-ce935577de7b	7	53796671	57864241	1767	0.1563
6592905d-2b60-4612-b3a4-ce935577de7b	7	57876479	75687728	4719	-0.223
6592905d-2b60-4612-b3a4-ce935577de7b	7	75687900	76424968	282	0.1956
6592905d-2b60-4612-b3a4-ce935577de7b	7	76426530	79344937	1529	-0.1868
6592905d-2b60-4612-b3a4-ce935577de7b	7	79345010	82179299	1792	-0.1341
6592905d-2b60-4612-b3a4-ce935577de7b	7	82180234	90287641	3492	-0.1959
6592905d-2b60-4612-b3a4-ce935577de7b	7	90294705	94788396	2761	-0.1632
6592905d-2b60-4612-b3a4-ce935577de7b	7	94791749	102075266	3449	-0.2143
6592905d-2b60-4612-b3a4-ce935577de7b	7	102080020	103655145	593	-0.7508
6592905d-2b60-4612-b3a4-ce935577de7b	7	103656162	124758797	11622	-0.176
6592905d-2b60-4612-b3a4-ce935577de7b	7	124764019	126246784	725	0.2041
6592905d-2b60-4612-b3a4-ce935577de7b	7	126256457	127074648	413	-0.1789
6592905d-2b60-4612-b3a4-ce935577de7b	7	127077103	127187832	84	0.2385
6592905d-2b60-4612-b3a4-ce935577de7b	7	127194211	132382711	2743	-0.1748
6592905d-2b60-4612-b3a4-ce935577de7b	7	132383074	143211631	6173	0.2049
6592905d-2b60-4612-b3a4-ce935577de7b	7	143216476	158592540	7944	-0.2124
6592905d-2b60-4612-b3a4-ce935577de7b	8	667625	1570505	388	-0.8687
6592905d-2b60-4612-b3a4-ce935577de7b	8	1577042	1685487	84	-2.0699
6592905d-2b60-4612-b3a4-ce935577de7b	8	1685529	1961912	173	-0.8135
6592905d-2b60-4612-b3a4-ce935577de7b	8	1964968	2166022	136	-2.1476
6592905d-2b60-4612-b3a4-ce935577de7b	8	2849664	3299082	382	-0.0916
6592905d-2b60-4612-b3a4-ce935577de7b	8	3299541	4420281	808	-0.5722
6592905d-2b60-4612-b3a4-ce935577de7b	8	4420326	6933322	1216	-0.7842
6592905d-2b60-4612-b3a4-ce935577de7b	8	6940771	6967890	40	-0.635
6592905d-2b60-4612-b3a4-ce935577de7b	8	6968014	11261428	1686	-0.2249
6592905d-2b60-4612-b3a4-ce935577de7b	8	11261474	11801118	320	-0.7622
6592905d-2b60-4612-b3a4-ce935577de7b	8	12704441	14745545	1631	-0.1789
6592905d-2b60-4612-b3a4-ce935577de7b	8	14748072	14778447	22	-0.6857
6592905d-2b60-4612-b3a4-ce935577de7b	8	14778813	39171249	15830	-0.1973
6592905d-2b60-4612-b3a4-ce935577de7b	8	39171434	39213087	11	-1.4126
6592905d-2b60-4612-b3a4-ce935577de7b	8	39213441	48205663	2956	0.1795
6592905d-2b60-4612-b3a4-ce935577de7b	8	48205877	49920968	914	0.2554
6592905d-2b60-4612-b3a4-ce935577de7b	8	49921875	52980970	1761	0.1986
6592905d-2b60-4612-b3a4-ce935577de7b	8	52984656	52984766	2	-1.0197
6592905d-2b60-4612-b3a4-ce935577de7b	8	52988726	53318051	206	0.182
6592905d-2b60-4612-b3a4-ce935577de7b	8	53327922	55806899	1582	-0.2168
6592905d-2b60-4612-b3a4-ce935577de7b	8	55968842	72252763	9715	0.2021
6592905d-2b60-4612-b3a4-ce935577de7b	8	72263677	72384073	72	0.6253
6592905d-2b60-4612-b3a4-ce935577de7b	8	72384192	72884088	325	0.1954
6592905d-2b60-4612-b3a4-ce935577de7b	8	72884612	72911548	34	0.521
6592905d-2b60-4612-b3a4-ce935577de7b	8	72911797	72965894	36	0.1717
6592905d-2b60-4612-b3a4-ce935577de7b	8	72970626	79823286	3932	0.4848
6592905d-2b60-4612-b3a4-ce935577de7b	8	79825644	87457297	3896	0.4312
6592905d-2b60-4612-b3a4-ce935577de7b	8	87458346	108046591	11875	0.4728
6592905d-2b60-4612-b3a4-ce935577de7b	8	108048052	112520496	2326	0.4272
6592905d-2b60-4612-b3a4-ce935577de7b	8	112521966	114198061	887	0.4654
6592905d-2b60-4612-b3a4-ce935577de7b	8	114198943	114498036	118	3.2514
6592905d-2b60-4612-b3a4-ce935577de7b	8	114500672	114661835	33	2.0152
6592905d-2b60-4612-b3a4-ce935577de7b	8	114662435	115737122	580	1.4736
6592905d-2b60-4612-b3a4-ce935577de7b	8	115744883	120276210	3108	0.5204
6592905d-2b60-4612-b3a4-ce935577de7b	8	120277636	127430224	4789	0.2006
6592905d-2b60-4612-b3a4-ce935577de7b	8	127435304	127440521	2	-1.444
6592905d-2b60-4612-b3a4-ce935577de7b	8	127441520	137472017	7249	0.1958
6592905d-2b60-4612-b3a4-ce935577de7b	8	137472989	138412868	796	0.104
6592905d-2b60-4612-b3a4-ce935577de7b	8	138417001	139421235	809	0.4915
6592905d-2b60-4612-b3a4-ce935577de7b	8	139423172	141153819	854	0.6982
6592905d-2b60-4612-b3a4-ce935577de7b	8	141154310	143041416	289	0.439
6592905d-2b60-4612-b3a4-ce935577de7b	8	143050070	144182542	283	0.8865
6592905d-2b60-4612-b3a4-ce935577de7b	9	789794	3579989	1923	0.2217
6592905d-2b60-4612-b3a4-ce935577de7b	9	3580971	6133074	1739	0.5407
6592905d-2b60-4612-b3a4-ce935577de7b	9	6133672	6229110	21	0.1774
6592905d-2b60-4612-b3a4-ce935577de7b	9	6229417	7069490	45	0.5158
6592905d-2b60-4612-b3a4-ce935577de7b	9	7072038	7913858	675	0.6711
6592905d-2b60-4612-b3a4-ce935577de7b	9	7914008	9584471	1059	0.5735
6592905d-2b60-4612-b3a4-ce935577de7b	9	9584526	9587559	3	-1.2025
6592905d-2b60-4612-b3a4-ce935577de7b	9	9590390	9605281	15	0.7212
6592905d-2b60-4612-b3a4-ce935577de7b	9	9608981	11009267	716	0.5447
6592905d-2b60-4612-b3a4-ce935577de7b	9	11009378	13262790	600	0.6297
6592905d-2b60-4612-b3a4-ce935577de7b	9	13262960	13633209	267	0.3687
6592905d-2b60-4612-b3a4-ce935577de7b	9	13634207	13725978	81	0.0469
6592905d-2b60-4612-b3a4-ce935577de7b	9	13726332	14352458	552	0.4351
6592905d-2b60-4612-b3a4-ce935577de7b	9	14353595	23207854	6769	-0.1047
6592905d-2b60-4612-b3a4-ce935577de7b	9	23208055	25999956	1729	0.267
6592905d-2b60-4612-b3a4-ce935577de7b	9	26000055	37102255	6300	0.5018
6592905d-2b60-4612-b3a4-ce935577de7b	9	37105348	38738492	1085	0.2147
6592905d-2b60-4612-b3a4-ce935577de7b	9	38738623	88016588	13748	-0.0169
6592905d-2b60-4612-b3a4-ce935577de7b	9	88018142	103750265	9642	-0.048
6592905d-2b60-4612-b3a4-ce935577de7b	9	103755733	117783980	10029	-0.0179
6592905d-2b60-4612-b3a4-ce935577de7b	9	117784917	118101767	214	0.2601
6592905d-2b60-4612-b3a4-ce935577de7b	9	118103638	135864526	10646	-0.0551
6592905d-2b60-4612-b3a4-ce935577de7b	9	135869916	137396353	350	0.3068
6592905d-2b60-4612-b3a4-ce935577de7b	9	137396369	138044505	236	-0.1274
6592905d-2b60-4612-b3a4-ce935577de7b	10	366509	1959234	730	1.2659
6592905d-2b60-4612-b3a4-ce935577de7b	10	1963359	2612270	561	0.9405
6592905d-2b60-4612-b3a4-ce935577de7b	10	2614935	2645902	24	1.2033
6592905d-2b60-4612-b3a4-ce935577de7b	10	3094525	23521222	15141	-0.7511
6592905d-2b60-4612-b3a4-ce935577de7b	10	23524526	26408279	1952	-0.171
6592905d-2b60-4612-b3a4-ce935577de7b	10	26408365	26411855	6	-2.3325
6592905d-2b60-4612-b3a4-ce935577de7b	10	26415585	29713788	2228	-0.2056
6592905d-2b60-4612-b3a4-ce935577de7b	10	29714294	34099205	3023	-0.1611
6592905d-2b60-4612-b3a4-ce935577de7b	10	34099740	38153682	2372	-0.2094
6592905d-2b60-4612-b3a4-ce935577de7b	10	38154118	48412522	2507	-0.3184
6592905d-2b60-4612-b3a4-ce935577de7b	10	48414523	49647322	1007	-0.7933
6592905d-2b60-4612-b3a4-ce935577de7b	10	49647593	49664356	14	-1.5121
6592905d-2b60-4612-b3a4-ce935577de7b	10	49664866	52097000	1100	-0.7264
6592905d-2b60-4612-b3a4-ce935577de7b	10	52097191	52100045	7	-1.8084
6592905d-2b60-4612-b3a4-ce935577de7b	10	52100076	82985500	18591	-0.7445
6592905d-2b60-4612-b3a4-ce935577de7b	10	82986291	87868814	3072	-0.2261
6592905d-2b60-4612-b3a4-ce935577de7b	10	87869166	91543493	2585	-0.1611
6592905d-2b60-4612-b3a4-ce935577de7b	10	91543537	120616640	18103	-0.2071
6592905d-2b60-4612-b3a4-ce935577de7b	10	120621051	120623755	3	-2.0121
6592905d-2b60-4612-b3a4-ce935577de7b	10	120624771	120706323	100	-0.2449
6592905d-2b60-4612-b3a4-ce935577de7b	10	120709680	122055322	1206	0.1351
6592905d-2b60-4612-b3a4-ce935577de7b	10	122058109	122061983	6	-1.7735
6592905d-2b60-4612-b3a4-ce935577de7b	10	122062364	124536219	1705	0.1583
6592905d-2b60-4612-b3a4-ce935577de7b	10	124537254	127587801	2201	0.1921
6592905d-2b60-4612-b3a4-ce935577de7b	10	127589143	132747703	2750	0.1359
6592905d-2b60-4612-b3a4-ce935577de7b	10	133038543	133411599	105	-0.8297
6592905d-2b60-4612-b3a4-ce935577de7b	11	456012	26016864	16467	-0.2139
6592905d-2b60-4612-b3a4-ce935577de7b	11	26017024	29664369	2313	-0.1536
6592905d-2b60-4612-b3a4-ce935577de7b	11	29669067	38910610	5628	-0.2064
6592905d-2b60-4612-b3a4-ce935577de7b	11	38910672	40500181	978	0.1007
6592905d-2b60-4612-b3a4-ce935577de7b	11	40505468	58808232	6706	-0.2207
6592905d-2b60-4612-b3a4-ce935577de7b	11	58813356	58880758	30	0.1425
6592905d-2b60-4612-b3a4-ce935577de7b	11	58881509	59039768	102	0.4218
6592905d-2b60-4612-b3a4-ce935577de7b	11	59087546	59176126	50	0.6273
6592905d-2b60-4612-b3a4-ce935577de7b	11	59176276	59644951	241	0.4125
6592905d-2b60-4612-b3a4-ce935577de7b	11	59646996	70351252	4453	0.135
6592905d-2b60-4612-b3a4-ce935577de7b	11	70353715	72044017	859	0.055
6592905d-2b60-4612-b3a4-ce935577de7b	11	72046201	76144284	2081	0.132
6592905d-2b60-4612-b3a4-ce935577de7b	11	76152166	77909294	936	0.3999
6592905d-2b60-4612-b3a4-ce935577de7b	11	77909666	77915917	3	1.2413
6592905d-2b60-4612-b3a4-ce935577de7b	11	77916676	79598205	1223	0.356
6592905d-2b60-4612-b3a4-ce935577de7b	11	79600399	83767909	2676	0.0648
6592905d-2b60-4612-b3a4-ce935577de7b	11	83775780	84358092	389	0.7072
6592905d-2b60-4612-b3a4-ce935577de7b	11	84472844	87350800	1746	0.8285
6592905d-2b60-4612-b3a4-ce935577de7b	11	87353672	89593600	1403	0.3704
6592905d-2b60-4612-b3a4-ce935577de7b	11	89593685	90098873	34	0.2256
6592905d-2b60-4612-b3a4-ce935577de7b	11	90098900	90136836	17	-0.2858
6592905d-2b60-4612-b3a4-ce935577de7b	11	90149030	92207915	1279	0.0988
6592905d-2b60-4612-b3a4-ce935577de7b	11	92211904	93643377	738	-0.3176
6592905d-2b60-4612-b3a4-ce935577de7b	11	93644893	95705687	1468	-0.1988
6592905d-2b60-4612-b3a4-ce935577de7b	11	95708643	106688687	7030	-0.2859
6592905d-2b60-4612-b3a4-ce935577de7b	11	106692018	107197961	312	0.1208
6592905d-2b60-4612-b3a4-ce935577de7b	11	107198931	133730044	18099	-0.3128
6592905d-2b60-4612-b3a4-ce935577de7b	11	133732846	133808124	51	0.1148
6592905d-2b60-4612-b3a4-ce935577de7b	11	133813077	134272740	163	-0.3982
6592905d-2b60-4612-b3a4-ce935577de7b	12	780472	1949079	305	-0.2116
6592905d-2b60-4612-b3a4-ce935577de7b	12	1949499	1949651	3	-1.8036
6592905d-2b60-4612-b3a4-ce935577de7b	12	1951414	13187440	6457	-0.2223
6592905d-2b60-4612-b3a4-ce935577de7b	12	13189672	19681217	4089	-0.1849
6592905d-2b60-4612-b3a4-ce935577de7b	12	19683200	23495181	2427	-0.0768
6592905d-2b60-4612-b3a4-ce935577de7b	12	23495674	30166214	4411	0.2919
6592905d-2b60-4612-b3a4-ce935577de7b	12	30166447	33324269	1980	0.2261
6592905d-2b60-4612-b3a4-ce935577de7b	12	33328041	39124593	172	0.4427
6592905d-2b60-4612-b3a4-ce935577de7b	12	39126644	42597400	2160	-0.1175
6592905d-2b60-4612-b3a4-ce935577de7b	12	42597590	58828282	8536	-0.0693
6592905d-2b60-4612-b3a4-ce935577de7b	12	58828295	58828425	2	-1.5265
6592905d-2b60-4612-b3a4-ce935577de7b	12	58828428	60478823	1041	-0.0456
6592905d-2b60-4612-b3a4-ce935577de7b	12	60486777	64598656	2332	-0.5435
6592905d-2b60-4612-b3a4-ce935577de7b	12	64606062	64756939	122	0.0925
6592905d-2b60-4612-b3a4-ce935577de7b	12	64758204	65558011	434	-0.7541
6592905d-2b60-4612-b3a4-ce935577de7b	12	65559015	69038840	2479	0.1937
6592905d-2b60-4612-b3a4-ce935577de7b	12	69042770	72634945	2244	0.4449
6592905d-2b60-4612-b3a4-ce935577de7b	12	72646775	74329700	732	0.6621
6592905d-2b60-4612-b3a4-ce935577de7b	12	74330804	74450916	99	0.1758
6592905d-2b60-4612-b3a4-ce935577de7b	12	74454576	75329256	574	-0.7083
6592905d-2b60-4612-b3a4-ce935577de7b	12	75338662	81920047	4216	-0.2109
6592905d-2b60-4612-b3a4-ce935577de7b	12	81920861	83793140	1099	-0.2887
6592905d-2b60-4612-b3a4-ce935577de7b	12	83794075	94507773	6316	-0.2211
6592905d-2b60-4612-b3a4-ce935577de7b	12	94507911	132605822	22050	-0.2735
6592905d-2b60-4612-b3a4-ce935577de7b	13	18874255	18979036	65	0.1131
6592905d-2b60-4612-b3a4-ce935577de7b	13	18979931	19076555	75	-0.2349
6592905d-2b60-4612-b3a4-ce935577de7b	13	19076676	19541207	224	0.164
6592905d-2b60-4612-b3a4-ce935577de7b	13	19541233	20546665	153	0.4905
6592905d-2b60-4612-b3a4-ce935577de7b	13	20547184	20695206	74	0.2421
6592905d-2b60-4612-b3a4-ce935577de7b	13	20698105	21428049	429	-0.2104
6592905d-2b60-4612-b3a4-ce935577de7b	13	21435160	21530239	55	0.1873
6592905d-2b60-4612-b3a4-ce935577de7b	13	21531525	21870033	218	-0.2316
6592905d-2b60-4612-b3a4-ce935577de7b	13	21870081	21908846	38	-0.8243
6592905d-2b60-4612-b3a4-ce935577de7b	13	21909057	21909210	2	-0.0446
6592905d-2b60-4612-b3a4-ce935577de7b	13	21909605	22466360	460	0.1914
6592905d-2b60-4612-b3a4-ce935577de7b	13	22466559	22562697	63	0.5118
6592905d-2b60-4612-b3a4-ce935577de7b	13	22565808	23535276	602	0.194
6592905d-2b60-4612-b3a4-ce935577de7b	13	23541608	24736361	410	0.4459
6592905d-2b60-4612-b3a4-ce935577de7b	13	24741022	25015079	124	0.6705
6592905d-2b60-4612-b3a4-ce935577de7b	13	25015857	25251751	174	0.5548
6592905d-2b60-4612-b3a4-ce935577de7b	13	25254387	27124532	1387	0.713
6592905d-2b60-4612-b3a4-ce935577de7b	13	27127818	27205714	32	0.203
6592905d-2b60-4612-b3a4-ce935577de7b	13	27217710	28855724	1189	0.4595
6592905d-2b60-4612-b3a4-ce935577de7b	13	28856053	30330926	1086	0.5304
6592905d-2b60-4612-b3a4-ce935577de7b	13	30332121	31028442	553	0.4375
6592905d-2b60-4612-b3a4-ce935577de7b	13	31028777	31564880	287	0.4174
6592905d-2b60-4612-b3a4-ce935577de7b	13	31567716	31786578	153	0.2081
6592905d-2b60-4612-b3a4-ce935577de7b	13	31788417	31905220	70	0.5075
6592905d-2b60-4612-b3a4-ce935577de7b	13	31911243	32930677	650	0.1659
6592905d-2b60-4612-b3a4-ce935577de7b	13	32935776	33337703	344	0.4885
6592905d-2b60-4612-b3a4-ce935577de7b	13	33339269	33458790	60	0.7049
6592905d-2b60-4612-b3a4-ce935577de7b	13	33461900	35286398	1177	0.4958
6592905d-2b60-4612-b3a4-ce935577de7b	13	35289199	36273031	725	0.2238
6592905d-2b60-4612-b3a4-ce935577de7b	13	36279892	36701717	280	0.5426
6592905d-2b60-4612-b3a4-ce935577de7b	13	36703204	36861013	132	0.1846
6592905d-2b60-4612-b3a4-ce935577de7b	13	36862130	37450361	376	0.5749
6592905d-2b60-4612-b3a4-ce935577de7b	13	37454184	39256998	1224	0.2379
6592905d-2b60-4612-b3a4-ce935577de7b	13	39257245	40610444	1062	0.5197
6592905d-2b60-4612-b3a4-ce935577de7b	13	40612364	41242245	288	0.2199
6592905d-2b60-4612-b3a4-ce935577de7b	13	41242701	41704222	285	0.0059
6592905d-2b60-4612-b3a4-ce935577de7b	13	41706181	41970609	142	-0.5091
6592905d-2b60-4612-b3a4-ce935577de7b	13	41971540	42421493	369	-0.1027
6592905d-2b60-4612-b3a4-ce935577de7b	13	42433967	43347694	430	0.2976
6592905d-2b60-4612-b3a4-ce935577de7b	13	43348675	44963499	1074	-0.0991
6592905d-2b60-4612-b3a4-ce935577de7b	13	44966623	48270869	2126	-0.7448
6592905d-2b60-4612-b3a4-ce935577de7b	13	48275667	48474621	233	-1.3591
6592905d-2b60-4612-b3a4-ce935577de7b	13	48474714	48652173	133	-1.7757
6592905d-2b60-4612-b3a4-ce935577de7b	13	48654621	48660330	2	-7.4436
6592905d-2b60-4612-b3a4-ce935577de7b	13	48661879	49447953	421	-1.6763
6592905d-2b60-4612-b3a4-ce935577de7b	13	49452409	63681260	6560	-0.2306
6592905d-2b60-4612-b3a4-ce935577de7b	13	64372045	65940807	865	-0.7274
6592905d-2b60-4612-b3a4-ce935577de7b	13	65945003	70875144	2552	-0.2264
6592905d-2b60-4612-b3a4-ce935577de7b	13	70880205	86435362	9718	-0.7681
6592905d-2b60-4612-b3a4-ce935577de7b	13	86442005	87340407	458	-0.1829
6592905d-2b60-4612-b3a4-ce935577de7b	13	87351369	92802927	3229	-0.7661
6592905d-2b60-4612-b3a4-ce935577de7b	13	92803384	92813286	3	-2.3807
6592905d-2b60-4612-b3a4-ce935577de7b	13	92813738	92844573	21	-0.7142
6592905d-2b60-4612-b3a4-ce935577de7b	13	92845062	94358610	1099	-1.8477
6592905d-2b60-4612-b3a4-ce935577de7b	13	94358941	97560310	1913	-0.8016
6592905d-2b60-4612-b3a4-ce935577de7b	13	97571066	97639690	42	-0.1469
6592905d-2b60-4612-b3a4-ce935577de7b	13	97648710	98013539	200	-0.8136
6592905d-2b60-4612-b3a4-ce935577de7b	13	98014961	98157923	134	0.1097
6592905d-2b60-4612-b3a4-ce935577de7b	13	98159288	98385330	200	0.274
6592905d-2b60-4612-b3a4-ce935577de7b	13	98385576	98445801	68	0.5482
6592905d-2b60-4612-b3a4-ce935577de7b	13	98452639	98463263	10	0.1059
6592905d-2b60-4612-b3a4-ce935577de7b	13	98463641	98596025	87	-0.0122
6592905d-2b60-4612-b3a4-ce935577de7b	13	98597300	98919690	233	-0.5553
6592905d-2b60-4612-b3a4-ce935577de7b	13	98919717	98932623	6	-0.3427
6592905d-2b60-4612-b3a4-ce935577de7b	13	98938875	99452305	313	-0.0332
6592905d-2b60-4612-b3a4-ce935577de7b	13	99454633	103259839	2756	-0.2336
6592905d-2b60-4612-b3a4-ce935577de7b	13	103261316	103288100	29	0.1995
6592905d-2b60-4612-b3a4-ce935577de7b	13	103288391	103628267	293	0.3287
6592905d-2b60-4612-b3a4-ce935577de7b	13	103628349	104694480	817	0.202
6592905d-2b60-4612-b3a4-ce935577de7b	13	104703987	104796690	65	-1.7323
6592905d-2b60-4612-b3a4-ce935577de7b	13	104796958	105128361	255	0.2103
6592905d-2b60-4612-b3a4-ce935577de7b	13	105128737	107250847	1095	-0.2496
6592905d-2b60-4612-b3a4-ce935577de7b	13	107252273	107999687	624	0.0643
6592905d-2b60-4612-b3a4-ce935577de7b	13	108002992	109106030	872	-0.2546
6592905d-2b60-4612-b3a4-ce935577de7b	13	109106730	109107767	2	-1.4688
6592905d-2b60-4612-b3a4-ce935577de7b	13	109108603	109213652	101	-0.2112
6592905d-2b60-4612-b3a4-ce935577de7b	13	109214255	109272400	6	0.1472
6592905d-2b60-4612-b3a4-ce935577de7b	13	109272501	109690516	355	0.4453
6592905d-2b60-4612-b3a4-ce935577de7b	13	109695585	110577182	731	0.1458
6592905d-2b60-4612-b3a4-ce935577de7b	13	110579486	112268784	986	-0.8425
6592905d-2b60-4612-b3a4-ce935577de7b	13	112302165	113431552	510	3.0866
6592905d-2b60-4612-b3a4-ce935577de7b	13	113431578	113934849	143	2.794
6592905d-2b60-4612-b3a4-ce935577de7b	13	113936214	114226675	71	-0.3447
6592905d-2b60-4612-b3a4-ce935577de7b	14	20033191	21084606	632	0.5065
6592905d-2b60-4612-b3a4-ce935577de7b	14	21084845	29222404	3874	0.2504
6592905d-2b60-4612-b3a4-ce935577de7b	14	29224828	29239365	4	1.1455
6592905d-2b60-4612-b3a4-ce935577de7b	14	29242253	29842364	352	0.2252
6592905d-2b60-4612-b3a4-ce935577de7b	14	29843186	30064844	118	0.6911
6592905d-2b60-4612-b3a4-ce935577de7b	14	30068376	30179899	61	1.205
6592905d-2b60-4612-b3a4-ce935577de7b	14	30180256	30692211	280	1.0793
6592905d-2b60-4612-b3a4-ce935577de7b	14	30692720	31032509	195	1.2153
6592905d-2b60-4612-b3a4-ce935577de7b	14	31033825	32739563	1017	0.8915
6592905d-2b60-4612-b3a4-ce935577de7b	14	32748624	32832642	58	0.4742
6592905d-2b60-4612-b3a4-ce935577de7b	14	32833676	35022070	1594	0.2465
6592905d-2b60-4612-b3a4-ce935577de7b	14	35022137	35043406	3	0.6094
6592905d-2b60-4612-b3a4-ce935577de7b	14	35110721	35649142	223	-0.1156
6592905d-2b60-4612-b3a4-ce935577de7b	14	35654078	40210471	2593	0.2017
6592905d-2b60-4612-b3a4-ce935577de7b	14	40210728	43315719	1669	0.26
6592905d-2b60-4612-b3a4-ce935577de7b	14	43316291	48132385	1835	0.2183
6592905d-2b60-4612-b3a4-ce935577de7b	14	48140580	64315954	10174	-0.1204
6592905d-2b60-4612-b3a4-ce935577de7b	14	64318715	79907840	9591	0.2247
6592905d-2b60-4612-b3a4-ce935577de7b	14	79909654	79953308	45	-0.1441
6592905d-2b60-4612-b3a4-ce935577de7b	14	79954679	89972124	6169	0.2528
6592905d-2b60-4612-b3a4-ce935577de7b	14	89972636	95405812	3513	0.2026
6592905d-2b60-4612-b3a4-ce935577de7b	14	95406985	95512103	90	0.2701
6592905d-2b60-4612-b3a4-ce935577de7b	14	95512408	101843964	4274	-0.136
6592905d-2b60-4612-b3a4-ce935577de7b	14	101845043	105533894	1392	0.2101
6592905d-2b60-4612-b3a4-ce935577de7b	15	23437561	23893370	330	-0.2715
6592905d-2b60-4612-b3a4-ce935577de7b	15	23894291	23894390	2	-2.1976
6592905d-2b60-4612-b3a4-ce935577de7b	15	23896920	30855973	2398	-0.2896
6592905d-2b60-4612-b3a4-ce935577de7b	15	30856595	48500449	9999	-0.2284
6592905d-2b60-4612-b3a4-ce935577de7b	15	48501685	48535456	30	0.1633
6592905d-2b60-4612-b3a4-ce935577de7b	15	48539247	50557394	1193	0.4822
6592905d-2b60-4612-b3a4-ce935577de7b	15	50560818	50610664	31	-0.1029
6592905d-2b60-4612-b3a4-ce935577de7b	15	50613583	50704424	42	0.4432
6592905d-2b60-4612-b3a4-ce935577de7b	15	50712499	50717079	3	-0.0555
6592905d-2b60-4612-b3a4-ce935577de7b	15	50718632	50835048	52	-0.3453
6592905d-2b60-4612-b3a4-ce935577de7b	15	50841358	67803953	11098	0.169
6592905d-2b60-4612-b3a4-ce935577de7b	15	67807262	68012444	127	-0.198
6592905d-2b60-4612-b3a4-ce935577de7b	15	68012936	91620365	13409	0.0402
6592905d-2b60-4612-b3a4-ce935577de7b	15	91621394	98865759	4822	0.0092
6592905d-2b60-4612-b3a4-ce935577de7b	15	98867883	101344124	1204	0.3569
6592905d-2b60-4612-b3a4-ce935577de7b	16	603333	5522639	1991	0.6532
6592905d-2b60-4612-b3a4-ce935577de7b	16	5524356	13450956	5418	0.6035
6592905d-2b60-4612-b3a4-ce935577de7b	16	13451027	14618728	833	0.6826
6592905d-2b60-4612-b3a4-ce935577de7b	16	14621215	23272129	1715	0.4246
6592905d-2b60-4612-b3a4-ce935577de7b	16	23274716	46474548	4081	0.1451
6592905d-2b60-4612-b3a4-ce935577de7b	16	46476005	47411025	361	-0.2745
6592905d-2b60-4612-b3a4-ce935577de7b	16	47414616	47729931	115	-0.7279
6592905d-2b60-4612-b3a4-ce935577de7b	16	47730604	47954891	102	-0.2552
6592905d-2b60-4612-b3a4-ce935577de7b	16	47957020	48166449	115	0.1246
6592905d-2b60-4612-b3a4-ce935577de7b	16	48168592	54335546	4399	-0.2556
6592905d-2b60-4612-b3a4-ce935577de7b	16	54335598	54335611	2	-2.329
6592905d-2b60-4612-b3a4-ce935577de7b	16	54338951	58888986	3034	-0.2253
6592905d-2b60-4612-b3a4-ce935577de7b	16	58889163	58889958	2	-2.4395
6592905d-2b60-4612-b3a4-ce935577de7b	16	58894054	76480481	9984	-0.2048
6592905d-2b60-4612-b3a4-ce935577de7b	16	76481744	79267257	2383	-0.2657
6592905d-2b60-4612-b3a4-ce935577de7b	16	79270203	82779652	2948	-0.2201
6592905d-2b60-4612-b3a4-ce935577de7b	16	82780232	82780337	2	-1.6174
6592905d-2b60-4612-b3a4-ce935577de7b	16	82780352	83249274	342	-0.2235
6592905d-2b60-4612-b3a4-ce935577de7b	16	83249726	83249806	2	-1.6827
6592905d-2b60-4612-b3a4-ce935577de7b	16	83250733	89317317	3340	-0.2272
6592905d-2b60-4612-b3a4-ce935577de7b	17	1074619	2922164	786	-0.1296
6592905d-2b60-4612-b3a4-ce935577de7b	17	2922179	2974709	2	-2.2563
6592905d-2b60-4612-b3a4-ce935577de7b	17	2974928	4730807	819	-0.1421
6592905d-2b60-4612-b3a4-ce935577de7b	17	4733034	4745394	8	-0.606
6592905d-2b60-4612-b3a4-ce935577de7b	17	4746490	4794162	18	0.2735
6592905d-2b60-4612-b3a4-ce935577de7b	17	4808503	6370967	933	-0.1509
6592905d-2b60-4612-b3a4-ce935577de7b	17	6373728	7639341	613	-0.805
6592905d-2b60-4612-b3a4-ce935577de7b	17	7643486	7714114	27	-1.9081
6592905d-2b60-4612-b3a4-ce935577de7b	17	7718146	7741014	10	0.4015
6592905d-2b60-4612-b3a4-ce935577de7b	17	7745889	9326588	887	0.6058
6592905d-2b60-4612-b3a4-ce935577de7b	17	9326697	10262672	667	0.9651
6592905d-2b60-4612-b3a4-ce935577de7b	17	10265463	10537638	132	0.7327
6592905d-2b60-4612-b3a4-ce935577de7b	17	10537933	10580889	29	1.0326
6592905d-2b60-4612-b3a4-ce935577de7b	17	10583534	10935384	216	0.6621
6592905d-2b60-4612-b3a4-ce935577de7b	17	10937040	11331567	328	1.0738
6592905d-2b60-4612-b3a4-ce935577de7b	17	11331912	11332346	4	0.0669
6592905d-2b60-4612-b3a4-ce935577de7b	17	11332652	11423403	106	1.0514
6592905d-2b60-4612-b3a4-ce935577de7b	17	11424144	11993312	397	0.5229
6592905d-2b60-4612-b3a4-ce935577de7b	17	11998722	12074635	38	0.9788
6592905d-2b60-4612-b3a4-ce935577de7b	17	12076948	12260824	135	0.5802
6592905d-2b60-4612-b3a4-ce935577de7b	17	12262859	12438134	129	0.955
6592905d-2b60-4612-b3a4-ce935577de7b	17	12441028	14231324	1258	0.6045
6592905d-2b60-4612-b3a4-ce935577de7b	17	15654216	17062570	527	1.1922
6592905d-2b60-4612-b3a4-ce935577de7b	17	17063262	17856517	450	1.3709
6592905d-2b60-4612-b3a4-ce935577de7b	17	17857475	20350100	883	1.1641
6592905d-2b60-4612-b3a4-ce935577de7b	17	20367917	21039255	181	1.5157
6592905d-2b60-4612-b3a4-ce935577de7b	17	21046375	21347106	118	0.797
6592905d-2b60-4612-b3a4-ce935577de7b	17	21353196	28817590	878	0.125
6592905d-2b60-4612-b3a4-ce935577de7b	17	28821599	28868899	13	0.6533
6592905d-2b60-4612-b3a4-ce935577de7b	17	28873716	29894988	464	0.1463
6592905d-2b60-4612-b3a4-ce935577de7b	17	29901674	30103706	78	0.6581
6592905d-2b60-4612-b3a4-ce935577de7b	17	30106764	32059530	804	0.1482
6592905d-2b60-4612-b3a4-ce935577de7b	17	32081608	32133062	23	0.504
6592905d-2b60-4612-b3a4-ce935577de7b	17	32133952	32779827	358	0.1175
6592905d-2b60-4612-b3a4-ce935577de7b	17	32781779	32907109	62	0.6272
6592905d-2b60-4612-b3a4-ce935577de7b	17	32907516	36695023	1620	0.1189
6592905d-2b60-4612-b3a4-ce935577de7b	17	36695244	36699833	5	0.8266
6592905d-2b60-4612-b3a4-ce935577de7b	17	36700027	36749398	51	0.1457
6592905d-2b60-4612-b3a4-ce935577de7b	17	36749533	36760978	7	0.7579
6592905d-2b60-4612-b3a4-ce935577de7b	17	36763540	36889043	94	0.0948
6592905d-2b60-4612-b3a4-ce935577de7b	17	36890670	36897657	10	0.6676
6592905d-2b60-4612-b3a4-ce935577de7b	17	36900709	37058697	98	0.1812
6592905d-2b60-4612-b3a4-ce935577de7b	17	37059540	37078892	19	-0.0998
6592905d-2b60-4612-b3a4-ce935577de7b	17	37079964	37120843	28	0.1812
6592905d-2b60-4612-b3a4-ce935577de7b	17	37126389	37342964	120	0.4078
6592905d-2b60-4612-b3a4-ce935577de7b	17	37343409	37380815	21	0.7026
6592905d-2b60-4612-b3a4-ce935577de7b	17	37384840	37453278	26	0.2428
6592905d-2b60-4612-b3a4-ce935577de7b	17	37453526	37541266	49	0.6602
6592905d-2b60-4612-b3a4-ce935577de7b	17	37541272	40454413	1133	0.1254
6592905d-2b60-4612-b3a4-ce935577de7b	17	40457926	40672771	109	0.6843
6592905d-2b60-4612-b3a4-ce935577de7b	17	40689379	44518389	1832	0.1413
6592905d-2b60-4612-b3a4-ce935577de7b	17	44522366	44808098	127	0.6169
6592905d-2b60-4612-b3a4-ce935577de7b	17	44808791	45284166	226	0.1613
6592905d-2b60-4612-b3a4-ce935577de7b	17	45284439	45393394	50	0.6435
6592905d-2b60-4612-b3a4-ce935577de7b	17	45393502	46733528	16	0.2002
6592905d-2b60-4612-b3a4-ce935577de7b	17	46733732	46911402	115	0.651
6592905d-2b60-4612-b3a4-ce935577de7b	17	46912522	47788858	392	0.1206
6592905d-2b60-4612-b3a4-ce935577de7b	17	47795563	47810585	11	0.7558
6592905d-2b60-4612-b3a4-ce935577de7b	17	47815493	50829712	1545	0.15
6592905d-2b60-4612-b3a4-ce935577de7b	17	50832347	50850504	13	0.6736
6592905d-2b60-4612-b3a4-ce935577de7b	17	50851583	50872082	12	0.2013
6592905d-2b60-4612-b3a4-ce935577de7b	17	50873974	50903735	17	0.6345
6592905d-2b60-4612-b3a4-ce935577de7b	17	50904223	51606790	217	0.1513
6592905d-2b60-4612-b3a4-ce935577de7b	17	51606904	51607369	3	1.1019
6592905d-2b60-4612-b3a4-ce935577de7b	17	51608181	52242330	537	0.1524
6592905d-2b60-4612-b3a4-ce935577de7b	17	52242365	52411114	107	0.6595
6592905d-2b60-4612-b3a4-ce935577de7b	17	52412832	52737700	208	0.131
6592905d-2b60-4612-b3a4-ce935577de7b	17	52743829	52832990	68	0.6893
6592905d-2b60-4612-b3a4-ce935577de7b	17	52836976	58063809	3454	0.1488
6592905d-2b60-4612-b3a4-ce935577de7b	17	58065050	58396016	186	0.6457
6592905d-2b60-4612-b3a4-ce935577de7b	17	58399459	58737095	168	0.1047
6592905d-2b60-4612-b3a4-ce935577de7b	17	58738582	59177987	125	0.6319
6592905d-2b60-4612-b3a4-ce935577de7b	17	59178449	63919065	2189	0.148
6592905d-2b60-4612-b3a4-ce935577de7b	17	63925569	65687108	936	0.4575
6592905d-2b60-4612-b3a4-ce935577de7b	17	65688296	65704672	19	0.9668
6592905d-2b60-4612-b3a4-ce935577de7b	17	65705035	68707428	1720	0.4285
6592905d-2b60-4612-b3a4-ce935577de7b	17	68708868	68809318	79	0.8309
6592905d-2b60-4612-b3a4-ce935577de7b	17	68809646	70651025	1223	0.4348
6592905d-2b60-4612-b3a4-ce935577de7b	17	70651680	70743566	75	0.8517
6592905d-2b60-4612-b3a4-ce935577de7b	17	70743776	72203511	1156	0.4439
6592905d-2b60-4612-b3a4-ce935577de7b	17	72204537	72204602	2	-0.7426
6592905d-2b60-4612-b3a4-ce935577de7b	17	72205965	73324526	865	0.4137
6592905d-2b60-4612-b3a4-ce935577de7b	17	73325161	73329269	4	-0.3459
6592905d-2b60-4612-b3a4-ce935577de7b	17	73332948	73399567	29	0.4947
6592905d-2b60-4612-b3a4-ce935577de7b	17	73399768	73595519	141	0.8611
6592905d-2b60-4612-b3a4-ce935577de7b	17	73601607	73817945	181	0.4459
6592905d-2b60-4612-b3a4-ce935577de7b	17	73820787	74769592	27	0.8273
6592905d-2b60-4612-b3a4-ce935577de7b	17	74769864	76288033	611	0.4307
6592905d-2b60-4612-b3a4-ce935577de7b	17	76289530	76613603	187	0.8735
6592905d-2b60-4612-b3a4-ce935577de7b	17	76617862	77764505	556	0.4417
6592905d-2b60-4612-b3a4-ce935577de7b	17	77764921	78412343	309	0.8453
6592905d-2b60-4612-b3a4-ce935577de7b	17	78456702	78860571	143	0.4406
6592905d-2b60-4612-b3a4-ce935577de7b	17	78861317	82959812	1605	0.1258
6592905d-2b60-4612-b3a4-ce935577de7b	18	326691	335363	7	-0.0667
6592905d-2b60-4612-b3a4-ce935577de7b	18	335732	994148	123	0.1396
6592905d-2b60-4612-b3a4-ce935577de7b	18	998859	1104330	77	0.6886
6592905d-2b60-4612-b3a4-ce935577de7b	18	1118299	1285810	68	0.1816
6592905d-2b60-4612-b3a4-ce935577de7b	18	1288746	2255124	371	-0.1951
6592905d-2b60-4612-b3a4-ce935577de7b	18	2258785	2352276	64	0.4744
6592905d-2b60-4612-b3a4-ce935577de7b	18	2357395	2357589	3	-0.201
6592905d-2b60-4612-b3a4-ce935577de7b	18	2361045	2383813	18	0.4411
6592905d-2b60-4612-b3a4-ce935577de7b	18	2399867	3321041	478	-0.1966
6592905d-2b60-4612-b3a4-ce935577de7b	18	3323930	3331419	16	0.4689
6592905d-2b60-4612-b3a4-ce935577de7b	18	3334076	3599609	156	-0.1784
6592905d-2b60-4612-b3a4-ce935577de7b	18	3607748	3729834	79	0.4495
6592905d-2b60-4612-b3a4-ce935577de7b	18	3731708	6668051	1628	-0.2142
6592905d-2b60-4612-b3a4-ce935577de7b	18	6674518	6777917	76	0.4679
6592905d-2b60-4612-b3a4-ce935577de7b	18	6784083	6992530	192	-0.1928
6592905d-2b60-4612-b3a4-ce935577de7b	18	6997819	7007889	15	0.411
6592905d-2b60-4612-b3a4-ce935577de7b	18	7008221	7111511	88	-0.1992
6592905d-2b60-4612-b3a4-ce935577de7b	18	7120242	7122325	5	0.487
6592905d-2b60-4612-b3a4-ce935577de7b	18	7125205	7634972	378	-0.2436
6592905d-2b60-4612-b3a4-ce935577de7b	18	7635555	7647434	5	0.4667
6592905d-2b60-4612-b3a4-ce935577de7b	18	7647898	8338497	452	-0.2145
6592905d-2b60-4612-b3a4-ce935577de7b	18	8340625	8343010	9	0.5644
6592905d-2b60-4612-b3a4-ce935577de7b	18	8344639	8924869	517	-0.2273
6592905d-2b60-4612-b3a4-ce935577de7b	18	8928974	9061672	108	0.3632
6592905d-2b60-4612-b3a4-ce935577de7b	18	9062966	9153563	47	-0.2891
6592905d-2b60-4612-b3a4-ce935577de7b	18	9156352	9329269	78	0.3916
6592905d-2b60-4612-b3a4-ce935577de7b	18	9337740	10287589	730	-0.2759
6592905d-2b60-4612-b3a4-ce935577de7b	18	10288940	10298630	12	0.4566
6592905d-2b60-4612-b3a4-ce935577de7b	18	10299073	10669324	288	-0.31
6592905d-2b60-4612-b3a4-ce935577de7b	18	10672043	11744054	697	-0.7763
6592905d-2b60-4612-b3a4-ce935577de7b	18	11746665	11746709	2	-2.4775
6592905d-2b60-4612-b3a4-ce935577de7b	18	11747108	11779858	28	-0.8469
6592905d-2b60-4612-b3a4-ce935577de7b	18	11781077	12029858	178	-2.0252
6592905d-2b60-4612-b3a4-ce935577de7b	18	12030816	12192656	81	-1.0999
6592905d-2b60-4612-b3a4-ce935577de7b	18	12238864	12834005	296	0.6238
6592905d-2b60-4612-b3a4-ce935577de7b	18	12834360	13788362	624	0.9692
6592905d-2b60-4612-b3a4-ce935577de7b	18	13793245	13937312	101	0.7172
6592905d-2b60-4612-b3a4-ce935577de7b	18	13937455	14032820	69	0.3714
6592905d-2b60-4612-b3a4-ce935577de7b	18	14034674	14661644	86	0.8641
6592905d-2b60-4612-b3a4-ce935577de7b	18	21109102	22577939	709	-0.1803
6592905d-2b60-4612-b3a4-ce935577de7b	18	22579628	22580179	3	-1.8925
6592905d-2b60-4612-b3a4-ce935577de7b	18	22583066	28458986	3736	-0.1407
6592905d-2b60-4612-b3a4-ce935577de7b	18	28461349	30140183	913	-0.0877
6592905d-2b60-4612-b3a4-ce935577de7b	18	30140939	43949500	8369	-0.1611
6592905d-2b60-4612-b3a4-ce935577de7b	18	43952912	47147723	1950	0.1631
6592905d-2b60-4612-b3a4-ce935577de7b	18	47149450	47286771	69	-0.2895
6592905d-2b60-4612-b3a4-ce935577de7b	18	47287702	49542839	1617	0.1666
6592905d-2b60-4612-b3a4-ce935577de7b	18	49548938	50296656	553	-0.2303
6592905d-2b60-4612-b3a4-ce935577de7b	18	50300485	55422881	3409	0.2237
6592905d-2b60-4612-b3a4-ce935577de7b	18	55425980	59032095	2283	-0.1931
6592905d-2b60-4612-b3a4-ce935577de7b	18	59035314	60696394	1174	0.1744
6592905d-2b60-4612-b3a4-ce935577de7b	18	60697477	61164088	250	0.4324
6592905d-2b60-4612-b3a4-ce935577de7b	18	61164596	61702771	410	0.188
6592905d-2b60-4612-b3a4-ce935577de7b	18	61703991	64342693	1809	-0.2158
6592905d-2b60-4612-b3a4-ce935577de7b	18	64344767	65298256	454	0.2383
6592905d-2b60-4612-b3a4-ce935577de7b	18	65298894	67154545	810	-0.2015
6592905d-2b60-4612-b3a4-ce935577de7b	18	67154750	71166219	2263	-0.1587
6592905d-2b60-4612-b3a4-ce935577de7b	18	71167098	79349796	3887	-0.2287
6592905d-2b60-4612-b3a4-ce935577de7b	19	283868	5112250	1156	0.1449
6592905d-2b60-4612-b3a4-ce935577de7b	19	5118606	19013241	6222	-0.2061
6592905d-2b60-4612-b3a4-ce935577de7b	19	19016760	27971835	1810	0.1142
6592905d-2b60-4612-b3a4-ce935577de7b	19	27972030	28859690	696	-0.1683
6592905d-2b60-4612-b3a4-ce935577de7b	19	28859707	31787264	2148	-0.2859
6592905d-2b60-4612-b3a4-ce935577de7b	19	31787670	33723090	1259	0.1102
6592905d-2b60-4612-b3a4-ce935577de7b	19	33726701	42712819	4425	-0.264
6592905d-2b60-4612-b3a4-ce935577de7b	19	43458545	44498231	681	0.1467
6592905d-2b60-4612-b3a4-ce935577de7b	19	44501576	49577150	2087	-0.2536
6592905d-2b60-4612-b3a4-ce935577de7b	19	49577228	53216194	1335	0.1146
6592905d-2b60-4612-b3a4-ce935577de7b	19	53217300	58102654	2144	0.0209
6592905d-2b60-4612-b3a4-ce935577de7b	19	58102722	58370362	169	-0.273
6592905d-2b60-4612-b3a4-ce935577de7b	20	472817	2909074	1663	-0.7856
6592905d-2b60-4612-b3a4-ce935577de7b	20	2911604	4876959	1097	0.6341
6592905d-2b60-4612-b3a4-ce935577de7b	20	4882048	6937823	1282	0.4227
6592905d-2b60-4612-b3a4-ce935577de7b	20	6939381	7986327	632	0.1606
6592905d-2b60-4612-b3a4-ce935577de7b	20	7986522	11880768	2634	0.2118
6592905d-2b60-4612-b3a4-ce935577de7b	20	11881338	20078363	5957	0.1579
6592905d-2b60-4612-b3a4-ce935577de7b	20	20079071	26217295	3683	0.3269
6592905d-2b60-4612-b3a4-ce935577de7b	20	31247668	31658737	189	-0.2338
6592905d-2b60-4612-b3a4-ce935577de7b	20	31662537	31921127	124	0.1646
6592905d-2b60-4612-b3a4-ce935577de7b	20	31923220	32514528	272	0.6798
6592905d-2b60-4612-b3a4-ce935577de7b	20	32516883	34522237	1005	0.7911
6592905d-2b60-4612-b3a4-ce935577de7b	20	34526396	34725686	81	-0.2603
6592905d-2b60-4612-b3a4-ce935577de7b	20	34729255	35751278	502	0.8232
6592905d-2b60-4612-b3a4-ce935577de7b	20	35798377	36884245	455	-0.2303
6592905d-2b60-4612-b3a4-ce935577de7b	20	36884822	36978502	41	0.7454
6592905d-2b60-4612-b3a4-ce935577de7b	20	36984415	37037435	59	-0.2103
6592905d-2b60-4612-b3a4-ce935577de7b	20	37044679	41713066	3029	0.1509
6592905d-2b60-4612-b3a4-ce935577de7b	20	41714224	42107596	359	-0.2516
6592905d-2b60-4612-b3a4-ce935577de7b	20	42108472	42109897	3	-1.7348
6592905d-2b60-4612-b3a4-ce935577de7b	20	42110834	47269602	3490	-0.2266
6592905d-2b60-4612-b3a4-ce935577de7b	20	47271422	49017764	1202	0.4501
6592905d-2b60-4612-b3a4-ce935577de7b	20	49019281	50077385	440	-0.2128
6592905d-2b60-4612-b3a4-ce935577de7b	20	50079871	53421049	2351	0.824
6592905d-2b60-4612-b3a4-ce935577de7b	20	53422126	53712063	141	0.9457
6592905d-2b60-4612-b3a4-ce935577de7b	20	53712227	54696086	760	1.0197
6592905d-2b60-4612-b3a4-ce935577de7b	20	54698444	57288817	1956	0.9327
6592905d-2b60-4612-b3a4-ce935577de7b	20	57291648	59161065	1332	1.1387
6592905d-2b60-4612-b3a4-ce935577de7b	20	59161694	59234153	62	0.776
6592905d-2b60-4612-b3a4-ce935577de7b	20	59235083	60347260	936	1.0731
6592905d-2b60-4612-b3a4-ce935577de7b	20	60347607	60361787	24	0.8982
6592905d-2b60-4612-b3a4-ce935577de7b	20	60362288	60503016	119	-0.2475
6592905d-2b60-4612-b3a4-ce935577de7b	20	60506638	60872778	263	0.4775
6592905d-2b60-4612-b3a4-ce935577de7b	20	60873153	62206338	915	1.1394
6592905d-2b60-4612-b3a4-ce935577de7b	20	62214899	62287334	35	0.86
6592905d-2b60-4612-b3a4-ce935577de7b	20	62292725	63588502	437	0.4598
6592905d-2b60-4612-b3a4-ce935577de7b	21	13974127	14560725	357	0.2861
6592905d-2b60-4612-b3a4-ce935577de7b	21	14560961	17031366	1538	0.3624
6592905d-2b60-4612-b3a4-ce935577de7b	21	17033968	22192872	3480	0.3116
6592905d-2b60-4612-b3a4-ce935577de7b	21	22198161	22713497	152	0.5636
6592905d-2b60-4612-b3a4-ce935577de7b	21	22716270	24070406	602	0.6522
6592905d-2b60-4612-b3a4-ce935577de7b	21	24070674	25541827	1046	0.8038
6592905d-2b60-4612-b3a4-ce935577de7b	21	25542905	26126230	370	1.485
6592905d-2b60-4612-b3a4-ce935577de7b	21	26128825	28008271	1445	1.1739
6592905d-2b60-4612-b3a4-ce935577de7b	21	28008474	28410400	204	1.3082
6592905d-2b60-4612-b3a4-ce935577de7b	21	28410531	31328465	1918	0.3251
6592905d-2b60-4612-b3a4-ce935577de7b	21	31329847	32366552	701	0.2318
6592905d-2b60-4612-b3a4-ce935577de7b	21	32370792	36705244	2807	0.3033
6592905d-2b60-4612-b3a4-ce935577de7b	21	36706698	37823256	712	-0.0488
6592905d-2b60-4612-b3a4-ce935577de7b	21	37824933	39425922	1292	0.0105
6592905d-2b60-4612-b3a4-ce935577de7b	21	39426237	42134417	2235	-0.0549
6592905d-2b60-4612-b3a4-ce935577de7b	21	42137549	42139672	2	1.4947
6592905d-2b60-4612-b3a4-ce935577de7b	21	42139792	42209870	47	-0.0386
6592905d-2b60-4612-b3a4-ce935577de7b	21	42210214	42211517	2	-1.5767
6592905d-2b60-4612-b3a4-ce935577de7b	21	42213083	44625568	1021	-0.0429
6592905d-2b60-4612-b3a4-ce935577de7b	21	44649439	46262057	658	-0.2421
6592905d-2b60-4612-b3a4-ce935577de7b	22	16934932	44787665	14050	-0.2169
6592905d-2b60-4612-b3a4-ce935577de7b	22	44788038	46802158	1245	-0.8054
6592905d-2b60-4612-b3a4-ce935577de7b	22	46804243	47510683	550	-0.276
6592905d-2b60-4612-b3a4-ce935577de7b	22	47510865	47514518	4	-1.917
6592905d-2b60-4612-b3a4-ce935577de7b	22	47514901	48940621	1203	-0.2808
6592905d-2b60-4612-b3a4-ce935577de7b	X	3236359	10546411	1806	-0.2334
6592905d-2b60-4612-b3a4-ce935577de7b	X	10546937	10696972	84	-0.9893
6592905d-2b60-4612-b3a4-ce935577de7b	X	10698065	22732948	6255	-0.2296
6592905d-2b60-4612-b3a4-ce935577de7b	X	22733157	22734041	2	-1.7583
6592905d-2b60-4612-b3a4-ce935577de7b	X	22737945	22789321	38	-0.2334
6592905d-2b60-4612-b3a4-ce935577de7b	X	23086347	30761470	4220	0.0971
6592905d-2b60-4612-b3a4-ce935577de7b	X	30762255	31724129	416	0.4175
6592905d-2b60-4612-b3a4-ce935577de7b	X	31724986	31725203	3	-0.0436
6592905d-2b60-4612-b3a4-ce935577de7b	X	31725284	32173057	316	0.9341
6592905d-2b60-4612-b3a4-ce935577de7b	X	32175143	32424229	201	0.3737
6592905d-2b60-4612-b3a4-ce935577de7b	X	32425612	56047933	9546	-0.2624
6592905d-2b60-4612-b3a4-ce935577de7b	X	56083618	74161183	5013	0.1832
6592905d-2b60-4612-b3a4-ce935577de7b	X	74168187	74553159	175	0.9447
6592905d-2b60-4612-b3a4-ce935577de7b	X	74554630	74827002	98	0.7028
6592905d-2b60-4612-b3a4-ce935577de7b	X	74827130	76786211	400	0.3208
6592905d-2b60-4612-b3a4-ce935577de7b	X	76786766	81363499	1849	0.5005
6592905d-2b60-4612-b3a4-ce935577de7b	X	81368767	85371833	1516	-0.1482
6592905d-2b60-4612-b3a4-ce935577de7b	X	85373291	90321513	2609	0.2516
6592905d-2b60-4612-b3a4-ce935577de7b	X	91524751	91666102	38	-0.199
6592905d-2b60-4612-b3a4-ce935577de7b	X	91672576	91734221	22	0.3548
6592905d-2b60-4612-b3a4-ce935577de7b	X	91734954	93167711	477	0.5914
6592905d-2b60-4612-b3a4-ce935577de7b	X	93168204	93225843	51	0.2815
6592905d-2b60-4612-b3a4-ce935577de7b	X	93225915	101651007	3544	0.5873
6592905d-2b60-4612-b3a4-ce935577de7b	X	101653218	102110890	268	0.4257
6592905d-2b60-4612-b3a4-ce935577de7b	X	102111010	102938086	258	0.6254
6592905d-2b60-4612-b3a4-ce935577de7b	X	102942194	106801084	1807	1.0905
6592905d-2b60-4612-b3a4-ce935577de7b	X	106805325	111337528	2110	0.66
6592905d-2b60-4612-b3a4-ce935577de7b	X	111338137	116732437	2368	0.5981
6592905d-2b60-4612-b3a4-ce935577de7b	X	116732644	116753759	18	0.071
6592905d-2b60-4612-b3a4-ce935577de7b	X	116753817	121185057	2257	0.6042
6592905d-2b60-4612-b3a4-ce935577de7b	X	121186065	122896911	714	0.6517
6592905d-2b60-4612-b3a4-ce935577de7b	X	122899814	129776913	3381	-0.7561
6592905d-2b60-4612-b3a4-ce935577de7b	X	129780496	144352979	6213	-0.2637
6592905d-2b60-4612-b3a4-ce935577de7b	X	144353121	144759395	165	0.1366
6592905d-2b60-4612-b3a4-ce935577de7b	X	144760131	155677414	4841	-0.7462
