GDC_Aliquot	Chromosome	Start	End	Num_Probes	Segment_Mean
60785c89-6561-4826-a79a-d024e58aa15d	1	3301765	14342273	6063	-0.0583
60785c89-6561-4826-a79a-d024e58aa15d	1	14344557	14346776	3	-1.5145
60785c89-6561-4826-a79a-d024e58aa15d	1	14347084	54019912	21026	-0.0503
60785c89-6561-4826-a79a-d024e58aa15d	1	54023422	68250111	10317	-0.0201
60785c89-6561-4826-a79a-d024e58aa15d	1	68251132	105964423	21979	-0.0456
60785c89-6561-4826-a79a-d024e58aa15d	1	105967238	106012645	35	0.3718
60785c89-6561-4826-a79a-d024e58aa15d	1	106016170	119981332	8669	-0.0372
60785c89-6561-4826-a79a-d024e58aa15d	1	119984738	150356012	177	0.8548
60785c89-6561-4826-a79a-d024e58aa15d	1	150358190	156335020	2827	0.5578
60785c89-6561-4826-a79a-d024e58aa15d	1	156335371	162159280	3568	0.9886
60785c89-6561-4826-a79a-d024e58aa15d	1	162159544	163634829	1205	0.896
60785c89-6561-4826-a79a-d024e58aa15d	1	163635181	163905267	132	1.0632
60785c89-6561-4826-a79a-d024e58aa15d	1	163907665	164167296	163	0.8985
60785c89-6561-4826-a79a-d024e58aa15d	1	164171659	165412607	1057	0.6294
60785c89-6561-4826-a79a-d024e58aa15d	1	165413218	167069699	1265	0.8777
60785c89-6561-4826-a79a-d024e58aa15d	1	167069735	167237017	172	1.0168
60785c89-6561-4826-a79a-d024e58aa15d	1	167242235	167318350	37	-0.7367
60785c89-6561-4826-a79a-d024e58aa15d	1	167323379	169221417	1435	0.8862
60785c89-6561-4826-a79a-d024e58aa15d	1	169221431	172998651	2521	1.0406
60785c89-6561-4826-a79a-d024e58aa15d	1	173004505	173404313	255	0.8012
60785c89-6561-4826-a79a-d024e58aa15d	1	173404551	174230438	432	0.7198
60785c89-6561-4826-a79a-d024e58aa15d	1	174244939	175948595	789	0.6064
60785c89-6561-4826-a79a-d024e58aa15d	1	175955307	176047274	40	0.1851
60785c89-6561-4826-a79a-d024e58aa15d	1	176052139	241422502	42307	-0.3785
60785c89-6561-4826-a79a-d024e58aa15d	1	241422718	241423325	2	-2.8708
60785c89-6561-4826-a79a-d024e58aa15d	1	241423387	247650984	3212	-0.3825
60785c89-6561-4826-a79a-d024e58aa15d	2	480597	17467078	10998	0.0034
60785c89-6561-4826-a79a-d024e58aa15d	2	17472646	27767352	6006	-0.3107
60785c89-6561-4826-a79a-d024e58aa15d	2	27768065	29717581	1206	0.0178
60785c89-6561-4826-a79a-d024e58aa15d	2	29717954	31758970	1393	-0.3072
60785c89-6561-4826-a79a-d024e58aa15d	2	31759341	32390773	240	0.0021
60785c89-6561-4826-a79a-d024e58aa15d	2	32393035	38419704	2867	-0.3185
60785c89-6561-4826-a79a-d024e58aa15d	2	38420433	38888483	276	-0.0092
60785c89-6561-4826-a79a-d024e58aa15d	2	38899257	77328780	22430	-0.3143
60785c89-6561-4826-a79a-d024e58aa15d	2	77329021	77330588	5	-1.4432
60785c89-6561-4826-a79a-d024e58aa15d	2	77333057	88831240	5336	-0.3302
60785c89-6561-4826-a79a-d024e58aa15d	2	88831554	98229630	961	-0.0105
60785c89-6561-4826-a79a-d024e58aa15d	2	98229942	105557862	4504	0.243
60785c89-6561-4826-a79a-d024e58aa15d	2	105558000	127840887	11141	-0.0207
60785c89-6561-4826-a79a-d024e58aa15d	2	127841355	128255830	210	-0.3555
60785c89-6561-4826-a79a-d024e58aa15d	2	128256783	133999268	2578	-0.0153
60785c89-6561-4826-a79a-d024e58aa15d	2	134000386	135137267	733	-0.3385
60785c89-6561-4826-a79a-d024e58aa15d	2	135139703	136243344	513	-0.0093
60785c89-6561-4826-a79a-d024e58aa15d	2	136243362	137621453	1023	-0.3444
60785c89-6561-4826-a79a-d024e58aa15d	2	137625180	138854588	293	-0.002
60785c89-6561-4826-a79a-d024e58aa15d	2	138855374	141473666	1545	-0.3879
60785c89-6561-4826-a79a-d024e58aa15d	2	141475872	141770530	241	-0.0818
60785c89-6561-4826-a79a-d024e58aa15d	2	141770579	146773937	2811	-0.3451
60785c89-6561-4826-a79a-d024e58aa15d	2	146774026	146909730	57	-0.8757
60785c89-6561-4826-a79a-d024e58aa15d	2	146914325	152662354	3548	-0.3433
60785c89-6561-4826-a79a-d024e58aa15d	2	152663254	152712745	24	-0.8688
60785c89-6561-4826-a79a-d024e58aa15d	2	152720597	162248526	5396	-0.3598
60785c89-6561-4826-a79a-d024e58aa15d	2	162248950	166292693	2260	-0.0278
60785c89-6561-4826-a79a-d024e58aa15d	2	166292707	213583424	26469	-0.3515
60785c89-6561-4826-a79a-d024e58aa15d	2	213583919	213584092	2	-2.2419
60785c89-6561-4826-a79a-d024e58aa15d	2	213586844	241537572	17090	-0.3476
60785c89-6561-4826-a79a-d024e58aa15d	3	2170634	12245546	6018	0.1879
60785c89-6561-4826-a79a-d024e58aa15d	3	12246196	13060140	544	0.1345
60785c89-6561-4826-a79a-d024e58aa15d	3	13060291	47048043	20245	0.1732
60785c89-6561-4826-a79a-d024e58aa15d	3	47051914	53566189	2663	0.1329
60785c89-6561-4826-a79a-d024e58aa15d	3	53566812	94015345	21804	0.1935
60785c89-6561-4826-a79a-d024e58aa15d	3	94015827	148025316	29855	-0.057
60785c89-6561-4826-a79a-d024e58aa15d	3	148027322	148160782	90	0.2446
60785c89-6561-4826-a79a-d024e58aa15d	3	148164144	150923703	1630	-0.0535
60785c89-6561-4826-a79a-d024e58aa15d	3	150925575	151071607	102	0.205
60785c89-6561-4826-a79a-d024e58aa15d	3	151072321	152227217	760	-0.0502
60785c89-6561-4826-a79a-d024e58aa15d	3	152229647	152325781	56	0.2342
60785c89-6561-4826-a79a-d024e58aa15d	3	152325910	174364822	11261	-0.063
60785c89-6561-4826-a79a-d024e58aa15d	3	174365659	174495867	62	0.1897
60785c89-6561-4826-a79a-d024e58aa15d	3	174499732	197812401	12073	-0.0625
60785c89-6561-4826-a79a-d024e58aa15d	4	1059384	3322040	922	-0.3728
60785c89-6561-4826-a79a-d024e58aa15d	4	3324422	3330752	5	-1.6526
60785c89-6561-4826-a79a-d024e58aa15d	4	3337955	4882009	724	-0.3407
60785c89-6561-4826-a79a-d024e58aa15d	4	4883980	23987748	12617	-0.7973
60785c89-6561-4826-a79a-d024e58aa15d	4	23990710	24799368	577	-0.3429
60785c89-6561-4826-a79a-d024e58aa15d	4	24801942	25425932	439	-0.7937
60785c89-6561-4826-a79a-d024e58aa15d	4	25428392	29841878	2842	-0.3624
60785c89-6561-4826-a79a-d024e58aa15d	4	29846079	31335362	861	-0.8645
60785c89-6561-4826-a79a-d024e58aa15d	4	31336268	41531183	6018	-0.3672
60785c89-6561-4826-a79a-d024e58aa15d	4	41539102	43968344	1236	-0.8056
60785c89-6561-4826-a79a-d024e58aa15d	4	43970757	48036362	2030	-0.3824
60785c89-6561-4826-a79a-d024e58aa15d	4	48036567	55821027	2681	-0.0094
60785c89-6561-4826-a79a-d024e58aa15d	4	55821937	63092416	4119	0.1955
60785c89-6561-4826-a79a-d024e58aa15d	4	63092452	69500154	2894	-0.0781
60785c89-6561-4826-a79a-d024e58aa15d	4	69500772	69501494	2	-1.6395
60785c89-6561-4826-a79a-d024e58aa15d	4	69501681	99400208	17242	-0.0668
60785c89-6561-4826-a79a-d024e58aa15d	4	99400286	99400363	2	-1.5856
60785c89-6561-4826-a79a-d024e58aa15d	4	99401288	103513582	2307	-0.0546
60785c89-6561-4826-a79a-d024e58aa15d	4	103514299	104217449	391	0.1972
60785c89-6561-4826-a79a-d024e58aa15d	4	104220268	118963206	8345	-0.0752
60785c89-6561-4826-a79a-d024e58aa15d	4	118969617	119328344	239	0.4403
60785c89-6561-4826-a79a-d024e58aa15d	4	119331059	119744669	225	0.1602
60785c89-6561-4826-a79a-d024e58aa15d	4	119750692	121024217	842	0.4212
60785c89-6561-4826-a79a-d024e58aa15d	4	121026380	121239426	117	0.1916
60785c89-6561-4826-a79a-d024e58aa15d	4	121239657	127497215	3438	0.4256
60785c89-6561-4826-a79a-d024e58aa15d	4	127497577	128079061	241	-0.0982
60785c89-6561-4826-a79a-d024e58aa15d	4	128082515	128690995	322	0.4454
60785c89-6561-4826-a79a-d024e58aa15d	4	128697200	129235119	175	0.1838
60785c89-6561-4826-a79a-d024e58aa15d	4	129235464	129920935	473	0.4146
60785c89-6561-4826-a79a-d024e58aa15d	4	129921680	130174444	123	0.174
60785c89-6561-4826-a79a-d024e58aa15d	4	130176247	130647075	266	0.4085
60785c89-6561-4826-a79a-d024e58aa15d	4	130656195	131479371	236	0.167
60785c89-6561-4826-a79a-d024e58aa15d	4	131480000	131625067	79	-0.1282
60785c89-6561-4826-a79a-d024e58aa15d	4	131626283	133483488	841	0.1674
60785c89-6561-4826-a79a-d024e58aa15d	4	133484360	133546774	41	0.4551
60785c89-6561-4826-a79a-d024e58aa15d	4	133546906	135034236	580	0.1719
60785c89-6561-4826-a79a-d024e58aa15d	4	135034412	135208859	84	0.4042
60785c89-6561-4826-a79a-d024e58aa15d	4	135220536	136008259	400	0.1938
60785c89-6561-4826-a79a-d024e58aa15d	4	136012193	136173300	78	0.4003
60785c89-6561-4826-a79a-d024e58aa15d	4	136173594	137494701	753	-0.081
60785c89-6561-4826-a79a-d024e58aa15d	4	137505792	137532988	7	0.1985
60785c89-6561-4826-a79a-d024e58aa15d	4	137537491	138206963	421	0.4046
60785c89-6561-4826-a79a-d024e58aa15d	4	138207408	138394840	151	0.2163
60785c89-6561-4826-a79a-d024e58aa15d	4	138395149	138544883	126	0.4522
60785c89-6561-4826-a79a-d024e58aa15d	4	138552752	139129266	447	0.252
60785c89-6561-4826-a79a-d024e58aa15d	4	139129308	140183561	635	0.4098
60785c89-6561-4826-a79a-d024e58aa15d	4	140184143	140226576	21	0.0669
60785c89-6561-4826-a79a-d024e58aa15d	4	140231503	140949902	466	0.4008
60785c89-6561-4826-a79a-d024e58aa15d	4	140950049	141005150	45	0.1657
60785c89-6561-4826-a79a-d024e58aa15d	4	141011446	142759032	1095	0.4083
60785c89-6561-4826-a79a-d024e58aa15d	4	142760204	158667778	8827	-0.0625
60785c89-6561-4826-a79a-d024e58aa15d	4	158675594	159511329	483	0.4322
60785c89-6561-4826-a79a-d024e58aa15d	4	159511985	165627176	3358	-0.0845
60785c89-6561-4826-a79a-d024e58aa15d	4	165628543	165702752	58	0.4178
60785c89-6561-4826-a79a-d024e58aa15d	4	165703272	166069305	203	0.1977
60785c89-6561-4826-a79a-d024e58aa15d	4	166071835	166121609	39	0.4789
60785c89-6561-4826-a79a-d024e58aa15d	4	166121696	166713488	293	0.2206
60785c89-6561-4826-a79a-d024e58aa15d	4	166718816	166724201	7	-0.1691
60785c89-6561-4826-a79a-d024e58aa15d	4	166724327	170366099	2028	0.4166
60785c89-6561-4826-a79a-d024e58aa15d	4	170368224	170956466	314	0.1726
60785c89-6561-4826-a79a-d024e58aa15d	4	170958151	175353287	2376	0.4
60785c89-6561-4826-a79a-d024e58aa15d	4	175355332	185676593	4855	-0.0896
60785c89-6561-4826-a79a-d024e58aa15d	4	185676786	185679173	2	-1.6777
60785c89-6561-4826-a79a-d024e58aa15d	4	185679670	187842528	1337	-0.0857
60785c89-6561-4826-a79a-d024e58aa15d	5	913983	6851953	4307	0.6046
60785c89-6561-4826-a79a-d024e58aa15d	5	6852947	6858029	3	1.8204
60785c89-6561-4826-a79a-d024e58aa15d	5	6858237	38169299	17785	0.6198
60785c89-6561-4826-a79a-d024e58aa15d	5	38177471	59172765	9400	0.2189
60785c89-6561-4826-a79a-d024e58aa15d	5	59172825	59381190	126	0.4452
60785c89-6561-4826-a79a-d024e58aa15d	5	59381673	102297906	22033	0.2237
60785c89-6561-4826-a79a-d024e58aa15d	5	102300513	110741315	4604	-0.0474
60785c89-6561-4826-a79a-d024e58aa15d	5	110748601	110964146	128	0.2329
60785c89-6561-4826-a79a-d024e58aa15d	5	110965526	114774501	2659	-0.0238
60785c89-6561-4826-a79a-d024e58aa15d	5	114781310	114924417	83	0.2066
60785c89-6561-4826-a79a-d024e58aa15d	5	114926095	120530092	3307	-0.0345
60785c89-6561-4826-a79a-d024e58aa15d	5	120530869	120748859	125	0.235
60785c89-6561-4826-a79a-d024e58aa15d	5	120751160	120755411	3	-0.6569
60785c89-6561-4826-a79a-d024e58aa15d	5	120755465	121589372	417	0.1924
60785c89-6561-4826-a79a-d024e58aa15d	5	121592644	160669286	23937	-0.0305
60785c89-6561-4826-a79a-d024e58aa15d	5	160672759	161484123	588	0.24
60785c89-6561-4826-a79a-d024e58aa15d	5	161488118	162479808	500	-0.0268
60785c89-6561-4826-a79a-d024e58aa15d	5	162482633	163008173	341	0.2376
60785c89-6561-4826-a79a-d024e58aa15d	5	163013187	164487560	891	-0.0722
60785c89-6561-4826-a79a-d024e58aa15d	5	164490305	165792248	755	0.2252
60785c89-6561-4826-a79a-d024e58aa15d	5	165792640	166192793	294	-0.0516
60785c89-6561-4826-a79a-d024e58aa15d	5	166203888	167096980	619	0.2016
60785c89-6561-4826-a79a-d024e58aa15d	5	167097105	169516223	1822	-0.02
60785c89-6561-4826-a79a-d024e58aa15d	5	169521841	169655359	84	0.2555
60785c89-6561-4826-a79a-d024e58aa15d	5	169655486	170053110	323	-0.0447
60785c89-6561-4826-a79a-d024e58aa15d	5	170054447	170993838	684	0.2251
60785c89-6561-4826-a79a-d024e58aa15d	5	170995424	171411026	181	-0.0303
60785c89-6561-4826-a79a-d024e58aa15d	5	171414675	178225391	3688	0.2269
60785c89-6561-4826-a79a-d024e58aa15d	5	178275580	178277026	2	1.6748
60785c89-6561-4826-a79a-d024e58aa15d	5	178277591	180934240	1424	0.205
60785c89-6561-4826-a79a-d024e58aa15d	6	1011760	25450258	17353	0.2041
60785c89-6561-4826-a79a-d024e58aa15d	6	25735847	25751493	21	-0.478
60785c89-6561-4826-a79a-d024e58aa15d	6	25753412	37511876	4488	0.1823
60785c89-6561-4826-a79a-d024e58aa15d	6	37514523	148040368	61913	0.2146
60785c89-6561-4826-a79a-d024e58aa15d	6	148041780	148043466	2	-1.6828
60785c89-6561-4826-a79a-d024e58aa15d	6	148045404	155591620	5261	0.2253
60785c89-6561-4826-a79a-d024e58aa15d	6	155597985	155598041	2	-1.3019
60785c89-6561-4826-a79a-d024e58aa15d	6	155600896	170596889	8118	0.2094
60785c89-6561-4826-a79a-d024e58aa15d	7	665647	16387842	8027	0.169
60785c89-6561-4826-a79a-d024e58aa15d	7	16391852	40136125	15001	0.1958
60785c89-6561-4826-a79a-d024e58aa15d	7	40136404	40176295	23	0.6983
60785c89-6561-4826-a79a-d024e58aa15d	7	40180618	51339363	7031	0.1928
60785c89-6561-4826-a79a-d024e58aa15d	7	51340043	114095652	27729	0.1591
60785c89-6561-4826-a79a-d024e58aa15d	7	114096493	114315397	112	0.3586
60785c89-6561-4826-a79a-d024e58aa15d	7	114315870	138732973	13839	0.1652
60785c89-6561-4826-a79a-d024e58aa15d	7	138733046	156555998	9196	0.1369
60785c89-6561-4826-a79a-d024e58aa15d	7	156560162	156563372	7	-0.5928
60785c89-6561-4826-a79a-d024e58aa15d	7	156565680	158592540	954	0.1375
60785c89-6561-4826-a79a-d024e58aa15d	8	667625	15450924	7405	0.1813
60785c89-6561-4826-a79a-d024e58aa15d	8	15452309	43080575	17692	0.4059
60785c89-6561-4826-a79a-d024e58aa15d	8	46547532	63615410	9871	-0.3889
60785c89-6561-4826-a79a-d024e58aa15d	8	63617729	63927140	167	-0.839
60785c89-6561-4826-a79a-d024e58aa15d	8	63931139	68161813	2208	-0.3799
60785c89-6561-4826-a79a-d024e58aa15d	8	68162639	73054990	3076	-0.85
60785c89-6561-4826-a79a-d024e58aa15d	8	73062335	74129636	689	-0.3695
60785c89-6561-4826-a79a-d024e58aa15d	8	74131785	75426133	753	-0.8743
60785c89-6561-4826-a79a-d024e58aa15d	8	75428905	75430265	5	-2.7603
60785c89-6561-4826-a79a-d024e58aa15d	8	75438464	76203812	440	-0.9342
60785c89-6561-4826-a79a-d024e58aa15d	8	76205142	76689316	280	-0.4112
60785c89-6561-4826-a79a-d024e58aa15d	8	76696106	78864199	1149	-0.8708
60785c89-6561-4826-a79a-d024e58aa15d	8	78943550	86649285	4021	-0.387
60785c89-6561-4826-a79a-d024e58aa15d	8	86655726	86709209	43	-0.923
60785c89-6561-4826-a79a-d024e58aa15d	8	86713421	89094156	1321	-0.4034
60785c89-6561-4826-a79a-d024e58aa15d	8	89094464	89411845	247	-0.0332
60785c89-6561-4826-a79a-d024e58aa15d	8	89414089	96101550	3977	0.2327
60785c89-6561-4826-a79a-d024e58aa15d	8	96102404	96789807	433	-0.0254
60785c89-6561-4826-a79a-d024e58aa15d	8	96798524	105196650	4845	-0.3656
60785c89-6561-4826-a79a-d024e58aa15d	8	105197686	115378684	5165	-0.4078
60785c89-6561-4826-a79a-d024e58aa15d	8	115384365	119625090	2923	-0.371
60785c89-6561-4826-a79a-d024e58aa15d	8	119625954	119628551	2	-2.3222
60785c89-6561-4826-a79a-d024e58aa15d	8	119628827	144182542	15470	-0.3729
60785c89-6561-4826-a79a-d024e58aa15d	9	789794	38752071	23586	-0.0275
60785c89-6561-4826-a79a-d024e58aa15d	9	68423153	73498983	3555	0.4122
60785c89-6561-4826-a79a-d024e58aa15d	9	73500141	73577710	59	0.7554
60785c89-6561-4826-a79a-d024e58aa15d	9	73577946	75352797	1114	0.4186
60785c89-6561-4826-a79a-d024e58aa15d	9	75359862	76656593	1071	0.6042
60785c89-6561-4826-a79a-d024e58aa15d	9	76657103	78516724	1256	0.3928
60785c89-6561-4826-a79a-d024e58aa15d	9	78516828	78747140	132	0.7454
60785c89-6561-4826-a79a-d024e58aa15d	9	78747735	78950051	199	0.936
60785c89-6561-4826-a79a-d024e58aa15d	9	78950412	79753977	573	0.7578
60785c89-6561-4826-a79a-d024e58aa15d	9	79755337	79952092	175	0.9425
60785c89-6561-4826-a79a-d024e58aa15d	9	79956512	80830586	619	0.753
60785c89-6561-4826-a79a-d024e58aa15d	9	80833505	83198235	1526	0.9
60785c89-6561-4826-a79a-d024e58aa15d	9	83198550	83355250	156	0.6827
60785c89-6561-4826-a79a-d024e58aa15d	9	83357020	83808552	327	0.9286
60785c89-6561-4826-a79a-d024e58aa15d	9	83808799	83916609	62	0.7084
60785c89-6561-4826-a79a-d024e58aa15d	9	83916964	83917771	5	0.0628
60785c89-6561-4826-a79a-d024e58aa15d	9	83931014	85321388	1069	0.7518
60785c89-6561-4826-a79a-d024e58aa15d	9	85321516	94856433	6064	0.3963
60785c89-6561-4826-a79a-d024e58aa15d	9	94858320	97595577	1747	0.5604
60785c89-6561-4826-a79a-d024e58aa15d	9	97597273	104161184	3875	0.4109
60785c89-6561-4826-a79a-d024e58aa15d	9	104161699	104678464	379	0.5884
60785c89-6561-4826-a79a-d024e58aa15d	9	104680852	107844827	2173	0.4108
60785c89-6561-4826-a79a-d024e58aa15d	9	107847042	108024815	186	0.6517
60785c89-6561-4826-a79a-d024e58aa15d	9	108025187	108789742	684	0.4583
60785c89-6561-4826-a79a-d024e58aa15d	9	108789811	108850899	55	0.5309
60785c89-6561-4826-a79a-d024e58aa15d	9	108851048	108908233	77	0.6829
60785c89-6561-4826-a79a-d024e58aa15d	9	108912480	109060936	90	0.5277
60785c89-6561-4826-a79a-d024e58aa15d	9	109065280	124425401	10690	0.4219
60785c89-6561-4826-a79a-d024e58aa15d	9	124426482	134857467	5904	0.1643
60785c89-6561-4826-a79a-d024e58aa15d	9	134858369	135898314	486	0.3949
60785c89-6561-4826-a79a-d024e58aa15d	9	135898440	138044505	576	0.1702
60785c89-6561-4826-a79a-d024e58aa15d	10	366509	832955	171	-0.3571
60785c89-6561-4826-a79a-d024e58aa15d	10	833591	29860528	20644	-0.0619
60785c89-6561-4826-a79a-d024e58aa15d	10	29860724	29861193	2	1.4436
60785c89-6561-4826-a79a-d024e58aa15d	10	29861894	42452522	5433	-0.0549
60785c89-6561-4826-a79a-d024e58aa15d	10	42457632	42470188	11	-0.3293
60785c89-6561-4826-a79a-d024e58aa15d	10	42472862	42494825	22	-0.9066
60785c89-6561-4826-a79a-d024e58aa15d	10	42505034	42704010	119	-0.3867
60785c89-6561-4826-a79a-d024e58aa15d	10	42758139	42993975	141	-0.0669
60785c89-6561-4826-a79a-d024e58aa15d	10	42995581	44448563	1067	-0.3566
60785c89-6561-4826-a79a-d024e58aa15d	10	44451833	45622525	636	-0.8017
60785c89-6561-4826-a79a-d024e58aa15d	10	46013136	47326963	197	-0.3457
60785c89-6561-4826-a79a-d024e58aa15d	10	47327025	48549583	254	0.2097
60785c89-6561-4826-a79a-d024e58aa15d	10	48554032	49285257	655	-0.0405
60785c89-6561-4826-a79a-d024e58aa15d	10	49286606	55148139	3408	-0.3984
60785c89-6561-4826-a79a-d024e58aa15d	10	55579314	55976785	48	0.1746
60785c89-6561-4826-a79a-d024e58aa15d	10	55978974	61735447	3848	-0.388
60785c89-6561-4826-a79a-d024e58aa15d	10	61737673	62343894	394	0.2398
60785c89-6561-4826-a79a-d024e58aa15d	10	62352714	63685061	779	-0.3911
60785c89-6561-4826-a79a-d024e58aa15d	10	63687538	64247268	373	-0.7771
60785c89-6561-4826-a79a-d024e58aa15d	10	64247485	65169312	584	-0.389
60785c89-6561-4826-a79a-d024e58aa15d	10	65170566	65265401	79	-0.0399
60785c89-6561-4826-a79a-d024e58aa15d	10	65266805	70107773	2650	-0.3793
60785c89-6561-4826-a79a-d024e58aa15d	10	70108860	70177625	45	-0.9243
60785c89-6561-4826-a79a-d024e58aa15d	10	70180924	70971054	463	-0.3574
60785c89-6561-4826-a79a-d024e58aa15d	10	70971394	72759544	1111	-0.7881
60785c89-6561-4826-a79a-d024e58aa15d	10	72762526	76248685	1752	-0.3731
60785c89-6561-4826-a79a-d024e58aa15d	10	76248991	81385763	3316	-0.8015
60785c89-6561-4826-a79a-d024e58aa15d	10	81387712	83271134	1345	-0.3998
60785c89-6561-4826-a79a-d024e58aa15d	10	83272502	83285202	2	-1.8443
60785c89-6561-4826-a79a-d024e58aa15d	10	83285406	83426695	98	-0.4093
60785c89-6561-4826-a79a-d024e58aa15d	10	83427837	87502960	2547	-0.8318
60785c89-6561-4826-a79a-d024e58aa15d	10	87503230	87852267	228	-1.4373
60785c89-6561-4826-a79a-d024e58aa15d	10	87855380	87883546	48	-0.9311
60785c89-6561-4826-a79a-d024e58aa15d	10	87889858	87976151	145	-0.5485
60785c89-6561-4826-a79a-d024e58aa15d	10	87977344	90871910	1937	-0.8291
60785c89-6561-4826-a79a-d024e58aa15d	10	90881820	93684471	1486	-0.3656
60785c89-6561-4826-a79a-d024e58aa15d	10	93688782	93876848	137	-0.0231
60785c89-6561-4826-a79a-d024e58aa15d	10	93879597	116413959	14089	-0.3616
60785c89-6561-4826-a79a-d024e58aa15d	10	116419393	119527738	2099	-0.0268
60785c89-6561-4826-a79a-d024e58aa15d	10	119527800	127474868	5889	-0.3666
60785c89-6561-4826-a79a-d024e58aa15d	10	127474993	127475409	2	-1.933
60785c89-6561-4826-a79a-d024e58aa15d	10	127476239	133411599	2950	-0.3801
60785c89-6561-4826-a79a-d024e58aa15d	11	456012	2080574	431	-0.0884
60785c89-6561-4826-a79a-d024e58aa15d	11	2081525	3661342	602	-0.0528
60785c89-6561-4826-a79a-d024e58aa15d	11	3664188	4445847	429	0.4007
60785c89-6561-4826-a79a-d024e58aa15d	11	4446408	4465710	14	0.8287
60785c89-6561-4826-a79a-d024e58aa15d	11	4468974	4671320	229	0.396
60785c89-6561-4826-a79a-d024e58aa15d	11	4671749	5179438	344	0.6264
60785c89-6561-4826-a79a-d024e58aa15d	11	5180667	5297462	73	0.4064
60785c89-6561-4826-a79a-d024e58aa15d	11	5307298	5311213	6	-0.1571
60785c89-6561-4826-a79a-d024e58aa15d	11	5311443	5337094	28	0.3807
60785c89-6561-4826-a79a-d024e58aa15d	11	5340042	5353125	12	-0.0909
60785c89-6561-4826-a79a-d024e58aa15d	11	5355626	5367890	9	0.5275
60785c89-6561-4826-a79a-d024e58aa15d	11	5379806	7729842	1596	-0.0611
60785c89-6561-4826-a79a-d024e58aa15d	11	7730007	8727929	664	0.2016
60785c89-6561-4826-a79a-d024e58aa15d	11	8728353	9833720	605	-0.0581
60785c89-6561-4826-a79a-d024e58aa15d	11	9834072	9847677	9	0.6898
60785c89-6561-4826-a79a-d024e58aa15d	11	9848239	9920401	60	0.3276
60785c89-6561-4826-a79a-d024e58aa15d	11	9922686	11816255	1555	0.4186
60785c89-6561-4826-a79a-d024e58aa15d	11	11817075	11943285	57	0.2092
60785c89-6561-4826-a79a-d024e58aa15d	11	11948049	12062256	106	0.7307
60785c89-6561-4826-a79a-d024e58aa15d	11	12080587	12128031	48	-0.0551
60785c89-6561-4826-a79a-d024e58aa15d	11	12131813	12138494	16	0.4506
60785c89-6561-4826-a79a-d024e58aa15d	11	12143687	12239165	112	0.0645
60785c89-6561-4826-a79a-d024e58aa15d	11	12243498	12457520	201	0.7885
60785c89-6561-4826-a79a-d024e58aa15d	11	12458395	12508202	34	0.0406
60785c89-6561-4826-a79a-d024e58aa15d	11	12508814	15973918	2374	0.4264
60785c89-6561-4826-a79a-d024e58aa15d	11	15978713	16415505	238	0.596
60785c89-6561-4826-a79a-d024e58aa15d	11	16416428	17575834	768	0.7445
60785c89-6561-4826-a79a-d024e58aa15d	11	17578180	18737699	678	1.022
60785c89-6561-4826-a79a-d024e58aa15d	11	18738436	19775780	890	0.8449
60785c89-6561-4826-a79a-d024e58aa15d	11	19776085	19846606	61	1.0706
60785c89-6561-4826-a79a-d024e58aa15d	11	19847213	19963955	124	0.6257
60785c89-6561-4826-a79a-d024e58aa15d	11	19965209	19981469	21	0.7966
60785c89-6561-4826-a79a-d024e58aa15d	11	19981602	20084838	105	1.1388
60785c89-6561-4826-a79a-d024e58aa15d	11	20085338	20219631	112	0.6307
60785c89-6561-4826-a79a-d024e58aa15d	11	20220924	20242785	16	1.0619
60785c89-6561-4826-a79a-d024e58aa15d	11	20242855	20379736	109	0.6067
60785c89-6561-4826-a79a-d024e58aa15d	11	20383513	20409870	19	0.2732
60785c89-6561-4826-a79a-d024e58aa15d	11	20413194	20513276	64	0.6612
60785c89-6561-4826-a79a-d024e58aa15d	11	20513679	21867273	1069	0.8968
60785c89-6561-4826-a79a-d024e58aa15d	11	21871474	21992668	74	0.2708
60785c89-6561-4826-a79a-d024e58aa15d	11	21992803	22058642	43	-0.1145
60785c89-6561-4826-a79a-d024e58aa15d	11	22062106	22439471	206	0.2702
60785c89-6561-4826-a79a-d024e58aa15d	11	22440147	22517599	71	0.5801
60785c89-6561-4826-a79a-d024e58aa15d	11	22518148	22663526	112	0.3525
60785c89-6561-4826-a79a-d024e58aa15d	11	22668658	22695348	25	0.5385
60785c89-6561-4826-a79a-d024e58aa15d	11	22695574	24472330	1131	0.629
60785c89-6561-4826-a79a-d024e58aa15d	11	24472919	24621759	136	0.4726
60785c89-6561-4826-a79a-d024e58aa15d	11	24621936	24765185	98	0.2467
60785c89-6561-4826-a79a-d024e58aa15d	11	24772714	24782976	16	0.8305
60785c89-6561-4826-a79a-d024e58aa15d	11	24785614	26022556	699	0.2036
60785c89-6561-4826-a79a-d024e58aa15d	11	26022870	26043721	35	0.6031
60785c89-6561-4826-a79a-d024e58aa15d	11	26046999	26267254	139	0.2215
60785c89-6561-4826-a79a-d024e58aa15d	11	26267842	26331686	60	0.4438
60785c89-6561-4826-a79a-d024e58aa15d	11	26331890	26493060	118	0.2171
60785c89-6561-4826-a79a-d024e58aa15d	11	26493453	26532084	27	0.6312
60785c89-6561-4826-a79a-d024e58aa15d	11	26532637	26821745	221	0.9382
60785c89-6561-4826-a79a-d024e58aa15d	11	26824779	27290672	349	0.4284
60785c89-6561-4826-a79a-d024e58aa15d	11	27294231	27556235	151	0.9278
60785c89-6561-4826-a79a-d024e58aa15d	11	27557399	27991049	264	0.2781
60785c89-6561-4826-a79a-d024e58aa15d	11	27994391	28123670	62	1.0035
60785c89-6561-4826-a79a-d024e58aa15d	11	28127349	28137769	9	0.2018
60785c89-6561-4826-a79a-d024e58aa15d	11	28140343	28426291	102	0.8894
60785c89-6561-4826-a79a-d024e58aa15d	11	28433432	28500988	42	0.2056
60785c89-6561-4826-a79a-d024e58aa15d	11	28513351	28582930	43	0.666
60785c89-6561-4826-a79a-d024e58aa15d	11	28585299	28674346	38	0.1967
60785c89-6561-4826-a79a-d024e58aa15d	11	28674893	28692883	12	0.6299
60785c89-6561-4826-a79a-d024e58aa15d	11	28694061	28793385	62	0.2249
60785c89-6561-4826-a79a-d024e58aa15d	11	28798478	28846510	43	0.478
60785c89-6561-4826-a79a-d024e58aa15d	11	28848350	28931667	53	0.1826
60785c89-6561-4826-a79a-d024e58aa15d	11	28937781	28950889	11	0.4635
60785c89-6561-4826-a79a-d024e58aa15d	11	28951622	29211995	161	0.7046
60785c89-6561-4826-a79a-d024e58aa15d	11	29217422	29451650	148	0.5171
60785c89-6561-4826-a79a-d024e58aa15d	11	29452962	29463883	14	0.754
60785c89-6561-4826-a79a-d024e58aa15d	11	29463967	29758646	183	0.4071
60785c89-6561-4826-a79a-d024e58aa15d	11	29759287	31932904	1295	0.2264
60785c89-6561-4826-a79a-d024e58aa15d	11	31934385	33470075	916	-0.0297
60785c89-6561-4826-a79a-d024e58aa15d	11	33471873	33594137	82	0.2052
60785c89-6561-4826-a79a-d024e58aa15d	11	33598328	33699629	84	0.439
60785c89-6561-4826-a79a-d024e58aa15d	11	33703234	33857691	116	0.2011
60785c89-6561-4826-a79a-d024e58aa15d	11	33859350	33903176	49	0.4404
60785c89-6561-4826-a79a-d024e58aa15d	11	33903240	34175099	151	0.2291
60785c89-6561-4826-a79a-d024e58aa15d	11	34175353	36942730	2184	-0.0209
60785c89-6561-4826-a79a-d024e58aa15d	11	37635347	37708744	59	0.4128
60785c89-6561-4826-a79a-d024e58aa15d	11	37712509	37733866	15	-0.1062
60785c89-6561-4826-a79a-d024e58aa15d	11	37821027	37829965	11	0.2636
60785c89-6561-4826-a79a-d024e58aa15d	11	37834720	37880027	37	-0.1148
60785c89-6561-4826-a79a-d024e58aa15d	11	37886620	38755125	502	0.7901
60785c89-6561-4826-a79a-d024e58aa15d	11	38758315	38985701	126	-0.0806
60785c89-6561-4826-a79a-d024e58aa15d	11	38989786	39018998	19	0.3678
60785c89-6561-4826-a79a-d024e58aa15d	11	39019202	39344262	170	-0.0746
60785c89-6561-4826-a79a-d024e58aa15d	11	39345863	39404549	32	0.1268
60785c89-6561-4826-a79a-d024e58aa15d	11	39407753	39492633	48	0.5566
60785c89-6561-4826-a79a-d024e58aa15d	11	39496284	48116503	5347	-0.0577
60785c89-6561-4826-a79a-d024e58aa15d	11	48121336	48122562	2	1.3016
60785c89-6561-4826-a79a-d024e58aa15d	11	48122743	50096159	574	-0.0509
60785c89-6561-4826-a79a-d024e58aa15d	11	50101778	71880515	7129	0.1932
60785c89-6561-4826-a79a-d024e58aa15d	11	71889740	72134495	131	0.448
60785c89-6561-4826-a79a-d024e58aa15d	11	72183005	76166923	2047	0.1753
60785c89-6561-4826-a79a-d024e58aa15d	11	76167565	104192440	17513	0.2213
60785c89-6561-4826-a79a-d024e58aa15d	11	104192552	134272740	20072	-0.3754
60785c89-6561-4826-a79a-d024e58aa15d	12	780472	33368172	19693	-0.3874
60785c89-6561-4826-a79a-d024e58aa15d	12	33368216	40581708	978	-0.0347
60785c89-6561-4826-a79a-d024e58aa15d	12	40583247	40879424	209	0.53
60785c89-6561-4826-a79a-d024e58aa15d	12	40879482	40962594	62	-0.0441
60785c89-6561-4826-a79a-d024e58aa15d	12	40967571	41340722	240	0.4622
60785c89-6561-4826-a79a-d024e58aa15d	12	41345070	41591835	242	-0.0309
60785c89-6561-4826-a79a-d024e58aa15d	12	41596406	42224181	385	0.403
60785c89-6561-4826-a79a-d024e58aa15d	12	42224654	70380598	16014	-0.0494
60785c89-6561-4826-a79a-d024e58aa15d	12	70381349	70510843	86	0.2729
60785c89-6561-4826-a79a-d024e58aa15d	12	70511402	94881371	14638	-0.0482
60785c89-6561-4826-a79a-d024e58aa15d	12	94881596	94988071	99	-0.3651
60785c89-6561-4826-a79a-d024e58aa15d	12	94990391	96618445	1044	-0.0338
60785c89-6561-4826-a79a-d024e58aa15d	12	96618734	98284338	1272	-0.3513
60785c89-6561-4826-a79a-d024e58aa15d	12	98288132	98322217	18	0.1335
60785c89-6561-4826-a79a-d024e58aa15d	12	98322257	98443469	95	-0.1141
60785c89-6561-4826-a79a-d024e58aa15d	12	98447635	98471316	9	0.1067
60785c89-6561-4826-a79a-d024e58aa15d	12	98471511	98807285	191	-0.3321
60785c89-6561-4826-a79a-d024e58aa15d	12	98808716	99344377	311	-0.0019
60785c89-6561-4826-a79a-d024e58aa15d	12	99345955	101696585	1361	-0.3721
60785c89-6561-4826-a79a-d024e58aa15d	12	101700865	102199966	253	-0.0168
60785c89-6561-4826-a79a-d024e58aa15d	12	102203408	106364297	2989	-0.3262
60785c89-6561-4826-a79a-d024e58aa15d	12	106369950	108600263	1441	0.2185
60785c89-6561-4826-a79a-d024e58aa15d	12	108604405	113696352	2600	-0.3529
60785c89-6561-4826-a79a-d024e58aa15d	12	113696356	113701914	3	-1.8117
60785c89-6561-4826-a79a-d024e58aa15d	12	113704689	131141761	9559	-0.3626
60785c89-6561-4826-a79a-d024e58aa15d	12	131148153	132605822	517	0.1945
60785c89-6561-4826-a79a-d024e58aa15d	13	18874255	22451877	1781	0.2201
60785c89-6561-4826-a79a-d024e58aa15d	13	22455091	23276766	477	0.1914
60785c89-6561-4826-a79a-d024e58aa15d	13	23276857	28656898	3388	-0.0316
60785c89-6561-4826-a79a-d024e58aa15d	13	28657054	28942407	171	0.4143
60785c89-6561-4826-a79a-d024e58aa15d	13	28954855	29374452	331	0.6013
60785c89-6561-4826-a79a-d024e58aa15d	13	29376312	43799453	9675	-0.0352
60785c89-6561-4826-a79a-d024e58aa15d	13	43802105	46104706	1399	-0.3586
60785c89-6561-4826-a79a-d024e58aa15d	13	46104904	48397388	1609	-0.053
60785c89-6561-4826-a79a-d024e58aa15d	13	48397437	51167201	939	-1.4352
60785c89-6561-4826-a79a-d024e58aa15d	13	51176489	53578905	1218	-0.0127
60785c89-6561-4826-a79a-d024e58aa15d	13	53579256	53933160	229	-0.3636
60785c89-6561-4826-a79a-d024e58aa15d	13	53937044	54463028	306	-0.0661
60785c89-6561-4826-a79a-d024e58aa15d	13	54463961	55008038	109	0.1659
60785c89-6561-4826-a79a-d024e58aa15d	13	55009516	55554468	297	-0.0544
60785c89-6561-4826-a79a-d024e58aa15d	13	55556636	56663011	484	0.1854
60785c89-6561-4826-a79a-d024e58aa15d	13	56667221	57086315	202	-0.0923
60785c89-6561-4826-a79a-d024e58aa15d	13	57476563	58143766	307	0.2006
60785c89-6561-4826-a79a-d024e58aa15d	13	58144528	58483857	181	-0.0574
60785c89-6561-4826-a79a-d024e58aa15d	13	58491120	58910389	285	0.2259
60785c89-6561-4826-a79a-d024e58aa15d	13	58910478	61783493	1770	-0.0352
60785c89-6561-4826-a79a-d024e58aa15d	13	61783647	61887906	47	0.1877
60785c89-6561-4826-a79a-d024e58aa15d	13	61893535	62145786	144	0.3876
60785c89-6561-4826-a79a-d024e58aa15d	13	62145882	63681260	689	0.1979
60785c89-6561-4826-a79a-d024e58aa15d	13	64372045	64570011	126	-0.3902
60785c89-6561-4826-a79a-d024e58aa15d	13	64584397	64745342	110	-0.0583
60785c89-6561-4826-a79a-d024e58aa15d	13	64745826	65644202	429	-0.3826
60785c89-6561-4826-a79a-d024e58aa15d	13	65644445	65932365	204	-0.0643
60785c89-6561-4826-a79a-d024e58aa15d	13	65932704	67182836	616	0.2213
60785c89-6561-4826-a79a-d024e58aa15d	13	67183358	67597038	137	-0.0635
60785c89-6561-4826-a79a-d024e58aa15d	13	67605984	68443806	337	0.1651
60785c89-6561-4826-a79a-d024e58aa15d	13	68446218	68697269	165	-0.0691
60785c89-6561-4826-a79a-d024e58aa15d	13	68697360	69092888	303	0.195
60785c89-6561-4826-a79a-d024e58aa15d	13	69092927	69154766	42	-0.0753
60785c89-6561-4826-a79a-d024e58aa15d	13	69158171	69802645	330	0.2117
60785c89-6561-4826-a79a-d024e58aa15d	13	69806336	70354366	306	-0.0381
60785c89-6561-4826-a79a-d024e58aa15d	13	70361637	70424917	51	0.3088
60785c89-6561-4826-a79a-d024e58aa15d	13	70424976	70875144	270	-0.0307
60785c89-6561-4826-a79a-d024e58aa15d	13	70880205	71551509	396	0.2411
60785c89-6561-4826-a79a-d024e58aa15d	13	71561446	72891851	882	-0.3472
60785c89-6561-4826-a79a-d024e58aa15d	13	72892861	73013619	54	-0.0103
60785c89-6561-4826-a79a-d024e58aa15d	13	73015085	73649923	474	-0.3489
60785c89-6561-4826-a79a-d024e58aa15d	13	73650124	76473790	2043	0.2313
60785c89-6561-4826-a79a-d024e58aa15d	13	76478559	76519269	40	-1.4818
60785c89-6561-4826-a79a-d024e58aa15d	13	76522260	78105723	934	0.2487
60785c89-6561-4826-a79a-d024e58aa15d	13	78105997	80079635	1341	-0.3026
60785c89-6561-4826-a79a-d024e58aa15d	13	80083025	80262658	110	0.04
60785c89-6561-4826-a79a-d024e58aa15d	13	80262671	85950081	3220	-0.3236
60785c89-6561-4826-a79a-d024e58aa15d	13	85951541	89789774	2047	-0.0356
60785c89-6561-4826-a79a-d024e58aa15d	13	89795189	95497790	3806	0.4714
60785c89-6561-4826-a79a-d024e58aa15d	13	95500055	95500374	2	-1.0322
60785c89-6561-4826-a79a-d024e58aa15d	13	95502342	105778335	6666	0.4621
60785c89-6561-4826-a79a-d024e58aa15d	13	105779479	106105810	257	0.7665
60785c89-6561-4826-a79a-d024e58aa15d	13	106107772	106157323	44	0.5345
60785c89-6561-4826-a79a-d024e58aa15d	13	106157600	106385357	171	0.8104
60785c89-6561-4826-a79a-d024e58aa15d	13	106387537	106939752	398	0.6522
60785c89-6561-4826-a79a-d024e58aa15d	13	106939922	107121200	126	0.7615
60785c89-6561-4826-a79a-d024e58aa15d	13	107123528	107952491	692	0.445
60785c89-6561-4826-a79a-d024e58aa15d	13	107953020	107958230	3	-0.9064
60785c89-6561-4826-a79a-d024e58aa15d	13	107958636	109018710	841	0.4415
60785c89-6561-4826-a79a-d024e58aa15d	13	109020100	114226675	2973	0.6258
60785c89-6561-4826-a79a-d024e58aa15d	14	20033191	58577635	21104	0.2072
60785c89-6561-4826-a79a-d024e58aa15d	14	58580257	59979123	937	-0.0212
60785c89-6561-4826-a79a-d024e58aa15d	14	59983854	77611863	10564	0.2042
60785c89-6561-4826-a79a-d024e58aa15d	14	77615126	77618503	2	-1.5386
60785c89-6561-4826-a79a-d024e58aa15d	14	77618699	79521522	1370	0.2329
60785c89-6561-4826-a79a-d024e58aa15d	14	79524013	80426539	641	-0.0338
60785c89-6561-4826-a79a-d024e58aa15d	14	80431565	105533894	15168	0.1979
60785c89-6561-4826-a79a-d024e58aa15d	15	23437561	28315670	2729	-0.4055
60785c89-6561-4826-a79a-d024e58aa15d	15	28315870	38274613	4399	-0.0504
60785c89-6561-4826-a79a-d024e58aa15d	15	38276706	38318790	35	-0.8296
60785c89-6561-4826-a79a-d024e58aa15d	15	38319414	39061490	546	-0.036
60785c89-6561-4826-a79a-d024e58aa15d	15	39064552	40194954	774	-0.8027
60785c89-6561-4826-a79a-d024e58aa15d	15	40198510	54499785	8122	-0.0493
60785c89-6561-4826-a79a-d024e58aa15d	15	54500230	54500317	2	-1.5682
60785c89-6561-4826-a79a-d024e58aa15d	15	54500536	78106419	14208	-0.0539
60785c89-6561-4826-a79a-d024e58aa15d	15	78106614	78414432	147	0.1683
60785c89-6561-4826-a79a-d024e58aa15d	15	78414707	101344124	13815	-0.0533
60785c89-6561-4826-a79a-d024e58aa15d	16	603333	4910938	1580	0.1396
60785c89-6561-4826-a79a-d024e58aa15d	16	4911475	29216077	11849	0.1998
60785c89-6561-4826-a79a-d024e58aa15d	16	29217272	46470502	606	0.1218
60785c89-6561-4826-a79a-d024e58aa15d	16	46473753	89317317	27143	-0.3865
60785c89-6561-4826-a79a-d024e58aa15d	17	1074619	2778571	720	0.1551
60785c89-6561-4826-a79a-d024e58aa15d	17	2778873	7609303	2458	-0.4021
60785c89-6561-4826-a79a-d024e58aa15d	17	7619857	7736431	46	-1.2656
60785c89-6561-4826-a79a-d024e58aa15d	17	7741014	12260824	2938	-0.3928
60785c89-6561-4826-a79a-d024e58aa15d	17	12262859	26943774	3575	0.1883
60785c89-6561-4826-a79a-d024e58aa15d	17	26947350	27547430	249	-0.0463
60785c89-6561-4826-a79a-d024e58aa15d	17	27548316	31897852	1911	-0.3898
60785c89-6561-4826-a79a-d024e58aa15d	17	31899706	32694377	385	-0.0895
60785c89-6561-4826-a79a-d024e58aa15d	17	32696185	33352174	525	-0.3719
60785c89-6561-4826-a79a-d024e58aa15d	17	33353870	34717722	367	-0.0197
60785c89-6561-4826-a79a-d024e58aa15d	17	34721042	35089986	219	0.1969
60785c89-6561-4826-a79a-d024e58aa15d	17	35095139	35221909	87	0.395
60785c89-6561-4826-a79a-d024e58aa15d	17	35222613	36772696	604	0.1625
60785c89-6561-4826-a79a-d024e58aa15d	17	36774602	36811048	31	-0.1014
60785c89-6561-4826-a79a-d024e58aa15d	17	36811934	36916766	82	0.1308
60785c89-6561-4826-a79a-d024e58aa15d	17	36917188	52842995	7087	-0.0775
60785c89-6561-4826-a79a-d024e58aa15d	17	52844873	53310931	88	0.1206
60785c89-6561-4826-a79a-d024e58aa15d	17	53318409	54313667	600	-0.0727
60785c89-6561-4826-a79a-d024e58aa15d	17	54329566	54451840	51	0.1678
60785c89-6561-4826-a79a-d024e58aa15d	17	54451871	54558115	52	-0.0769
60785c89-6561-4826-a79a-d024e58aa15d	17	54558266	54577649	12	0.1337
60785c89-6561-4826-a79a-d024e58aa15d	17	54577985	58020827	2628	0.2067
60785c89-6561-4826-a79a-d024e58aa15d	17	58023109	60751041	1214	0.1497
60785c89-6561-4826-a79a-d024e58aa15d	17	60752006	61331915	310	-0.3987
60785c89-6561-4826-a79a-d024e58aa15d	17	61338294	61544141	134	-0.0925
60785c89-6561-4826-a79a-d024e58aa15d	17	61550516	61723426	100	0.2275
60785c89-6561-4826-a79a-d024e58aa15d	17	61724080	61856231	55	-0.1058
60785c89-6561-4826-a79a-d024e58aa15d	17	61856635	62565781	291	0.1563
60785c89-6561-4826-a79a-d024e58aa15d	17	62566683	64663439	958	0.403
60785c89-6561-4826-a79a-d024e58aa15d	17	64663755	65125511	173	0.1919
60785c89-6561-4826-a79a-d024e58aa15d	17	65134923	66493013	808	-0.406
60785c89-6561-4826-a79a-d024e58aa15d	17	66493389	66753366	220	0.2261
60785c89-6561-4826-a79a-d024e58aa15d	17	66754027	70498167	2295	-0.4073
60785c89-6561-4826-a79a-d024e58aa15d	17	70505935	70687363	141	0.1995
60785c89-6561-4826-a79a-d024e58aa15d	17	70692842	70747511	46	0.6003
60785c89-6561-4826-a79a-d024e58aa15d	17	70759591	70839879	67	0.4012
60785c89-6561-4826-a79a-d024e58aa15d	17	70841662	71207093	332	0.1763
60785c89-6561-4826-a79a-d024e58aa15d	17	71209497	71713068	389	0.5062
60785c89-6561-4826-a79a-d024e58aa15d	17	71713288	71806366	67	0.1726
60785c89-6561-4826-a79a-d024e58aa15d	17	71811007	73829384	1523	-0.3847
60785c89-6561-4826-a79a-d024e58aa15d	17	74695492	75349386	297	0.1522
60785c89-6561-4826-a79a-d024e58aa15d	17	75366284	75511785	67	0.3341
60785c89-6561-4826-a79a-d024e58aa15d	17	75513460	76985181	603	-0.1004
60785c89-6561-4826-a79a-d024e58aa15d	17	76989390	77424154	260	0.3359
60785c89-6561-4826-a79a-d024e58aa15d	17	77426651	77923722	238	-0.0661
60785c89-6561-4826-a79a-d024e58aa15d	17	77924018	78747031	307	0.3551
60785c89-6561-4826-a79a-d024e58aa15d	17	78747233	82959812	1659	-0.0893
60785c89-6561-4826-a79a-d024e58aa15d	18	326691	1051613	169	-0.053
60785c89-6561-4826-a79a-d024e58aa15d	18	1053251	5849029	2781	0.2043
60785c89-6561-4826-a79a-d024e58aa15d	18	5849155	6860457	265	-0.0111
60785c89-6561-4826-a79a-d024e58aa15d	18	6860956	64675648	32380	0.2044
60785c89-6561-4826-a79a-d024e58aa15d	18	64675742	79349796	7366	0.1793
60785c89-6561-4826-a79a-d024e58aa15d	19	283868	6614901	1812	0.1292
60785c89-6561-4826-a79a-d024e58aa15d	19	6620899	6623877	6	-1.0617
60785c89-6561-4826-a79a-d024e58aa15d	19	6623890	13346981	2916	0.1283
60785c89-6561-4826-a79a-d024e58aa15d	19	13347429	13450004	53	0.3992
60785c89-6561-4826-a79a-d024e58aa15d	19	13450173	23863050	4259	0.1456
60785c89-6561-4826-a79a-d024e58aa15d	19	23863120	34902439	5014	0.3661
60785c89-6561-4826-a79a-d024e58aa15d	19	34903063	40681534	2810	0.3032
60785c89-6561-4826-a79a-d024e58aa15d	19	40683628	54871595	5483	0.4822
60785c89-6561-4826-a79a-d024e58aa15d	19	54882298	58370362	1795	-0.1294
60785c89-6561-4826-a79a-d024e58aa15d	20	472817	7608818	4403	-0.385
60785c89-6561-4826-a79a-d024e58aa15d	20	7610358	7610730	4	-1.4611
60785c89-6561-4826-a79a-d024e58aa15d	20	7610949	10203956	1626	-0.387
60785c89-6561-4826-a79a-d024e58aa15d	20	10207523	10207964	2	-2.3878
60785c89-6561-4826-a79a-d024e58aa15d	20	10208134	15711854	3494	-0.3878
60785c89-6561-4826-a79a-d024e58aa15d	20	15712662	15713282	3	1.0077
60785c89-6561-4826-a79a-d024e58aa15d	20	15713299	26217295	7417	-0.3824
60785c89-6561-4826-a79a-d024e58aa15d	20	31247668	33867555	1312	-0.0638
60785c89-6561-4826-a79a-d024e58aa15d	20	33868060	33873206	4	-0.7715
60785c89-6561-4826-a79a-d024e58aa15d	20	33873902	34060932	106	0.192
60785c89-6561-4826-a79a-d024e58aa15d	20	34064053	34566893	182	-0.0749
60785c89-6561-4826-a79a-d024e58aa15d	20	34571581	38676778	2183	0.1789
60785c89-6561-4826-a79a-d024e58aa15d	20	38678651	39141875	275	0.3927
60785c89-6561-4826-a79a-d024e58aa15d	20	39142221	39166397	14	0.0524
60785c89-6561-4826-a79a-d024e58aa15d	20	39167968	39333779	110	0.4203
60785c89-6561-4826-a79a-d024e58aa15d	20	39333856	41850097	1683	0.2232
60785c89-6561-4826-a79a-d024e58aa15d	20	41850117	42131617	278	0.0443
60785c89-6561-4826-a79a-d024e58aa15d	20	42133647	42866257	554	0.2488
60785c89-6561-4826-a79a-d024e58aa15d	20	42870142	46851420	2530	-0.0544
60785c89-6561-4826-a79a-d024e58aa15d	20	46852308	48272703	1091	0.2018
60785c89-6561-4826-a79a-d024e58aa15d	20	48272770	48352263	74	0.3908
60785c89-6561-4826-a79a-d024e58aa15d	20	48352433	48409427	50	0.1454
60785c89-6561-4826-a79a-d024e58aa15d	20	48409640	48889488	284	0.3917
60785c89-6561-4826-a79a-d024e58aa15d	20	48890385	49121575	148	0.1579
60785c89-6561-4826-a79a-d024e58aa15d	20	49123277	55899645	4552	0.4075
60785c89-6561-4826-a79a-d024e58aa15d	20	55900003	55910916	2	-0.9422
60785c89-6561-4826-a79a-d024e58aa15d	20	55914843	60232466	3239	0.4178
60785c89-6561-4826-a79a-d024e58aa15d	20	60232892	60407342	186	0.5842
60785c89-6561-4826-a79a-d024e58aa15d	20	60407877	62754216	1486	0.3999
60785c89-6561-4826-a79a-d024e58aa15d	20	62754435	63080185	123	0.5415
60785c89-6561-4826-a79a-d024e58aa15d	20	63141749	63371227	71	0.3833
60785c89-6561-4826-a79a-d024e58aa15d	20	63396857	63588502	57	0.2471
60785c89-6561-4826-a79a-d024e58aa15d	21	13974127	15581792	1111	0.1916
60785c89-6561-4826-a79a-d024e58aa15d	21	15781618	15955828	91	0.5989
60785c89-6561-4826-a79a-d024e58aa15d	21	15957153	17386524	846	0.1994
60785c89-6561-4826-a79a-d024e58aa15d	21	17388583	18609102	852	0.5836
60785c89-6561-4826-a79a-d024e58aa15d	21	18611495	19039075	282	0.9782
60785c89-6561-4826-a79a-d024e58aa15d	21	19039380	24397872	3221	0.7192
60785c89-6561-4826-a79a-d024e58aa15d	21	24397916	24461800	35	0.8456
60785c89-6561-4826-a79a-d024e58aa15d	21	24462810	25394921	650	1.0063
60785c89-6561-4826-a79a-d024e58aa15d	21	25395135	27204088	1375	0.8729
60785c89-6561-4826-a79a-d024e58aa15d	21	27204897	27218459	8	0.6114
60785c89-6561-4826-a79a-d024e58aa15d	21	27219241	36578498	6059	0.3905
60785c89-6561-4826-a79a-d024e58aa15d	21	36580692	46262057	6073	0.1608
60785c89-6561-4826-a79a-d024e58aa15d	22	16934932	28939581	4451	-0.0665
60785c89-6561-4826-a79a-d024e58aa15d	22	28941159	29196979	184	-0.3823
60785c89-6561-4826-a79a-d024e58aa15d	22	29203995	48940621	12444	-0.0785
60785c89-6561-4826-a79a-d024e58aa15d	X	3236359	3542253	224	-0.4988
60785c89-6561-4826-a79a-d024e58aa15d	X	3543970	20934861	6950	0.1357
60785c89-6561-4826-a79a-d024e58aa15d	X	20946837	21383559	176	0.5641
60785c89-6561-4826-a79a-d024e58aa15d	X	21388833	58291715	16549	0.1231
60785c89-6561-4826-a79a-d024e58aa15d	X	62952913	63101065	27	-0.5004
60785c89-6561-4826-a79a-d024e58aa15d	X	63108483	63450312	58	-0.0306
60785c89-6561-4826-a79a-d024e58aa15d	X	63453077	63563188	34	-0.4898
60785c89-6561-4826-a79a-d024e58aa15d	X	63565782	63657849	33	0.3159
60785c89-6561-4826-a79a-d024e58aa15d	X	63658478	63794042	52	-0.3842
60785c89-6561-4826-a79a-d024e58aa15d	X	63804091	63819860	8	1.0235
60785c89-6561-4826-a79a-d024e58aa15d	X	63821471	63898289	20	-0.2677
60785c89-6561-4826-a79a-d024e58aa15d	X	63908877	64092156	69	0.5256
60785c89-6561-4826-a79a-d024e58aa15d	X	64095923	64165050	27	-0.299
60785c89-6561-4826-a79a-d024e58aa15d	X	64167642	64210939	17	1.1586
60785c89-6561-4826-a79a-d024e58aa15d	X	64215969	64370881	63	-0.3754
60785c89-6561-4826-a79a-d024e58aa15d	X	64372601	64571263	81	0.1219
60785c89-6561-4826-a79a-d024e58aa15d	X	64577363	64642669	33	-0.4225
60785c89-6561-4826-a79a-d024e58aa15d	X	64643725	64687534	23	0.5948
60785c89-6561-4826-a79a-d024e58aa15d	X	64692588	64795336	58	-0.0804
60785c89-6561-4826-a79a-d024e58aa15d	X	64809742	65033083	112	-0.3604
60785c89-6561-4826-a79a-d024e58aa15d	X	65047314	65326592	97	0.0475
60785c89-6561-4826-a79a-d024e58aa15d	X	65330991	65348362	11	1.1436
60785c89-6561-4826-a79a-d024e58aa15d	X	65352599	65415917	19	-0.2682
60785c89-6561-4826-a79a-d024e58aa15d	X	65429147	65483257	22	0.4488
60785c89-6561-4826-a79a-d024e58aa15d	X	65485828	65513504	16	-0.6017
60785c89-6561-4826-a79a-d024e58aa15d	X	65515116	65538982	11	0.5199
60785c89-6561-4826-a79a-d024e58aa15d	X	65543279	65593368	19	-0.5157
60785c89-6561-4826-a79a-d024e58aa15d	X	65607173	65624611	10	1.0546
60785c89-6561-4826-a79a-d024e58aa15d	X	65633713	65921923	101	-0.2599
60785c89-6561-4826-a79a-d024e58aa15d	X	65923955	65932561	6	0.4379
60785c89-6561-4826-a79a-d024e58aa15d	X	65940832	65961622	6	-0.2426
60785c89-6561-4826-a79a-d024e58aa15d	X	65968872	65974286	6	0.605
60785c89-6561-4826-a79a-d024e58aa15d	X	65976371	66178546	69	-0.3948
60785c89-6561-4826-a79a-d024e58aa15d	X	66188348	66196245	10	0.1943
60785c89-6561-4826-a79a-d024e58aa15d	X	66197170	66242298	29	-0.4278
60785c89-6561-4826-a79a-d024e58aa15d	X	66242835	66285460	7	0.6039
60785c89-6561-4826-a79a-d024e58aa15d	X	66288997	66304388	11	-0.3569
60785c89-6561-4826-a79a-d024e58aa15d	X	66311351	66338017	14	1.024
60785c89-6561-4826-a79a-d024e58aa15d	X	66352552	66362513	9	-0.2281
60785c89-6561-4826-a79a-d024e58aa15d	X	66364108	66378549	9	0.9422
60785c89-6561-4826-a79a-d024e58aa15d	X	66379336	66386851	10	-0.8535
60785c89-6561-4826-a79a-d024e58aa15d	X	66387536	66440602	45	0.1093
60785c89-6561-4826-a79a-d024e58aa15d	X	66441971	66758377	36	-0.5202
60785c89-6561-4826-a79a-d024e58aa15d	X	66759141	67014456	102	0.4973
60785c89-6561-4826-a79a-d024e58aa15d	X	67017386	67088841	46	-0.142
60785c89-6561-4826-a79a-d024e58aa15d	X	67089470	67141427	37	1.1003
60785c89-6561-4826-a79a-d024e58aa15d	X	67143592	67165378	11	0.5357
60785c89-6561-4826-a79a-d024e58aa15d	X	67165844	67184227	11	-0.4056
60785c89-6561-4826-a79a-d024e58aa15d	X	67185081	67198782	8	0.3441
60785c89-6561-4826-a79a-d024e58aa15d	X	67201279	67291142	26	-0.3523
60785c89-6561-4826-a79a-d024e58aa15d	X	67292261	67372021	41	0.6005
60785c89-6561-4826-a79a-d024e58aa15d	X	67372191	67526122	17	-0.4656
60785c89-6561-4826-a79a-d024e58aa15d	X	67526901	67565342	19	0.186
60785c89-6561-4826-a79a-d024e58aa15d	X	67565667	67597394	15	-0.5515
60785c89-6561-4826-a79a-d024e58aa15d	X	67599338	67605515	6	0.9395
60785c89-6561-4826-a79a-d024e58aa15d	X	67606858	67743447	54	-0.4671
60785c89-6561-4826-a79a-d024e58aa15d	X	67745276	67790813	40	0.1178
60785c89-6561-4826-a79a-d024e58aa15d	X	67795441	67825505	19	-0.4065
60785c89-6561-4826-a79a-d024e58aa15d	X	67826779	67910806	32	0.1421
60785c89-6561-4826-a79a-d024e58aa15d	X	67919080	68141118	102	-0.5209
60785c89-6561-4826-a79a-d024e58aa15d	X	68142768	68425229	149	0.1612
60785c89-6561-4826-a79a-d024e58aa15d	X	68430511	68487755	22	-0.3989
60785c89-6561-4826-a79a-d024e58aa15d	X	68490594	68532692	16	0.4212
60785c89-6561-4826-a79a-d024e58aa15d	X	68535145	68560235	13	-0.4694
60785c89-6561-4826-a79a-d024e58aa15d	X	68566166	68591036	11	0.5608
60785c89-6561-4826-a79a-d024e58aa15d	X	68595239	68602724	5	-0.5326
60785c89-6561-4826-a79a-d024e58aa15d	X	68606636	68656154	31	0.4807
60785c89-6561-4826-a79a-d024e58aa15d	X	68662693	69777580	611	-0.4094
60785c89-6561-4826-a79a-d024e58aa15d	X	69781219	69855788	46	0.1328
60785c89-6561-4826-a79a-d024e58aa15d	X	69861305	70424161	145	-0.5177
60785c89-6561-4826-a79a-d024e58aa15d	X	70446472	70450580	5	0.5302
60785c89-6561-4826-a79a-d024e58aa15d	X	70456879	70541229	39	-0.4393
60785c89-6561-4826-a79a-d024e58aa15d	X	70545568	70612343	30	0.1242
60785c89-6561-4826-a79a-d024e58aa15d	X	70616371	70660383	22	-0.639
60785c89-6561-4826-a79a-d024e58aa15d	X	70660637	70948302	116	0.1619
60785c89-6561-4826-a79a-d024e58aa15d	X	70952096	71339301	168	0.8346
60785c89-6561-4826-a79a-d024e58aa15d	X	71343771	71973511	185	0.4855
60785c89-6561-4826-a79a-d024e58aa15d	X	71980520	73732719	636	0.128
60785c89-6561-4826-a79a-d024e58aa15d	X	73741405	73766561	13	1.2625
60785c89-6561-4826-a79a-d024e58aa15d	X	73790800	74946865	478	0.191
60785c89-6561-4826-a79a-d024e58aa15d	X	74950279	76950133	436	-0.4294
60785c89-6561-4826-a79a-d024e58aa15d	X	76950497	77070100	64	0.5443
60785c89-6561-4826-a79a-d024e58aa15d	X	77070132	77464290	30	0.1145
60785c89-6561-4826-a79a-d024e58aa15d	X	77466966	78247409	147	0.648
60785c89-6561-4826-a79a-d024e58aa15d	X	78247498	78380925	53	0.8836
60785c89-6561-4826-a79a-d024e58aa15d	X	78387136	78423209	17	0.3795
60785c89-6561-4826-a79a-d024e58aa15d	X	78453230	78481372	14	1.1327
60785c89-6561-4826-a79a-d024e58aa15d	X	78485133	78761923	128	0.5942
60785c89-6561-4826-a79a-d024e58aa15d	X	78762021	78785233	21	1.4242
60785c89-6561-4826-a79a-d024e58aa15d	X	78793578	79050019	114	0.503
60785c89-6561-4826-a79a-d024e58aa15d	X	79051908	79100907	26	1.4532
60785c89-6561-4826-a79a-d024e58aa15d	X	79101697	79157819	47	0.5211
60785c89-6561-4826-a79a-d024e58aa15d	X	79159781	79369587	138	0.8813
60785c89-6561-4826-a79a-d024e58aa15d	X	79369883	80196449	462	0.5228
60785c89-6561-4826-a79a-d024e58aa15d	X	80200958	80347569	91	1.0791
60785c89-6561-4826-a79a-d024e58aa15d	X	80353694	80427706	30	0.4129
60785c89-6561-4826-a79a-d024e58aa15d	X	80433155	80565381	42	1.0151
60785c89-6561-4826-a79a-d024e58aa15d	X	80565588	80570922	3	0.2109
60785c89-6561-4826-a79a-d024e58aa15d	X	80571524	80596235	7	1.2425
60785c89-6561-4826-a79a-d024e58aa15d	X	80600304	80658370	29	1.6441
60785c89-6561-4826-a79a-d024e58aa15d	X	80658587	80925957	114	0.561
60785c89-6561-4826-a79a-d024e58aa15d	X	80934592	80958751	19	1.1284
60785c89-6561-4826-a79a-d024e58aa15d	X	80970729	81096397	56	0.5079
60785c89-6561-4826-a79a-d024e58aa15d	X	81098494	81274273	75	0.887
60785c89-6561-4826-a79a-d024e58aa15d	X	81275001	81295392	11	1.7018
60785c89-6561-4826-a79a-d024e58aa15d	X	81296569	81328782	14	0.5495
60785c89-6561-4826-a79a-d024e58aa15d	X	81337311	81346940	8	1.5416
60785c89-6561-4826-a79a-d024e58aa15d	X	81353089	81389661	25	0.4855
60785c89-6561-4826-a79a-d024e58aa15d	X	81390063	81434619	33	0.8295
60785c89-6561-4826-a79a-d024e58aa15d	X	81436405	81559617	51	0.6046
60785c89-6561-4826-a79a-d024e58aa15d	X	81562317	81589626	17	1.1415
60785c89-6561-4826-a79a-d024e58aa15d	X	81594692	85723056	1658	0.501
60785c89-6561-4826-a79a-d024e58aa15d	X	85751834	94136066	3297	-0.4897
60785c89-6561-4826-a79a-d024e58aa15d	X	94139391	94385570	174	0.1295
60785c89-6561-4826-a79a-d024e58aa15d	X	94388148	95033568	300	0.4603
60785c89-6561-4826-a79a-d024e58aa15d	X	95033999	100824541	2415	-0.4846
60785c89-6561-4826-a79a-d024e58aa15d	X	100834063	105014040	1837	0.1051
60785c89-6561-4826-a79a-d024e58aa15d	X	105018326	117063670	5489	-0.458
60785c89-6561-4826-a79a-d024e58aa15d	X	117070595	117082814	20	0.6213
60785c89-6561-4826-a79a-d024e58aa15d	X	117091472	120314456	1661	-0.4819
60785c89-6561-4826-a79a-d024e58aa15d	X	120314979	120367114	37	0.1496
60785c89-6561-4826-a79a-d024e58aa15d	X	120367445	125405904	2687	-0.4845
60785c89-6561-4826-a79a-d024e58aa15d	X	125406163	130469862	2240	0.1155
60785c89-6561-4826-a79a-d024e58aa15d	X	130470029	130501717	19	0.8286
60785c89-6561-4826-a79a-d024e58aa15d	X	130505746	130513421	7	-0.0761
60785c89-6561-4826-a79a-d024e58aa15d	X	130526125	130558229	20	0.8968
60785c89-6561-4826-a79a-d024e58aa15d	X	130558867	130603121	18	0.1619
60785c89-6561-4826-a79a-d024e58aa15d	X	130604443	130870378	123	0.8856
60785c89-6561-4826-a79a-d024e58aa15d	X	130871042	131845588	192	0.507
60785c89-6561-4826-a79a-d024e58aa15d	X	131846023	134313105	1209	0.1275
60785c89-6561-4826-a79a-d024e58aa15d	X	134319025	135948342	413	-0.4325
60785c89-6561-4826-a79a-d024e58aa15d	X	135951167	148173330	6292	0.1017
60785c89-6561-4826-a79a-d024e58aa15d	X	148174514	151710911	1797	0.5274
60785c89-6561-4826-a79a-d024e58aa15d	X	151710991	154549877	865	0.1033
60785c89-6561-4826-a79a-d024e58aa15d	X	154553220	155677414	18	0.5635
