GDC_Aliquot	Chromosome	Start	End	Num_Probes	Segment_Mean
68c618ba-8d9b-4db9-b2b8-85be5daeda97	1	3301765	39557105	19401	-0.6624
68c618ba-8d9b-4db9-b2b8-85be5daeda97	1	39559408	39560301	2	-5.884
68c618ba-8d9b-4db9-b2b8-85be5daeda97	1	39561792	46393062	3553	-0.6742
68c618ba-8d9b-4db9-b2b8-85be5daeda97	1	46396235	88794408	26441	-0.6022
68c618ba-8d9b-4db9-b2b8-85be5daeda97	1	88842283	91827605	1855	0.2782
68c618ba-8d9b-4db9-b2b8-85be5daeda97	1	91827659	93624174	857	0.2193
68c618ba-8d9b-4db9-b2b8-85be5daeda97	1	93629703	95209154	1114	0.3022
68c618ba-8d9b-4db9-b2b8-85be5daeda97	1	95210955	95210962	2	-0.8918
68c618ba-8d9b-4db9-b2b8-85be5daeda97	1	95214568	99668696	2701	0.3161
68c618ba-8d9b-4db9-b2b8-85be5daeda97	1	99669072	101454480	1107	0.2382
68c618ba-8d9b-4db9-b2b8-85be5daeda97	1	101456880	108732385	3846	0.2989
68c618ba-8d9b-4db9-b2b8-85be5daeda97	1	108739522	112429445	2369	0.247
68c618ba-8d9b-4db9-b2b8-85be5daeda97	1	112430980	113319881	486	0.1591
68c618ba-8d9b-4db9-b2b8-85be5daeda97	1	113325701	114640730	736	0.2249
68c618ba-8d9b-4db9-b2b8-85be5daeda97	1	114646287	119519936	3137	0.2913
68c618ba-8d9b-4db9-b2b8-85be5daeda97	1	119520310	119525474	2	-1.0818
68c618ba-8d9b-4db9-b2b8-85be5daeda97	1	119526175	119979137	261	0.313
68c618ba-8d9b-4db9-b2b8-85be5daeda97	1	119979978	150015680	50	0.1291
68c618ba-8d9b-4db9-b2b8-85be5daeda97	1	150017474	150290062	112	0.597
68c618ba-8d9b-4db9-b2b8-85be5daeda97	1	150294432	150914966	201	0.1413
68c618ba-8d9b-4db9-b2b8-85be5daeda97	1	150925926	151057014	62	0.5959
68c618ba-8d9b-4db9-b2b8-85be5daeda97	1	151064340	151073507	4	-0.1093
68c618ba-8d9b-4db9-b2b8-85be5daeda97	1	151079879	151183488	35	0.5506
68c618ba-8d9b-4db9-b2b8-85be5daeda97	1	151185558	151355351	56	0.0966
68c618ba-8d9b-4db9-b2b8-85be5daeda97	1	151355857	151697079	156	0.6337
68c618ba-8d9b-4db9-b2b8-85be5daeda97	1	151697521	152123784	242	0.216
68c618ba-8d9b-4db9-b2b8-85be5daeda97	1	152124032	152173584	21	0.696
68c618ba-8d9b-4db9-b2b8-85be5daeda97	1	152174747	152177044	6	0.1385
68c618ba-8d9b-4db9-b2b8-85be5daeda97	1	152181728	153032176	493	0.7699
68c618ba-8d9b-4db9-b2b8-85be5daeda97	1	153034104	153055402	14	0.1435
68c618ba-8d9b-4db9-b2b8-85be5daeda97	1	153059090	153405027	253	0.7691
68c618ba-8d9b-4db9-b2b8-85be5daeda97	1	153412880	153572621	78	0.2772
68c618ba-8d9b-4db9-b2b8-85be5daeda97	1	153573458	156832865	1454	0.1442
68c618ba-8d9b-4db9-b2b8-85be5daeda97	1	156833150	158532341	1138	0.2521
68c618ba-8d9b-4db9-b2b8-85be5daeda97	1	158533560	158541869	2	-1.3272
68c618ba-8d9b-4db9-b2b8-85be5daeda97	1	158542020	160036662	972	0.2551
68c618ba-8d9b-4db9-b2b8-85be5daeda97	1	160036784	160689172	420	0.6813
68c618ba-8d9b-4db9-b2b8-85be5daeda97	1	160690484	160851190	118	0.1736
68c618ba-8d9b-4db9-b2b8-85be5daeda97	1	160857437	161374707	265	0.6151
68c618ba-8d9b-4db9-b2b8-85be5daeda97	1	161389176	161686708	26	0.1118
68c618ba-8d9b-4db9-b2b8-85be5daeda97	1	161688868	161725067	50	0.7059
68c618ba-8d9b-4db9-b2b8-85be5daeda97	1	161730889	162894833	930	0.2479
68c618ba-8d9b-4db9-b2b8-85be5daeda97	1	162902322	162910665	23	0.6776
68c618ba-8d9b-4db9-b2b8-85be5daeda97	1	162910925	165681916	2207	0.2996
68c618ba-8d9b-4db9-b2b8-85be5daeda97	1	165681973	165795803	73	0.7592
68c618ba-8d9b-4db9-b2b8-85be5daeda97	1	165798534	185725681	12865	0.2698
68c618ba-8d9b-4db9-b2b8-85be5daeda97	1	185737738	196662072	6504	0.3054
68c618ba-8d9b-4db9-b2b8-85be5daeda97	1	196663226	201778328	3067	0.2594
68c618ba-8d9b-4db9-b2b8-85be5daeda97	1	201778540	206824034	3083	0.2112
68c618ba-8d9b-4db9-b2b8-85be5daeda97	1	206825361	208577471	1262	0.2972
68c618ba-8d9b-4db9-b2b8-85be5daeda97	1	208580127	247650984	25195	-0.6176
68c618ba-8d9b-4db9-b2b8-85be5daeda97	2	480597	6042903	3157	-0.0371
68c618ba-8d9b-4db9-b2b8-85be5daeda97	2	6045782	12163919	4307	-0.0707
68c618ba-8d9b-4db9-b2b8-85be5daeda97	2	12164245	23679852	7719	-0.0131
68c618ba-8d9b-4db9-b2b8-85be5daeda97	2	23681645	28755825	2376	-0.1269
68c618ba-8d9b-4db9-b2b8-85be5daeda97	2	28757668	60615888	18259	-0.0505
68c618ba-8d9b-4db9-b2b8-85be5daeda97	2	60618168	65621002	2483	-0.1005
68c618ba-8d9b-4db9-b2b8-85be5daeda97	2	65621225	69716420	2789	-0.0441
68c618ba-8d9b-4db9-b2b8-85be5daeda97	2	69716434	70447020	427	-0.1884
68c618ba-8d9b-4db9-b2b8-85be5daeda97	2	70447101	84879294	7813	-0.0526
68c618ba-8d9b-4db9-b2b8-85be5daeda97	2	84891306	99598153	3011	-0.1135
68c618ba-8d9b-4db9-b2b8-85be5daeda97	2	99603955	112018173	6862	-0.0562
68c618ba-8d9b-4db9-b2b8-85be5daeda97	2	112018260	113968205	1010	-0.0976
68c618ba-8d9b-4db9-b2b8-85be5daeda97	2	113968269	230055663	65074	-0.0321
68c618ba-8d9b-4db9-b2b8-85be5daeda97	2	230061420	241089532	6363	-1.471
68c618ba-8d9b-4db9-b2b8-85be5daeda97	2	241091516	241091866	3	-7.2189
68c618ba-8d9b-4db9-b2b8-85be5daeda97	2	241092630	241126835	22	-1.6856
68c618ba-8d9b-4db9-b2b8-85be5daeda97	2	241129553	241129927	2	-6.704
68c618ba-8d9b-4db9-b2b8-85be5daeda97	2	241131456	241537572	226	-1.4615
68c618ba-8d9b-4db9-b2b8-85be5daeda97	3	2170634	9166468	4129	0.3074
68c618ba-8d9b-4db9-b2b8-85be5daeda97	3	9168011	9463778	173	0.2707
68c618ba-8d9b-4db9-b2b8-85be5daeda97	3	9464367	10295366	344	0.1693
68c618ba-8d9b-4db9-b2b8-85be5daeda97	3	10299099	11625324	938	0.2912
68c618ba-8d9b-4db9-b2b8-85be5daeda97	3	11625400	12806478	835	0.1992
68c618ba-8d9b-4db9-b2b8-85be5daeda97	3	12806837	20477209	4594	0.2619
68c618ba-8d9b-4db9-b2b8-85be5daeda97	3	20477416	31763460	6792	0.3151
68c618ba-8d9b-4db9-b2b8-85be5daeda97	3	31764303	33573275	1063	0.1933
68c618ba-8d9b-4db9-b2b8-85be5daeda97	3	33581755	34537603	523	0.2653
68c618ba-8d9b-4db9-b2b8-85be5daeda97	3	34539067	36869440	1443	0.3058
68c618ba-8d9b-4db9-b2b8-85be5daeda97	3	36870106	44001022	4228	0.253
68c618ba-8d9b-4db9-b2b8-85be5daeda97	3	44021137	44040478	18	0.6652
68c618ba-8d9b-4db9-b2b8-85be5daeda97	3	44040518	44081321	29	0.2818
68c618ba-8d9b-4db9-b2b8-85be5daeda97	3	44086631	47081503	1696	0.2178
68c618ba-8d9b-4db9-b2b8-85be5daeda97	3	47088954	49843510	1001	0.111
68c618ba-8d9b-4db9-b2b8-85be5daeda97	3	49845724	53607057	1680	0.1903
68c618ba-8d9b-4db9-b2b8-85be5daeda97	3	53607826	95197820	22314	0.2816
68c618ba-8d9b-4db9-b2b8-85be5daeda97	3	95198430	110897496	8510	0.3104
68c618ba-8d9b-4db9-b2b8-85be5daeda97	3	110899133	110905679	3	-0.7116
68c618ba-8d9b-4db9-b2b8-85be5daeda97	3	110906934	112156648	770	0.3391
68c618ba-8d9b-4db9-b2b8-85be5daeda97	3	112156673	128637371	9838	0.2835
68c618ba-8d9b-4db9-b2b8-85be5daeda97	3	128640442	129513415	372	0.1514
68c618ba-8d9b-4db9-b2b8-85be5daeda97	3	129513511	136106596	3987	0.2927
68c618ba-8d9b-4db9-b2b8-85be5daeda97	3	136108613	136908624	265	0.1688
68c618ba-8d9b-4db9-b2b8-85be5daeda97	3	136909264	139403379	1213	0.2544
68c618ba-8d9b-4db9-b2b8-85be5daeda97	3	139413361	141287554	1350	0.3246
68c618ba-8d9b-4db9-b2b8-85be5daeda97	3	141287740	144336201	1411	0.2501
68c618ba-8d9b-4db9-b2b8-85be5daeda97	3	144339089	149468274	2486	0.3303
68c618ba-8d9b-4db9-b2b8-85be5daeda97	3	149468359	172668581	12156	0.2859
68c618ba-8d9b-4db9-b2b8-85be5daeda97	3	172668625	176949467	1959	0.3424
68c618ba-8d9b-4db9-b2b8-85be5daeda97	3	176949501	182976788	3259	0.2789
68c618ba-8d9b-4db9-b2b8-85be5daeda97	3	182978381	188327815	2892	0.2291
68c618ba-8d9b-4db9-b2b8-85be5daeda97	3	188329122	195195402	4276	0.3061
68c618ba-8d9b-4db9-b2b8-85be5daeda97	3	195196104	197243254	393	0.1387
68c618ba-8d9b-4db9-b2b8-85be5daeda97	3	197245963	197812401	149	0.2451
68c618ba-8d9b-4db9-b2b8-85be5daeda97	4	1059384	1110917	38	0.2839
68c618ba-8d9b-4db9-b2b8-85be5daeda97	4	1111525	3193920	803	0.1831
68c618ba-8d9b-4db9-b2b8-85be5daeda97	4	3194302	25327259	14441	0.297
68c618ba-8d9b-4db9-b2b8-85be5daeda97	4	25332450	25911960	378	-0.6755
68c618ba-8d9b-4db9-b2b8-85be5daeda97	4	25915444	26647873	460	0.2438
68c618ba-8d9b-4db9-b2b8-85be5daeda97	4	26648491	37745931	6699	0.3176
68c618ba-8d9b-4db9-b2b8-85be5daeda97	4	37746047	38701384	701	0.2778
68c618ba-8d9b-4db9-b2b8-85be5daeda97	4	38702113	40670449	1001	0.1859
68c618ba-8d9b-4db9-b2b8-85be5daeda97	4	40676657	55913092	6546	0.2886
68c618ba-8d9b-4db9-b2b8-85be5daeda97	4	55913823	57178276	718	0.2187
68c618ba-8d9b-4db9-b2b8-85be5daeda97	4	57178818	70291992	6699	0.2963
68c618ba-8d9b-4db9-b2b8-85be5daeda97	4	70295900	70415849	71	-0.623
68c618ba-8d9b-4db9-b2b8-85be5daeda97	4	70421935	71865974	706	0.2191
68c618ba-8d9b-4db9-b2b8-85be5daeda97	4	71869415	75040167	1864	0.2886
68c618ba-8d9b-4db9-b2b8-85be5daeda97	4	75040241	77934737	1858	0.2405
68c618ba-8d9b-4db9-b2b8-85be5daeda97	4	77937156	82152346	2551	0.3058
68c618ba-8d9b-4db9-b2b8-85be5daeda97	4	82153324	82992229	465	0.2382
68c618ba-8d9b-4db9-b2b8-85be5daeda97	4	82993578	82996313	3	-0.829
68c618ba-8d9b-4db9-b2b8-85be5daeda97	4	83005836	83708109	410	0.2423
68c618ba-8d9b-4db9-b2b8-85be5daeda97	4	83712248	86833266	1884	0.3198
68c618ba-8d9b-4db9-b2b8-85be5daeda97	4	86833560	89743097	1801	0.2407
68c618ba-8d9b-4db9-b2b8-85be5daeda97	4	89746283	112381201	12492	0.2789
68c618ba-8d9b-4db9-b2b8-85be5daeda97	4	112381448	112857670	249	0.2212
68c618ba-8d9b-4db9-b2b8-85be5daeda97	4	112857963	117637987	2778	0.321
68c618ba-8d9b-4db9-b2b8-85be5daeda97	4	117638076	123744525	3420	0.2856
68c618ba-8d9b-4db9-b2b8-85be5daeda97	4	123745916	127542775	2156	0.3402
68c618ba-8d9b-4db9-b2b8-85be5daeda97	4	127543598	129089689	632	0.2488
68c618ba-8d9b-4db9-b2b8-85be5daeda97	4	129095038	138852402	4950	0.3343
68c618ba-8d9b-4db9-b2b8-85be5daeda97	4	138855457	139494556	378	0.2264
68c618ba-8d9b-4db9-b2b8-85be5daeda97	4	139496122	150624503	6274	0.2921
68c618ba-8d9b-4db9-b2b8-85be5daeda97	4	150629051	153494032	1465	0.2502
68c618ba-8d9b-4db9-b2b8-85be5daeda97	4	153494980	153896896	327	0.3231
68c618ba-8d9b-4db9-b2b8-85be5daeda97	4	153897370	153897695	2	-0.9176
68c618ba-8d9b-4db9-b2b8-85be5daeda97	4	153898360	159717336	3466	0.3304
68c618ba-8d9b-4db9-b2b8-85be5daeda97	4	159719163	162719071	1766	-0.0483
68c618ba-8d9b-4db9-b2b8-85be5daeda97	4	162722617	165499285	1377	-0.1071
68c618ba-8d9b-4db9-b2b8-85be5daeda97	4	165500815	172120708	3709	-0.0497
68c618ba-8d9b-4db9-b2b8-85be5daeda97	4	172122003	172131770	2	-2.2336
68c618ba-8d9b-4db9-b2b8-85be5daeda97	4	172132135	187842528	7875	-0.0754
68c618ba-8d9b-4db9-b2b8-85be5daeda97	5	913983	1368328	84	0.1785
68c618ba-8d9b-4db9-b2b8-85be5daeda97	5	1368704	31861897	18552	0.2992
68c618ba-8d9b-4db9-b2b8-85be5daeda97	5	31863271	62261764	14607	0.2836
68c618ba-8d9b-4db9-b2b8-85be5daeda97	5	62261866	62788369	309	0.1635
68c618ba-8d9b-4db9-b2b8-85be5daeda97	5	62788444	65564256	1161	0.3013
68c618ba-8d9b-4db9-b2b8-85be5daeda97	5	65566985	66203573	371	0.2087
68c618ba-8d9b-4db9-b2b8-85be5daeda97	5	66203670	68952796	1982	0.3068
68c618ba-8d9b-4db9-b2b8-85be5daeda97	5	68953509	71366831	220	0.1917
68c618ba-8d9b-4db9-b2b8-85be5daeda97	5	71367614	74660962	2225	0.3031
68c618ba-8d9b-4db9-b2b8-85be5daeda97	5	74664483	77054898	1328	0.2234
68c618ba-8d9b-4db9-b2b8-85be5daeda97	5	77059229	81655738	2726	0.2748
68c618ba-8d9b-4db9-b2b8-85be5daeda97	5	81657014	130889050	26778	0.3055
68c618ba-8d9b-4db9-b2b8-85be5daeda97	5	130895027	133227658	1187	0.2265
68c618ba-8d9b-4db9-b2b8-85be5daeda97	5	133230519	134032714	681	0.3104
68c618ba-8d9b-4db9-b2b8-85be5daeda97	5	134034505	135007628	482	0.165
68c618ba-8d9b-4db9-b2b8-85be5daeda97	5	135009212	137847873	1993	0.3289
68c618ba-8d9b-4db9-b2b8-85be5daeda97	5	137851644	139736267	777	0.171
68c618ba-8d9b-4db9-b2b8-85be5daeda97	5	139738444	142983612	1763	0.2394
68c618ba-8d9b-4db9-b2b8-85be5daeda97	5	142984376	145886999	1819	0.3245
68c618ba-8d9b-4db9-b2b8-85be5daeda97	5	145901246	146625774	464	0.2409
68c618ba-8d9b-4db9-b2b8-85be5daeda97	5	146628388	149874740	2215	0.3133
68c618ba-8d9b-4db9-b2b8-85be5daeda97	5	149874936	150753517	558	0.2216
68c618ba-8d9b-4db9-b2b8-85be5daeda97	5	150759994	175373943	16342	0.2963
68c618ba-8d9b-4db9-b2b8-85be5daeda97	5	175373983	180934240	2424	0.2065
68c618ba-8d9b-4db9-b2b8-85be5daeda97	6	1011760	13226612	8828	0.239
68c618ba-8d9b-4db9-b2b8-85be5daeda97	6	13228410	18284485	3364	0.1878
68c618ba-8d9b-4db9-b2b8-85be5daeda97	6	18286379	22220401	2799	0.2448
68c618ba-8d9b-4db9-b2b8-85be5daeda97	6	22220631	24170787	1487	0.2989
68c618ba-8d9b-4db9-b2b8-85be5daeda97	6	24171054	24402737	110	0.2341
68c618ba-8d9b-4db9-b2b8-85be5daeda97	6	24404106	34070375	3442	0.1753
68c618ba-8d9b-4db9-b2b8-85be5daeda97	6	34072337	36013553	868	0.107
68c618ba-8d9b-4db9-b2b8-85be5daeda97	6	36016706	37915004	1230	0.1702
68c618ba-8d9b-4db9-b2b8-85be5daeda97	6	37915752	41614452	2715	0.2348
68c618ba-8d9b-4db9-b2b8-85be5daeda97	6	41614726	44439769	1510	0.1475
68c618ba-8d9b-4db9-b2b8-85be5daeda97	6	44444875	55094832	6489	0.2469
68c618ba-8d9b-4db9-b2b8-85be5daeda97	6	55095272	56779707	1024	0.3383
68c618ba-8d9b-4db9-b2b8-85be5daeda97	6	56780103	62690648	737	0.2599
68c618ba-8d9b-4db9-b2b8-85be5daeda97	6	62700652	62815589	61	0.686
68c618ba-8d9b-4db9-b2b8-85be5daeda97	6	62821960	62947698	55	0.8661
68c618ba-8d9b-4db9-b2b8-85be5daeda97	6	62955241	63486303	303	0.1413
68c618ba-8d9b-4db9-b2b8-85be5daeda97	6	63490010	63540620	23	0.5918
68c618ba-8d9b-4db9-b2b8-85be5daeda97	6	63544998	66105901	1337	-0.6367
68c618ba-8d9b-4db9-b2b8-85be5daeda97	6	66108674	66954719	524	-3.7603
68c618ba-8d9b-4db9-b2b8-85be5daeda97	6	66956336	67068490	112	-2.0169
68c618ba-8d9b-4db9-b2b8-85be5daeda97	6	67068634	69342085	1276	-3.7123
68c618ba-8d9b-4db9-b2b8-85be5daeda97	6	69354171	76175242	3969	-0.6132
68c618ba-8d9b-4db9-b2b8-85be5daeda97	6	76177270	76251140	55	0.2669
68c618ba-8d9b-4db9-b2b8-85be5daeda97	6	76253244	77759738	859	-0.5815
68c618ba-8d9b-4db9-b2b8-85be5daeda97	6	77760416	77760416	2	-2.8301
68c618ba-8d9b-4db9-b2b8-85be5daeda97	6	77760614	79891904	1004	-0.6003
68c618ba-8d9b-4db9-b2b8-85be5daeda97	6	79893243	79895976	3	-2.5512
68c618ba-8d9b-4db9-b2b8-85be5daeda97	6	79896105	87162193	4063	-0.5766
68c618ba-8d9b-4db9-b2b8-85be5daeda97	6	87164054	111703287	13714	-0.6443
68c618ba-8d9b-4db9-b2b8-85be5daeda97	6	111705355	170596889	34821	-0.6152
68c618ba-8d9b-4db9-b2b8-85be5daeda97	7	664936	1846899	277	0.1605
68c618ba-8d9b-4db9-b2b8-85be5daeda97	7	1847089	4303443	1117	0.24
68c618ba-8d9b-4db9-b2b8-85be5daeda97	7	4307501	6737427	911	0.1459
68c618ba-8d9b-4db9-b2b8-85be5daeda97	7	6739639	22339850	8899	0.2963
68c618ba-8d9b-4db9-b2b8-85be5daeda97	7	22345683	24027808	1115	-0.6454
68c618ba-8d9b-4db9-b2b8-85be5daeda97	7	24031346	24057354	25	0.344
68c618ba-8d9b-4db9-b2b8-85be5daeda97	7	24076114	26877167	2100	-0.6328
68c618ba-8d9b-4db9-b2b8-85be5daeda97	7	26881704	27048035	75	0.1805
68c618ba-8d9b-4db9-b2b8-85be5daeda97	7	27056457	48696135	13593	-0.6284
68c618ba-8d9b-4db9-b2b8-85be5daeda97	7	48698626	49926519	849	0.2924
68c618ba-8d9b-4db9-b2b8-85be5daeda97	7	49929436	53046059	2300	-0.6438
68c618ba-8d9b-4db9-b2b8-85be5daeda97	7	53047376	55240233	1534	-0.5668
68c618ba-8d9b-4db9-b2b8-85be5daeda97	7	55241554	57185111	666	-0.6486
68c618ba-8d9b-4db9-b2b8-85be5daeda97	7	57854817	68348899	1567	0.2025
68c618ba-8d9b-4db9-b2b8-85be5daeda97	7	68349744	70978485	1594	0.2703
68c618ba-8d9b-4db9-b2b8-85be5daeda97	7	70981092	73355687	960	0.2157
68c618ba-8d9b-4db9-b2b8-85be5daeda97	7	73356523	76417007	877	0.1022
68c618ba-8d9b-4db9-b2b8-85be5daeda97	7	76420672	77803092	403	0.2242
68c618ba-8d9b-4db9-b2b8-85be5daeda97	7	77805818	84293862	4285	0.3256
68c618ba-8d9b-4db9-b2b8-85be5daeda97	7	84296521	93218653	3954	0.2803
68c618ba-8d9b-4db9-b2b8-85be5daeda97	7	93218753	96193150	1810	0.3193
68c618ba-8d9b-4db9-b2b8-85be5daeda97	7	96195423	97740244	922	0.245
68c618ba-8d9b-4db9-b2b8-85be5daeda97	7	97740260	102806782	1833	0.1424
68c618ba-8d9b-4db9-b2b8-85be5daeda97	7	102807005	103490818	298	0.2452
68c618ba-8d9b-4db9-b2b8-85be5daeda97	7	103491207	104803735	952	0.3181
68c618ba-8d9b-4db9-b2b8-85be5daeda97	7	104804248	107885748	1797	0.2346
68c618ba-8d9b-4db9-b2b8-85be5daeda97	7	107887657	127265277	10279	0.3014
68c618ba-8d9b-4db9-b2b8-85be5daeda97	7	127265408	131661514	2224	0.2209
68c618ba-8d9b-4db9-b2b8-85be5daeda97	7	131663566	137898475	3987	0.3045
68c618ba-8d9b-4db9-b2b8-85be5daeda97	7	137899799	143319344	2685	0.2245
68c618ba-8d9b-4db9-b2b8-85be5daeda97	7	143319398	148016901	2460	0.3022
68c618ba-8d9b-4db9-b2b8-85be5daeda97	7	148024499	150643123	1246	0.2163
68c618ba-8d9b-4db9-b2b8-85be5daeda97	7	150643707	150644353	2	-1.1576
68c618ba-8d9b-4db9-b2b8-85be5daeda97	7	150644630	151109519	248	0.204
68c618ba-8d9b-4db9-b2b8-85be5daeda97	7	151110132	151113090	4	-0.6618
68c618ba-8d9b-4db9-b2b8-85be5daeda97	7	151118795	152897290	870	0.2156
68c618ba-8d9b-4db9-b2b8-85be5daeda97	7	152901162	156674384	2175	0.2795
68c618ba-8d9b-4db9-b2b8-85be5daeda97	7	156676229	158592540	900	0.2236
68c618ba-8d9b-4db9-b2b8-85be5daeda97	8	667625	6968014	3241	0.2671
68c618ba-8d9b-4db9-b2b8-85be5daeda97	8	8398802	10034303	1071	0.2038
68c618ba-8d9b-4db9-b2b8-85be5daeda97	8	10035019	13152766	1317	0.2579
68c618ba-8d9b-4db9-b2b8-85be5daeda97	8	13155320	14649102	1151	0.363
68c618ba-8d9b-4db9-b2b8-85be5daeda97	8	14649295	18934764	3228	0.2996
68c618ba-8d9b-4db9-b2b8-85be5daeda97	8	18942809	19088680	147	0.358
68c618ba-8d9b-4db9-b2b8-85be5daeda97	8	19089221	20428045	1033	0.26
68c618ba-8d9b-4db9-b2b8-85be5daeda97	8	20428136	20428482	2	-0.8279
68c618ba-8d9b-4db9-b2b8-85be5daeda97	8	20428579	21652576	1102	0.2865
68c618ba-8d9b-4db9-b2b8-85be5daeda97	8	21652732	23284681	748	0.201
68c618ba-8d9b-4db9-b2b8-85be5daeda97	8	23284966	28338008	3677	0.2647
68c618ba-8d9b-4db9-b2b8-85be5daeda97	8	28339989	31078331	1585	0.1979
68c618ba-8d9b-4db9-b2b8-85be5daeda97	8	31079199	32799738	1287	0.2713
68c618ba-8d9b-4db9-b2b8-85be5daeda97	8	32799908	33928827	573	0.1978
68c618ba-8d9b-4db9-b2b8-85be5daeda97	8	33932729	35041972	620	0.2764
68c618ba-8d9b-4db9-b2b8-85be5daeda97	8	35042303	35042496	2	-0.6641
68c618ba-8d9b-4db9-b2b8-85be5daeda97	8	35043783	37673558	1331	0.2911
68c618ba-8d9b-4db9-b2b8-85be5daeda97	8	37674528	38619414	378	0.1769
68c618ba-8d9b-4db9-b2b8-85be5daeda97	8	38622175	42022443	2002	0.2809
68c618ba-8d9b-4db9-b2b8-85be5daeda97	8	42023051	43080575	581	0.1824
68c618ba-8d9b-4db9-b2b8-85be5daeda97	8	46547532	113240725	37478	-0.6184
68c618ba-8d9b-4db9-b2b8-85be5daeda97	8	113243253	113248745	5	-3.128
68c618ba-8d9b-4db9-b2b8-85be5daeda97	8	113251670	123052311	6143	-0.5996
68c618ba-8d9b-4db9-b2b8-85be5daeda97	8	123053256	125799986	1830	-0.6665
68c618ba-8d9b-4db9-b2b8-85be5daeda97	8	125800856	129767448	2813	-0.6104
68c618ba-8d9b-4db9-b2b8-85be5daeda97	8	129772486	129772611	4	-3.0099
68c618ba-8d9b-4db9-b2b8-85be5daeda97	8	129774491	142962439	8261	-0.613
68c618ba-8d9b-4db9-b2b8-85be5daeda97	8	142968626	144182542	306	0.1803
68c618ba-8d9b-4db9-b2b8-85be5daeda97	9	789794	8223541	4538	0.1972
68c618ba-8d9b-4db9-b2b8-85be5daeda97	9	8223727	10166807	1237	0.2369
68c618ba-8d9b-4db9-b2b8-85be5daeda97	9	10169860	14878096	2413	0.274
68c618ba-8d9b-4db9-b2b8-85be5daeda97	9	14879270	15685440	537	0.191
68c618ba-8d9b-4db9-b2b8-85be5daeda97	9	15688449	18795306	2573	0.2812
68c618ba-8d9b-4db9-b2b8-85be5daeda97	9	18795869	19046192	269	0.2237
68c618ba-8d9b-4db9-b2b8-85be5daeda97	9	19047174	19445097	268	0.1257
68c618ba-8d9b-4db9-b2b8-85be5daeda97	9	19445208	32466554	7912	0.235
68c618ba-8d9b-4db9-b2b8-85be5daeda97	9	32467131	38752071	3834	0.1542
68c618ba-8d9b-4db9-b2b8-85be5daeda97	9	68423153	69118752	621	0.7687
68c618ba-8d9b-4db9-b2b8-85be5daeda97	9	69125255	69127809	3	-0.4296
68c618ba-8d9b-4db9-b2b8-85be5daeda97	9	69131137	87878645	13065	0.8008
68c618ba-8d9b-4db9-b2b8-85be5daeda97	9	87878958	98473218	6582	0.7451
68c618ba-8d9b-4db9-b2b8-85be5daeda97	9	98473850	104836459	3814	0.8151
68c618ba-8d9b-4db9-b2b8-85be5daeda97	9	104836603	105231360	357	0.7271
68c618ba-8d9b-4db9-b2b8-85be5daeda97	9	105231513	105234262	7	0.0901
68c618ba-8d9b-4db9-b2b8-85be5daeda97	9	105234629	105243333	10	0.6551
68c618ba-8d9b-4db9-b2b8-85be5daeda97	9	105256316	107239777	1210	0.8301
68c618ba-8d9b-4db9-b2b8-85be5daeda97	9	107240169	107735992	389	0.7149
68c618ba-8d9b-4db9-b2b8-85be5daeda97	9	107738121	111786171	3183	0.8207
68c618ba-8d9b-4db9-b2b8-85be5daeda97	9	111786572	112984697	658	0.7006
68c618ba-8d9b-4db9-b2b8-85be5daeda97	9	112984747	113734904	430	0.7685
68c618ba-8d9b-4db9-b2b8-85be5daeda97	9	113736747	114249071	376	0.8491
68c618ba-8d9b-4db9-b2b8-85be5daeda97	9	114249315	114739498	370	0.738
68c618ba-8d9b-4db9-b2b8-85be5daeda97	9	114739962	119960145	3983	0.8332
68c618ba-8d9b-4db9-b2b8-85be5daeda97	9	119960562	122798001	1859	0.7715
68c618ba-8d9b-4db9-b2b8-85be5daeda97	9	122801812	126907749	2410	0.7098
68c618ba-8d9b-4db9-b2b8-85be5daeda97	9	126917674	138044505	5516	-0.6795
68c618ba-8d9b-4db9-b2b8-85be5daeda97	10	366509	377446	4	-0.0695
68c618ba-8d9b-4db9-b2b8-85be5daeda97	10	377731	5752205	3455	0.2836
68c618ba-8d9b-4db9-b2b8-85be5daeda97	10	5752412	8231798	1969	0.2048
68c618ba-8d9b-4db9-b2b8-85be5daeda97	10	8235465	21191741	9837	0.2501
68c618ba-8d9b-4db9-b2b8-85be5daeda97	10	21194037	23557060	1262	0.2048
68c618ba-8d9b-4db9-b2b8-85be5daeda97	10	23557698	26308804	1853	0.2995
68c618ba-8d9b-4db9-b2b8-85be5daeda97	10	26309353	28863874	1582	0.1977
68c618ba-8d9b-4db9-b2b8-85be5daeda97	10	28864683	37290189	5618	0.2529
68c618ba-8d9b-4db9-b2b8-85be5daeda97	10	37290642	38770921	666	0.1876
68c618ba-8d9b-4db9-b2b8-85be5daeda97	10	42450960	44479971	1407	-0.5838
68c618ba-8d9b-4db9-b2b8-85be5daeda97	10	44492473	44496836	6	0.2685
68c618ba-8d9b-4db9-b2b8-85be5daeda97	10	44502053	44586244	86	-0.6398
68c618ba-8d9b-4db9-b2b8-85be5daeda97	10	44586704	46041001	510	0.2237
68c618ba-8d9b-4db9-b2b8-85be5daeda97	10	47084490	55650574	4507	-0.608
68c618ba-8d9b-4db9-b2b8-85be5daeda97	10	55650681	55653675	4	-3.3012
68c618ba-8d9b-4db9-b2b8-85be5daeda97	10	55653768	82695228	16273	-0.6245
68c618ba-8d9b-4db9-b2b8-85be5daeda97	10	82695296	82699793	3	-4.3448
68c618ba-8d9b-4db9-b2b8-85be5daeda97	10	82701316	84822690	1572	-0.6292
68c618ba-8d9b-4db9-b2b8-85be5daeda97	10	84828122	96412257	6997	0.2793
68c618ba-8d9b-4db9-b2b8-85be5daeda97	10	96414234	97162323	505	0.2098
68c618ba-8d9b-4db9-b2b8-85be5daeda97	10	97169881	97169952	3	1.0473
68c618ba-8d9b-4db9-b2b8-85be5daeda97	10	97170118	97803559	349	0.1659
68c618ba-8d9b-4db9-b2b8-85be5daeda97	10	97804061	99725290	1196	0.2747
68c618ba-8d9b-4db9-b2b8-85be5daeda97	10	99725334	103634538	1848	0.175
68c618ba-8d9b-4db9-b2b8-85be5daeda97	10	103638681	109793978	4103	0.2894
68c618ba-8d9b-4db9-b2b8-85be5daeda97	10	109794819	110709901	539	0.2181
68c618ba-8d9b-4db9-b2b8-85be5daeda97	10	110710041	118836307	5688	0.2988
68c618ba-8d9b-4db9-b2b8-85be5daeda97	10	118836909	119984354	675	0.1912
68c618ba-8d9b-4db9-b2b8-85be5daeda97	10	119984936	125635925	4246	0.2703
68c618ba-8d9b-4db9-b2b8-85be5daeda97	10	125640422	131244129	3797	0.3088
68c618ba-8d9b-4db9-b2b8-85be5daeda97	10	131244336	133411599	573	0.207
68c618ba-8d9b-4db9-b2b8-85be5daeda97	11	456012	40031998	24956	-0.6017
68c618ba-8d9b-4db9-b2b8-85be5daeda97	11	40034997	40062480	23	0.2342
68c618ba-8d9b-4db9-b2b8-85be5daeda97	11	40064399	42110349	1410	-0.6098
68c618ba-8d9b-4db9-b2b8-85be5daeda97	11	42117753	45093871	2119	0.2957
68c618ba-8d9b-4db9-b2b8-85be5daeda97	11	45094015	45157308	41	0.1427
68c618ba-8d9b-4db9-b2b8-85be5daeda97	11	45157566	46458838	719	0.2582
68c618ba-8d9b-4db9-b2b8-85be5daeda97	11	46459936	48115438	676	0.1507
68c618ba-8d9b-4db9-b2b8-85be5daeda97	11	48116503	59403530	2339	0.2824
68c618ba-8d9b-4db9-b2b8-85be5daeda97	11	59408469	62389946	1653	0.2255
68c618ba-8d9b-4db9-b2b8-85be5daeda97	11	62390156	68320527	1831	0.1649
68c618ba-8d9b-4db9-b2b8-85be5daeda97	11	68321363	78634295	5364	0.2254
68c618ba-8d9b-4db9-b2b8-85be5daeda97	11	78637616	107768035	18323	0.3215
68c618ba-8d9b-4db9-b2b8-85be5daeda97	11	107773570	108832979	412	0.2149
68c618ba-8d9b-4db9-b2b8-85be5daeda97	11	108844212	116763841	5481	0.3142
68c618ba-8d9b-4db9-b2b8-85be5daeda97	11	116767269	117407262	364	0.1922
68c618ba-8d9b-4db9-b2b8-85be5daeda97	11	117412084	118172259	609	0.2643
68c618ba-8d9b-4db9-b2b8-85be5daeda97	11	118172585	119433711	745	0.1748
68c618ba-8d9b-4db9-b2b8-85be5daeda97	11	119434901	122388266	2135	0.311
68c618ba-8d9b-4db9-b2b8-85be5daeda97	11	122388637	123770562	1037	0.2453
68c618ba-8d9b-4db9-b2b8-85be5daeda97	11	123771336	124024922	185	0.302
68c618ba-8d9b-4db9-b2b8-85be5daeda97	11	124025056	124025403	2	-1.1815
68c618ba-8d9b-4db9-b2b8-85be5daeda97	11	124026548	126371465	1586	0.2972
68c618ba-8d9b-4db9-b2b8-85be5daeda97	11	126371801	127943205	1189	0.3561
68c618ba-8d9b-4db9-b2b8-85be5daeda97	11	127945512	130468231	1819	0.2888
68c618ba-8d9b-4db9-b2b8-85be5daeda97	11	130468268	132831454	1798	0.3604
68c618ba-8d9b-4db9-b2b8-85be5daeda97	11	132832065	132894626	54	0.2953
68c618ba-8d9b-4db9-b2b8-85be5daeda97	11	132894866	132896674	2	-0.7613
68c618ba-8d9b-4db9-b2b8-85be5daeda97	11	132897379	134272740	523	0.304
68c618ba-8d9b-4db9-b2b8-85be5daeda97	12	780472	33368216	19583	-0.6377
68c618ba-8d9b-4db9-b2b8-85be5daeda97	12	38827290	45011257	3401	0.2804
68c618ba-8d9b-4db9-b2b8-85be5daeda97	12	45017163	48679148	2122	0.2251
68c618ba-8d9b-4db9-b2b8-85be5daeda97	12	48679373	51633081	1362	0.1424
68c618ba-8d9b-4db9-b2b8-85be5daeda97	12	51633420	52901767	810	0.2688
68c618ba-8d9b-4db9-b2b8-85be5daeda97	12	52906978	53708664	326	0.1357
68c618ba-8d9b-4db9-b2b8-85be5daeda97	12	53709000	55731720	1164	0.2337
68c618ba-8d9b-4db9-b2b8-85be5daeda97	12	55732587	57713053	877	0.1251
68c618ba-8d9b-4db9-b2b8-85be5daeda97	12	57714586	57851618	68	0.2112
68c618ba-8d9b-4db9-b2b8-85be5daeda97	12	57857874	64530031	4043	0.2951
68c618ba-8d9b-4db9-b2b8-85be5daeda97	12	64530692	64836625	193	0.1549
68c618ba-8d9b-4db9-b2b8-85be5daeda97	12	64838919	71097725	4279	0.2778
68c618ba-8d9b-4db9-b2b8-85be5daeda97	12	71105261	71116475	12	0.7875
68c618ba-8d9b-4db9-b2b8-85be5daeda97	12	71127747	79269053	4866	0.3027
68c618ba-8d9b-4db9-b2b8-85be5daeda97	12	79270948	84248649	2939	0.259
68c618ba-8d9b-4db9-b2b8-85be5daeda97	12	84249350	88399865	2194	0.3053
68c618ba-8d9b-4db9-b2b8-85be5daeda97	12	88400548	88400682	2	-1.1433
68c618ba-8d9b-4db9-b2b8-85be5daeda97	12	88400810	90198467	1036	0.292
68c618ba-8d9b-4db9-b2b8-85be5daeda97	12	90199042	90203386	3	1.2397
68c618ba-8d9b-4db9-b2b8-85be5daeda97	12	90204420	91956126	1150	0.3061
68c618ba-8d9b-4db9-b2b8-85be5daeda97	12	91959748	96520835	3076	0.2243
68c618ba-8d9b-4db9-b2b8-85be5daeda97	12	96520859	97306115	548	0.3096
68c618ba-8d9b-4db9-b2b8-85be5daeda97	12	97306360	105393922	5193	0.2589
68c618ba-8d9b-4db9-b2b8-85be5daeda97	12	105394310	106320462	792	0.3118
68c618ba-8d9b-4db9-b2b8-85be5daeda97	12	106322271	108585173	1457	0.243
68c618ba-8d9b-4db9-b2b8-85be5daeda97	12	108585414	112740601	2018	0.152
68c618ba-8d9b-4db9-b2b8-85be5daeda97	12	112741173	113657755	559	0.2009
68c618ba-8d9b-4db9-b2b8-85be5daeda97	12	113657905	116073581	1691	0.2699
68c618ba-8d9b-4db9-b2b8-85be5daeda97	12	116075669	120204022	2603	0.2192
68c618ba-8d9b-4db9-b2b8-85be5daeda97	12	120211847	123617434	1484	0.1068
68c618ba-8d9b-4db9-b2b8-85be5daeda97	12	123617834	132605822	4324	0.261
68c618ba-8d9b-4db9-b2b8-85be5daeda97	13	18874255	23407136	2330	-0.6155
68c618ba-8d9b-4db9-b2b8-85be5daeda97	13	23407835	30959028	4946	-0.6637
68c618ba-8d9b-4db9-b2b8-85be5daeda97	13	30959304	114226675	49385	-0.6017
68c618ba-8d9b-4db9-b2b8-85be5daeda97	14	20033191	21223318	701	0.2142
68c618ba-8d9b-4db9-b2b8-85be5daeda97	14	21223782	23081678	323	0.107
68c618ba-8d9b-4db9-b2b8-85be5daeda97	14	23082045	24915552	1023	0.225
68c618ba-8d9b-4db9-b2b8-85be5daeda97	14	24919727	24928775	9	-0.6179
68c618ba-8d9b-4db9-b2b8-85be5daeda97	14	24929070	30695798	3264	0.5921
68c618ba-8d9b-4db9-b2b8-85be5daeda97	14	30696434	31861054	581	0.4868
68c618ba-8d9b-4db9-b2b8-85be5daeda97	14	31862660	34378023	2011	0.5875
68c618ba-8d9b-4db9-b2b8-85be5daeda97	14	34380714	35406411	385	0.455
68c618ba-8d9b-4db9-b2b8-85be5daeda97	14	35409053	38863301	2077	0.5719
68c618ba-8d9b-4db9-b2b8-85be5daeda97	14	38865374	39391012	286	0.4637
68c618ba-8d9b-4db9-b2b8-85be5daeda97	14	39391326	49645994	4611	0.5857
68c618ba-8d9b-4db9-b2b8-85be5daeda97	14	49646440	50433218	410	0.4758
68c618ba-8d9b-4db9-b2b8-85be5daeda97	14	50437916	63470992	8430	0.569
68c618ba-8d9b-4db9-b2b8-85be5daeda97	14	63471114	64462940	637	0.4581
68c618ba-8d9b-4db9-b2b8-85be5daeda97	14	64478371	72890546	5069	0.5263
68c618ba-8d9b-4db9-b2b8-85be5daeda97	14	72892029	73027907	103	0.4514
68c618ba-8d9b-4db9-b2b8-85be5daeda97	14	73029321	73084986	23	0.2674
68c618ba-8d9b-4db9-b2b8-85be5daeda97	14	73095282	73164900	26	-0.7966
68c618ba-8d9b-4db9-b2b8-85be5daeda97	14	73169941	73523917	184	0.4794
68c618ba-8d9b-4db9-b2b8-85be5daeda97	14	73599605	73600108	4	-0.6645
68c618ba-8d9b-4db9-b2b8-85be5daeda97	14	73603136	73631753	21	0.5285
68c618ba-8d9b-4db9-b2b8-85be5daeda97	14	73634719	73711939	45	-0.731
68c618ba-8d9b-4db9-b2b8-85be5daeda97	14	73724417	73835365	52	0.1065
68c618ba-8d9b-4db9-b2b8-85be5daeda97	14	73840543	73898203	29	-0.7291
68c618ba-8d9b-4db9-b2b8-85be5daeda97	14	73898592	74538144	352	0.4322
68c618ba-8d9b-4db9-b2b8-85be5daeda97	14	74538445	78183578	2388	0.735
68c618ba-8d9b-4db9-b2b8-85be5daeda97	14	78184303	88138171	6413	0.8446
68c618ba-8d9b-4db9-b2b8-85be5daeda97	14	88138407	93357089	3044	0.7186
68c618ba-8d9b-4db9-b2b8-85be5daeda97	14	93364740	101549944	5776	0.7735
68c618ba-8d9b-4db9-b2b8-85be5daeda97	14	101555070	105275018	1412	0.6876
68c618ba-8d9b-4db9-b2b8-85be5daeda97	14	105275322	105533894	72	0.6009
68c618ba-8d9b-4db9-b2b8-85be5daeda97	15	23437561	27743786	2643	0.5242
68c618ba-8d9b-4db9-b2b8-85be5daeda97	15	27745846	32894690	874	0.4641
68c618ba-8d9b-4db9-b2b8-85be5daeda97	15	32895166	33674461	689	0.5302
68c618ba-8d9b-4db9-b2b8-85be5daeda97	15	33677281	35051248	771	0.4594
68c618ba-8d9b-4db9-b2b8-85be5daeda97	15	35051611	40065585	3440	0.5363
68c618ba-8d9b-4db9-b2b8-85be5daeda97	15	40068540	45531961	2375	0.4145
68c618ba-8d9b-4db9-b2b8-85be5daeda97	15	45539959	50093331	2903	0.5481
68c618ba-8d9b-4db9-b2b8-85be5daeda97	15	50093479	50995937	467	0.4378
68c618ba-8d9b-4db9-b2b8-85be5daeda97	15	50996454	51687940	432	0.5332
68c618ba-8d9b-4db9-b2b8-85be5daeda97	15	51688624	52653616	583	0.4546
68c618ba-8d9b-4db9-b2b8-85be5daeda97	15	52654524	54847179	1664	0.5354
68c618ba-8d9b-4db9-b2b8-85be5daeda97	15	54847224	57045166	1198	0.4613
68c618ba-8d9b-4db9-b2b8-85be5daeda97	15	57050982	58753964	1173	0.54
68c618ba-8d9b-4db9-b2b8-85be5daeda97	15	58755064	60564412	1213	0.4553
68c618ba-8d9b-4db9-b2b8-85be5daeda97	15	60564497	63124503	2146	0.5262
68c618ba-8d9b-4db9-b2b8-85be5daeda97	15	63126955	66709341	1892	0.4195
68c618ba-8d9b-4db9-b2b8-85be5daeda97	15	66709372	71947760	3420	0.4839
68c618ba-8d9b-4db9-b2b8-85be5daeda97	15	71956081	79064501	3409	0.4381
68c618ba-8d9b-4db9-b2b8-85be5daeda97	15	79064521	88792370	5765	0.4959
68c618ba-8d9b-4db9-b2b8-85be5daeda97	15	88793296	91366695	1508	0.4318
68c618ba-8d9b-4db9-b2b8-85be5daeda97	15	91367856	101344124	6198	0.5267
68c618ba-8d9b-4db9-b2b8-85be5daeda97	16	603333	1344506	121	0.1944
68c618ba-8d9b-4db9-b2b8-85be5daeda97	16	1352873	5079160	1577	0.1296
68c618ba-8d9b-4db9-b2b8-85be5daeda97	16	5083089	6583259	1092	0.2555
68c618ba-8d9b-4db9-b2b8-85be5daeda97	16	7081613	7787451	519	-0.6774
68c618ba-8d9b-4db9-b2b8-85be5daeda97	16	7995410	8719497	590	0.2249
68c618ba-8d9b-4db9-b2b8-85be5daeda97	16	8721143	9623551	573	0.7412
68c618ba-8d9b-4db9-b2b8-85be5daeda97	16	9625395	9626101	2	0.1723
68c618ba-8d9b-4db9-b2b8-85be5daeda97	16	9626489	10754738	985	-0.6571
68c618ba-8d9b-4db9-b2b8-85be5daeda97	16	10755095	31193030	8220	-0.6945
68c618ba-8d9b-4db9-b2b8-85be5daeda97	16	31194083	80616908	21989	-0.6364
68c618ba-8d9b-4db9-b2b8-85be5daeda97	16	80617212	80618349	4	-3.4165
68c618ba-8d9b-4db9-b2b8-85be5daeda97	16	80621662	89317317	5314	-0.6492
68c618ba-8d9b-4db9-b2b8-85be5daeda97	17	1074619	1106131	11	1.0602
68c618ba-8d9b-4db9-b2b8-85be5daeda97	17	1106173	2048845	296	0.5992
68c618ba-8d9b-4db9-b2b8-85be5daeda97	17	2062248	2995998	502	0.9605
68c618ba-8d9b-4db9-b2b8-85be5daeda97	17	3095770	4500902	715	0.6496
68c618ba-8d9b-4db9-b2b8-85be5daeda97	17	4500964	6715002	1290	1.0521
68c618ba-8d9b-4db9-b2b8-85be5daeda97	17	6717493	7282939	219	-0.7472
68c618ba-8d9b-4db9-b2b8-85be5daeda97	17	7290129	7313444	15	0.0522
68c618ba-8d9b-4db9-b2b8-85be5daeda97	17	7313748	7624911	131	-0.7712
68c618ba-8d9b-4db9-b2b8-85be5daeda97	17	7631086	7639341	5	-1.6904
68c618ba-8d9b-4db9-b2b8-85be5daeda97	17	7643486	7753007	39	-3.5351
68c618ba-8d9b-4db9-b2b8-85be5daeda97	17	7758490	7770287	8	-0.0136
68c618ba-8d9b-4db9-b2b8-85be5daeda97	17	7772155	9659229	1113	0.6642
68c618ba-8d9b-4db9-b2b8-85be5daeda97	17	9659563	12025187	1662	1.1169
68c618ba-8d9b-4db9-b2b8-85be5daeda97	17	12027664	14191382	1514	0.7868
68c618ba-8d9b-4db9-b2b8-85be5daeda97	17	14194960	16718504	442	1.0144
68c618ba-8d9b-4db9-b2b8-85be5daeda97	17	16880332	17224516	209	0.7171
68c618ba-8d9b-4db9-b2b8-85be5daeda97	17	17225199	17875937	361	1.0472
68c618ba-8d9b-4db9-b2b8-85be5daeda97	17	17879090	18221955	201	0.6216
68c618ba-8d9b-4db9-b2b8-85be5daeda97	17	18231613	18891419	151	1.0128
68c618ba-8d9b-4db9-b2b8-85be5daeda97	17	18891725	19361419	107	0.6534
68c618ba-8d9b-4db9-b2b8-85be5daeda97	17	19362283	20387400	418	1.0466
68c618ba-8d9b-4db9-b2b8-85be5daeda97	17	20389632	21774057	322	0.686
68c618ba-8d9b-4db9-b2b8-85be5daeda97	17	26943491	30098734	1403	0.1636
68c618ba-8d9b-4db9-b2b8-85be5daeda97	17	30101221	31886343	748	-0.7252
68c618ba-8d9b-4db9-b2b8-85be5daeda97	17	31892481	32999549	568	1.0429
68c618ba-8d9b-4db9-b2b8-85be5daeda97	17	33001794	33192211	197	0.7279
68c618ba-8d9b-4db9-b2b8-85be5daeda97	17	33194002	33299837	96	1.1149
68c618ba-8d9b-4db9-b2b8-85be5daeda97	17	33299894	33301345	2	2.2892
68c618ba-8d9b-4db9-b2b8-85be5daeda97	17	33302953	33605827	309	1.1266
68c618ba-8d9b-4db9-b2b8-85be5daeda97	17	33608803	36067159	849	0.694
68c618ba-8d9b-4db9-b2b8-85be5daeda97	17	36567187	36588163	12	-0.7052
68c618ba-8d9b-4db9-b2b8-85be5daeda97	17	36589891	36601152	7	0.0608
68c618ba-8d9b-4db9-b2b8-85be5daeda97	17	36602917	36611432	9	-0.7101
68c618ba-8d9b-4db9-b2b8-85be5daeda97	17	36612590	38764564	968	0.1532
68c618ba-8d9b-4db9-b2b8-85be5daeda97	17	38765595	38825619	47	0.6396
68c618ba-8d9b-4db9-b2b8-85be5daeda97	17	38827709	40579450	775	0.1016
68c618ba-8d9b-4db9-b2b8-85be5daeda97	17	40579979	41632423	593	0.2067
68c618ba-8d9b-4db9-b2b8-85be5daeda97	17	41632460	50539970	3636	0.1229
68c618ba-8d9b-4db9-b2b8-85be5daeda97	17	50544613	51638006	414	0.1935
68c618ba-8d9b-4db9-b2b8-85be5daeda97	17	51638201	56565993	3239	0.2811
68c618ba-8d9b-4db9-b2b8-85be5daeda97	17	56568041	58423257	1315	0.1969
68c618ba-8d9b-4db9-b2b8-85be5daeda97	17	58424916	59950337	642	0.0948
68c618ba-8d9b-4db9-b2b8-85be5daeda97	17	59961532	68629521	4422	0.1846
68c618ba-8d9b-4db9-b2b8-85be5daeda97	17	68632456	72869086	3151	0.2589
68c618ba-8d9b-4db9-b2b8-85be5daeda97	17	72869900	73376783	346	0.1582
68c618ba-8d9b-4db9-b2b8-85be5daeda97	17	73379808	73820787	331	0.2475
68c618ba-8d9b-4db9-b2b8-85be5daeda97	17	73829384	78949566	1879	0.1234
68c618ba-8d9b-4db9-b2b8-85be5daeda97	17	78949634	81204841	1001	0.1973
68c618ba-8d9b-4db9-b2b8-85be5daeda97	17	81204855	82959812	554	0.1196
68c618ba-8d9b-4db9-b2b8-85be5daeda97	18	326691	4517485	2105	-0.6214
68c618ba-8d9b-4db9-b2b8-85be5daeda97	18	4518630	4519700	2	-3.0423
68c618ba-8d9b-4db9-b2b8-85be5daeda97	18	4520541	79349796	40590	-0.6048
68c618ba-8d9b-4db9-b2b8-85be5daeda97	19	283868	3103129	665	0.0938
68c618ba-8d9b-4db9-b2b8-85be5daeda97	19	3104654	19765106	7026	0.3527
68c618ba-8d9b-4db9-b2b8-85be5daeda97	19	19767516	23473092	1095	0.4248
68c618ba-8d9b-4db9-b2b8-85be5daeda97	19	23473618	23771402	178	0.3589
68c618ba-8d9b-4db9-b2b8-85be5daeda97	19	23774271	32574359	3640	0.4985
68c618ba-8d9b-4db9-b2b8-85be5daeda97	19	32575654	35179354	1620	0.4255
68c618ba-8d9b-4db9-b2b8-85be5daeda97	19	35179422	43782702	3700	0.3615
68c618ba-8d9b-4db9-b2b8-85be5daeda97	19	43786274	44548770	516	0.4625
68c618ba-8d9b-4db9-b2b8-85be5daeda97	19	44548925	51054145	2531	0.3721
68c618ba-8d9b-4db9-b2b8-85be5daeda97	19	51054496	52696373	782	0.4267
68c618ba-8d9b-4db9-b2b8-85be5daeda97	19	52696849	58370362	2389	0.0906
68c618ba-8d9b-4db9-b2b8-85be5daeda97	20	472817	26217295	16864	-0.6286
68c618ba-8d9b-4db9-b2b8-85be5daeda97	20	31247668	37832540	3247	0.1519
68c618ba-8d9b-4db9-b2b8-85be5daeda97	20	37833166	37852641	26	-0.8378
68c618ba-8d9b-4db9-b2b8-85be5daeda97	20	37852697	37892949	36	0.1508
68c618ba-8d9b-4db9-b2b8-85be5daeda97	20	37893167	43329494	3700	0.2753
68c618ba-8d9b-4db9-b2b8-85be5daeda97	20	43332844	47111298	2484	0.2154
68c618ba-8d9b-4db9-b2b8-85be5daeda97	20	47113637	47615095	277	0.1147
68c618ba-8d9b-4db9-b2b8-85be5daeda97	20	47616516	48877399	936	0.2533
68c618ba-8d9b-4db9-b2b8-85be5daeda97	20	48878894	50940341	1127	0.1548
68c618ba-8d9b-4db9-b2b8-85be5daeda97	20	50942218	52202372	883	0.2045
68c618ba-8d9b-4db9-b2b8-85be5daeda97	20	52204436	53411777	871	0.2909
68c618ba-8d9b-4db9-b2b8-85be5daeda97	20	53414035	53885573	238	0.1202
68c618ba-8d9b-4db9-b2b8-85be5daeda97	20	53889922	55806204	1517	0.3048
68c618ba-8d9b-4db9-b2b8-85be5daeda97	20	55806510	62775532	4986	0.2577
68c618ba-8d9b-4db9-b2b8-85be5daeda97	20	62775696	63588502	242	0.1735
68c618ba-8d9b-4db9-b2b8-85be5daeda97	21	13974127	14998554	652	0.2267
68c618ba-8d9b-4db9-b2b8-85be5daeda97	21	14999659	17268095	1363	0.2826
68c618ba-8d9b-4db9-b2b8-85be5daeda97	21	17268739	18100612	515	0.1878
68c618ba-8d9b-4db9-b2b8-85be5daeda97	21	18103371	24394114	3867	0.2681
68c618ba-8d9b-4db9-b2b8-85be5daeda97	21	24397872	24402330	5	-0.6303
68c618ba-8d9b-4db9-b2b8-85be5daeda97	21	24409256	30664662	4369	0.2798
68c618ba-8d9b-4db9-b2b8-85be5daeda97	21	30666605	34953566	2637	0.2047
68c618ba-8d9b-4db9-b2b8-85be5daeda97	21	34954393	35940623	772	0.2762
68c618ba-8d9b-4db9-b2b8-85be5daeda97	21	35940625	37609413	948	0.1924
68c618ba-8d9b-4db9-b2b8-85be5daeda97	21	37610134	41373651	3060	0.2644
68c618ba-8d9b-4db9-b2b8-85be5daeda97	21	41374363	46262057	2393	0.2027
68c618ba-8d9b-4db9-b2b8-85be5daeda97	22	16934932	17125313	120	0.1802
68c618ba-8d9b-4db9-b2b8-85be5daeda97	22	17126750	25114418	1478	0.0993
68c618ba-8d9b-4db9-b2b8-85be5daeda97	22	25114492	28673885	2702	0.1782
68c618ba-8d9b-4db9-b2b8-85be5daeda97	22	28680160	32027443	1832	0.0707
68c618ba-8d9b-4db9-b2b8-85be5daeda97	22	32033883	35373874	2892	0.1781
68c618ba-8d9b-4db9-b2b8-85be5daeda97	22	35375116	37035546	847	0.1023
68c618ba-8d9b-4db9-b2b8-85be5daeda97	22	37036271	37447813	236	0.1569
68c618ba-8d9b-4db9-b2b8-85be5daeda97	22	37448280	42775258	2457	0.0427
68c618ba-8d9b-4db9-b2b8-85be5daeda97	22	42776302	46734691	2709	0.1228
68c618ba-8d9b-4db9-b2b8-85be5daeda97	22	46735500	48940621	1799	0.1872
68c618ba-8d9b-4db9-b2b8-85be5daeda97	X	3236359	9104676	1090	0.3915
68c618ba-8d9b-4db9-b2b8-85be5daeda97	X	9105745	10510275	698	0.305
68c618ba-8d9b-4db9-b2b8-85be5daeda97	X	10510499	15626097	2959	0.4128
68c618ba-8d9b-4db9-b2b8-85be5daeda97	X	15626114	15813442	123	0.169
68c618ba-8d9b-4db9-b2b8-85be5daeda97	X	15814951	23559667	3542	0.3833
68c618ba-8d9b-4db9-b2b8-85be5daeda97	X	23559683	24263783	442	0.2655
68c618ba-8d9b-4db9-b2b8-85be5daeda97	X	24263888	38473895	6646	0.3916
68c618ba-8d9b-4db9-b2b8-85be5daeda97	X	38474515	47886951	4489	0.3265
68c618ba-8d9b-4db9-b2b8-85be5daeda97	X	47893629	49610995	445	0.2101
68c618ba-8d9b-4db9-b2b8-85be5daeda97	X	49617003	49846401	118	0.3077
68c618ba-8d9b-4db9-b2b8-85be5daeda97	X	49846512	51917243	972	0.3971
68c618ba-8d9b-4db9-b2b8-85be5daeda97	X	51917528	56955698	1657	0.3063
68c618ba-8d9b-4db9-b2b8-85be5daeda97	X	56963534	57011249	27	0.8166
68c618ba-8d9b-4db9-b2b8-85be5daeda97	X	57019280	57935645	382	0.3258
68c618ba-8d9b-4db9-b2b8-85be5daeda97	X	57937702	79363344	5892	-0.2273
68c618ba-8d9b-4db9-b2b8-85be5daeda97	X	79363552	118805637	17106	-0.1795
68c618ba-8d9b-4db9-b2b8-85be5daeda97	X	118807153	119942549	581	-0.2933
68c618ba-8d9b-4db9-b2b8-85be5daeda97	X	119944955	123681400	1848	-0.1959
68c618ba-8d9b-4db9-b2b8-85be5daeda97	X	123681591	124012551	163	-0.3555
68c618ba-8d9b-4db9-b2b8-85be5daeda97	X	124013534	152408798	13496	-0.1794
68c618ba-8d9b-4db9-b2b8-85be5daeda97	X	152410451	155677414	455	-0.2629
