GDC_Aliquot	Chromosome	Start	End	Num_Probes	Segment_Mean
d9311e31-5c4d-4dfb-a4f0-b1472109b19b	1	3301765	206156036	102859	0.0001
d9311e31-5c4d-4dfb-a4f0-b1472109b19b	1	206157841	206165498	3	-1.2454
d9311e31-5c4d-4dfb-a4f0-b1472109b19b	1	206166649	247650984	26942	-0.0008
d9311e31-5c4d-4dfb-a4f0-b1472109b19b	2	480597	81763788	47713	0.0071
d9311e31-5c4d-4dfb-a4f0-b1472109b19b	2	81764344	81764462	2	-1.3188
d9311e31-5c4d-4dfb-a4f0-b1472109b19b	2	81764937	241537572	84549	0.0059
d9311e31-5c4d-4dfb-a4f0-b1472109b19b	3	2170634	174950952	95428	0.0024
d9311e31-5c4d-4dfb-a4f0-b1472109b19b	3	174951217	174951976	3	-1.2657
d9311e31-5c4d-4dfb-a4f0-b1472109b19b	3	174958616	197812401	11789	0.0003
d9311e31-5c4d-4dfb-a4f0-b1472109b19b	4	1059384	112120533	62516	-0.0006
d9311e31-5c4d-4dfb-a4f0-b1472109b19b	4	112124421	112129953	7	-0.9217
d9311e31-5c4d-4dfb-a4f0-b1472109b19b	4	112133919	187842528	41018	0.0007
d9311e31-5c4d-4dfb-a4f0-b1472109b19b	5	913983	11628397	7759	0.0018
d9311e31-5c4d-4dfb-a4f0-b1472109b19b	5	11629224	11629887	2	-1.2987
d9311e31-5c4d-4dfb-a4f0-b1472109b19b	5	11632054	22656418	5543	0.0009
d9311e31-5c4d-4dfb-a4f0-b1472109b19b	5	22660274	22660322	2	-1.1801
d9311e31-5c4d-4dfb-a4f0-b1472109b19b	5	22660440	42631162	11606	-0.0001
d9311e31-5c4d-4dfb-a4f0-b1472109b19b	5	42631368	42632711	3	-1.1187
d9311e31-5c4d-4dfb-a4f0-b1472109b19b	5	42635052	180934240	76249	0.0003
d9311e31-5c4d-4dfb-a4f0-b1472109b19b	6	1011760	33115107	19530	0.0018
d9311e31-5c4d-4dfb-a4f0-b1472109b19b	6	33115121	33115708	2	1.2046
d9311e31-5c4d-4dfb-a4f0-b1472109b19b	6	33116894	170596889	77675	-0.0009
d9311e31-5c4d-4dfb-a4f0-b1472109b19b	7	664936	158592540	81968	-0.0009
d9311e31-5c4d-4dfb-a4f0-b1472109b19b	8	667625	26476262	15275	0
d9311e31-5c4d-4dfb-a4f0-b1472109b19b	8	26476744	26483317	13	0.6039
d9311e31-5c4d-4dfb-a4f0-b1472109b19b	8	26487304	138130829	64492	0.0007
d9311e31-5c4d-4dfb-a4f0-b1472109b19b	8	138131176	138131668	3	-0.922
d9311e31-5c4d-4dfb-a4f0-b1472109b19b	8	138132671	144182542	2480	-0.001
d9311e31-5c4d-4dfb-a4f0-b1472109b19b	9	789794	82836272	33648	0.002
d9311e31-5c4d-4dfb-a4f0-b1472109b19b	9	82836501	82838034	3	-1.0584
d9311e31-5c4d-4dfb-a4f0-b1472109b19b	9	82839918	138044505	34867	0.0039
d9311e31-5c4d-4dfb-a4f0-b1472109b19b	10	366509	133364830	81307	0.0022
d9311e31-5c4d-4dfb-a4f0-b1472109b19b	10	133365107	133366273	2	-1.1928
d9311e31-5c4d-4dfb-a4f0-b1472109b19b	10	133366291	133411599	22	-0.0486
d9311e31-5c4d-4dfb-a4f0-b1472109b19b	11	456012	88819111	47955	0.003
d9311e31-5c4d-4dfb-a4f0-b1472109b19b	11	88819799	88820111	4	-0.9212
d9311e31-5c4d-4dfb-a4f0-b1472109b19b	11	88824568	91203636	1166	-0.0069
d9311e31-5c4d-4dfb-a4f0-b1472109b19b	11	91204240	91204522	2	-1.4952
d9311e31-5c4d-4dfb-a4f0-b1472109b19b	11	91211618	134272740	28492	0.0009
d9311e31-5c4d-4dfb-a4f0-b1472109b19b	12	780472	125504487	71203	0.002
d9311e31-5c4d-4dfb-a4f0-b1472109b19b	12	125505078	125505327	2	-1.1779
d9311e31-5c4d-4dfb-a4f0-b1472109b19b	12	125516076	131449682	2814	0.0003
d9311e31-5c4d-4dfb-a4f0-b1472109b19b	12	131449896	131449969	4	0.712
d9311e31-5c4d-4dfb-a4f0-b1472109b19b	12	131450216	132605822	365	-0.008
d9311e31-5c4d-4dfb-a4f0-b1472109b19b	13	18874255	114226675	57015	-0.0005
d9311e31-5c4d-4dfb-a4f0-b1472109b19b	14	20033191	46342732	13475	0.0022
d9311e31-5c4d-4dfb-a4f0-b1472109b19b	14	46402212	46409307	7	-1.1981
d9311e31-5c4d-4dfb-a4f0-b1472109b19b	14	46411481	56663685	6456	0.0012
d9311e31-5c4d-4dfb-a4f0-b1472109b19b	14	56664069	56664259	2	-1.3468
d9311e31-5c4d-4dfb-a4f0-b1472109b19b	14	56675149	97663665	25772	0.0033
d9311e31-5c4d-4dfb-a4f0-b1472109b19b	14	97680464	97680468	2	-1.2874
d9311e31-5c4d-4dfb-a4f0-b1472109b19b	14	97680568	105533894	4096	0.0001
d9311e31-5c4d-4dfb-a4f0-b1472109b19b	15	23437561	47405844	12012	0.0013
d9311e31-5c4d-4dfb-a4f0-b1472109b19b	15	47408600	47409188	3	-0.986
d9311e31-5c4d-4dfb-a4f0-b1472109b19b	15	47409769	90049197	25822	0.0018
d9311e31-5c4d-4dfb-a4f0-b1472109b19b	15	90049871	90050715	2	-1.2387
d9311e31-5c4d-4dfb-a4f0-b1472109b19b	15	90051771	91439545	799	0.0009
d9311e31-5c4d-4dfb-a4f0-b1472109b19b	15	91444752	91445344	4	-1.0419
d9311e31-5c4d-4dfb-a4f0-b1472109b19b	15	91445901	101344124	6162	0.0007
d9311e31-5c4d-4dfb-a4f0-b1472109b19b	16	603333	89317317	41230	0.0026
d9311e31-5c4d-4dfb-a4f0-b1472109b19b	17	1074619	82959812	37291	0.0009
d9311e31-5c4d-4dfb-a4f0-b1472109b19b	18	326691	79349796	42981	0.0027
d9311e31-5c4d-4dfb-a4f0-b1472109b19b	19	283868	58370362	24158	-0.0042
d9311e31-5c4d-4dfb-a4f0-b1472109b19b	20	472817	63588502	37571	-0.0029
d9311e31-5c4d-4dfb-a4f0-b1472109b19b	21	13974127	38496791	15980	0.0035
d9311e31-5c4d-4dfb-a4f0-b1472109b19b	21	38496805	38496818	2	1.1481
d9311e31-5c4d-4dfb-a4f0-b1472109b19b	21	38497336	38929476	302	-0.003
d9311e31-5c4d-4dfb-a4f0-b1472109b19b	21	38930032	38931924	4	-0.7739
d9311e31-5c4d-4dfb-a4f0-b1472109b19b	21	38935301	46262057	4316	0.0062
d9311e31-5c4d-4dfb-a4f0-b1472109b19b	22	16934932	48940621	17096	0.0027
d9311e31-5c4d-4dfb-a4f0-b1472109b19b	X	3236359	124982946	50415	0.007
d9311e31-5c4d-4dfb-a4f0-b1472109b19b	X	124983565	124984317	2	-5.5372
d9311e31-5c4d-4dfb-a4f0-b1472109b19b	X	124984377	127483565	1145	0.0064
d9311e31-5c4d-4dfb-a4f0-b1472109b19b	X	127488869	127495769	5	-1.7828
d9311e31-5c4d-4dfb-a4f0-b1472109b19b	X	127628130	155677414	12376	0.013
