GDC_Aliquot	Chromosome	Start	End	Num_Probes	Segment_Mean
8f96eddc-fd74-4bca-9539-fdd866750bf4	1	3301765	3816597	261	0.2708
8f96eddc-fd74-4bca-9539-fdd866750bf4	1	3819020	37329439	18064	0.3213
8f96eddc-fd74-4bca-9539-fdd866750bf4	1	37329771	64279312	16138	0.2961
8f96eddc-fd74-4bca-9539-fdd866750bf4	1	64279314	118470780	32714	0.2693
8f96eddc-fd74-4bca-9539-fdd866750bf4	1	118471479	149909846	925	0.3094
8f96eddc-fd74-4bca-9539-fdd866750bf4	1	149910462	185873337	22413	0.1975
8f96eddc-fd74-4bca-9539-fdd866750bf4	1	185878328	200202067	8394	0.1572
8f96eddc-fd74-4bca-9539-fdd866750bf4	1	200203164	207803321	4783	0.1959
8f96eddc-fd74-4bca-9539-fdd866750bf4	1	207803693	207803738	2	-1.2711
8f96eddc-fd74-4bca-9539-fdd866750bf4	1	207805124	247650984	25987	0.1939
8f96eddc-fd74-4bca-9539-fdd866750bf4	2	480597	135942758	71214	0.2469
8f96eddc-fd74-4bca-9539-fdd866750bf4	2	135943117	188225463	29996	0.2262
8f96eddc-fd74-4bca-9539-fdd866750bf4	2	188227958	188229539	3	-1.1806
8f96eddc-fd74-4bca-9539-fdd866750bf4	2	188229718	189455326	565	0.2152
8f96eddc-fd74-4bca-9539-fdd866750bf4	2	189455357	191440408	1231	0.2462
8f96eddc-fd74-4bca-9539-fdd866750bf4	2	191450655	220425506	16276	0.0518
8f96eddc-fd74-4bca-9539-fdd866750bf4	2	220425618	220426550	2	-1.8053
8f96eddc-fd74-4bca-9539-fdd866750bf4	2	220426774	230797579	6538	0.0557
8f96eddc-fd74-4bca-9539-fdd866750bf4	2	230798380	241537572	6309	0.0913
8f96eddc-fd74-4bca-9539-fdd866750bf4	3	2170634	74422381	43408	0.2922
8f96eddc-fd74-4bca-9539-fdd866750bf4	3	74424654	85908652	5686	0.2626
8f96eddc-fd74-4bca-9539-fdd866750bf4	3	85909234	91462299	2162	0.2804
8f96eddc-fd74-4bca-9539-fdd866750bf4	3	94015345	102445028	4341	-0.4462
8f96eddc-fd74-4bca-9539-fdd866750bf4	3	102447020	103955388	809	-0.129
8f96eddc-fd74-4bca-9539-fdd866750bf4	3	103958668	103997088	27	0.1726
8f96eddc-fd74-4bca-9539-fdd866750bf4	3	104000409	104020778	13	-0.2097
8f96eddc-fd74-4bca-9539-fdd866750bf4	3	104023996	114873074	6211	-0.4419
8f96eddc-fd74-4bca-9539-fdd866750bf4	3	114875851	116146276	752	-0.0993
8f96eddc-fd74-4bca-9539-fdd866750bf4	3	116147171	124189286	4774	-0.4263
8f96eddc-fd74-4bca-9539-fdd866750bf4	3	124189436	124550576	285	-0.0885
8f96eddc-fd74-4bca-9539-fdd866750bf4	3	124550685	140092834	8798	-0.4099
8f96eddc-fd74-4bca-9539-fdd866750bf4	3	140099463	140142208	50	0.4757
8f96eddc-fd74-4bca-9539-fdd866750bf4	3	140143478	140290897	120	0.1615
8f96eddc-fd74-4bca-9539-fdd866750bf4	3	140292314	140426843	133	0.6459
8f96eddc-fd74-4bca-9539-fdd866750bf4	3	140427622	140818843	302	0.1334
8f96eddc-fd74-4bca-9539-fdd866750bf4	3	140844343	141019616	71	0.6736
8f96eddc-fd74-4bca-9539-fdd866750bf4	3	141021550	141544853	305	0.8292
8f96eddc-fd74-4bca-9539-fdd866750bf4	3	141553374	141650109	42	1.2005
8f96eddc-fd74-4bca-9539-fdd866750bf4	3	141650201	141693033	37	0.807
8f96eddc-fd74-4bca-9539-fdd866750bf4	3	141697997	141910114	140	1.146
8f96eddc-fd74-4bca-9539-fdd866750bf4	3	141913617	141958418	23	0.7005
8f96eddc-fd74-4bca-9539-fdd866750bf4	3	141967908	143212052	499	-0.0794
8f96eddc-fd74-4bca-9539-fdd866750bf4	3	143469691	143888783	319	-0.4323
8f96eddc-fd74-4bca-9539-fdd866750bf4	3	143889566	143898806	7	-0.1391
8f96eddc-fd74-4bca-9539-fdd866750bf4	3	143904375	143938729	14	1.3772
8f96eddc-fd74-4bca-9539-fdd866750bf4	3	143942143	144175808	117	-0.4756
8f96eddc-fd74-4bca-9539-fdd866750bf4	3	144181181	144201190	15	1.306
8f96eddc-fd74-4bca-9539-fdd866750bf4	3	144207580	144851817	334	-0.1609
8f96eddc-fd74-4bca-9539-fdd866750bf4	3	144858229	145442781	362	2.2698
8f96eddc-fd74-4bca-9539-fdd866750bf4	3	145445940	148892297	1491	-0.4633
8f96eddc-fd74-4bca-9539-fdd866750bf4	3	148897908	148902974	7	1.4422
8f96eddc-fd74-4bca-9539-fdd866750bf4	3	148904875	151659516	1632	-0.4332
8f96eddc-fd74-4bca-9539-fdd866750bf4	3	151662894	151664040	3	1.4647
8f96eddc-fd74-4bca-9539-fdd866750bf4	3	151665056	152169396	318	-0.4437
8f96eddc-fd74-4bca-9539-fdd866750bf4	3	152175058	152203206	23	1.3459
8f96eddc-fd74-4bca-9539-fdd866750bf4	3	152204483	157547319	2934	-0.4362
8f96eddc-fd74-4bca-9539-fdd866750bf4	3	157558020	157574213	8	1.673
8f96eddc-fd74-4bca-9539-fdd866750bf4	3	157574233	157589736	10	1.2513
8f96eddc-fd74-4bca-9539-fdd866750bf4	3	157592260	165697251	3915	-0.4354
8f96eddc-fd74-4bca-9539-fdd866750bf4	3	165698037	165795786	68	-0.0967
8f96eddc-fd74-4bca-9539-fdd866750bf4	3	166162696	168263608	1037	-0.48
8f96eddc-fd74-4bca-9539-fdd866750bf4	3	168263817	168440523	94	-0.1229
8f96eddc-fd74-4bca-9539-fdd866750bf4	3	168440649	169428787	626	-0.4884
8f96eddc-fd74-4bca-9539-fdd866750bf4	3	169430695	169820824	243	1.5209
8f96eddc-fd74-4bca-9539-fdd866750bf4	3	169825896	169979888	116	1.0483
8f96eddc-fd74-4bca-9539-fdd866750bf4	3	169980772	170052799	44	1.8246
8f96eddc-fd74-4bca-9539-fdd866750bf4	3	170055177	170086301	22	-0.2454
8f96eddc-fd74-4bca-9539-fdd866750bf4	3	170087986	170108148	14	1.6423
8f96eddc-fd74-4bca-9539-fdd866750bf4	3	170112080	170118034	6	0.9008
8f96eddc-fd74-4bca-9539-fdd866750bf4	3	170121829	170631092	264	-0.405
8f96eddc-fd74-4bca-9539-fdd866750bf4	3	170639645	170716142	42	0.9306
8f96eddc-fd74-4bca-9539-fdd866750bf4	3	170721294	174257642	1792	-0.4321
8f96eddc-fd74-4bca-9539-fdd866750bf4	3	174258496	174357879	80	1.4946
8f96eddc-fd74-4bca-9539-fdd866750bf4	3	174363011	186316872	5882	-0.4236
8f96eddc-fd74-4bca-9539-fdd866750bf4	3	186318070	186318696	3	-2.2598
8f96eddc-fd74-4bca-9539-fdd866750bf4	3	186319507	197812401	6235	-0.3985
8f96eddc-fd74-4bca-9539-fdd866750bf4	4	1059384	9949496	4508	-0.0792
8f96eddc-fd74-4bca-9539-fdd866750bf4	4	9951673	27289222	11960	-0.1346
8f96eddc-fd74-4bca-9539-fdd866750bf4	4	27292845	36968329	5707	-0.165
8f96eddc-fd74-4bca-9539-fdd866750bf4	4	36968469	58166817	10276	-0.1274
8f96eddc-fd74-4bca-9539-fdd866750bf4	4	58178371	181204969	67763	-0.1606
8f96eddc-fd74-4bca-9539-fdd866750bf4	4	181205050	186271327	2292	-0.1278
8f96eddc-fd74-4bca-9539-fdd866750bf4	4	186272828	187842528	908	-0.0796
8f96eddc-fd74-4bca-9539-fdd866750bf4	5	913983	938583	10	-0.3553
8f96eddc-fd74-4bca-9539-fdd866750bf4	5	940557	953785	12	0.2186
8f96eddc-fd74-4bca-9539-fdd866750bf4	5	956556	2883467	953	-0.4201
8f96eddc-fd74-4bca-9539-fdd866750bf4	5	2890626	2893977	2	1.5283
8f96eddc-fd74-4bca-9539-fdd866750bf4	5	2896626	6418576	2938	-0.3906
8f96eddc-fd74-4bca-9539-fdd866750bf4	5	6420106	8837291	1796	0.0287
8f96eddc-fd74-4bca-9539-fdd866750bf4	5	8837731	9057244	178	-0.4318
8f96eddc-fd74-4bca-9539-fdd866750bf4	5	9057872	9737326	553	0.021
8f96eddc-fd74-4bca-9539-fdd866750bf4	5	9739509	10103154	307	-0.4126
8f96eddc-fd74-4bca-9539-fdd866750bf4	5	10104058	10261111	131	-0.1109
8f96eddc-fd74-4bca-9539-fdd866750bf4	5	10263470	10337986	43	0.2306
8f96eddc-fd74-4bca-9539-fdd866750bf4	5	10338730	10619378	198	-0.0851
8f96eddc-fd74-4bca-9539-fdd866750bf4	5	10619415	11426299	460	-0.4354
8f96eddc-fd74-4bca-9539-fdd866750bf4	5	11428396	11530937	89	-0.0993
8f96eddc-fd74-4bca-9539-fdd866750bf4	5	11534248	12017511	327	-0.4715
8f96eddc-fd74-4bca-9539-fdd866750bf4	5	12026551	12026890	2	-2.4035
8f96eddc-fd74-4bca-9539-fdd866750bf4	5	12033412	12669435	340	-0.4009
8f96eddc-fd74-4bca-9539-fdd866750bf4	5	12745822	12754701	5	1.9214
8f96eddc-fd74-4bca-9539-fdd866750bf4	5	12755900	14194360	808	-0.4389
8f96eddc-fd74-4bca-9539-fdd866750bf4	5	14194432	14415557	236	-0.1052
8f96eddc-fd74-4bca-9539-fdd866750bf4	5	14415621	14457226	37	-0.492
8f96eddc-fd74-4bca-9539-fdd866750bf4	5	14460294	14526746	62	1.4263
8f96eddc-fd74-4bca-9539-fdd866750bf4	5	14534509	20372145	2843	-0.4183
8f96eddc-fd74-4bca-9539-fdd866750bf4	5	20375343	20778797	84	0.3962
8f96eddc-fd74-4bca-9539-fdd866750bf4	5	20778939	23446474	1339	-0.4394
8f96eddc-fd74-4bca-9539-fdd866750bf4	5	23449603	23589410	81	1.4944
8f96eddc-fd74-4bca-9539-fdd866750bf4	5	23591346	23622268	26	-0.4878
8f96eddc-fd74-4bca-9539-fdd866750bf4	5	23622848	23684152	34	1.1408
8f96eddc-fd74-4bca-9539-fdd866750bf4	5	23685441	31111871	4086	-0.4492
8f96eddc-fd74-4bca-9539-fdd866750bf4	5	31113307	31115098	2	0.1918
8f96eddc-fd74-4bca-9539-fdd866750bf4	5	31115637	31190098	60	0.9729
8f96eddc-fd74-4bca-9539-fdd866750bf4	5	31191803	31523490	319	0.6658
8f96eddc-fd74-4bca-9539-fdd866750bf4	5	31528027	31563117	29	0.9722
8f96eddc-fd74-4bca-9539-fdd866750bf4	5	31563218	31871755	229	1.6123
8f96eddc-fd74-4bca-9539-fdd866750bf4	5	31872251	32079311	176	1.3739
8f96eddc-fd74-4bca-9539-fdd866750bf4	5	32081317	32428605	145	0.9953
8f96eddc-fd74-4bca-9539-fdd866750bf4	5	32431922	32436034	3	2.1356
8f96eddc-fd74-4bca-9539-fdd866750bf4	5	32437552	32464310	25	1.0259
8f96eddc-fd74-4bca-9539-fdd866750bf4	5	32467659	32706392	176	-0.071
8f96eddc-fd74-4bca-9539-fdd866750bf4	5	32714555	32723092	7	1.3669
8f96eddc-fd74-4bca-9539-fdd866750bf4	5	32725425	33048923	233	-0.1027
8f96eddc-fd74-4bca-9539-fdd866750bf4	5	33049513	36642688	1911	-0.419
8f96eddc-fd74-4bca-9539-fdd866750bf4	5	36646844	51234560	5047	0.0003
8f96eddc-fd74-4bca-9539-fdd866750bf4	5	51234594	81429821	17097	0.089
8f96eddc-fd74-4bca-9539-fdd866750bf4	5	81432523	130460664	26701	0.0663
8f96eddc-fd74-4bca-9539-fdd866750bf4	5	130462206	168245100	23556	0.086
8f96eddc-fd74-4bca-9539-fdd866750bf4	5	168246768	180934240	7342	0.1268
8f96eddc-fd74-4bca-9539-fdd866750bf4	6	1011760	42547634	25353	-0.4126
8f96eddc-fd74-4bca-9539-fdd866750bf4	6	42558884	42584635	13	1.5366
8f96eddc-fd74-4bca-9539-fdd866750bf4	6	42588046	42988082	191	-0.3784
8f96eddc-fd74-4bca-9539-fdd866750bf4	6	42988521	43110344	58	-0.0392
8f96eddc-fd74-4bca-9539-fdd866750bf4	6	43116361	43341959	121	-0.4643
8f96eddc-fd74-4bca-9539-fdd866750bf4	6	43343363	44173995	438	0.0313
8f96eddc-fd74-4bca-9539-fdd866750bf4	6	44185123	44314163	63	0.2901
8f96eddc-fd74-4bca-9539-fdd866750bf4	6	44315061	44482910	113	0.3778
8f96eddc-fd74-4bca-9539-fdd866750bf4	6	44484077	44869619	283	0.5278
8f96eddc-fd74-4bca-9539-fdd866750bf4	6	44869776	45326909	136	0.1029
8f96eddc-fd74-4bca-9539-fdd866750bf4	6	45329727	45376134	25	0.6153
8f96eddc-fd74-4bca-9539-fdd866750bf4	6	45381760	45852668	316	0.1545
8f96eddc-fd74-4bca-9539-fdd866750bf4	6	45853344	45859819	7	0.6739
8f96eddc-fd74-4bca-9539-fdd866750bf4	6	45862027	45898945	37	0.3366
8f96eddc-fd74-4bca-9539-fdd866750bf4	6	45902684	45980842	93	0.6697
8f96eddc-fd74-4bca-9539-fdd866750bf4	6	46109269	46803905	430	0.0455
8f96eddc-fd74-4bca-9539-fdd866750bf4	6	46804417	46964046	136	0.586
8f96eddc-fd74-4bca-9539-fdd866750bf4	6	46971591	46985804	30	0.0076
8f96eddc-fd74-4bca-9539-fdd866750bf4	6	46989888	47073159	56	0.5203
8f96eddc-fd74-4bca-9539-fdd866750bf4	6	47074496	47231408	137	0.0185
8f96eddc-fd74-4bca-9539-fdd866750bf4	6	47238176	47341375	76	1.5422
8f96eddc-fd74-4bca-9539-fdd866750bf4	6	47346708	47893802	386	-0.0005
8f96eddc-fd74-4bca-9539-fdd866750bf4	6	47894825	47899845	6	1.4757
8f96eddc-fd74-4bca-9539-fdd866750bf4	6	47904135	47962991	24	-0.0756
8f96eddc-fd74-4bca-9539-fdd866750bf4	6	47977251	47986525	6	1.5431
8f96eddc-fd74-4bca-9539-fdd866750bf4	6	47993247	48156910	84	-0.0014
8f96eddc-fd74-4bca-9539-fdd866750bf4	6	48166953	48268856	60	1.4284
8f96eddc-fd74-4bca-9539-fdd866750bf4	6	48274291	48289918	5	0.0236
8f96eddc-fd74-4bca-9539-fdd866750bf4	6	48289931	56948388	5235	-0.4414
8f96eddc-fd74-4bca-9539-fdd866750bf4	6	56957530	143218696	46624	0.2591
8f96eddc-fd74-4bca-9539-fdd866750bf4	6	143227144	143227440	3	1.4535
8f96eddc-fd74-4bca-9539-fdd866750bf4	6	143228784	150279804	4641	0.2645
8f96eddc-fd74-4bca-9539-fdd866750bf4	6	150281403	170596889	11886	0.2885
8f96eddc-fd74-4bca-9539-fdd866750bf4	7	664936	4311864	1398	0.3075
8f96eddc-fd74-4bca-9539-fdd866750bf4	7	4315439	4439758	61	0.841
8f96eddc-fd74-4bca-9539-fdd866750bf4	7	4520589	66979302	32965	0.2745
8f96eddc-fd74-4bca-9539-fdd866750bf4	7	66979463	77393364	4337	0.3073
8f96eddc-fd74-4bca-9539-fdd866750bf4	7	77394983	108777094	16544	0.2703
8f96eddc-fd74-4bca-9539-fdd866750bf4	7	108780238	125990752	9083	0.246
8f96eddc-fd74-4bca-9539-fdd866750bf4	7	125994648	125995196	2	-1.3656
8f96eddc-fd74-4bca-9539-fdd866750bf4	7	125996861	127683911	1009	0.2547
8f96eddc-fd74-4bca-9539-fdd866750bf4	7	127685343	158592540	16516	0.2848
8f96eddc-fd74-4bca-9539-fdd866750bf4	8	667625	3623384	1488	-0.7576
8f96eddc-fd74-4bca-9539-fdd866750bf4	8	3623508	3624017	2	-2.8861
8f96eddc-fd74-4bca-9539-fdd866750bf4	8	3624038	15537635	5936	-0.781
8f96eddc-fd74-4bca-9539-fdd866750bf4	8	15583077	16586515	668	0.097
8f96eddc-fd74-4bca-9539-fdd866750bf4	8	16675368	16705293	21	1.7325
8f96eddc-fd74-4bca-9539-fdd866750bf4	8	16706608	17355848	477	0.1042
8f96eddc-fd74-4bca-9539-fdd866750bf4	8	17357615	17367808	12	1.5282
8f96eddc-fd74-4bca-9539-fdd866750bf4	8	17376833	18085660	648	0.3196
8f96eddc-fd74-4bca-9539-fdd866750bf4	8	18085956	18093378	9	1.7857
8f96eddc-fd74-4bca-9539-fdd866750bf4	8	18094228	18096299	4	1.3364
8f96eddc-fd74-4bca-9539-fdd866750bf4	8	18096742	18126214	30	0.4611
8f96eddc-fd74-4bca-9539-fdd866750bf4	8	18126434	18473234	261	0.1173
8f96eddc-fd74-4bca-9539-fdd866750bf4	8	18473936	22614311	3059	-0.7635
8f96eddc-fd74-4bca-9539-fdd866750bf4	8	22614538	22615437	2	-3.1894
8f96eddc-fd74-4bca-9539-fdd866750bf4	8	22617153	23921560	849	-0.7626
8f96eddc-fd74-4bca-9539-fdd866750bf4	8	23922062	24137928	102	0.1059
8f96eddc-fd74-4bca-9539-fdd866750bf4	8	24145189	26742563	1862	-0.7457
8f96eddc-fd74-4bca-9539-fdd866750bf4	8	26743877	29310209	1734	0.0957
8f96eddc-fd74-4bca-9539-fdd866750bf4	8	29313767	29618420	217	-0.7801
8f96eddc-fd74-4bca-9539-fdd866750bf4	8	29619106	29619204	2	-3.2059
8f96eddc-fd74-4bca-9539-fdd866750bf4	8	29619671	29991230	232	-0.7377
8f96eddc-fd74-4bca-9539-fdd866750bf4	8	29994934	49288121	8653	0.0974
8f96eddc-fd74-4bca-9539-fdd866750bf4	8	49292368	129223011	46821	0.0606
8f96eddc-fd74-4bca-9539-fdd866750bf4	8	129223522	137989416	6442	0.0846
8f96eddc-fd74-4bca-9539-fdd866750bf4	8	137991189	140479109	1960	0.1368
8f96eddc-fd74-4bca-9539-fdd866750bf4	8	140483350	144182542	640	0.0829
8f96eddc-fd74-4bca-9539-fdd866750bf4	9	789794	19733054	12062	-0.0923
8f96eddc-fd74-4bca-9539-fdd866750bf4	9	19733223	20000107	213	-0.6986
8f96eddc-fd74-4bca-9539-fdd866750bf4	9	20000279	20014213	8	-1.6263
8f96eddc-fd74-4bca-9539-fdd866750bf4	9	20015779	21086312	806	-0.7509
8f96eddc-fd74-4bca-9539-fdd866750bf4	9	21088720	32279179	6526	-0.1254
8f96eddc-fd74-4bca-9539-fdd866750bf4	9	32279258	68424128	3952	-0.0797
8f96eddc-fd74-4bca-9539-fdd866750bf4	9	68425024	119561979	34713	0.0448
8f96eddc-fd74-4bca-9539-fdd866750bf4	9	119562084	138044505	10157	0.0844
8f96eddc-fd74-4bca-9539-fdd866750bf4	10	366509	18895125	13521	0.118
8f96eddc-fd74-4bca-9539-fdd866750bf4	10	18900984	24023053	3346	0.0787
8f96eddc-fd74-4bca-9539-fdd866750bf4	10	24023834	36931281	8525	0.1094
8f96eddc-fd74-4bca-9539-fdd866750bf4	10	36931426	67980231	14719	0.0771
8f96eddc-fd74-4bca-9539-fdd866750bf4	10	67981585	78792396	6816	0.1062
8f96eddc-fd74-4bca-9539-fdd866750bf4	10	78792490	90578354	7455	0.0786
8f96eddc-fd74-4bca-9539-fdd866750bf4	10	90581233	90725975	121	3.1085
8f96eddc-fd74-4bca-9539-fdd866750bf4	10	90730617	93839932	1684	0.0834
8f96eddc-fd74-4bca-9539-fdd866750bf4	10	93846488	93847879	4	-0.8819
8f96eddc-fd74-4bca-9539-fdd866750bf4	10	93848317	97053081	1913	0.1016
8f96eddc-fd74-4bca-9539-fdd866750bf4	10	97053956	97055579	2	-1.7952
8f96eddc-fd74-4bca-9539-fdd866750bf4	10	97056542	104060863	3784	0.1142
8f96eddc-fd74-4bca-9539-fdd866750bf4	10	104061107	118913855	10105	0.0827
8f96eddc-fd74-4bca-9539-fdd866750bf4	10	118914885	133411599	9232	0.1201
8f96eddc-fd74-4bca-9539-fdd866750bf4	11	456012	992691	144	-0.3222
8f96eddc-fd74-4bca-9539-fdd866750bf4	11	996486	1305411	95	1.6208
8f96eddc-fd74-4bca-9539-fdd866750bf4	11	1305516	1544795	82	2.3344
8f96eddc-fd74-4bca-9539-fdd866750bf4	11	1553680	2098340	119	1.7337
8f96eddc-fd74-4bca-9539-fdd866750bf4	11	2106956	2234311	40	-0.4265
8f96eddc-fd74-4bca-9539-fdd866750bf4	11	2238350	2346565	52	-0.0521
8f96eddc-fd74-4bca-9539-fdd866750bf4	11	2350886	2374337	14	-0.3597
8f96eddc-fd74-4bca-9539-fdd866750bf4	11	2385015	2937052	234	1.436
8f96eddc-fd74-4bca-9539-fdd866750bf4	11	2939982	2974561	24	1.8685
8f96eddc-fd74-4bca-9539-fdd866750bf4	11	2976255	3001399	17	1.3881
8f96eddc-fd74-4bca-9539-fdd866750bf4	11	3003498	3053042	43	-0.1007
8f96eddc-fd74-4bca-9539-fdd866750bf4	11	3055027	3059264	3	1.6311
8f96eddc-fd74-4bca-9539-fdd866750bf4	11	3059865	5513760	1458	-0.3475
8f96eddc-fd74-4bca-9539-fdd866750bf4	11	5513777	5757241	196	-0.0543
8f96eddc-fd74-4bca-9539-fdd866750bf4	11	5815609	13053050	5125	-0.3832
8f96eddc-fd74-4bca-9539-fdd866750bf4	11	13057382	13067238	13	2.1335
8f96eddc-fd74-4bca-9539-fdd866750bf4	11	13068755	13084892	37	1.4799
8f96eddc-fd74-4bca-9539-fdd866750bf4	11	13085199	13256512	184	2.1331
8f96eddc-fd74-4bca-9539-fdd866750bf4	11	13263752	13362700	92	1.3285
8f96eddc-fd74-4bca-9539-fdd866750bf4	11	13366132	13411732	24	-0.0422
8f96eddc-fd74-4bca-9539-fdd866750bf4	11	13415434	13703025	158	1.8023
8f96eddc-fd74-4bca-9539-fdd866750bf4	11	13705329	16552263	1765	-0.3994
8f96eddc-fd74-4bca-9539-fdd866750bf4	11	16555087	16555105	2	-2.061
8f96eddc-fd74-4bca-9539-fdd866750bf4	11	16557031	19111865	1640	-0.3886
8f96eddc-fd74-4bca-9539-fdd866750bf4	11	19112496	19149117	21	1.8749
8f96eddc-fd74-4bca-9539-fdd866750bf4	11	19157118	20262238	1038	-0.4025
8f96eddc-fd74-4bca-9539-fdd866750bf4	11	20262712	20283933	16	1.739
8f96eddc-fd74-4bca-9539-fdd866750bf4	11	20284442	20513276	162	-0.4221
8f96eddc-fd74-4bca-9539-fdd866750bf4	11	20513679	21374814	778	-2.2165
8f96eddc-fd74-4bca-9539-fdd866750bf4	11	21413862	21661374	132	-0.3593
8f96eddc-fd74-4bca-9539-fdd866750bf4	11	21663273	21713731	22	1.6983
8f96eddc-fd74-4bca-9539-fdd866750bf4	11	21716530	22104188	272	-0.441
8f96eddc-fd74-4bca-9539-fdd866750bf4	11	22108108	22196579	40	-0.1144
8f96eddc-fd74-4bca-9539-fdd866750bf4	11	22199273	23092080	607	-0.434
8f96eddc-fd74-4bca-9539-fdd866750bf4	11	23092414	23191429	87	-0.0795
8f96eddc-fd74-4bca-9539-fdd866750bf4	11	23192952	23457959	194	1.5539
8f96eddc-fd74-4bca-9539-fdd866750bf4	11	23458421	24479683	599	-0.0903
8f96eddc-fd74-4bca-9539-fdd866750bf4	11	24480184	24868679	293	-1.224
8f96eddc-fd74-4bca-9539-fdd866750bf4	11	24871915	25037922	107	1.4851
8f96eddc-fd74-4bca-9539-fdd866750bf4	11	25039753	25112297	49	2.0395
8f96eddc-fd74-4bca-9539-fdd866750bf4	11	25274907	25284667	15	-0.2983
8f96eddc-fd74-4bca-9539-fdd866750bf4	11	25284688	26303008	674	-1.1156
8f96eddc-fd74-4bca-9539-fdd866750bf4	11	26305044	26349034	33	-0.103
8f96eddc-fd74-4bca-9539-fdd866750bf4	11	26358622	26583018	178	-1.0941
8f96eddc-fd74-4bca-9539-fdd866750bf4	11	26588309	26588971	4	0.2962
8f96eddc-fd74-4bca-9539-fdd866750bf4	11	26592121	26737449	127	-1.1655
8f96eddc-fd74-4bca-9539-fdd866750bf4	11	26738402	27612098	568	-0.0714
8f96eddc-fd74-4bca-9539-fdd866750bf4	11	27612647	27847232	160	0.4324
8f96eddc-fd74-4bca-9539-fdd866750bf4	11	27849529	27882134	17	2.4276
8f96eddc-fd74-4bca-9539-fdd866750bf4	11	27884989	27895848	6	0.5058
8f96eddc-fd74-4bca-9539-fdd866750bf4	11	27896169	28536415	287	-0.1028
8f96eddc-fd74-4bca-9539-fdd866750bf4	11	28539916	28546290	7	0.4318
8f96eddc-fd74-4bca-9539-fdd866750bf4	11	28553092	28946358	232	-0.1029
8f96eddc-fd74-4bca-9539-fdd866750bf4	11	28950889	28951622	2	-1.4793
8f96eddc-fd74-4bca-9539-fdd866750bf4	11	28953372	29054504	73	-0.0969
8f96eddc-fd74-4bca-9539-fdd866750bf4	11	29058041	29378308	183	0.4808
8f96eddc-fd74-4bca-9539-fdd866750bf4	11	29380687	29868261	316	0.9779
8f96eddc-fd74-4bca-9539-fdd866750bf4	11	29871926	30437344	338	2.0862
8f96eddc-fd74-4bca-9539-fdd866750bf4	11	30437511	30476468	30	0.4793
8f96eddc-fd74-4bca-9539-fdd866750bf4	11	30476499	30494410	19	0.21
8f96eddc-fd74-4bca-9539-fdd866750bf4	11	30498055	30641180	103	0.468
8f96eddc-fd74-4bca-9539-fdd866750bf4	11	30643355	30646233	4	2.4459
8f96eddc-fd74-4bca-9539-fdd866750bf4	11	30646657	30741537	68	0.4524
8f96eddc-fd74-4bca-9539-fdd866750bf4	11	30742049	30853802	81	0.7044
8f96eddc-fd74-4bca-9539-fdd866750bf4	11	30857958	30953785	63	1.3004
8f96eddc-fd74-4bca-9539-fdd866750bf4	11	30959436	30971328	12	0.2681
8f96eddc-fd74-4bca-9539-fdd866750bf4	11	30979227	31042354	62	0.7369
8f96eddc-fd74-4bca-9539-fdd866750bf4	11	31043385	31055012	4	0.2709
8f96eddc-fd74-4bca-9539-fdd866750bf4	11	31056413	31145992	49	1.1035
8f96eddc-fd74-4bca-9539-fdd866750bf4	11	31147072	31268664	65	1.3321
8f96eddc-fd74-4bca-9539-fdd866750bf4	11	31273865	31532347	96	0.9519
8f96eddc-fd74-4bca-9539-fdd866750bf4	11	31533135	31953686	245	0.7712
8f96eddc-fd74-4bca-9539-fdd866750bf4	11	31953865	32256757	255	0.5974
8f96eddc-fd74-4bca-9539-fdd866750bf4	11	32259345	32370849	97	0.0298
8f96eddc-fd74-4bca-9539-fdd866750bf4	11	32378026	32982442	408	-0.8252
8f96eddc-fd74-4bca-9539-fdd866750bf4	11	32983255	33186124	107	0.0322
8f96eddc-fd74-4bca-9539-fdd866750bf4	11	33200289	33280928	30	-0.3289
8f96eddc-fd74-4bca-9539-fdd866750bf4	11	33463183	33540108	51	2.3014
8f96eddc-fd74-4bca-9539-fdd866750bf4	11	33541427	33892021	281	2.0686
8f96eddc-fd74-4bca-9539-fdd866750bf4	11	33892881	34870183	667	2.3413
8f96eddc-fd74-4bca-9539-fdd866750bf4	11	34870869	35298883	429	2.6689
8f96eddc-fd74-4bca-9539-fdd866750bf4	11	35299458	36007208	565	2.3035
8f96eddc-fd74-4bca-9539-fdd866750bf4	11	36011144	39353302	1624	0.2922
8f96eddc-fd74-4bca-9539-fdd866750bf4	11	39359779	39379705	19	0.8706
8f96eddc-fd74-4bca-9539-fdd866750bf4	11	39382079	39408107	10	0.3579
8f96eddc-fd74-4bca-9539-fdd866750bf4	11	39411399	39432188	13	0.8872
8f96eddc-fd74-4bca-9539-fdd866750bf4	11	39433170	42994270	2447	0.2807
8f96eddc-fd74-4bca-9539-fdd866750bf4	11	42997500	46540552	2288	0.7676
8f96eddc-fd74-4bca-9539-fdd866750bf4	11	46546759	48080798	610	0.348
8f96eddc-fd74-4bca-9539-fdd866750bf4	11	48080926	48954804	169	0.7729
8f96eddc-fd74-4bca-9539-fdd866750bf4	11	48961561	49658026	288	0.2997
8f96eddc-fd74-4bca-9539-fdd866750bf4	11	49658775	57105358	647	-0.4148
8f96eddc-fd74-4bca-9539-fdd866750bf4	11	57108906	59272054	1203	0.3567
8f96eddc-fd74-4bca-9539-fdd866750bf4	11	59284952	61924869	1433	-0.3554
8f96eddc-fd74-4bca-9539-fdd866750bf4	11	61925882	62569731	379	0.3627
8f96eddc-fd74-4bca-9539-fdd866750bf4	11	62573099	64412526	793	-0.319
8f96eddc-fd74-4bca-9539-fdd866750bf4	11	64412995	65902628	166	0.3572
8f96eddc-fd74-4bca-9539-fdd866750bf4	11	65903039	66088674	90	-0.4042
8f96eddc-fd74-4bca-9539-fdd866750bf4	11	66097565	69812150	1504	0.3596
8f96eddc-fd74-4bca-9539-fdd866750bf4	11	69813484	72942246	1519	-0.3777
8f96eddc-fd74-4bca-9539-fdd866750bf4	11	72947047	73146269	80	0.3456
8f96eddc-fd74-4bca-9539-fdd866750bf4	11	73150843	75984693	1546	-0.3562
8f96eddc-fd74-4bca-9539-fdd866750bf4	11	75998789	76480593	246	0.3124
8f96eddc-fd74-4bca-9539-fdd866750bf4	11	76485829	76842946	241	-0.3734
8f96eddc-fd74-4bca-9539-fdd866750bf4	11	76857858	77573003	353	0.3321
8f96eddc-fd74-4bca-9539-fdd866750bf4	11	77579425	78050814	229	-0.3509
8f96eddc-fd74-4bca-9539-fdd866750bf4	11	78057815	79121104	761	0.3311
8f96eddc-fd74-4bca-9539-fdd866750bf4	11	79122490	79144995	5	-0.3545
8f96eddc-fd74-4bca-9539-fdd866750bf4	11	79146178	79169574	26	0.3833
8f96eddc-fd74-4bca-9539-fdd866750bf4	11	79170564	80529318	1069	-0.4072
8f96eddc-fd74-4bca-9539-fdd866750bf4	11	80531107	81993858	964	0.3236
8f96eddc-fd74-4bca-9539-fdd866750bf4	11	81998041	84514722	1417	-0.4275
8f96eddc-fd74-4bca-9539-fdd866750bf4	11	84522817	88430497	2446	0.3354
8f96eddc-fd74-4bca-9539-fdd866750bf4	11	88434208	88447977	8	-0.4186
8f96eddc-fd74-4bca-9539-fdd866750bf4	11	88456991	89189199	452	0.3131
8f96eddc-fd74-4bca-9539-fdd866750bf4	11	89194964	89538302	193	-0.4035
8f96eddc-fd74-4bca-9539-fdd866750bf4	11	89538618	97182731	4571	0.3195
8f96eddc-fd74-4bca-9539-fdd866750bf4	11	97182903	101067004	2683	-0.4287
8f96eddc-fd74-4bca-9539-fdd866750bf4	11	101067058	103214025	1352	0.3138
8f96eddc-fd74-4bca-9539-fdd866750bf4	11	103214109	103229368	10	-0.3496
8f96eddc-fd74-4bca-9539-fdd866750bf4	11	103229788	103729855	182	0.3356
8f96eddc-fd74-4bca-9539-fdd866750bf4	11	103732781	104230684	390	-0.4083
8f96eddc-fd74-4bca-9539-fdd866750bf4	11	104242848	104352553	65	0.34
8f96eddc-fd74-4bca-9539-fdd866750bf4	11	104354542	110863345	3757	-0.4213
8f96eddc-fd74-4bca-9539-fdd866750bf4	11	110868482	112031237	741	0.326
8f96eddc-fd74-4bca-9539-fdd866750bf4	11	112033271	113810985	1234	-0.4074
8f96eddc-fd74-4bca-9539-fdd866750bf4	11	113813565	115511306	1216	0.334
8f96eddc-fd74-4bca-9539-fdd866750bf4	11	115516098	116087749	408	-0.3953
8f96eddc-fd74-4bca-9539-fdd866750bf4	11	116090242	116506908	380	0.3109
8f96eddc-fd74-4bca-9539-fdd866750bf4	11	116512347	116513794	6	-0.6634
8f96eddc-fd74-4bca-9539-fdd866750bf4	11	116514637	118418054	1307	0.3394
8f96eddc-fd74-4bca-9539-fdd866750bf4	11	118420665	125202029	4754	-0.382
8f96eddc-fd74-4bca-9539-fdd866750bf4	11	125204544	126349241	784	0.3601
8f96eddc-fd74-4bca-9539-fdd866750bf4	11	126350166	127411604	865	-0.3732
8f96eddc-fd74-4bca-9539-fdd866750bf4	11	127415071	127667438	200	0.3844
8f96eddc-fd74-4bca-9539-fdd866750bf4	11	127673417	128070062	217	-0.3911
8f96eddc-fd74-4bca-9539-fdd866750bf4	11	128070456	128469929	312	0.342
8f96eddc-fd74-4bca-9539-fdd866750bf4	11	128471540	128473688	20	-0.3422
8f96eddc-fd74-4bca-9539-fdd866750bf4	11	128474890	128933002	500	0.4255
8f96eddc-fd74-4bca-9539-fdd866750bf4	11	128933649	130462400	897	0.5047
8f96eddc-fd74-4bca-9539-fdd866750bf4	11	130464410	130528395	46	0.3733
8f96eddc-fd74-4bca-9539-fdd866750bf4	11	130528552	130805411	73	-0.3693
8f96eddc-fd74-4bca-9539-fdd866750bf4	11	130805866	133122224	1787	0.3773
8f96eddc-fd74-4bca-9539-fdd866750bf4	11	133393701	134272740	475	-0.3582
8f96eddc-fd74-4bca-9539-fdd866750bf4	12	780472	2292221	518	-0.6638
8f96eddc-fd74-4bca-9539-fdd866750bf4	12	2292550	2390726	86	-0.2171
8f96eddc-fd74-4bca-9539-fdd866750bf4	12	2391037	6029346	2747	-0.7116
8f96eddc-fd74-4bca-9539-fdd866750bf4	12	6029429	6110436	61	0.4696
8f96eddc-fd74-4bca-9539-fdd866750bf4	12	6117381	7810616	761	-0.6582
8f96eddc-fd74-4bca-9539-fdd866750bf4	12	7982496	7985126	2	2.7671
8f96eddc-fd74-4bca-9539-fdd866750bf4	12	7987805	10373045	1052	-0.726
8f96eddc-fd74-4bca-9539-fdd866750bf4	12	10375714	10459552	28	0.1319
8f96eddc-fd74-4bca-9539-fdd866750bf4	12	10462042	10479480	12	-0.7484
8f96eddc-fd74-4bca-9539-fdd866750bf4	12	10487860	10564843	19	0.1863
8f96eddc-fd74-4bca-9539-fdd866750bf4	12	10569986	28338224	11120	-0.7354
8f96eddc-fd74-4bca-9539-fdd866750bf4	12	28339369	28348167	5	1.3925
8f96eddc-fd74-4bca-9539-fdd866750bf4	12	28354259	30809147	1689	-0.7633
8f96eddc-fd74-4bca-9539-fdd866750bf4	12	30813236	47477744	6380	-0.0274
8f96eddc-fd74-4bca-9539-fdd866750bf4	12	47482366	47496203	10	2.1958
8f96eddc-fd74-4bca-9539-fdd866750bf4	12	47500191	47787591	103	-0.01
8f96eddc-fd74-4bca-9539-fdd866750bf4	12	47787995	47835236	25	3.0524
8f96eddc-fd74-4bca-9539-fdd866750bf4	12	47837647	55002689	3751	-0.0037
8f96eddc-fd74-4bca-9539-fdd866750bf4	12	55003290	55053830	41	3.3121
8f96eddc-fd74-4bca-9539-fdd866750bf4	12	55054608	56343093	674	0.0127
8f96eddc-fd74-4bca-9539-fdd866750bf4	12	56350765	56361336	3	2.4779
8f96eddc-fd74-4bca-9539-fdd866750bf4	12	56364299	57653196	585	0.0223
8f96eddc-fd74-4bca-9539-fdd866750bf4	12	57662980	57874873	100	2.7462
8f96eddc-fd74-4bca-9539-fdd866750bf4	12	57875881	59994836	1447	-0.0234
8f96eddc-fd74-4bca-9539-fdd866750bf4	12	60000340	60000804	2	2.2495
8f96eddc-fd74-4bca-9539-fdd866750bf4	12	60003484	64127122	2397	-0.0448
8f96eddc-fd74-4bca-9539-fdd866750bf4	12	64135340	64321757	98	3.3168
8f96eddc-fd74-4bca-9539-fdd866750bf4	12	64323116	64338514	20	2.2748
8f96eddc-fd74-4bca-9539-fdd866750bf4	12	64345803	65818538	834	-0.0203
8f96eddc-fd74-4bca-9539-fdd866750bf4	12	65821404	65873530	30	2.9304
8f96eddc-fd74-4bca-9539-fdd866750bf4	12	65877243	67642535	1270	-0.0425
8f96eddc-fd74-4bca-9539-fdd866750bf4	12	67642937	67643329	4	2.2633
8f96eddc-fd74-4bca-9539-fdd866750bf4	12	67650483	68789498	815	-0.0462
8f96eddc-fd74-4bca-9539-fdd866750bf4	12	68804332	69155421	274	3.2192
8f96eddc-fd74-4bca-9539-fdd866750bf4	12	69161098	69558209	248	2.6876
8f96eddc-fd74-4bca-9539-fdd866750bf4	12	69558430	70173239	446	3.0684
8f96eddc-fd74-4bca-9539-fdd866750bf4	12	70175219	70418082	137	-0.0722
8f96eddc-fd74-4bca-9539-fdd866750bf4	12	70427312	70531354	62	2.3469
8f96eddc-fd74-4bca-9539-fdd866750bf4	12	70531857	70653307	111	-0.0072
8f96eddc-fd74-4bca-9539-fdd866750bf4	12	70670568	70813982	102	3.2247
8f96eddc-fd74-4bca-9539-fdd866750bf4	12	70816898	70819136	3	-0.0317
8f96eddc-fd74-4bca-9539-fdd866750bf4	12	70821529	70830458	7	3.1817
8f96eddc-fd74-4bca-9539-fdd866750bf4	12	70831554	71695114	473	-0.033
8f96eddc-fd74-4bca-9539-fdd866750bf4	12	71700434	71710091	9	3.3183
8f96eddc-fd74-4bca-9539-fdd866750bf4	12	71710224	71778991	33	2.593
8f96eddc-fd74-4bca-9539-fdd866750bf4	12	71779110	71820366	30	3.2583
8f96eddc-fd74-4bca-9539-fdd866750bf4	12	71830408	73280778	760	-0.0651
8f96eddc-fd74-4bca-9539-fdd866750bf4	12	73281141	73283306	7	2.788
8f96eddc-fd74-4bca-9539-fdd866750bf4	12	73290094	74237880	431	-0.0742
8f96eddc-fd74-4bca-9539-fdd866750bf4	12	74242960	74252622	7	3.0786
8f96eddc-fd74-4bca-9539-fdd866750bf4	12	74259829	75913829	1117	-0.0641
8f96eddc-fd74-4bca-9539-fdd866750bf4	12	75916991	75929416	11	2.506
8f96eddc-fd74-4bca-9539-fdd866750bf4	12	75931615	76079992	101	-0.0855
8f96eddc-fd74-4bca-9539-fdd866750bf4	12	76126180	76406971	184	3.0198
8f96eddc-fd74-4bca-9539-fdd866750bf4	12	76411123	78088711	1179	-0.0399
8f96eddc-fd74-4bca-9539-fdd866750bf4	12	78095219	78153249	54	2.8654
8f96eddc-fd74-4bca-9539-fdd866750bf4	12	78157934	78681418	335	-0.0627
8f96eddc-fd74-4bca-9539-fdd866750bf4	12	78698717	78706631	7	3.2812
8f96eddc-fd74-4bca-9539-fdd866750bf4	12	78714797	80284235	894	-0.0596
8f96eddc-fd74-4bca-9539-fdd866750bf4	12	80290724	80399206	64	2.936
8f96eddc-fd74-4bca-9539-fdd866750bf4	12	80399265	81211661	555	2.5997
8f96eddc-fd74-4bca-9539-fdd866750bf4	12	81212083	81580461	225	2.8629
8f96eddc-fd74-4bca-9539-fdd866750bf4	12	81581441	81589870	6	4.1967
8f96eddc-fd74-4bca-9539-fdd866750bf4	12	81590013	81725026	82	2.909
8f96eddc-fd74-4bca-9539-fdd866750bf4	12	81734471	81945270	118	-0.0416
8f96eddc-fd74-4bca-9539-fdd866750bf4	12	81945860	82319298	242	2.9081
8f96eddc-fd74-4bca-9539-fdd866750bf4	12	82320259	82445682	53	1.8778
8f96eddc-fd74-4bca-9539-fdd866750bf4	12	82445922	82449874	5	-0.0808
8f96eddc-fd74-4bca-9539-fdd866750bf4	12	82453919	82481004	9	2.4623
8f96eddc-fd74-4bca-9539-fdd866750bf4	12	82485073	82828345	176	-0.0581
8f96eddc-fd74-4bca-9539-fdd866750bf4	12	82838460	83028010	147	2.5403
8f96eddc-fd74-4bca-9539-fdd866750bf4	12	83028573	83131386	71	-0.0497
8f96eddc-fd74-4bca-9539-fdd866750bf4	12	83133769	83148247	16	2.969
8f96eddc-fd74-4bca-9539-fdd866750bf4	12	83154364	83572166	233	-0.0758
8f96eddc-fd74-4bca-9539-fdd866750bf4	12	83576619	83917180	211	3.0424
8f96eddc-fd74-4bca-9539-fdd866750bf4	12	83917797	84174702	135	-0.0628
8f96eddc-fd74-4bca-9539-fdd866750bf4	12	84175816	84204316	16	2.9176
8f96eddc-fd74-4bca-9539-fdd866750bf4	12	84204859	84230953	18	0.0314
8f96eddc-fd74-4bca-9539-fdd866750bf4	12	84233761	85262163	607	3.1687
8f96eddc-fd74-4bca-9539-fdd866750bf4	12	85264836	85918073	391	2.4845
8f96eddc-fd74-4bca-9539-fdd866750bf4	12	85922088	85939438	12	3.0888
8f96eddc-fd74-4bca-9539-fdd866750bf4	12	85940422	86364863	223	3.562
8f96eddc-fd74-4bca-9539-fdd866750bf4	12	86369021	87218299	319	3.8302
8f96eddc-fd74-4bca-9539-fdd866750bf4	12	87221438	87408170	140	3.3958
8f96eddc-fd74-4bca-9539-fdd866750bf4	12	87411325	87513057	64	3.0558
8f96eddc-fd74-4bca-9539-fdd866750bf4	12	87513651	87557430	16	3.9091
8f96eddc-fd74-4bca-9539-fdd866750bf4	12	87558211	87640708	50	3.0755
8f96eddc-fd74-4bca-9539-fdd866750bf4	12	87643325	87702659	20	-0.0662
8f96eddc-fd74-4bca-9539-fdd866750bf4	12	87706011	87745731	15	2.5107
8f96eddc-fd74-4bca-9539-fdd866750bf4	12	87750691	87757000	3	-0.1761
8f96eddc-fd74-4bca-9539-fdd866750bf4	12	87758012	87792685	20	3.6693
8f96eddc-fd74-4bca-9539-fdd866750bf4	12	87798121	88036416	142	2.7907
8f96eddc-fd74-4bca-9539-fdd866750bf4	12	88048669	88054551	7	0.1166
8f96eddc-fd74-4bca-9539-fdd866750bf4	12	88059394	88171070	60	3.0011
8f96eddc-fd74-4bca-9539-fdd866750bf4	12	88171782	88227682	18	3.7914
8f96eddc-fd74-4bca-9539-fdd866750bf4	12	88230984	88396248	94	2.9511
8f96eddc-fd74-4bca-9539-fdd866750bf4	12	88396367	88658977	179	3.4532
8f96eddc-fd74-4bca-9539-fdd866750bf4	12	88666790	88866249	104	2.9437
8f96eddc-fd74-4bca-9539-fdd866750bf4	12	88867687	89077626	121	3.2917
8f96eddc-fd74-4bca-9539-fdd866750bf4	12	89078067	89528454	254	2.8391
8f96eddc-fd74-4bca-9539-fdd866750bf4	12	89529599	90170268	379	-0.0884
8f96eddc-fd74-4bca-9539-fdd866750bf4	12	90194967	90306162	74	1.9221
8f96eddc-fd74-4bca-9539-fdd866750bf4	12	90306962	90516323	136	3.1755
8f96eddc-fd74-4bca-9539-fdd866750bf4	12	90516738	90711688	101	1.9691
8f96eddc-fd74-4bca-9539-fdd866750bf4	12	90712568	90873875	130	-0.0026
8f96eddc-fd74-4bca-9539-fdd866750bf4	12	90884108	90987908	69	2.609
8f96eddc-fd74-4bca-9539-fdd866750bf4	12	90989583	95704679	3206	-0.0393
8f96eddc-fd74-4bca-9539-fdd866750bf4	12	95709451	95866635	102	2.7277
8f96eddc-fd74-4bca-9539-fdd866750bf4	12	95867169	96093567	153	-0.0547
8f96eddc-fd74-4bca-9539-fdd866750bf4	12	96093764	96395533	170	2.8472
8f96eddc-fd74-4bca-9539-fdd866750bf4	12	96407812	96824025	282	-0.0347
8f96eddc-fd74-4bca-9539-fdd866750bf4	12	96828875	96883688	42	2.8973
8f96eddc-fd74-4bca-9539-fdd866750bf4	12	96887628	97116190	144	-0.0329
8f96eddc-fd74-4bca-9539-fdd866750bf4	12	97117284	97122106	6	2.9754
8f96eddc-fd74-4bca-9539-fdd866750bf4	12	97124756	97133982	12	-0.0107
8f96eddc-fd74-4bca-9539-fdd866750bf4	12	97135983	97153189	19	2.6802
8f96eddc-fd74-4bca-9539-fdd866750bf4	12	97156407	100274116	1982	-0.039
8f96eddc-fd74-4bca-9539-fdd866750bf4	12	100279463	100429640	65	3.1983
8f96eddc-fd74-4bca-9539-fdd866750bf4	12	100431824	103102128	1659	-0.0351
8f96eddc-fd74-4bca-9539-fdd866750bf4	12	103110133	103207313	49	2.9599
8f96eddc-fd74-4bca-9539-fdd866750bf4	12	103210986	103218527	6	0.047
8f96eddc-fd74-4bca-9539-fdd866750bf4	12	103220670	103280176	38	2.2947
8f96eddc-fd74-4bca-9539-fdd866750bf4	12	103282847	105033860	1250	-0.0108
8f96eddc-fd74-4bca-9539-fdd866750bf4	12	105041789	105058159	14	2.9786
8f96eddc-fd74-4bca-9539-fdd866750bf4	12	105060299	106804512	1329	-0.0024
8f96eddc-fd74-4bca-9539-fdd866750bf4	12	106809209	106854377	26	2.8276
8f96eddc-fd74-4bca-9539-fdd866750bf4	12	106859705	111684066	2600	0.0061
8f96eddc-fd74-4bca-9539-fdd866750bf4	12	111700274	111709315	8	1.645
8f96eddc-fd74-4bca-9539-fdd866750bf4	12	111714359	116371340	2992	0.0018
8f96eddc-fd74-4bca-9539-fdd866750bf4	12	116371395	116438467	52	1.9925
8f96eddc-fd74-4bca-9539-fdd866750bf4	12	116441551	116446008	4	0.1528
8f96eddc-fd74-4bca-9539-fdd866750bf4	12	116446984	116609095	108	1.8799
8f96eddc-fd74-4bca-9539-fdd866750bf4	12	116613231	120325034	2308	0.0112
8f96eddc-fd74-4bca-9539-fdd866750bf4	12	120329864	120331854	2	2.0496
8f96eddc-fd74-4bca-9539-fdd866750bf4	12	120333256	132605822	5763	0.0179
8f96eddc-fd74-4bca-9539-fdd866750bf4	13	18874255	55117802	21675	-0.1319
8f96eddc-fd74-4bca-9539-fdd866750bf4	13	55117815	95749095	23216	-0.1631
8f96eddc-fd74-4bca-9539-fdd866750bf4	13	95751582	101348464	3538	-0.1213
8f96eddc-fd74-4bca-9539-fdd866750bf4	13	101348594	106642940	3684	-0.1625
8f96eddc-fd74-4bca-9539-fdd866750bf4	13	106643062	114226675	4820	-0.1192
8f96eddc-fd74-4bca-9539-fdd866750bf4	14	20033191	39619861	10789	-0.247
8f96eddc-fd74-4bca-9539-fdd866750bf4	14	39619966	47507076	3328	-0.2889
8f96eddc-fd74-4bca-9539-fdd866750bf4	14	47507876	57568228	6377	-0.2521
8f96eddc-fd74-4bca-9539-fdd866750bf4	14	57568977	57568992	2	-2.5717
8f96eddc-fd74-4bca-9539-fdd866750bf4	14	57570316	81187434	14534	-0.2357
8f96eddc-fd74-4bca-9539-fdd866750bf4	14	81188180	85963694	3124	-0.0292
8f96eddc-fd74-4bca-9539-fdd866750bf4	14	85965525	105533894	11584	0.0059
8f96eddc-fd74-4bca-9539-fdd866750bf4	15	23437561	101344124	44709	-0.3552
8f96eddc-fd74-4bca-9539-fdd866750bf4	16	603333	51631452	17071	-0.1935
8f96eddc-fd74-4bca-9539-fdd866750bf4	16	51631933	65258557	9159	-0.2356
8f96eddc-fd74-4bca-9539-fdd866750bf4	16	65259079	89317317	14905	-0.2028
8f96eddc-fd74-4bca-9539-fdd866750bf4	17	1074619	56621685	23638	-0.205
8f96eddc-fd74-4bca-9539-fdd866750bf4	17	56621735	56623330	2	-1.9567
8f96eddc-fd74-4bca-9539-fdd866750bf4	17	56623371	82959812	13597	-0.2109
8f96eddc-fd74-4bca-9539-fdd866750bf4	18	326691	26439183	11351	-0.3519
8f96eddc-fd74-4bca-9539-fdd866750bf4	18	26440101	76617704	29879	-0.3933
8f96eddc-fd74-4bca-9539-fdd866750bf4	18	76618715	79349796	1661	-0.3485
8f96eddc-fd74-4bca-9539-fdd866750bf4	19	283868	657666	69	0.1569
8f96eddc-fd74-4bca-9539-fdd866750bf4	19	665896	22814505	8372	-0.1646
8f96eddc-fd74-4bca-9539-fdd866750bf4	19	22820936	22839909	17	0.4846
8f96eddc-fd74-4bca-9539-fdd866750bf4	19	22841996	28048082	793	-0.1806
8f96eddc-fd74-4bca-9539-fdd866750bf4	19	28048374	28065377	13	2.8103
8f96eddc-fd74-4bca-9539-fdd866750bf4	19	28065738	28297565	203	-0.1849
8f96eddc-fd74-4bca-9539-fdd866750bf4	19	28299092	28804682	357	2.7016
8f96eddc-fd74-4bca-9539-fdd866750bf4	19	28808537	29254095	381	2.358
8f96eddc-fd74-4bca-9539-fdd866750bf4	19	29259513	29754675	403	-0.1965
8f96eddc-fd74-4bca-9539-fdd866750bf4	19	29757158	30886355	804	2.8926
8f96eddc-fd74-4bca-9539-fdd866750bf4	19	30888202	30889699	5	0.02
8f96eddc-fd74-4bca-9539-fdd866750bf4	19	30890379	31343648	322	2.9577
8f96eddc-fd74-4bca-9539-fdd866750bf4	19	31356806	31658495	250	-0.2206
8f96eddc-fd74-4bca-9539-fdd866750bf4	19	31663751	31679667	17	2.6967
8f96eddc-fd74-4bca-9539-fdd866750bf4	19	31767055	31809192	34	-0.197
8f96eddc-fd74-4bca-9539-fdd866750bf4	19	31815617	31818859	5	3.388
8f96eddc-fd74-4bca-9539-fdd866750bf4	19	31822693	31900141	73	-0.259
8f96eddc-fd74-4bca-9539-fdd866750bf4	19	31902179	31917986	12	2.8412
8f96eddc-fd74-4bca-9539-fdd866750bf4	19	31919015	32036735	106	-0.2194
8f96eddc-fd74-4bca-9539-fdd866750bf4	19	32038828	32088027	44	2.4594
8f96eddc-fd74-4bca-9539-fdd866750bf4	19	32088510	37389847	3017	-0.1819
8f96eddc-fd74-4bca-9539-fdd866750bf4	19	37402398	37442271	21	3.065
8f96eddc-fd74-4bca-9539-fdd866750bf4	19	37444717	37514259	35	-0.123
8f96eddc-fd74-4bca-9539-fdd866750bf4	19	37526680	37760216	111	2.2362
8f96eddc-fd74-4bca-9539-fdd866750bf4	19	37774726	58370362	8660	-0.1751
8f96eddc-fd74-4bca-9539-fdd866750bf4	20	472817	3613383	2030	-0.7009
8f96eddc-fd74-4bca-9539-fdd866750bf4	20	3615842	3639124	17	0.5288
8f96eddc-fd74-4bca-9539-fdd866750bf4	20	3644410	3670622	25	-0.1814
8f96eddc-fd74-4bca-9539-fdd866750bf4	20	3685608	6716123	1779	-0.7032
8f96eddc-fd74-4bca-9539-fdd866750bf4	20	6718948	6745568	37	0.2748
8f96eddc-fd74-4bca-9539-fdd866750bf4	20	6748565	8104424	835	-0.7466
8f96eddc-fd74-4bca-9539-fdd866750bf4	20	8104743	8720150	105	-0.1691
8f96eddc-fd74-4bca-9539-fdd866750bf4	20	8724789	18331282	6908	-0.7378
8f96eddc-fd74-4bca-9539-fdd866750bf4	20	18338753	18384453	30	0.2188
8f96eddc-fd74-4bca-9539-fdd866750bf4	20	18387706	20383114	1655	-0.7614
8f96eddc-fd74-4bca-9539-fdd866750bf4	20	20389785	63588502	24041	0.0362
8f96eddc-fd74-4bca-9539-fdd866750bf4	21	13974127	30335186	10593	-0.0087
8f96eddc-fd74-4bca-9539-fdd866750bf4	21	30336010	33941278	2187	0.0348
8f96eddc-fd74-4bca-9539-fdd866750bf4	21	33941413	34033783	81	-0.8908
8f96eddc-fd74-4bca-9539-fdd866750bf4	21	34034788	34063220	27	0.0587
8f96eddc-fd74-4bca-9539-fdd866750bf4	21	34066765	34105917	29	-0.8811
8f96eddc-fd74-4bca-9539-fdd866750bf4	21	34107235	34113938	27	-0.542
8f96eddc-fd74-4bca-9539-fdd866750bf4	21	34116452	34343418	152	-0.9963
8f96eddc-fd74-4bca-9539-fdd866750bf4	21	34344052	46262057	7486	0.0399
8f96eddc-fd74-4bca-9539-fdd866750bf4	22	16934932	17135620	131	-0.2578
8f96eddc-fd74-4bca-9539-fdd866750bf4	22	17163241	17240705	42	0.444
8f96eddc-fd74-4bca-9539-fdd866750bf4	22	17241134	17259149	8	-0.1966
8f96eddc-fd74-4bca-9539-fdd866750bf4	22	17261625	17315637	43	0.3889
8f96eddc-fd74-4bca-9539-fdd866750bf4	22	17316081	17351252	25	-0.1904
8f96eddc-fd74-4bca-9539-fdd866750bf4	22	17359520	17560459	133	0.4437
8f96eddc-fd74-4bca-9539-fdd866750bf4	22	17566147	17608321	14	-0.1119
8f96eddc-fd74-4bca-9539-fdd866750bf4	22	17610798	17812364	122	-0.304
8f96eddc-fd74-4bca-9539-fdd866750bf4	22	17815761	17912475	72	-0.9272
8f96eddc-fd74-4bca-9539-fdd866750bf4	22	17915441	18016541	71	-0.2585
8f96eddc-fd74-4bca-9539-fdd866750bf4	22	18022317	21741482	107	0.4463
8f96eddc-fd74-4bca-9539-fdd866750bf4	22	21742513	21939017	92	0.8205
8f96eddc-fd74-4bca-9539-fdd866750bf4	22	21949041	24968461	625	0.3674
8f96eddc-fd74-4bca-9539-fdd866750bf4	22	24968626	27244892	1836	0.0865
8f96eddc-fd74-4bca-9539-fdd866750bf4	22	27247702	27742041	500	0.6619
8f96eddc-fd74-4bca-9539-fdd866750bf4	22	27747434	27818259	49	0.0434
8f96eddc-fd74-4bca-9539-fdd866750bf4	22	27821177	28153304	189	0.6359
8f96eddc-fd74-4bca-9539-fdd866750bf4	22	28155308	29006632	438	0.0968
8f96eddc-fd74-4bca-9539-fdd866750bf4	22	29006844	29041001	27	0.4289
8f96eddc-fd74-4bca-9539-fdd866750bf4	22	29043213	39720573	6577	-0.3258
8f96eddc-fd74-4bca-9539-fdd866750bf4	22	39725129	39736086	8	0.9771
8f96eddc-fd74-4bca-9539-fdd866750bf4	22	39738489	39792370	24	-0.3088
8f96eddc-fd74-4bca-9539-fdd866750bf4	22	39795240	39822758	17	0.503
8f96eddc-fd74-4bca-9539-fdd866750bf4	22	39823706	40310632	210	-0.4007
8f96eddc-fd74-4bca-9539-fdd866750bf4	22	40311300	40313699	4	2.1636
8f96eddc-fd74-4bca-9539-fdd866750bf4	22	40321447	40390482	33	-0.2969
8f96eddc-fd74-4bca-9539-fdd866750bf4	22	40419868	40431062	6	0.5964
8f96eddc-fd74-4bca-9539-fdd866750bf4	22	40436132	40996013	249	-0.3142
8f96eddc-fd74-4bca-9539-fdd866750bf4	22	40996588	41049427	33	0.5902
8f96eddc-fd74-4bca-9539-fdd866750bf4	22	41066952	41143954	102	-0.2317
8f96eddc-fd74-4bca-9539-fdd866750bf4	22	41144151	41144658	2	0.809
8f96eddc-fd74-4bca-9539-fdd866750bf4	22	41144744	41630413	294	-0.2728
8f96eddc-fd74-4bca-9539-fdd866750bf4	22	41635949	41743712	51	0.3333
8f96eddc-fd74-4bca-9539-fdd866750bf4	22	41746302	44387021	1628	-0.3308
8f96eddc-fd74-4bca-9539-fdd866750bf4	22	44387325	44437121	30	1.4444
8f96eddc-fd74-4bca-9539-fdd866750bf4	22	44449749	44464809	21	-0.3534
8f96eddc-fd74-4bca-9539-fdd866750bf4	22	44465312	44476382	4	1.5523
8f96eddc-fd74-4bca-9539-fdd866750bf4	22	44481492	44495716	18	0.3786
8f96eddc-fd74-4bca-9539-fdd866750bf4	22	44496255	47811569	2212	-0.3416
8f96eddc-fd74-4bca-9539-fdd866750bf4	22	47813104	47844831	20	0.2416
8f96eddc-fd74-4bca-9539-fdd866750bf4	22	47846536	48611619	749	-0.3303
8f96eddc-fd74-4bca-9539-fdd866750bf4	22	48614468	48733728	100	0.112
8f96eddc-fd74-4bca-9539-fdd866750bf4	22	48734154	48914655	118	0.6818
8f96eddc-fd74-4bca-9539-fdd866750bf4	22	48915336	48940621	20	0.0238
8f96eddc-fd74-4bca-9539-fdd866750bf4	X	3236359	9918154	1758	0.0622
8f96eddc-fd74-4bca-9539-fdd866750bf4	X	9920139	9920202	2	2.1579
8f96eddc-fd74-4bca-9539-fdd866750bf4	X	9920343	27507550	8938	0.0167
8f96eddc-fd74-4bca-9539-fdd866750bf4	X	27508397	37353338	4524	-0.0408
8f96eddc-fd74-4bca-9539-fdd866750bf4	X	37354076	76521428	13599	0.0125
8f96eddc-fd74-4bca-9539-fdd866750bf4	X	76525860	117321222	17481	-0.0231
8f96eddc-fd74-4bca-9539-fdd866750bf4	X	117329400	155677414	17557	0.0135
