GDC_Aliquot	Chromosome	Start	End	Num_Probes	Segment_Mean
3b2dc5c2-f7ae-461c-ac26-7a45de2258da	1	3301765	24694728	11961	0.0322
3b2dc5c2-f7ae-461c-ac26-7a45de2258da	1	24694981	28616833	1571	-0.0113
3b2dc5c2-f7ae-461c-ac26-7a45de2258da	1	28620941	40049747	6186	0.0309
3b2dc5c2-f7ae-461c-ac26-7a45de2258da	1	40051266	40210290	93	-0.1471
3b2dc5c2-f7ae-461c-ac26-7a45de2258da	1	40214177	55229608	8011	0.0292
3b2dc5c2-f7ae-461c-ac26-7a45de2258da	1	55229862	64459577	6773	0.0542
3b2dc5c2-f7ae-461c-ac26-7a45de2258da	1	64460208	168895926	45239	0.0242
3b2dc5c2-f7ae-461c-ac26-7a45de2258da	1	168896238	170620296	1274	0.3784
3b2dc5c2-f7ae-461c-ac26-7a45de2258da	1	170622259	175203803	2708	0.0207
3b2dc5c2-f7ae-461c-ac26-7a45de2258da	1	175204480	184493847	5926	0.0433
3b2dc5c2-f7ae-461c-ac26-7a45de2258da	1	184494728	188972946	2710	0.0036
3b2dc5c2-f7ae-461c-ac26-7a45de2258da	1	188975655	189129685	119	0.8953
3b2dc5c2-f7ae-461c-ac26-7a45de2258da	1	189129888	189162715	13	0.4979
3b2dc5c2-f7ae-461c-ac26-7a45de2258da	1	189167111	189577840	59	0.3675
3b2dc5c2-f7ae-461c-ac26-7a45de2258da	1	189577858	199168602	5597	-0.0131
3b2dc5c2-f7ae-461c-ac26-7a45de2258da	1	199169845	234221956	22961	0.0365
3b2dc5c2-f7ae-461c-ac26-7a45de2258da	1	234222470	247650984	8495	0.0138
3b2dc5c2-f7ae-461c-ac26-7a45de2258da	2	480597	9699407	5707	0.0382
3b2dc5c2-f7ae-461c-ac26-7a45de2258da	2	9704829	9709399	7	-0.7272
3b2dc5c2-f7ae-461c-ac26-7a45de2258da	2	9710209	34214096	14951	0.0372
3b2dc5c2-f7ae-461c-ac26-7a45de2258da	2	34215021	104097723	34590	0.0213
3b2dc5c2-f7ae-461c-ac26-7a45de2258da	2	104098407	140182812	18187	0.0425
3b2dc5c2-f7ae-461c-ac26-7a45de2258da	2	140183841	210729214	39853	0.0136
3b2dc5c2-f7ae-461c-ac26-7a45de2258da	2	210769563	211049038	175	-0.5515
3b2dc5c2-f7ae-461c-ac26-7a45de2258da	2	211052953	241537572	18679	0.0288
3b2dc5c2-f7ae-461c-ac26-7a45de2258da	3	2170634	108877655	59378	-0.5289
3b2dc5c2-f7ae-461c-ac26-7a45de2258da	3	108877854	109659526	166	0.0398
3b2dc5c2-f7ae-461c-ac26-7a45de2258da	3	109660607	109909644	132	-0.5099
3b2dc5c2-f7ae-461c-ac26-7a45de2258da	3	109921000	110391126	286	0.0039
3b2dc5c2-f7ae-461c-ac26-7a45de2258da	3	110393946	119962834	5933	-0.5344
3b2dc5c2-f7ae-461c-ac26-7a45de2258da	3	119973513	122462414	1194	0.0325
3b2dc5c2-f7ae-461c-ac26-7a45de2258da	3	122467341	122474987	5	-0.4321
3b2dc5c2-f7ae-461c-ac26-7a45de2258da	3	122479137	122481721	4	0.051
3b2dc5c2-f7ae-461c-ac26-7a45de2258da	3	122485290	122515768	13	-0.5222
3b2dc5c2-f7ae-461c-ac26-7a45de2258da	3	122522423	122769353	159	-0.0039
3b2dc5c2-f7ae-461c-ac26-7a45de2258da	3	122770267	123597089	527	-0.4968
3b2dc5c2-f7ae-461c-ac26-7a45de2258da	3	123597862	124165316	313	0.0003
3b2dc5c2-f7ae-461c-ac26-7a45de2258da	3	124170602	125887674	1097	-0.5134
3b2dc5c2-f7ae-461c-ac26-7a45de2258da	3	125888071	126014114	57	0.0019
3b2dc5c2-f7ae-461c-ac26-7a45de2258da	3	126014238	126024269	6	-0.6561
3b2dc5c2-f7ae-461c-ac26-7a45de2258da	3	126025133	126288215	200	0.0804
3b2dc5c2-f7ae-461c-ac26-7a45de2258da	3	126288281	126363710	51	-0.418
3b2dc5c2-f7ae-461c-ac26-7a45de2258da	3	126364191	129929748	1872	0.033
3b2dc5c2-f7ae-461c-ac26-7a45de2258da	3	129931231	130312385	146	-0.5504
3b2dc5c2-f7ae-461c-ac26-7a45de2258da	3	130314873	132842917	1595	0.037
3b2dc5c2-f7ae-461c-ac26-7a45de2258da	3	132843611	132941805	70	-0.4911
3b2dc5c2-f7ae-461c-ac26-7a45de2258da	3	132942446	132976346	39	-0.0364
3b2dc5c2-f7ae-461c-ac26-7a45de2258da	3	132982618	133006095	9	-0.6041
3b2dc5c2-f7ae-461c-ac26-7a45de2258da	3	133006519	133094253	77	-0.0391
3b2dc5c2-f7ae-461c-ac26-7a45de2258da	3	133095293	133909663	539	-0.4976
3b2dc5c2-f7ae-461c-ac26-7a45de2258da	3	133910268	134129167	144	0.0172
3b2dc5c2-f7ae-461c-ac26-7a45de2258da	3	134131757	134154258	12	-0.6384
3b2dc5c2-f7ae-461c-ac26-7a45de2258da	3	134163307	137527662	1807	0.0419
3b2dc5c2-f7ae-461c-ac26-7a45de2258da	3	137531202	137543199	9	0.7031
3b2dc5c2-f7ae-461c-ac26-7a45de2258da	3	137549385	143115888	2995	0.0462
3b2dc5c2-f7ae-461c-ac26-7a45de2258da	3	143122223	145761336	1385	-0.5632
3b2dc5c2-f7ae-461c-ac26-7a45de2258da	3	145767368	147341150	649	0.0202
3b2dc5c2-f7ae-461c-ac26-7a45de2258da	3	147341547	147382011	13	0.3485
3b2dc5c2-f7ae-461c-ac26-7a45de2258da	3	147384096	197812401	26125	-0.5337
3b2dc5c2-f7ae-461c-ac26-7a45de2258da	4	1059384	2026183	309	0.3226
3b2dc5c2-f7ae-461c-ac26-7a45de2258da	4	2026835	2244686	89	0.757
3b2dc5c2-f7ae-461c-ac26-7a45de2258da	4	2246106	2466527	103	0.3493
3b2dc5c2-f7ae-461c-ac26-7a45de2258da	4	2467872	2697138	81	0.4813
3b2dc5c2-f7ae-461c-ac26-7a45de2258da	4	2697642	4381053	709	0.3345
3b2dc5c2-f7ae-461c-ac26-7a45de2258da	4	4384533	5269378	660	0.8145
3b2dc5c2-f7ae-461c-ac26-7a45de2258da	4	5271243	20271828	9958	0.046
3b2dc5c2-f7ae-461c-ac26-7a45de2258da	4	20272692	20330408	27	0.5624
3b2dc5c2-f7ae-461c-ac26-7a45de2258da	4	20331129	26048425	3818	0.0497
3b2dc5c2-f7ae-461c-ac26-7a45de2258da	4	26049084	52225294	12824	0.0127
3b2dc5c2-f7ae-461c-ac26-7a45de2258da	4	52225457	56440301	2776	0.0505
3b2dc5c2-f7ae-461c-ac26-7a45de2258da	4	56440629	164344347	60076	0.0095
3b2dc5c2-f7ae-461c-ac26-7a45de2258da	4	164345318	166234898	898	0.0833
3b2dc5c2-f7ae-461c-ac26-7a45de2258da	4	166271485	167119796	447	-0.0908
3b2dc5c2-f7ae-461c-ac26-7a45de2258da	4	167129289	176072721	4859	-0.0022
3b2dc5c2-f7ae-461c-ac26-7a45de2258da	4	176074978	177564857	977	-0.0806
3b2dc5c2-f7ae-461c-ac26-7a45de2258da	4	177565452	179532258	843	-0.0103
3b2dc5c2-f7ae-461c-ac26-7a45de2258da	4	179534559	184580916	2430	0.044
3b2dc5c2-f7ae-461c-ac26-7a45de2258da	4	184584525	187842528	1572	-0.0337
3b2dc5c2-f7ae-461c-ac26-7a45de2258da	5	914118	2143005	295	-0.4559
3b2dc5c2-f7ae-461c-ac26-7a45de2258da	5	2143448	15029722	9510	0.0496
3b2dc5c2-f7ae-461c-ac26-7a45de2258da	5	15030554	29076963	6940	0.0096
3b2dc5c2-f7ae-461c-ac26-7a45de2258da	5	29077282	38884238	5881	0.0501
3b2dc5c2-f7ae-461c-ac26-7a45de2258da	5	38887160	83924249	22275	0.0264
3b2dc5c2-f7ae-461c-ac26-7a45de2258da	5	83925001	90026867	3062	-0.0122
3b2dc5c2-f7ae-461c-ac26-7a45de2258da	5	90028262	135646132	25229	0.0219
3b2dc5c2-f7ae-461c-ac26-7a45de2258da	5	135647894	137463160	1292	0.0715
3b2dc5c2-f7ae-461c-ac26-7a45de2258da	5	137466858	151409612	8243	0.0233
3b2dc5c2-f7ae-461c-ac26-7a45de2258da	5	151409671	180934240	18342	0.0383
3b2dc5c2-f7ae-461c-ac26-7a45de2258da	6	1011760	25926542	17487	0.0325
3b2dc5c2-f7ae-461c-ac26-7a45de2258da	6	25928148	26334598	223	-0.0896
3b2dc5c2-f7ae-461c-ac26-7a45de2258da	6	26340557	39986420	5905	0.0219
3b2dc5c2-f7ae-461c-ac26-7a45de2258da	6	39986438	40551055	473	0.1028
3b2dc5c2-f7ae-461c-ac26-7a45de2258da	6	40551090	56453187	9627	0.0269
3b2dc5c2-f7ae-461c-ac26-7a45de2258da	6	56456142	69523737	4681	-0.0051
3b2dc5c2-f7ae-461c-ac26-7a45de2258da	6	69527744	74713183	3092	0.0263
3b2dc5c2-f7ae-461c-ac26-7a45de2258da	6	74723145	74915166	126	0.7607
3b2dc5c2-f7ae-461c-ac26-7a45de2258da	6	74915278	75213889	197	1.0897
3b2dc5c2-f7ae-461c-ac26-7a45de2258da	6	75214843	76330763	591	0.7602
3b2dc5c2-f7ae-461c-ac26-7a45de2258da	6	76340107	76448435	54	-0.0041
3b2dc5c2-f7ae-461c-ac26-7a45de2258da	6	76452054	76504332	39	0.9563
3b2dc5c2-f7ae-461c-ac26-7a45de2258da	6	76517558	76624255	55	-0.065
3b2dc5c2-f7ae-461c-ac26-7a45de2258da	6	76627766	76650368	10	0.2527
3b2dc5c2-f7ae-461c-ac26-7a45de2258da	6	76651060	76660336	10	-0.0701
3b2dc5c2-f7ae-461c-ac26-7a45de2258da	6	76667089	76817118	86	0.9165
3b2dc5c2-f7ae-461c-ac26-7a45de2258da	6	76818932	76824016	5	-0.0951
3b2dc5c2-f7ae-461c-ac26-7a45de2258da	6	76827770	76870296	30	0.8993
3b2dc5c2-f7ae-461c-ac26-7a45de2258da	6	76872495	77034494	96	0.0061
3b2dc5c2-f7ae-461c-ac26-7a45de2258da	6	77036540	77053019	19	0.9003
3b2dc5c2-f7ae-461c-ac26-7a45de2258da	6	77056486	77654833	367	0.0105
3b2dc5c2-f7ae-461c-ac26-7a45de2258da	6	77656105	77712642	28	0.3501
3b2dc5c2-f7ae-461c-ac26-7a45de2258da	6	77716922	77790162	39	-0.1032
3b2dc5c2-f7ae-461c-ac26-7a45de2258da	6	77790785	78101996	187	0.2683
3b2dc5c2-f7ae-461c-ac26-7a45de2258da	6	78102130	78563284	177	0.7417
3b2dc5c2-f7ae-461c-ac26-7a45de2258da	6	78566564	78787014	132	0.0181
3b2dc5c2-f7ae-461c-ac26-7a45de2258da	6	78822498	78898645	47	0.9672
3b2dc5c2-f7ae-461c-ac26-7a45de2258da	6	78904046	79037174	54	0.028
3b2dc5c2-f7ae-461c-ac26-7a45de2258da	6	79042865	79085421	21	0.9774
3b2dc5c2-f7ae-461c-ac26-7a45de2258da	6	79088355	81487737	1331	0.0248
3b2dc5c2-f7ae-461c-ac26-7a45de2258da	6	81491737	85422679	2308	1.0871
3b2dc5c2-f7ae-461c-ac26-7a45de2258da	6	85426715	91088981	3354	0.9551
3b2dc5c2-f7ae-461c-ac26-7a45de2258da	6	91089538	91090741	4	-0.8463
3b2dc5c2-f7ae-461c-ac26-7a45de2258da	6	91091858	92478853	758	0.9539
3b2dc5c2-f7ae-461c-ac26-7a45de2258da	6	92480916	92656231	91	0.7772
3b2dc5c2-f7ae-461c-ac26-7a45de2258da	6	92659937	95740036	1001	1.5655
3b2dc5c2-f7ae-461c-ac26-7a45de2258da	6	95742177	96498826	452	1.4002
3b2dc5c2-f7ae-461c-ac26-7a45de2258da	6	96504687	97135694	397	1.5465
3b2dc5c2-f7ae-461c-ac26-7a45de2258da	6	97136260	97152129	9	2.3452
3b2dc5c2-f7ae-461c-ac26-7a45de2258da	6	97153322	97174732	11	1.7347
3b2dc5c2-f7ae-461c-ac26-7a45de2258da	6	97175980	97190267	7	2.3456
3b2dc5c2-f7ae-461c-ac26-7a45de2258da	6	97192398	98477328	669	1.6168
3b2dc5c2-f7ae-461c-ac26-7a45de2258da	6	98477415	98655807	148	1.4171
3b2dc5c2-f7ae-461c-ac26-7a45de2258da	6	98657136	98815301	114	1.5661
3b2dc5c2-f7ae-461c-ac26-7a45de2258da	6	98815383	99216524	275	1.7741
3b2dc5c2-f7ae-461c-ac26-7a45de2258da	6	99217090	99620050	268	1.4806
3b2dc5c2-f7ae-461c-ac26-7a45de2258da	6	99620730	99684380	58	1.2536
3b2dc5c2-f7ae-461c-ac26-7a45de2258da	6	99684437	100154042	278	1.348
3b2dc5c2-f7ae-461c-ac26-7a45de2258da	6	100160136	100305362	101	1.5049
3b2dc5c2-f7ae-461c-ac26-7a45de2258da	6	100307151	101253722	457	1.1557
3b2dc5c2-f7ae-461c-ac26-7a45de2258da	6	101260081	101303828	40	1.4819
3b2dc5c2-f7ae-461c-ac26-7a45de2258da	6	101306573	101376785	46	1.1063
3b2dc5c2-f7ae-461c-ac26-7a45de2258da	6	101379929	101513295	94	1.833
3b2dc5c2-f7ae-461c-ac26-7a45de2258da	6	101515253	103912933	1325	1.4765
3b2dc5c2-f7ae-461c-ac26-7a45de2258da	6	103913191	104852695	491	1.1295
3b2dc5c2-f7ae-461c-ac26-7a45de2258da	6	104856116	107474863	1600	1.2761
3b2dc5c2-f7ae-461c-ac26-7a45de2258da	6	107475649	107685995	158	1.4663
3b2dc5c2-f7ae-461c-ac26-7a45de2258da	6	107686530	109400025	1043	1.5261
3b2dc5c2-f7ae-461c-ac26-7a45de2258da	6	109400133	112085021	1610	1.6959
3b2dc5c2-f7ae-461c-ac26-7a45de2258da	6	112089798	112140771	50	1.5129
3b2dc5c2-f7ae-461c-ac26-7a45de2258da	6	112142962	112913892	491	1.4269
3b2dc5c2-f7ae-461c-ac26-7a45de2258da	6	112921459	113807546	601	1.1913
3b2dc5c2-f7ae-461c-ac26-7a45de2258da	6	113808398	115581113	869	1.3435
3b2dc5c2-f7ae-461c-ac26-7a45de2258da	6	115581216	116991660	860	1.0483
3b2dc5c2-f7ae-461c-ac26-7a45de2258da	6	116991941	117165209	96	0.855
3b2dc5c2-f7ae-461c-ac26-7a45de2258da	6	117167594	117669599	272	1.0321
3b2dc5c2-f7ae-461c-ac26-7a45de2258da	6	117672168	118183360	297	0.7001
3b2dc5c2-f7ae-461c-ac26-7a45de2258da	6	118183373	120493241	995	0.3928
3b2dc5c2-f7ae-461c-ac26-7a45de2258da	6	120494416	120579945	73	0.6851
3b2dc5c2-f7ae-461c-ac26-7a45de2258da	6	120580480	121887340	676	0.3904
3b2dc5c2-f7ae-461c-ac26-7a45de2258da	6	121888378	121894727	6	-0.2725
3b2dc5c2-f7ae-461c-ac26-7a45de2258da	6	121896470	121907584	10	0.2958
3b2dc5c2-f7ae-461c-ac26-7a45de2258da	6	121908990	122227270	180	-0.4218
3b2dc5c2-f7ae-461c-ac26-7a45de2258da	6	122238765	123455748	663	0.371
3b2dc5c2-f7ae-461c-ac26-7a45de2258da	6	123478344	123489587	12	0.7624
3b2dc5c2-f7ae-461c-ac26-7a45de2258da	6	123490574	123600704	61	0.353
3b2dc5c2-f7ae-461c-ac26-7a45de2258da	6	123601521	123620042	16	0.678
3b2dc5c2-f7ae-461c-ac26-7a45de2258da	6	123620324	123881567	175	0.3932
3b2dc5c2-f7ae-461c-ac26-7a45de2258da	6	123886187	123945937	76	1.1035
3b2dc5c2-f7ae-461c-ac26-7a45de2258da	6	124033622	124529546	316	0.3617
3b2dc5c2-f7ae-461c-ac26-7a45de2258da	6	124531397	124536127	4	1.1014
3b2dc5c2-f7ae-461c-ac26-7a45de2258da	6	124536845	125816603	876	0.4094
3b2dc5c2-f7ae-461c-ac26-7a45de2258da	6	125816778	125999950	97	0.635
3b2dc5c2-f7ae-461c-ac26-7a45de2258da	6	126003070	126077054	30	0.9732
3b2dc5c2-f7ae-461c-ac26-7a45de2258da	6	126081272	126133007	40	0.7107
3b2dc5c2-f7ae-461c-ac26-7a45de2258da	6	126143475	126151245	5	-0.0282
3b2dc5c2-f7ae-461c-ac26-7a45de2258da	6	126152984	126582074	193	0.7001
3b2dc5c2-f7ae-461c-ac26-7a45de2258da	6	126584488	126799501	92	1.1653
3b2dc5c2-f7ae-461c-ac26-7a45de2258da	6	126799708	127519762	396	1.0726
3b2dc5c2-f7ae-461c-ac26-7a45de2258da	6	127520020	130035463	1648	1.1871
3b2dc5c2-f7ae-461c-ac26-7a45de2258da	6	130035595	130353840	222	1.3868
3b2dc5c2-f7ae-461c-ac26-7a45de2258da	6	130354439	130926981	401	1.5501
3b2dc5c2-f7ae-461c-ac26-7a45de2258da	6	130928536	131819464	524	1.3993
3b2dc5c2-f7ae-461c-ac26-7a45de2258da	6	131823148	132878812	766	1.1642
3b2dc5c2-f7ae-461c-ac26-7a45de2258da	6	132878930	133242316	219	1.4209
3b2dc5c2-f7ae-461c-ac26-7a45de2258da	6	133247351	133364160	103	1.2532
3b2dc5c2-f7ae-461c-ac26-7a45de2258da	6	133368788	134209109	557	1.4351
3b2dc5c2-f7ae-461c-ac26-7a45de2258da	6	134214021	134778789	403	1.1581
3b2dc5c2-f7ae-461c-ac26-7a45de2258da	6	134780050	135022100	138	1.451
3b2dc5c2-f7ae-461c-ac26-7a45de2258da	6	135028432	135089039	35	1.2093
3b2dc5c2-f7ae-461c-ac26-7a45de2258da	6	135092086	135742608	472	1.5276
3b2dc5c2-f7ae-461c-ac26-7a45de2258da	6	135742744	136221394	378	1.4164
3b2dc5c2-f7ae-461c-ac26-7a45de2258da	6	136225196	136230796	5	0.6189
3b2dc5c2-f7ae-461c-ac26-7a45de2258da	6	136232615	136300894	36	1.0228
3b2dc5c2-f7ae-461c-ac26-7a45de2258da	6	136303512	136357346	31	1.292
3b2dc5c2-f7ae-461c-ac26-7a45de2258da	6	136364536	136427049	44	1.0036
3b2dc5c2-f7ae-461c-ac26-7a45de2258da	6	136428917	136640187	140	1.5421
3b2dc5c2-f7ae-461c-ac26-7a45de2258da	6	136642236	137686987	700	1.3906
3b2dc5c2-f7ae-461c-ac26-7a45de2258da	6	137692528	138674906	614	1.5966
3b2dc5c2-f7ae-461c-ac26-7a45de2258da	6	138675017	139024612	222	1.4376
3b2dc5c2-f7ae-461c-ac26-7a45de2258da	6	139025978	139049430	28	1.8331
3b2dc5c2-f7ae-461c-ac26-7a45de2258da	6	139050828	139876380	504	2.0432
3b2dc5c2-f7ae-461c-ac26-7a45de2258da	6	139876937	139914805	25	2.4667
3b2dc5c2-f7ae-461c-ac26-7a45de2258da	6	139916469	139927296	10	1.8346
3b2dc5c2-f7ae-461c-ac26-7a45de2258da	6	139933187	139938189	6	2.5964
3b2dc5c2-f7ae-461c-ac26-7a45de2258da	6	139938570	139959261	15	1.9441
3b2dc5c2-f7ae-461c-ac26-7a45de2258da	6	139962546	140097751	63	2.4033
3b2dc5c2-f7ae-461c-ac26-7a45de2258da	6	140099225	140225174	56	1.9564
3b2dc5c2-f7ae-461c-ac26-7a45de2258da	6	140229890	140236063	3	0.7478
3b2dc5c2-f7ae-461c-ac26-7a45de2258da	6	140236841	140385397	56	1.963
3b2dc5c2-f7ae-461c-ac26-7a45de2258da	6	140388756	140989528	89	2.3448
3b2dc5c2-f7ae-461c-ac26-7a45de2258da	6	140993998	141551521	281	2.1753
3b2dc5c2-f7ae-461c-ac26-7a45de2258da	6	141552173	142150203	277	2.3746
3b2dc5c2-f7ae-461c-ac26-7a45de2258da	6	142151018	142497224	179	1.9488
3b2dc5c2-f7ae-461c-ac26-7a45de2258da	6	142497291	142683216	123	1.5414
3b2dc5c2-f7ae-461c-ac26-7a45de2258da	6	142684805	142764800	74	0.9529
3b2dc5c2-f7ae-461c-ac26-7a45de2258da	6	142765191	142935100	107	1.2286
3b2dc5c2-f7ae-461c-ac26-7a45de2258da	6	142938426	142975709	23	1.7117
3b2dc5c2-f7ae-461c-ac26-7a45de2258da	6	142976370	143128088	81	1.4303
3b2dc5c2-f7ae-461c-ac26-7a45de2258da	6	143128387	143985157	654	1.6894
3b2dc5c2-f7ae-461c-ac26-7a45de2258da	6	143986800	144571963	345	1.8218
3b2dc5c2-f7ae-461c-ac26-7a45de2258da	6	144574506	145891821	780	1.7143
3b2dc5c2-f7ae-461c-ac26-7a45de2258da	6	145891856	146081076	112	1.9596
3b2dc5c2-f7ae-461c-ac26-7a45de2258da	6	146085181	146967428	548	1.7135
3b2dc5c2-f7ae-461c-ac26-7a45de2258da	6	146967840	147490673	310	1.8531
3b2dc5c2-f7ae-461c-ac26-7a45de2258da	6	147494138	147897659	293	1.4971
3b2dc5c2-f7ae-461c-ac26-7a45de2258da	6	147898325	147931464	25	1.8474
3b2dc5c2-f7ae-461c-ac26-7a45de2258da	6	147931577	148116504	199	1.5263
3b2dc5c2-f7ae-461c-ac26-7a45de2258da	6	148116653	148562964	311	1.9508
3b2dc5c2-f7ae-461c-ac26-7a45de2258da	6	148564430	149015218	361	1.5766
3b2dc5c2-f7ae-461c-ac26-7a45de2258da	6	149016818	149516337	338	1.9609
3b2dc5c2-f7ae-461c-ac26-7a45de2258da	6	149517305	151116672	1050	0.9241
3b2dc5c2-f7ae-461c-ac26-7a45de2258da	6	151118562	151130935	6	1.5789
3b2dc5c2-f7ae-461c-ac26-7a45de2258da	6	151131222	151178672	33	0.9558
3b2dc5c2-f7ae-461c-ac26-7a45de2258da	6	151186792	151187133	2	-0.4356
3b2dc5c2-f7ae-461c-ac26-7a45de2258da	6	151191791	153650411	1796	0.9388
3b2dc5c2-f7ae-461c-ac26-7a45de2258da	6	153656535	170596889	9412	-0.4225
3b2dc5c2-f7ae-461c-ac26-7a45de2258da	7	664936	21100661	10270	0.0178
3b2dc5c2-f7ae-461c-ac26-7a45de2258da	7	21100696	21218112	110	0.0961
3b2dc5c2-f7ae-461c-ac26-7a45de2258da	7	21218181	67508245	24200	0.0387
3b2dc5c2-f7ae-461c-ac26-7a45de2258da	7	67508682	72427837	3002	0.0708
3b2dc5c2-f7ae-461c-ac26-7a45de2258da	7	72430645	131409920	29595	0.0206
3b2dc5c2-f7ae-461c-ac26-7a45de2258da	7	131410042	134804655	2128	0.0605
3b2dc5c2-f7ae-461c-ac26-7a45de2258da	7	134805515	152507935	9360	0.0291
3b2dc5c2-f7ae-461c-ac26-7a45de2258da	7	152508489	156494672	2240	0.0671
3b2dc5c2-f7ae-461c-ac26-7a45de2258da	7	156494894	158592540	998	0.0348
3b2dc5c2-f7ae-461c-ac26-7a45de2258da	8	667625	2166022	787	-0.0269
3b2dc5c2-f7ae-461c-ac26-7a45de2258da	8	2849664	6921144	2381	-0.5285
3b2dc5c2-f7ae-461c-ac26-7a45de2258da	8	6921824	6968014	68	-0.0232
3b2dc5c2-f7ae-461c-ac26-7a45de2258da	8	8398802	10978120	1468	-0.5267
3b2dc5c2-f7ae-461c-ac26-7a45de2258da	8	10988398	11801118	537	-0.0388
3b2dc5c2-f7ae-461c-ac26-7a45de2258da	8	12704441	27045665	10464	-0.5332
3b2dc5c2-f7ae-461c-ac26-7a45de2258da	8	27049403	27070850	16	0.3528
3b2dc5c2-f7ae-461c-ac26-7a45de2258da	8	27072885	32532999	3623	-0.526
3b2dc5c2-f7ae-461c-ac26-7a45de2258da	8	32533748	41520250	4810	-0.4053
3b2dc5c2-f7ae-461c-ac26-7a45de2258da	8	41530970	41623789	52	-0.0392
3b2dc5c2-f7ae-461c-ac26-7a45de2258da	8	41630366	43080575	840	-0.4061
3b2dc5c2-f7ae-461c-ac26-7a45de2258da	8	46547532	49694172	1421	0.3579
3b2dc5c2-f7ae-461c-ac26-7a45de2258da	8	49695432	50418649	375	-0.4171
3b2dc5c2-f7ae-461c-ac26-7a45de2258da	8	50422945	50556794	79	0.0323
3b2dc5c2-f7ae-461c-ac26-7a45de2258da	8	50556845	79088624	16840	-0.5313
3b2dc5c2-f7ae-461c-ac26-7a45de2258da	8	79094566	79113568	9	0.3756
3b2dc5c2-f7ae-461c-ac26-7a45de2258da	8	79117792	81340502	1302	-0.5364
3b2dc5c2-f7ae-461c-ac26-7a45de2258da	8	81342696	81863967	295	0.465
3b2dc5c2-f7ae-461c-ac26-7a45de2258da	8	81867998	81980844	66	0.7215
3b2dc5c2-f7ae-461c-ac26-7a45de2258da	8	81989877	81990115	2	0.1955
3b2dc5c2-f7ae-461c-ac26-7a45de2258da	8	81992164	82267680	147	1.215
3b2dc5c2-f7ae-461c-ac26-7a45de2258da	8	82268095	82792750	273	0.9889
3b2dc5c2-f7ae-461c-ac26-7a45de2258da	8	82793030	83947850	608	1.1294
3b2dc5c2-f7ae-461c-ac26-7a45de2258da	8	83950649	84663571	378	-0.5372
3b2dc5c2-f7ae-461c-ac26-7a45de2258da	8	84665982	84772070	49	-0.0166
3b2dc5c2-f7ae-461c-ac26-7a45de2258da	8	84772085	86065839	591	-0.5315
3b2dc5c2-f7ae-461c-ac26-7a45de2258da	8	86067337	86068137	2	-2.0888
3b2dc5c2-f7ae-461c-ac26-7a45de2258da	8	86070590	88734930	1339	-0.5328
3b2dc5c2-f7ae-461c-ac26-7a45de2258da	8	88735554	88737342	3	-1.5033
3b2dc5c2-f7ae-461c-ac26-7a45de2258da	8	88738038	89754453	659	-0.5276
3b2dc5c2-f7ae-461c-ac26-7a45de2258da	8	89760982	89819812	40	0.0098
3b2dc5c2-f7ae-461c-ac26-7a45de2258da	8	89851002	99581694	5719	-0.5199
3b2dc5c2-f7ae-461c-ac26-7a45de2258da	8	99581876	99930962	145	1.1047
3b2dc5c2-f7ae-461c-ac26-7a45de2258da	8	99938162	100054653	54	-0.0197
3b2dc5c2-f7ae-461c-ac26-7a45de2258da	8	100058099	102919081	1769	-0.5363
3b2dc5c2-f7ae-461c-ac26-7a45de2258da	8	102925913	103066820	85	0.4263
3b2dc5c2-f7ae-461c-ac26-7a45de2258da	8	103071423	110100270	3783	-0.5422
3b2dc5c2-f7ae-461c-ac26-7a45de2258da	8	110100763	110206628	51	0.0083
3b2dc5c2-f7ae-461c-ac26-7a45de2258da	8	110207480	110568341	181	0.3884
3b2dc5c2-f7ae-461c-ac26-7a45de2258da	8	110570000	110573253	3	-0.5388
3b2dc5c2-f7ae-461c-ac26-7a45de2258da	8	110576330	110602809	25	0.3366
3b2dc5c2-f7ae-461c-ac26-7a45de2258da	8	110606496	120817097	6038	-0.5395
3b2dc5c2-f7ae-461c-ac26-7a45de2258da	8	120818055	120846873	22	0.0504
3b2dc5c2-f7ae-461c-ac26-7a45de2258da	8	120849225	120870342	12	-0.4293
3b2dc5c2-f7ae-461c-ac26-7a45de2258da	8	120875870	121062787	120	0.7005
3b2dc5c2-f7ae-461c-ac26-7a45de2258da	8	121062962	126512609	3618	-0.551
3b2dc5c2-f7ae-461c-ac26-7a45de2258da	8	126515530	126998612	385	0.4851
3b2dc5c2-f7ae-461c-ac26-7a45de2258da	8	126999776	127668902	490	-0.5391
3b2dc5c2-f7ae-461c-ac26-7a45de2258da	8	127672086	132579705	3413	0.0466
3b2dc5c2-f7ae-461c-ac26-7a45de2258da	8	132583728	133714521	957	-0.529
3b2dc5c2-f7ae-461c-ac26-7a45de2258da	8	133718622	137182626	2466	0.0482
3b2dc5c2-f7ae-461c-ac26-7a45de2258da	8	137185194	138131176	778	0.4287
3b2dc5c2-f7ae-461c-ac26-7a45de2258da	8	138131333	138131668	2	-0.2253
3b2dc5c2-f7ae-461c-ac26-7a45de2258da	8	138132671	143679240	2373	-0.5149
3b2dc5c2-f7ae-461c-ac26-7a45de2258da	8	143680108	143857216	28	0.3647
3b2dc5c2-f7ae-461c-ac26-7a45de2258da	8	143872894	144182542	71	-0.5977
3b2dc5c2-f7ae-461c-ac26-7a45de2258da	9	789794	13804581	7219	0.0174
3b2dc5c2-f7ae-461c-ac26-7a45de2258da	9	13809736	13817465	12	-0.6469
3b2dc5c2-f7ae-461c-ac26-7a45de2258da	9	13817770	37421068	15391	0.0174
3b2dc5c2-f7ae-461c-ac26-7a45de2258da	9	37421112	120547683	36476	0.0354
3b2dc5c2-f7ae-461c-ac26-7a45de2258da	9	120548515	132699150	7103	0.014
3b2dc5c2-f7ae-461c-ac26-7a45de2258da	9	132702634	132742938	28	0.3366
3b2dc5c2-f7ae-461c-ac26-7a45de2258da	9	132745882	138044505	2230	0.013
3b2dc5c2-f7ae-461c-ac26-7a45de2258da	10	366509	53130066	31518	0.0107
3b2dc5c2-f7ae-461c-ac26-7a45de2258da	10	53132849	53143185	17	-0.7675
3b2dc5c2-f7ae-461c-ac26-7a45de2258da	10	53143324	71986953	11259	0.0005
3b2dc5c2-f7ae-461c-ac26-7a45de2258da	10	71987533	74514392	1059	-0.0579
3b2dc5c2-f7ae-461c-ac26-7a45de2258da	10	74515427	101631021	16939	0.0082
3b2dc5c2-f7ae-461c-ac26-7a45de2258da	10	101631199	104214223	1215	-0.042
3b2dc5c2-f7ae-461c-ac26-7a45de2258da	10	104214332	108867562	3216	0.007
3b2dc5c2-f7ae-461c-ac26-7a45de2258da	10	108874894	108971512	65	-0.7885
3b2dc5c2-f7ae-461c-ac26-7a45de2258da	10	108972525	115885716	4606	0.0028
3b2dc5c2-f7ae-461c-ac26-7a45de2258da	10	115887004	131194280	10730	0.0316
3b2dc5c2-f7ae-461c-ac26-7a45de2258da	10	131194675	133411599	625	-0.0086
3b2dc5c2-f7ae-461c-ac26-7a45de2258da	11	456012	10726303	5619	0.0161
3b2dc5c2-f7ae-461c-ac26-7a45de2258da	11	10726522	12384229	1515	0.0766
3b2dc5c2-f7ae-461c-ac26-7a45de2258da	11	12386024	18800056	4222	0.0189
3b2dc5c2-f7ae-461c-ac26-7a45de2258da	11	18800490	21235802	2122	0.0583
3b2dc5c2-f7ae-461c-ac26-7a45de2258da	11	21236585	23466574	1479	0.0154
3b2dc5c2-f7ae-461c-ac26-7a45de2258da	11	23473286	26174621	1640	-0.0211
3b2dc5c2-f7ae-461c-ac26-7a45de2258da	11	26176446	76907703	23798	0.0276
3b2dc5c2-f7ae-461c-ac26-7a45de2258da	11	76909965	79128608	1317	0.3604
3b2dc5c2-f7ae-461c-ac26-7a45de2258da	11	79135093	79320626	151	-0.0089
3b2dc5c2-f7ae-461c-ac26-7a45de2258da	11	79321439	79374265	51	0.409
3b2dc5c2-f7ae-461c-ac26-7a45de2258da	11	79376257	82743522	2264	-0.0608
3b2dc5c2-f7ae-461c-ac26-7a45de2258da	11	82744328	82874832	86	0.3393
3b2dc5c2-f7ae-461c-ac26-7a45de2258da	11	82878584	83139247	146	-0.0902
3b2dc5c2-f7ae-461c-ac26-7a45de2258da	11	83139658	83199005	33	0.381
3b2dc5c2-f7ae-461c-ac26-7a45de2258da	11	83202604	83227851	19	-0.0118
3b2dc5c2-f7ae-461c-ac26-7a45de2258da	11	83228709	86043520	1531	0.4057
3b2dc5c2-f7ae-461c-ac26-7a45de2258da	11	86043599	86967049	662	-0.0534
3b2dc5c2-f7ae-461c-ac26-7a45de2258da	11	86968652	87108937	88	0.3441
3b2dc5c2-f7ae-461c-ac26-7a45de2258da	11	87114827	91837616	2750	-0.0738
3b2dc5c2-f7ae-461c-ac26-7a45de2258da	11	91838424	91971751	106	0.3276
3b2dc5c2-f7ae-461c-ac26-7a45de2258da	11	91975606	92006987	15	-0.1242
3b2dc5c2-f7ae-461c-ac26-7a45de2258da	11	92007541	95210800	1843	0.3652
3b2dc5c2-f7ae-461c-ac26-7a45de2258da	11	95211796	95350795	92	-0.0202
3b2dc5c2-f7ae-461c-ac26-7a45de2258da	11	95353559	95489210	96	0.3415
3b2dc5c2-f7ae-461c-ac26-7a45de2258da	11	95489971	98792099	2115	-0.0846
3b2dc5c2-f7ae-461c-ac26-7a45de2258da	11	98792699	98825020	20	0.3452
3b2dc5c2-f7ae-461c-ac26-7a45de2258da	11	98827691	101547140	2186	-0.0629
3b2dc5c2-f7ae-461c-ac26-7a45de2258da	11	101553845	101553939	2	-1.3942
3b2dc5c2-f7ae-461c-ac26-7a45de2258da	11	101555808	101741911	135	-0.045
3b2dc5c2-f7ae-461c-ac26-7a45de2258da	11	101746731	101858539	85	0.6705
3b2dc5c2-f7ae-461c-ac26-7a45de2258da	11	101863343	103006784	589	0.7893
3b2dc5c2-f7ae-461c-ac26-7a45de2258da	11	103006922	103433910	268	0.6605
3b2dc5c2-f7ae-461c-ac26-7a45de2258da	11	103442940	105066115	869	-0.0761
3b2dc5c2-f7ae-461c-ac26-7a45de2258da	11	105066644	105066732	2	-1.5552
3b2dc5c2-f7ae-461c-ac26-7a45de2258da	11	105068780	118685045	8931	-0.0632
3b2dc5c2-f7ae-461c-ac26-7a45de2258da	11	118685543	118848971	81	0.3115
3b2dc5c2-f7ae-461c-ac26-7a45de2258da	11	118850289	134272740	10612	-0.0461
3b2dc5c2-f7ae-461c-ac26-7a45de2258da	12	780472	871013	34	-0.4929
3b2dc5c2-f7ae-461c-ac26-7a45de2258da	12	871474	1977325	290	0.4646
3b2dc5c2-f7ae-461c-ac26-7a45de2258da	12	1977879	2756483	499	0.591
3b2dc5c2-f7ae-461c-ac26-7a45de2258da	12	2759098	3665042	599	0.2474
3b2dc5c2-f7ae-461c-ac26-7a45de2258da	12	3665418	3899276	132	1.0031
3b2dc5c2-f7ae-461c-ac26-7a45de2258da	12	3899303	4130980	165	1.101
3b2dc5c2-f7ae-461c-ac26-7a45de2258da	12	4132152	5231644	973	0.9602
3b2dc5c2-f7ae-461c-ac26-7a45de2258da	12	5242489	6254982	814	-1.7183
3b2dc5c2-f7ae-461c-ac26-7a45de2258da	12	6258063	11846142	2520	-0.5445
3b2dc5c2-f7ae-461c-ac26-7a45de2258da	12	11846491	11847810	4	-1.7557
3b2dc5c2-f7ae-461c-ac26-7a45de2258da	12	11848222	26706086	9451	-0.5331
3b2dc5c2-f7ae-461c-ac26-7a45de2258da	12	26709506	26724952	13	0.0856
3b2dc5c2-f7ae-461c-ac26-7a45de2258da	12	26725231	27719971	576	-0.546
3b2dc5c2-f7ae-461c-ac26-7a45de2258da	12	27721344	28089760	245	0.0484
3b2dc5c2-f7ae-461c-ac26-7a45de2258da	12	28090059	28106290	13	-0.5294
3b2dc5c2-f7ae-461c-ac26-7a45de2258da	12	28108657	28181989	39	0.0301
3b2dc5c2-f7ae-461c-ac26-7a45de2258da	12	28183942	28629032	243	-0.5168
3b2dc5c2-f7ae-461c-ac26-7a45de2258da	12	28632412	50541526	9382	0.0194
3b2dc5c2-f7ae-461c-ac26-7a45de2258da	12	50546024	50556446	9	2.7427
3b2dc5c2-f7ae-461c-ac26-7a45de2258da	12	50560824	57677737	3729	0.001
3b2dc5c2-f7ae-461c-ac26-7a45de2258da	12	57679856	57976150	147	2.7929
3b2dc5c2-f7ae-461c-ac26-7a45de2258da	12	57980542	57998056	10	1.5935
3b2dc5c2-f7ae-461c-ac26-7a45de2258da	12	57999614	58097049	69	2.0258
3b2dc5c2-f7ae-461c-ac26-7a45de2258da	12	58097142	58108213	10	3.041
3b2dc5c2-f7ae-461c-ac26-7a45de2258da	12	58120329	58173367	45	1.416
3b2dc5c2-f7ae-461c-ac26-7a45de2258da	12	58173775	58291263	73	2.7997
3b2dc5c2-f7ae-461c-ac26-7a45de2258da	12	58291815	58323655	17	1.8943
3b2dc5c2-f7ae-461c-ac26-7a45de2258da	12	58337065	58439747	130	1.4301
3b2dc5c2-f7ae-461c-ac26-7a45de2258da	12	58442848	58833941	311	2.2815
3b2dc5c2-f7ae-461c-ac26-7a45de2258da	12	58838601	58848612	19	3.5319
3b2dc5c2-f7ae-461c-ac26-7a45de2258da	12	58863165	60798175	1158	-0.001
3b2dc5c2-f7ae-461c-ac26-7a45de2258da	12	60800136	61023697	110	3.2997
3b2dc5c2-f7ae-461c-ac26-7a45de2258da	12	61026960	61318825	176	0.011
3b2dc5c2-f7ae-461c-ac26-7a45de2258da	12	61322691	61357605	18	2.5725
3b2dc5c2-f7ae-461c-ac26-7a45de2258da	12	61362186	68789498	4717	0.0218
3b2dc5c2-f7ae-461c-ac26-7a45de2258da	12	68804332	69685736	645	2.8471
3b2dc5c2-f7ae-461c-ac26-7a45de2258da	12	69686002	69720074	30	1.6653
3b2dc5c2-f7ae-461c-ac26-7a45de2258da	12	69720353	69786259	23	2.2747
3b2dc5c2-f7ae-461c-ac26-7a45de2258da	12	69786580	69825628	17	0.5443
3b2dc5c2-f7ae-461c-ac26-7a45de2258da	12	69834537	69910730	73	1.3755
3b2dc5c2-f7ae-461c-ac26-7a45de2258da	12	69912078	69916766	5	2.3221
3b2dc5c2-f7ae-461c-ac26-7a45de2258da	12	69920676	69947334	15	-0.0349
3b2dc5c2-f7ae-461c-ac26-7a45de2258da	12	69949820	70100693	120	2.9351
3b2dc5c2-f7ae-461c-ac26-7a45de2258da	12	70103499	70743704	399	0.0402
3b2dc5c2-f7ae-461c-ac26-7a45de2258da	12	70749428	70764626	14	2.4961
3b2dc5c2-f7ae-461c-ac26-7a45de2258da	12	70770717	71720735	538	0.0027
3b2dc5c2-f7ae-461c-ac26-7a45de2258da	12	71722979	71750874	19	3.109
3b2dc5c2-f7ae-461c-ac26-7a45de2258da	12	71765100	71966484	131	0.0348
3b2dc5c2-f7ae-461c-ac26-7a45de2258da	12	71967628	72037145	55	2.8654
3b2dc5c2-f7ae-461c-ac26-7a45de2258da	12	72041862	72361695	185	0.0228
3b2dc5c2-f7ae-461c-ac26-7a45de2258da	12	72368950	72470597	59	2.7083
3b2dc5c2-f7ae-461c-ac26-7a45de2258da	12	72478469	72828858	161	-0.0228
3b2dc5c2-f7ae-461c-ac26-7a45de2258da	12	72832632	72838560	4	1.1255
3b2dc5c2-f7ae-461c-ac26-7a45de2258da	12	72977309	73261583	191	0.0075
3b2dc5c2-f7ae-461c-ac26-7a45de2258da	12	73269017	73270464	2	3.9745
3b2dc5c2-f7ae-461c-ac26-7a45de2258da	12	73272684	73344625	49	2.7463
3b2dc5c2-f7ae-461c-ac26-7a45de2258da	12	73350596	73379327	18	3.2913
3b2dc5c2-f7ae-461c-ac26-7a45de2258da	12	73384436	73441469	27	0.0792
3b2dc5c2-f7ae-461c-ac26-7a45de2258da	12	73450766	73452579	3	1.8222
3b2dc5c2-f7ae-461c-ac26-7a45de2258da	12	73454813	73844511	221	0.0105
3b2dc5c2-f7ae-461c-ac26-7a45de2258da	12	73846048	74198424	118	3.2242
3b2dc5c2-f7ae-461c-ac26-7a45de2258da	12	74203021	74252622	18	0.0833
3b2dc5c2-f7ae-461c-ac26-7a45de2258da	12	74259829	74271155	5	1.9597
3b2dc5c2-f7ae-461c-ac26-7a45de2258da	12	74280965	76241349	1310	0.0014
3b2dc5c2-f7ae-461c-ac26-7a45de2258da	12	76247043	76309210	45	2.1336
3b2dc5c2-f7ae-461c-ac26-7a45de2258da	12	76309335	76432273	67	1.703
3b2dc5c2-f7ae-461c-ac26-7a45de2258da	12	76433580	76488748	21	2.9189
3b2dc5c2-f7ae-461c-ac26-7a45de2258da	12	76492095	76568233	32	2.0862
3b2dc5c2-f7ae-461c-ac26-7a45de2258da	12	76569028	76648668	34	-0.061
3b2dc5c2-f7ae-461c-ac26-7a45de2258da	12	76650111	76656757	7	2.0202
3b2dc5c2-f7ae-461c-ac26-7a45de2258da	12	76661400	76672055	11	1.2033
3b2dc5c2-f7ae-461c-ac26-7a45de2258da	12	76675425	76923468	153	2.3942
3b2dc5c2-f7ae-461c-ac26-7a45de2258da	12	76925275	77225551	216	0.0446
3b2dc5c2-f7ae-461c-ac26-7a45de2258da	12	77233665	77497021	213	3.2315
3b2dc5c2-f7ae-461c-ac26-7a45de2258da	12	77501001	77692969	204	0.0298
3b2dc5c2-f7ae-461c-ac26-7a45de2258da	12	77696861	77732734	22	1.5273
3b2dc5c2-f7ae-461c-ac26-7a45de2258da	12	77735107	77772903	28	0.0659
3b2dc5c2-f7ae-461c-ac26-7a45de2258da	12	77774841	77881599	75	1.5016
3b2dc5c2-f7ae-461c-ac26-7a45de2258da	12	77882183	77998731	85	0.0249
3b2dc5c2-f7ae-461c-ac26-7a45de2258da	12	78002193	78408036	314	3.3202
3b2dc5c2-f7ae-461c-ac26-7a45de2258da	12	78409436	78620825	102	2.4698
3b2dc5c2-f7ae-461c-ac26-7a45de2258da	12	78621346	78973443	192	3.2843
3b2dc5c2-f7ae-461c-ac26-7a45de2258da	12	78974137	79265618	190	2.8861
3b2dc5c2-f7ae-461c-ac26-7a45de2258da	12	79267991	79750698	253	0.0112
3b2dc5c2-f7ae-461c-ac26-7a45de2258da	12	79759493	79765300	5	2.8797
3b2dc5c2-f7ae-461c-ac26-7a45de2258da	12	79770335	79933433	77	-0.0252
3b2dc5c2-f7ae-461c-ac26-7a45de2258da	12	79937694	79976150	15	2.1146
3b2dc5c2-f7ae-461c-ac26-7a45de2258da	12	79977991	80217417	173	0.0101
3b2dc5c2-f7ae-461c-ac26-7a45de2258da	12	80219843	80323314	54	2.759
3b2dc5c2-f7ae-461c-ac26-7a45de2258da	12	80323774	80400687	51	3.4151
3b2dc5c2-f7ae-461c-ac26-7a45de2258da	12	80407318	80460597	49	2.796
3b2dc5c2-f7ae-461c-ac26-7a45de2258da	12	80460716	80681357	130	3.4642
3b2dc5c2-f7ae-461c-ac26-7a45de2258da	12	80681623	81010323	225	2.8664
3b2dc5c2-f7ae-461c-ac26-7a45de2258da	12	81013898	81365415	245	0.0112
3b2dc5c2-f7ae-461c-ac26-7a45de2258da	12	81368144	81435898	45	1.9641
3b2dc5c2-f7ae-461c-ac26-7a45de2258da	12	81439601	81458233	11	3.1758
3b2dc5c2-f7ae-461c-ac26-7a45de2258da	12	81465545	81484816	17	-0.0203
3b2dc5c2-f7ae-461c-ac26-7a45de2258da	12	81489481	81494710	7	2.2008
3b2dc5c2-f7ae-461c-ac26-7a45de2258da	12	81501505	81581441	48	0.0247
3b2dc5c2-f7ae-461c-ac26-7a45de2258da	12	81583152	81591613	7	-0.3964
3b2dc5c2-f7ae-461c-ac26-7a45de2258da	12	81598102	81632569	25	0.1404
3b2dc5c2-f7ae-461c-ac26-7a45de2258da	12	81632951	81675730	25	-0.0555
3b2dc5c2-f7ae-461c-ac26-7a45de2258da	12	81678793	81682550	4	0.3358
3b2dc5c2-f7ae-461c-ac26-7a45de2258da	12	81685597	81844597	90	2.4963
3b2dc5c2-f7ae-461c-ac26-7a45de2258da	12	81845365	82073274	141	3.0727
3b2dc5c2-f7ae-461c-ac26-7a45de2258da	12	82074233	82130366	28	-0.0237
3b2dc5c2-f7ae-461c-ac26-7a45de2258da	12	82130934	82181963	47	2.5704
3b2dc5c2-f7ae-461c-ac26-7a45de2258da	12	82182154	82402218	114	3.1674
3b2dc5c2-f7ae-461c-ac26-7a45de2258da	12	82405724	83350511	549	2.6885
3b2dc5c2-f7ae-461c-ac26-7a45de2258da	12	83351400	83735571	206	2.3144
3b2dc5c2-f7ae-461c-ac26-7a45de2258da	12	83737588	87167784	1840	-0.0198
3b2dc5c2-f7ae-461c-ac26-7a45de2258da	12	87198091	87215650	11	2.9488
3b2dc5c2-f7ae-461c-ac26-7a45de2258da	12	87218070	87338046	63	0.1066
3b2dc5c2-f7ae-461c-ac26-7a45de2258da	12	87340887	87769402	254	3.1779
3b2dc5c2-f7ae-461c-ac26-7a45de2258da	12	87773212	88961190	672	0.0114
3b2dc5c2-f7ae-461c-ac26-7a45de2258da	12	88965899	89054756	50	2.7888
3b2dc5c2-f7ae-461c-ac26-7a45de2258da	12	89057932	89391540	217	2.4126
3b2dc5c2-f7ae-461c-ac26-7a45de2258da	12	89393235	89666909	136	1.9144
3b2dc5c2-f7ae-461c-ac26-7a45de2258da	12	89667782	89737103	37	1.1481
3b2dc5c2-f7ae-461c-ac26-7a45de2258da	12	89753657	89827704	48	0.6085
3b2dc5c2-f7ae-461c-ac26-7a45de2258da	12	89829412	89846587	12	1.0109
3b2dc5c2-f7ae-461c-ac26-7a45de2258da	12	89851916	89924682	47	2.1538
3b2dc5c2-f7ae-461c-ac26-7a45de2258da	12	89928198	90106929	106	2.9383
3b2dc5c2-f7ae-461c-ac26-7a45de2258da	12	90107071	90112176	3	2.083
3b2dc5c2-f7ae-461c-ac26-7a45de2258da	12	90113995	90208399	58	1.5662
3b2dc5c2-f7ae-461c-ac26-7a45de2258da	12	90228644	90598202	237	2.4549
3b2dc5c2-f7ae-461c-ac26-7a45de2258da	12	90601016	120064922	18769	0.0297
3b2dc5c2-f7ae-461c-ac26-7a45de2258da	12	120065886	123722949	1571	-0.0235
3b2dc5c2-f7ae-461c-ac26-7a45de2258da	12	123723021	132605822	4316	0.0487
3b2dc5c2-f7ae-461c-ac26-7a45de2258da	13	18874255	21528496	1072	0.0413
3b2dc5c2-f7ae-461c-ac26-7a45de2258da	13	21528516	65097280	25330	-0.4075
3b2dc5c2-f7ae-461c-ac26-7a45de2258da	13	65099100	65292398	98	0.8996
3b2dc5c2-f7ae-461c-ac26-7a45de2258da	13	65294373	67137316	963	0.7506
3b2dc5c2-f7ae-461c-ac26-7a45de2258da	13	67137411	72860755	3226	0.9166
3b2dc5c2-f7ae-461c-ac26-7a45de2258da	13	72861069	73383972	363	1.0533
3b2dc5c2-f7ae-461c-ac26-7a45de2258da	13	73386943	73390202	7	0.8272
3b2dc5c2-f7ae-461c-ac26-7a45de2258da	13	73397874	73399521	6	0.1117
3b2dc5c2-f7ae-461c-ac26-7a45de2258da	13	73403477	73553241	111	0.9229
3b2dc5c2-f7ae-461c-ac26-7a45de2258da	13	73555523	75793057	1559	0.0209
3b2dc5c2-f7ae-461c-ac26-7a45de2258da	13	75796428	75912696	126	0.343
3b2dc5c2-f7ae-461c-ac26-7a45de2258da	13	75914141	79713521	2453	0.0187
3b2dc5c2-f7ae-461c-ac26-7a45de2258da	13	79714981	80115742	306	-0.4044
3b2dc5c2-f7ae-461c-ac26-7a45de2258da	13	80118464	80418341	161	0.0243
3b2dc5c2-f7ae-461c-ac26-7a45de2258da	13	80421508	80444985	17	0.8568
3b2dc5c2-f7ae-461c-ac26-7a45de2258da	13	80448732	80825857	230	0.0197
3b2dc5c2-f7ae-461c-ac26-7a45de2258da	13	80841682	81116303	158	0.8778
3b2dc5c2-f7ae-461c-ac26-7a45de2258da	13	81119300	81281445	103	-0.0306
3b2dc5c2-f7ae-461c-ac26-7a45de2258da	13	81287347	81308250	7	0.9233
3b2dc5c2-f7ae-461c-ac26-7a45de2258da	13	81314654	85073582	2071	-0.0054
3b2dc5c2-f7ae-461c-ac26-7a45de2258da	13	85075230	87799160	1516	0.3002
3b2dc5c2-f7ae-461c-ac26-7a45de2258da	13	87799700	87901645	58	0.5052
3b2dc5c2-f7ae-461c-ac26-7a45de2258da	13	87909811	87942914	19	-0.0896
3b2dc5c2-f7ae-461c-ac26-7a45de2258da	13	87942931	88058638	58	0.2652
3b2dc5c2-f7ae-461c-ac26-7a45de2258da	13	88058933	88172417	71	0.5768
3b2dc5c2-f7ae-461c-ac26-7a45de2258da	13	88182756	88884282	367	0.0037
3b2dc5c2-f7ae-461c-ac26-7a45de2258da	13	88884742	88975036	51	0.9438
3b2dc5c2-f7ae-461c-ac26-7a45de2258da	13	88979691	89680120	373	-0.0321
3b2dc5c2-f7ae-461c-ac26-7a45de2258da	13	89686061	89689532	2	0.2574
3b2dc5c2-f7ae-461c-ac26-7a45de2258da	13	89692849	89815961	105	0.7456
3b2dc5c2-f7ae-461c-ac26-7a45de2258da	13	89816305	91001823	721	0.2921
3b2dc5c2-f7ae-461c-ac26-7a45de2258da	13	91009017	91337021	225	0.0203
3b2dc5c2-f7ae-461c-ac26-7a45de2258da	13	91339111	91358403	8	0.9386
3b2dc5c2-f7ae-461c-ac26-7a45de2258da	13	91360849	107206326	10558	0.0243
3b2dc5c2-f7ae-461c-ac26-7a45de2258da	13	107215586	107238252	38	0.9275
3b2dc5c2-f7ae-461c-ac26-7a45de2258da	13	107242649	107574702	293	0.0433
3b2dc5c2-f7ae-461c-ac26-7a45de2258da	13	107575645	107624229	42	0.7419
3b2dc5c2-f7ae-461c-ac26-7a45de2258da	13	107625250	108573843	710	0.0136
3b2dc5c2-f7ae-461c-ac26-7a45de2258da	13	108575133	108995885	383	0.3571
3b2dc5c2-f7ae-461c-ac26-7a45de2258da	13	108996402	114226675	2978	0.0447
3b2dc5c2-f7ae-461c-ac26-7a45de2258da	14	20033191	25444668	2386	0.0995
3b2dc5c2-f7ae-461c-ac26-7a45de2258da	14	25445050	26878665	957	0.0365
3b2dc5c2-f7ae-461c-ac26-7a45de2258da	14	26881423	42371389	8875	0.0944
3b2dc5c2-f7ae-461c-ac26-7a45de2258da	14	42375009	105533894	37553	0.0245
3b2dc5c2-f7ae-461c-ac26-7a45de2258da	15	23437561	23923533	357	0.0824
3b2dc5c2-f7ae-461c-ac26-7a45de2258da	15	23931608	24083818	114	-0.3867
3b2dc5c2-f7ae-461c-ac26-7a45de2258da	15	24551555	26593258	1372	0.0482
3b2dc5c2-f7ae-461c-ac26-7a45de2258da	15	26593275	27531184	604	-0.395
3b2dc5c2-f7ae-461c-ac26-7a45de2258da	15	27531592	30848884	285	-0.1297
3b2dc5c2-f7ae-461c-ac26-7a45de2258da	15	30855973	33020173	889	-0.2913
3b2dc5c2-f7ae-461c-ac26-7a45de2258da	15	33032318	33868952	760	-0.5065
3b2dc5c2-f7ae-461c-ac26-7a45de2258da	15	33870194	33890945	36	0.2225
3b2dc5c2-f7ae-461c-ac26-7a45de2258da	15	33897815	33934717	34	-0.4819
3b2dc5c2-f7ae-461c-ac26-7a45de2258da	15	33934960	33942860	5	0.3588
3b2dc5c2-f7ae-461c-ac26-7a45de2258da	15	33942891	33964912	15	-0.4195
3b2dc5c2-f7ae-461c-ac26-7a45de2258da	15	33967909	39638630	3667	-0.5357
3b2dc5c2-f7ae-461c-ac26-7a45de2258da	15	39638668	39693077	35	-0.1134
3b2dc5c2-f7ae-461c-ac26-7a45de2258da	15	39698806	43456106	1835	-0.4327
3b2dc5c2-f7ae-461c-ac26-7a45de2258da	15	43467365	44279409	290	0.3517
3b2dc5c2-f7ae-461c-ac26-7a45de2258da	15	44287656	44302063	8	-0.2368
3b2dc5c2-f7ae-461c-ac26-7a45de2258da	15	44311953	44321659	4	0.3892
3b2dc5c2-f7ae-461c-ac26-7a45de2258da	15	44327708	45220009	287	-0.4326
3b2dc5c2-f7ae-461c-ac26-7a45de2258da	15	45221952	45580071	194	0.0101
3b2dc5c2-f7ae-461c-ac26-7a45de2258da	15	45584309	45880004	194	-0.4065
3b2dc5c2-f7ae-461c-ac26-7a45de2258da	15	45882214	48155609	1556	0.3927
3b2dc5c2-f7ae-461c-ac26-7a45de2258da	15	48157842	50014557	1085	-0.4183
3b2dc5c2-f7ae-461c-ac26-7a45de2258da	15	50017878	50071489	41	0.0253
3b2dc5c2-f7ae-461c-ac26-7a45de2258da	15	50072343	50084390	8	0.7306
3b2dc5c2-f7ae-461c-ac26-7a45de2258da	15	50088543	50231915	105	0.0145
3b2dc5c2-f7ae-461c-ac26-7a45de2258da	15	50234943	55033377	3197	-0.4066
3b2dc5c2-f7ae-461c-ac26-7a45de2258da	15	55034034	55038146	4	0.5855
3b2dc5c2-f7ae-461c-ac26-7a45de2258da	15	55040066	55240013	139	-0.4244
3b2dc5c2-f7ae-461c-ac26-7a45de2258da	15	55240408	56831668	798	-0.3096
3b2dc5c2-f7ae-461c-ac26-7a45de2258da	15	56832166	56832407	2	-1.9864
3b2dc5c2-f7ae-461c-ac26-7a45de2258da	15	56835832	57961696	687	-0.2864
3b2dc5c2-f7ae-461c-ac26-7a45de2258da	15	57964386	61830474	2982	0.5206
3b2dc5c2-f7ae-461c-ac26-7a45de2258da	15	61833333	63082057	941	0.4629
3b2dc5c2-f7ae-461c-ac26-7a45de2258da	15	63084706	63092482	7	-0.4229
3b2dc5c2-f7ae-461c-ac26-7a45de2258da	15	63093673	63115191	15	0.2863
3b2dc5c2-f7ae-461c-ac26-7a45de2258da	15	63120275	65128399	999	-0.4573
3b2dc5c2-f7ae-461c-ac26-7a45de2258da	15	65134227	66164432	554	-0.3001
3b2dc5c2-f7ae-461c-ac26-7a45de2258da	15	66167093	68087554	1248	0.448
3b2dc5c2-f7ae-461c-ac26-7a45de2258da	15	68088238	70562345	1628	0.3945
3b2dc5c2-f7ae-461c-ac26-7a45de2258da	15	70562841	71262825	386	0.6132
3b2dc5c2-f7ae-461c-ac26-7a45de2258da	15	71263429	73685996	1346	0.3341
3b2dc5c2-f7ae-461c-ac26-7a45de2258da	15	73689360	75308839	835	-0.508
3b2dc5c2-f7ae-461c-ac26-7a45de2258da	15	75309796	76123102	325	0.0286
3b2dc5c2-f7ae-461c-ac26-7a45de2258da	15	76127767	76168133	20	0.6625
3b2dc5c2-f7ae-461c-ac26-7a45de2258da	15	76169088	76717173	278	0.0146
3b2dc5c2-f7ae-461c-ac26-7a45de2258da	15	76720232	77318106	220	-0.3525
3b2dc5c2-f7ae-461c-ac26-7a45de2258da	15	77318567	77495741	78	-0.0466
3b2dc5c2-f7ae-461c-ac26-7a45de2258da	15	77498358	77519434	20	-0.3863
3b2dc5c2-f7ae-461c-ac26-7a45de2258da	15	77525851	77627840	63	0.0962
3b2dc5c2-f7ae-461c-ac26-7a45de2258da	15	77630867	77814873	90	-0.4034
3b2dc5c2-f7ae-461c-ac26-7a45de2258da	15	77821774	77841995	23	0.0767
3b2dc5c2-f7ae-461c-ac26-7a45de2258da	15	77844247	78012394	61	-0.4885
3b2dc5c2-f7ae-461c-ac26-7a45de2258da	15	78017211	78248489	145	0.0278
3b2dc5c2-f7ae-461c-ac26-7a45de2258da	15	78253654	80542303	1563	-0.5338
3b2dc5c2-f7ae-461c-ac26-7a45de2258da	15	80547751	88242607	4271	0.4088
3b2dc5c2-f7ae-461c-ac26-7a45de2258da	15	88243598	89191561	602	1.0445
3b2dc5c2-f7ae-461c-ac26-7a45de2258da	15	89192017	90101623	511	0.3817
3b2dc5c2-f7ae-461c-ac26-7a45de2258da	15	90104624	90155324	30	0.716
3b2dc5c2-f7ae-461c-ac26-7a45de2258da	15	90160086	96738562	4237	0.3679
3b2dc5c2-f7ae-461c-ac26-7a45de2258da	15	96739862	99759308	2052	0.8679
3b2dc5c2-f7ae-461c-ac26-7a45de2258da	15	99835668	101344124	608	0.4267
3b2dc5c2-f7ae-461c-ac26-7a45de2258da	16	603333	4764036	1500	-0.0162
3b2dc5c2-f7ae-461c-ac26-7a45de2258da	16	4764969	11440045	4467	0.0735
3b2dc5c2-f7ae-461c-ac26-7a45de2258da	16	11441431	12162510	381	-0.0053
3b2dc5c2-f7ae-461c-ac26-7a45de2258da	16	12162854	18829937	1912	0.0863
3b2dc5c2-f7ae-461c-ac26-7a45de2258da	16	18832362	25627136	3158	0.0043
3b2dc5c2-f7ae-461c-ac26-7a45de2258da	16	25630043	27195767	1270	0.0699
3b2dc5c2-f7ae-461c-ac26-7a45de2258da	16	27197352	56116185	7843	0.0165
3b2dc5c2-f7ae-461c-ac26-7a45de2258da	16	56122933	77495985	12431	-0.0138
3b2dc5c2-f7ae-461c-ac26-7a45de2258da	16	77496056	89317317	8223	0.0311
3b2dc5c2-f7ae-461c-ac26-7a45de2258da	17	1074619	8994681	3908	0.0014
3b2dc5c2-f7ae-461c-ac26-7a45de2258da	17	8996495	14105795	3564	0.0564
3b2dc5c2-f7ae-461c-ac26-7a45de2258da	17	14108884	32849022	4885	0.0069
3b2dc5c2-f7ae-461c-ac26-7a45de2258da	17	32851582	34990079	969	0.0597
3b2dc5c2-f7ae-461c-ac26-7a45de2258da	17	34990229	51217407	6940	0.0034
3b2dc5c2-f7ae-461c-ac26-7a45de2258da	17	51218628	57896623	4387	0.0413
3b2dc5c2-f7ae-461c-ac26-7a45de2258da	17	57900875	65198639	3331	-0.0116
3b2dc5c2-f7ae-461c-ac26-7a45de2258da	17	65201802	73788577	5826	0.0434
3b2dc5c2-f7ae-461c-ac26-7a45de2258da	17	73788886	82959812	3452	-0.0097
3b2dc5c2-f7ae-461c-ac26-7a45de2258da	18	326691	27278614	11978	0.0457
3b2dc5c2-f7ae-461c-ac26-7a45de2258da	18	27279016	44327588	10220	0.0153
3b2dc5c2-f7ae-461c-ac26-7a45de2258da	18	44327866	63001037	12262	0.0403
3b2dc5c2-f7ae-461c-ac26-7a45de2258da	18	63002204	63006302	3	-1.34
3b2dc5c2-f7ae-461c-ac26-7a45de2258da	18	63006379	73779648	4824	0.0077
3b2dc5c2-f7ae-461c-ac26-7a45de2258da	18	73779869	79349796	3654	0.0418
3b2dc5c2-f7ae-461c-ac26-7a45de2258da	19	283868	422238	38	0.2958
3b2dc5c2-f7ae-461c-ac26-7a45de2258da	19	437821	865374	59	1.4812
3b2dc5c2-f7ae-461c-ac26-7a45de2258da	19	939673	2592252	392	-0.0383
3b2dc5c2-f7ae-461c-ac26-7a45de2258da	19	2646942	2785202	49	1.7473
3b2dc5c2-f7ae-461c-ac26-7a45de2258da	19	2790145	5279237	693	-0.0338
3b2dc5c2-f7ae-461c-ac26-7a45de2258da	19	5281139	5441990	75	1.4022
3b2dc5c2-f7ae-461c-ac26-7a45de2258da	19	5450083	6885312	643	-0.016
3b2dc5c2-f7ae-461c-ac26-7a45de2258da	19	7112112	7709539	264	2.1614
3b2dc5c2-f7ae-461c-ac26-7a45de2258da	19	7716549	7775470	58	1.6255
3b2dc5c2-f7ae-461c-ac26-7a45de2258da	19	7780474	7833709	29	2.013
3b2dc5c2-f7ae-461c-ac26-7a45de2258da	19	7838056	8208395	136	1.4995
3b2dc5c2-f7ae-461c-ac26-7a45de2258da	19	8213676	8340107	56	-0.0112
3b2dc5c2-f7ae-461c-ac26-7a45de2258da	19	8388925	8404854	7	1.2823
3b2dc5c2-f7ae-461c-ac26-7a45de2258da	19	8416881	9307508	495	-0.017
3b2dc5c2-f7ae-461c-ac26-7a45de2258da	19	9313448	9395237	50	1.23
3b2dc5c2-f7ae-461c-ac26-7a45de2258da	19	9397416	9466030	44	0.0356
3b2dc5c2-f7ae-461c-ac26-7a45de2258da	19	9466783	9507246	28	1.6061
3b2dc5c2-f7ae-461c-ac26-7a45de2258da	19	9508027	9923081	192	1.2768
3b2dc5c2-f7ae-461c-ac26-7a45de2258da	19	9924589	10133776	99	1.6749
3b2dc5c2-f7ae-461c-ac26-7a45de2258da	19	10134394	10439758	101	1.3827
3b2dc5c2-f7ae-461c-ac26-7a45de2258da	19	10443102	10488048	19	-0.0672
3b2dc5c2-f7ae-461c-ac26-7a45de2258da	19	10497268	10516093	11	1.66
3b2dc5c2-f7ae-461c-ac26-7a45de2258da	19	10516973	11175590	293	2.354
3b2dc5c2-f7ae-461c-ac26-7a45de2258da	19	11186758	11898361	317	-0.0045
3b2dc5c2-f7ae-461c-ac26-7a45de2258da	19	11901677	12074287	73	0.3314
3b2dc5c2-f7ae-461c-ac26-7a45de2258da	19	12077451	12092416	9	1.6114
3b2dc5c2-f7ae-461c-ac26-7a45de2258da	19	12098138	12948155	343	-0.0238
3b2dc5c2-f7ae-461c-ac26-7a45de2258da	19	12957920	13225449	90	1.3489
3b2dc5c2-f7ae-461c-ac26-7a45de2258da	19	13226310	13427729	110	1.7106
3b2dc5c2-f7ae-461c-ac26-7a45de2258da	19	13434562	15191581	885	0.0046
3b2dc5c2-f7ae-461c-ac26-7a45de2258da	19	15197257	15199125	6	1.7208
3b2dc5c2-f7ae-461c-ac26-7a45de2258da	19	15199268	15214446	7	0.6268
3b2dc5c2-f7ae-461c-ac26-7a45de2258da	19	15214499	21589301	2323	-0.0231
3b2dc5c2-f7ae-461c-ac26-7a45de2258da	19	21591025	28794564	1834	0.0492
3b2dc5c2-f7ae-461c-ac26-7a45de2258da	19	28794628	34023581	3688	-0.0312
3b2dc5c2-f7ae-461c-ac26-7a45de2258da	19	34026372	58370362	10628	-0.0874
3b2dc5c2-f7ae-461c-ac26-7a45de2258da	20	472817	1406696	506	-0.5633
3b2dc5c2-f7ae-461c-ac26-7a45de2258da	20	1406814	1406977	2	-2.3459
3b2dc5c2-f7ae-461c-ac26-7a45de2258da	20	1407043	3075103	1244	-0.5372
3b2dc5c2-f7ae-461c-ac26-7a45de2258da	20	3081265	3393065	174	0.0539
3b2dc5c2-f7ae-461c-ac26-7a45de2258da	20	3393079	3423177	16	-0.61
3b2dc5c2-f7ae-461c-ac26-7a45de2258da	20	3423481	3466577	26	0.0912
3b2dc5c2-f7ae-461c-ac26-7a45de2258da	20	3466995	3473679	9	0.4016
3b2dc5c2-f7ae-461c-ac26-7a45de2258da	20	3478322	3663006	105	0.0352
3b2dc5c2-f7ae-461c-ac26-7a45de2258da	20	3663229	3705329	19	0.5317
3b2dc5c2-f7ae-461c-ac26-7a45de2258da	20	3717849	3766259	22	-0.0033
3b2dc5c2-f7ae-461c-ac26-7a45de2258da	20	3780492	3792266	6	-0.5724
3b2dc5c2-f7ae-461c-ac26-7a45de2258da	20	3792946	3823017	23	-0.1077
3b2dc5c2-f7ae-461c-ac26-7a45de2258da	20	4123473	5205039	805	-0.5395
3b2dc5c2-f7ae-461c-ac26-7a45de2258da	20	5205086	5300180	58	0.0471
3b2dc5c2-f7ae-461c-ac26-7a45de2258da	20	5303605	5417599	91	-0.5272
3b2dc5c2-f7ae-461c-ac26-7a45de2258da	20	5737655	6819186	858	0.0449
3b2dc5c2-f7ae-461c-ac26-7a45de2258da	20	6824082	8104424	783	-0.5355
3b2dc5c2-f7ae-461c-ac26-7a45de2258da	20	8104743	8614686	11	0.0924
3b2dc5c2-f7ae-461c-ac26-7a45de2258da	20	8619525	10136526	1227	-0.508
3b2dc5c2-f7ae-461c-ac26-7a45de2258da	20	10141564	10142776	2	-1.8662
3b2dc5c2-f7ae-461c-ac26-7a45de2258da	20	10144395	10713877	427	-0.5329
3b2dc5c2-f7ae-461c-ac26-7a45de2258da	20	10714094	10728523	15	-1.0852
3b2dc5c2-f7ae-461c-ac26-7a45de2258da	20	10728623	17664657	4851	-0.5152
3b2dc5c2-f7ae-461c-ac26-7a45de2258da	20	17665263	20494354	2280	0.0475
3b2dc5c2-f7ae-461c-ac26-7a45de2258da	20	20495410	23264633	1921	-0.0264
3b2dc5c2-f7ae-461c-ac26-7a45de2258da	20	23265259	25856889	1341	0.0635
3b2dc5c2-f7ae-461c-ac26-7a45de2258da	20	25858863	26215627	117	-0.0699
3b2dc5c2-f7ae-461c-ac26-7a45de2258da	20	26217263	31449137	102	0.0681
3b2dc5c2-f7ae-461c-ac26-7a45de2258da	20	31452707	31465102	7	-0.5721
3b2dc5c2-f7ae-461c-ac26-7a45de2258da	20	31465733	32129209	305	0.086
3b2dc5c2-f7ae-461c-ac26-7a45de2258da	20	32133547	36169578	1951	-0.0498
3b2dc5c2-f7ae-461c-ac26-7a45de2258da	20	36170390	36647995	174	0.1067
3b2dc5c2-f7ae-461c-ac26-7a45de2258da	20	36648182	38075930	871	-0.0551
3b2dc5c2-f7ae-461c-ac26-7a45de2258da	20	38076200	38390246	208	0.0857
3b2dc5c2-f7ae-461c-ac26-7a45de2258da	20	38393078	39640219	812	-0.031
3b2dc5c2-f7ae-461c-ac26-7a45de2258da	20	39640790	39898408	218	0.0757
3b2dc5c2-f7ae-461c-ac26-7a45de2258da	20	39902500	41171888	861	-0.0333
3b2dc5c2-f7ae-461c-ac26-7a45de2258da	20	41173409	41667648	218	0.0275
3b2dc5c2-f7ae-461c-ac26-7a45de2258da	20	41668890	50708673	5986	0.1224
3b2dc5c2-f7ae-461c-ac26-7a45de2258da	20	50712951	51161154	292	0.2303
3b2dc5c2-f7ae-461c-ac26-7a45de2258da	20	51161341	62753168	8334	0.1337
3b2dc5c2-f7ae-461c-ac26-7a45de2258da	20	62753374	63588502	252	0.4198
3b2dc5c2-f7ae-461c-ac26-7a45de2258da	21	13974127	39425922	16633	0.0178
3b2dc5c2-f7ae-461c-ac26-7a45de2258da	21	39426237	40963697	1247	0.0728
3b2dc5c2-f7ae-461c-ac26-7a45de2258da	21	40964030	46262057	2716	0.0097
3b2dc5c2-f7ae-461c-ac26-7a45de2258da	22	16934932	17185547	142	0.03
3b2dc5c2-f7ae-461c-ac26-7a45de2258da	22	17188356	17220362	20	0.9627
3b2dc5c2-f7ae-461c-ac26-7a45de2258da	22	17228881	17640393	261	0.0634
3b2dc5c2-f7ae-461c-ac26-7a45de2258da	22	17641416	18130970	347	0.3233
3b2dc5c2-f7ae-461c-ac26-7a45de2258da	22	18131162	28528521	3491	0.0488
3b2dc5c2-f7ae-461c-ac26-7a45de2258da	22	28532374	32173637	1954	0.0101
3b2dc5c2-f7ae-461c-ac26-7a45de2258da	22	32177456	32456990	226	0.079
3b2dc5c2-f7ae-461c-ac26-7a45de2258da	22	32457115	32484598	22	-0.1682
3b2dc5c2-f7ae-461c-ac26-7a45de2258da	22	32485339	33466253	831	0.0737
3b2dc5c2-f7ae-461c-ac26-7a45de2258da	22	33466405	33540236	87	0.4364
3b2dc5c2-f7ae-461c-ac26-7a45de2258da	22	33543512	36385763	2052	0.0574
3b2dc5c2-f7ae-461c-ac26-7a45de2258da	22	36390921	43513298	3624	-0.0044
3b2dc5c2-f7ae-461c-ac26-7a45de2258da	22	43514603	48940621	4031	0.0377
3b2dc5c2-f7ae-461c-ac26-7a45de2258da	X	3236359	32481870	13556	0.0106
3b2dc5c2-f7ae-461c-ac26-7a45de2258da	X	32482368	32672772	98	-0.3302
3b2dc5c2-f7ae-461c-ac26-7a45de2258da	X	32672857	71611930	13679	0.0057
3b2dc5c2-f7ae-461c-ac26-7a45de2258da	X	71612891	71622949	4	-1.9761
3b2dc5c2-f7ae-461c-ac26-7a45de2258da	X	71623945	77353761	1744	0.0136
3b2dc5c2-f7ae-461c-ac26-7a45de2258da	X	77357115	77745843	48	-1.0687
3b2dc5c2-f7ae-461c-ac26-7a45de2258da	X	77746433	142256003	28418	0.0007
3b2dc5c2-f7ae-461c-ac26-7a45de2258da	X	142256102	142256205	2	-2.4861
3b2dc5c2-f7ae-461c-ac26-7a45de2258da	X	142256707	155677414	6263	0.0138
