GDC_Aliquot	Chromosome	Start	End	Num_Probes	Segment_Mean
af4bdf35-149f-479e-9945-b99e7c10e0b2	1	3301765	26039058	12544	0.425
af4bdf35-149f-479e-9945-b99e7c10e0b2	1	26040675	58825916	18200	0.3989
af4bdf35-149f-479e-9945-b99e7c10e0b2	1	58828608	108978695	30499	0.3598
af4bdf35-149f-479e-9945-b99e7c10e0b2	1	108981372	150377292	7025	0.3927
af4bdf35-149f-479e-9945-b99e7c10e0b2	1	150494291	156291463	2790	0.229
af4bdf35-149f-479e-9945-b99e7c10e0b2	1	156292008	159147900	1785	0.0514
af4bdf35-149f-479e-9945-b99e7c10e0b2	1	159153703	159154651	3	-1.0487
af4bdf35-149f-479e-9945-b99e7c10e0b2	1	159159789	169898571	7754	0.036
af4bdf35-149f-479e-9945-b99e7c10e0b2	1	169899899	169899910	2	-2.4644
af4bdf35-149f-479e-9945-b99e7c10e0b2	1	169900203	185556769	9696	0.0283
af4bdf35-149f-479e-9945-b99e7c10e0b2	1	185556824	199308377	8006	-0.0215
af4bdf35-149f-479e-9945-b99e7c10e0b2	1	199308470	215097060	10574	0.0405
af4bdf35-149f-479e-9945-b99e7c10e0b2	1	215099217	223003734	5235	0.0016
af4bdf35-149f-479e-9945-b99e7c10e0b2	1	223004232	237625562	9383	0.0427
af4bdf35-149f-479e-9945-b99e7c10e0b2	1	237626017	241167094	2711	-0.006
af4bdf35-149f-479e-9945-b99e7c10e0b2	1	241167142	247650984	3444	0.0399
af4bdf35-149f-479e-9945-b99e7c10e0b2	2	480597	28683759	17453	-0.5267
af4bdf35-149f-479e-9945-b99e7c10e0b2	2	28683778	28685094	2	-3.187
af4bdf35-149f-479e-9945-b99e7c10e0b2	2	28685305	43025243	7973	-0.5195
af4bdf35-149f-479e-9945-b99e7c10e0b2	2	43025552	43026103	3	-4.3531
af4bdf35-149f-479e-9945-b99e7c10e0b2	2	43026420	222055562	94652	-0.5249
af4bdf35-149f-479e-9945-b99e7c10e0b2	2	222057805	222293320	193	-1.6602
af4bdf35-149f-479e-9945-b99e7c10e0b2	2	222296887	222297305	3	-7.0319
af4bdf35-149f-479e-9945-b99e7c10e0b2	2	222301075	230836992	5152	-1.5653
af4bdf35-149f-479e-9945-b99e7c10e0b2	2	230839392	231022112	108	-2.5672
af4bdf35-149f-479e-9945-b99e7c10e0b2	2	231028020	231920645	330	-1.4542
af4bdf35-149f-479e-9945-b99e7c10e0b2	2	231930544	231934013	6	-4.6837
af4bdf35-149f-479e-9945-b99e7c10e0b2	2	231935874	232139725	113	-1.4504
af4bdf35-149f-479e-9945-b99e7c10e0b2	2	232141633	232141640	2	-6.4381
af4bdf35-149f-479e-9945-b99e7c10e0b2	2	232142392	232477036	93	-1.3965
af4bdf35-149f-479e-9945-b99e7c10e0b2	2	232477908	236128696	2396	-1.8657
af4bdf35-149f-479e-9945-b99e7c10e0b2	2	236129438	236191901	21	-1.0605
af4bdf35-149f-479e-9945-b99e7c10e0b2	2	236192027	236192309	2	-6.8884
af4bdf35-149f-479e-9945-b99e7c10e0b2	2	236193288	236657552	263	-1.4724
af4bdf35-149f-479e-9945-b99e7c10e0b2	2	236658718	241237291	2665	-2.1661
af4bdf35-149f-479e-9945-b99e7c10e0b2	2	241237780	241537572	163	-1.6163
af4bdf35-149f-479e-9945-b99e7c10e0b2	3	2170634	8159062	3361	0.3716
af4bdf35-149f-479e-9945-b99e7c10e0b2	3	8159541	15079441	4551	0.4173
af4bdf35-149f-479e-9945-b99e7c10e0b2	3	15081471	18142536	1865	0.3844
af4bdf35-149f-479e-9945-b99e7c10e0b2	3	18143133	30560715	7148	0.3466
af4bdf35-149f-479e-9945-b99e7c10e0b2	3	30561004	33429154	1887	0.387
af4bdf35-149f-479e-9945-b99e7c10e0b2	3	33432321	36446204	1781	0.3435
af4bdf35-149f-479e-9945-b99e7c10e0b2	3	36446324	44398077	4679	0.3841
af4bdf35-149f-479e-9945-b99e7c10e0b2	3	44399449	55767060	5951	0.402
af4bdf35-149f-479e-9945-b99e7c10e0b2	3	55767436	73950562	11872	0.3727
af4bdf35-149f-479e-9945-b99e7c10e0b2	3	73950836	74110303	114	0.2834
af4bdf35-149f-479e-9945-b99e7c10e0b2	3	74110336	74111275	3	-0.7611
af4bdf35-149f-479e-9945-b99e7c10e0b2	3	74115187	106018024	14469	0.3276
af4bdf35-149f-479e-9945-b99e7c10e0b2	3	106018761	109381909	1813	0.3688
af4bdf35-149f-479e-9945-b99e7c10e0b2	3	109382072	111385782	1093	0.3198
af4bdf35-149f-479e-9945-b99e7c10e0b2	3	111386062	116016969	2749	0.374
af4bdf35-149f-479e-9945-b99e7c10e0b2	3	116019466	116019524	2	-0.9843
af4bdf35-149f-479e-9945-b99e7c10e0b2	3	116021773	118152844	1594	0.3485
af4bdf35-149f-479e-9945-b99e7c10e0b2	3	118153037	118153755	4	-0.4815
af4bdf35-149f-479e-9945-b99e7c10e0b2	3	118158563	122588073	2284	0.368
af4bdf35-149f-479e-9945-b99e7c10e0b2	3	122588704	130011876	4316	0.4105
af4bdf35-149f-479e-9945-b99e7c10e0b2	3	130012910	134627376	2796	0.3617
af4bdf35-149f-479e-9945-b99e7c10e0b2	3	134630088	134975581	291	0.472
af4bdf35-149f-479e-9945-b99e7c10e0b2	3	134975594	144134375	4818	0.379
af4bdf35-149f-479e-9945-b99e7c10e0b2	3	144135548	148601039	1983	0.319
af4bdf35-149f-479e-9945-b99e7c10e0b2	3	148601446	162148453	7653	0.3491
af4bdf35-149f-479e-9945-b99e7c10e0b2	3	162239158	169214522	3106	0.3164
af4bdf35-149f-479e-9945-b99e7c10e0b2	3	169223912	174583964	2908	0.38
af4bdf35-149f-479e-9945-b99e7c10e0b2	3	174584648	182121112	3845	0.3389
af4bdf35-149f-479e-9945-b99e7c10e0b2	3	182129142	185874258	1521	0.3898
af4bdf35-149f-479e-9945-b99e7c10e0b2	3	185877660	185880036	3	-0.7556
af4bdf35-149f-479e-9945-b99e7c10e0b2	3	185880764	188179854	1732	0.394
af4bdf35-149f-479e-9945-b99e7c10e0b2	3	188180923	189166432	662	0.3137
af4bdf35-149f-479e-9945-b99e7c10e0b2	3	189166636	189372662	148	0.3825
af4bdf35-149f-479e-9945-b99e7c10e0b2	3	189376519	189380938	5	-0.7022
af4bdf35-149f-479e-9945-b99e7c10e0b2	3	189384112	193706740	2680	0.359
af4bdf35-149f-479e-9945-b99e7c10e0b2	3	193706825	197552527	1377	0.4182
af4bdf35-149f-479e-9945-b99e7c10e0b2	3	197554467	197812401	52	0.3263
af4bdf35-149f-479e-9945-b99e7c10e0b2	4	1059384	6190041	2697	0.4419
af4bdf35-149f-479e-9945-b99e7c10e0b2	4	6190253	8220430	1387	0.4927
af4bdf35-149f-479e-9945-b99e7c10e0b2	4	8220706	10343715	792	0.4269
af4bdf35-149f-479e-9945-b99e7c10e0b2	4	10344621	23981035	9440	0.3613
af4bdf35-149f-479e-9945-b99e7c10e0b2	4	23982840	26589553	1788	0.417
af4bdf35-149f-479e-9945-b99e7c10e0b2	4	26594477	37262958	6341	0.3398
af4bdf35-149f-479e-9945-b99e7c10e0b2	4	37263005	43330262	3514	0.3935
af4bdf35-149f-479e-9945-b99e7c10e0b2	4	43330326	47193047	1893	0.3262
af4bdf35-149f-479e-9945-b99e7c10e0b2	4	47193671	47193691	2	-1.0834
af4bdf35-149f-479e-9945-b99e7c10e0b2	4	47227287	51837099	503	0.3645
af4bdf35-149f-479e-9945-b99e7c10e0b2	4	51837853	53760834	1126	0.4369
af4bdf35-149f-479e-9945-b99e7c10e0b2	4	53762982	57463217	2513	0.3661
af4bdf35-149f-479e-9945-b99e7c10e0b2	4	57465467	63023450	3108	0.3194
af4bdf35-149f-479e-9945-b99e7c10e0b2	4	63025095	65088393	991	0.3949
af4bdf35-149f-479e-9945-b99e7c10e0b2	4	65094543	82303688	9521	0.4287
af4bdf35-149f-479e-9945-b99e7c10e0b2	4	82308912	83365595	598	0.507
af4bdf35-149f-479e-9945-b99e7c10e0b2	4	83366654	144563105	33922	0.4341
af4bdf35-149f-479e-9945-b99e7c10e0b2	4	144563186	155228713	5906	0.4699
af4bdf35-149f-479e-9945-b99e7c10e0b2	4	155236279	168213432	7194	0.4301
af4bdf35-149f-479e-9945-b99e7c10e0b2	4	168218725	170045104	1151	0.4823
af4bdf35-149f-479e-9945-b99e7c10e0b2	4	170049026	182002533	6501	0.4309
af4bdf35-149f-479e-9945-b99e7c10e0b2	4	182003535	186793537	1967	0.5134
af4bdf35-149f-479e-9945-b99e7c10e0b2	4	186795278	187842528	592	0.4488
af4bdf35-149f-479e-9945-b99e7c10e0b2	5	913983	3641907	1649	0.4543
af4bdf35-149f-479e-9945-b99e7c10e0b2	5	3642737	14305126	7628	0.3995
af4bdf35-149f-479e-9945-b99e7c10e0b2	5	14306105	14917915	468	0.4353
af4bdf35-149f-479e-9945-b99e7c10e0b2	5	14921341	18168036	1402	0.3855
af4bdf35-149f-479e-9945-b99e7c10e0b2	5	18168337	30913617	6683	0.332
af4bdf35-149f-479e-9945-b99e7c10e0b2	5	30913690	131143088	52640	0.3761
af4bdf35-149f-479e-9945-b99e7c10e0b2	5	131144498	143186093	6950	0.4319
af4bdf35-149f-479e-9945-b99e7c10e0b2	5	143186261	145398167	1363	0.3707
af4bdf35-149f-479e-9945-b99e7c10e0b2	5	145398692	161971954	10898	0.4061
af4bdf35-149f-479e-9945-b99e7c10e0b2	5	161972859	167909822	3752	0.365
af4bdf35-149f-479e-9945-b99e7c10e0b2	5	167910128	180934240	7633	0.4495
af4bdf35-149f-479e-9945-b99e7c10e0b2	6	1011760	5513963	3230	0.0255
af4bdf35-149f-479e-9945-b99e7c10e0b2	6	5514011	28473370	15192	-0.0119
af4bdf35-149f-479e-9945-b99e7c10e0b2	6	28473857	45811995	8680	0.0192
af4bdf35-149f-479e-9945-b99e7c10e0b2	6	45812209	45812519	2	-1.5571
af4bdf35-149f-479e-9945-b99e7c10e0b2	6	45814288	48035025	1470	0.004
af4bdf35-149f-479e-9945-b99e7c10e0b2	6	48037140	48702932	322	-0.0353
af4bdf35-149f-479e-9945-b99e7c10e0b2	6	48706685	48709977	5	-0.8459
af4bdf35-149f-479e-9945-b99e7c10e0b2	6	48712123	55509380	4203	-0.0248
af4bdf35-149f-479e-9945-b99e7c10e0b2	6	55511355	55511369	2	-2.0073
af4bdf35-149f-479e-9945-b99e7c10e0b2	6	55511532	57156243	901	-0.0174
af4bdf35-149f-479e-9945-b99e7c10e0b2	6	57156478	68819337	3972	-0.0733
af4bdf35-149f-479e-9945-b99e7c10e0b2	6	68824147	77299271	4902	-0.0274
af4bdf35-149f-479e-9945-b99e7c10e0b2	6	77301050	77301685	3	-1.7026
af4bdf35-149f-479e-9945-b99e7c10e0b2	6	77304438	104223083	14622	-0.0475
af4bdf35-149f-479e-9945-b99e7c10e0b2	6	104223372	119472702	8740	-0.0211
af4bdf35-149f-479e-9945-b99e7c10e0b2	6	119473090	120315566	479	-0.0628
af4bdf35-149f-479e-9945-b99e7c10e0b2	6	120317274	120317304	2	-1.7401
af4bdf35-149f-479e-9945-b99e7c10e0b2	6	120317636	155612722	22237	-0.031
af4bdf35-149f-479e-9945-b99e7c10e0b2	6	155612853	159783095	2585	0.0001
af4bdf35-149f-479e-9945-b99e7c10e0b2	6	159783294	159783308	2	-1.363
af4bdf35-149f-479e-9945-b99e7c10e0b2	6	159783324	161303550	1057	-0.0145
af4bdf35-149f-479e-9945-b99e7c10e0b2	6	161306599	161365662	28	0.5146
af4bdf35-149f-479e-9945-b99e7c10e0b2	6	161368141	170596889	4418	-0.0151
af4bdf35-149f-479e-9945-b99e7c10e0b2	7	664936	11862726	4776	-0.0674
af4bdf35-149f-479e-9945-b99e7c10e0b2	7	11864512	12059070	170	-1.8581
af4bdf35-149f-479e-9945-b99e7c10e0b2	7	12067340	16130033	2930	-0.0686
af4bdf35-149f-479e-9945-b99e7c10e0b2	7	16131935	16132634	2	-1.713
af4bdf35-149f-479e-9945-b99e7c10e0b2	7	16137216	16468032	197	-0.0761
af4bdf35-149f-479e-9945-b99e7c10e0b2	7	16468522	43372773	16724	-0.0081
af4bdf35-149f-479e-9945-b99e7c10e0b2	7	43373122	43384657	9	-1.5399
af4bdf35-149f-479e-9945-b99e7c10e0b2	7	43386707	52187620	5880	-0.0134
af4bdf35-149f-479e-9945-b99e7c10e0b2	7	52193884	76207529	7768	-0.0627
af4bdf35-149f-479e-9945-b99e7c10e0b2	7	76209982	98486672	11771	-0.0972
af4bdf35-149f-479e-9945-b99e7c10e0b2	7	98488308	98723362	136	0.0677
af4bdf35-149f-479e-9945-b99e7c10e0b2	7	98728509	101518850	919	-0.0695
af4bdf35-149f-479e-9945-b99e7c10e0b2	7	101519270	101520113	2	-1.774
af4bdf35-149f-479e-9945-b99e7c10e0b2	7	101521752	119507968	9489	-0.0957
af4bdf35-149f-479e-9945-b99e7c10e0b2	7	119508031	119509749	2	-2.0239
af4bdf35-149f-479e-9945-b99e7c10e0b2	7	119509763	121288163	929	-0.1005
af4bdf35-149f-479e-9945-b99e7c10e0b2	7	121288420	121288548	3	-2.6992
af4bdf35-149f-479e-9945-b99e7c10e0b2	7	121290201	126961577	3133	-0.1154
af4bdf35-149f-479e-9945-b99e7c10e0b2	7	126963144	141425076	8447	-0.0757
af4bdf35-149f-479e-9945-b99e7c10e0b2	7	141428052	148713396	3615	-0.1188
af4bdf35-149f-479e-9945-b99e7c10e0b2	7	148713619	157851813	4677	-0.0532
af4bdf35-149f-479e-9945-b99e7c10e0b2	7	157851842	158592540	260	-0.1295
af4bdf35-149f-479e-9945-b99e7c10e0b2	8	667625	12870967	5393	0.4145
af4bdf35-149f-479e-9945-b99e7c10e0b2	8	12871063	19646900	5168	0.364
af4bdf35-149f-479e-9945-b99e7c10e0b2	8	19647607	29719632	6955	0.4127
af4bdf35-149f-479e-9945-b99e7c10e0b2	8	29720767	38455399	4886	0.3616
af4bdf35-149f-479e-9945-b99e7c10e0b2	8	38484098	43078229	2659	0.4055
af4bdf35-149f-479e-9945-b99e7c10e0b2	8	43080575	50164673	1632	-0.6087
af4bdf35-149f-479e-9945-b99e7c10e0b2	8	50167487	50902130	424	0.3206
af4bdf35-149f-479e-9945-b99e7c10e0b2	8	50903953	54077184	1834	-0.6216
af4bdf35-149f-479e-9945-b99e7c10e0b2	8	54081504	55137165	698	0.3919
af4bdf35-149f-479e-9945-b99e7c10e0b2	8	55138296	75066247	11989	-0.6107
af4bdf35-149f-479e-9945-b99e7c10e0b2	8	75140327	75773225	371	0.3377
af4bdf35-149f-479e-9945-b99e7c10e0b2	8	75776736	75777387	3	-0.9274
af4bdf35-149f-479e-9945-b99e7c10e0b2	8	75781033	75890908	57	0.3216
af4bdf35-149f-479e-9945-b99e7c10e0b2	8	75895470	75902954	8	-0.6167
af4bdf35-149f-479e-9945-b99e7c10e0b2	8	75906414	75932666	11	0.4136
af4bdf35-149f-479e-9945-b99e7c10e0b2	8	75937799	75977332	26	-0.7645
af4bdf35-149f-479e-9945-b99e7c10e0b2	8	75986367	75993577	6	0.3017
af4bdf35-149f-479e-9945-b99e7c10e0b2	8	75997916	80690365	2546	-0.6302
af4bdf35-149f-479e-9945-b99e7c10e0b2	8	80691559	94144248	7292	0.333
af4bdf35-149f-479e-9945-b99e7c10e0b2	8	94144393	99208675	3089	0.3767
af4bdf35-149f-479e-9945-b99e7c10e0b2	8	99208945	99746807	253	0.271
af4bdf35-149f-479e-9945-b99e7c10e0b2	8	99754654	104927967	3067	0.3786
af4bdf35-149f-479e-9945-b99e7c10e0b2	8	104931067	109625115	2459	0.3423
af4bdf35-149f-479e-9945-b99e7c10e0b2	8	109626245	113027662	1737	0.308
af4bdf35-149f-479e-9945-b99e7c10e0b2	8	113028312	113032421	3	-0.8514
af4bdf35-149f-479e-9945-b99e7c10e0b2	8	113036167	115145398	1014	0.3142
af4bdf35-149f-479e-9945-b99e7c10e0b2	8	115145555	121525692	4220	0.353
af4bdf35-149f-479e-9945-b99e7c10e0b2	8	121526151	121526883	3	-0.724
af4bdf35-149f-479e-9945-b99e7c10e0b2	8	121526899	121952660	276	0.3254
af4bdf35-149f-479e-9945-b99e7c10e0b2	8	121953294	121953725	2	-0.8884
af4bdf35-149f-479e-9945-b99e7c10e0b2	8	121953743	138362371	11763	0.3692
af4bdf35-149f-479e-9945-b99e7c10e0b2	8	138363430	144182542	2280	0.4315
af4bdf35-149f-479e-9945-b99e7c10e0b2	9	789794	7586590	4113	-0.5821
af4bdf35-149f-479e-9945-b99e7c10e0b2	9	7589065	7589134	2	-4.3226
af4bdf35-149f-479e-9945-b99e7c10e0b2	9	7591099	138044505	64018	-0.594
af4bdf35-149f-479e-9945-b99e7c10e0b2	10	366509	12462070	8479	-0.012
af4bdf35-149f-479e-9945-b99e7c10e0b2	10	12469909	12960465	471	0.4278
af4bdf35-149f-479e-9945-b99e7c10e0b2	10	12962097	16480079	2798	0.0122
af4bdf35-149f-479e-9945-b99e7c10e0b2	10	16480657	16480848	3	-1.0749
af4bdf35-149f-479e-9945-b99e7c10e0b2	10	16485173	19958158	2462	-0.0242
af4bdf35-149f-479e-9945-b99e7c10e0b2	10	19961181	19964458	3	-1.3629
af4bdf35-149f-479e-9945-b99e7c10e0b2	10	19965901	24375222	2896	-0.0201
af4bdf35-149f-479e-9945-b99e7c10e0b2	10	24375252	24378162	2	-1.5545
af4bdf35-149f-479e-9945-b99e7c10e0b2	10	24378854	37293582	8448	-0.0078
af4bdf35-149f-479e-9945-b99e7c10e0b2	10	37295625	37301714	2	-1.4102
af4bdf35-149f-479e-9945-b99e7c10e0b2	10	37301715	50875480	4190	-0.006
af4bdf35-149f-479e-9945-b99e7c10e0b2	10	50876055	54596902	2687	-0.0449
af4bdf35-149f-479e-9945-b99e7c10e0b2	10	54601618	54601716	2	-1.9428
af4bdf35-149f-479e-9945-b99e7c10e0b2	10	54602317	67786216	7579	-0.043
af4bdf35-149f-479e-9945-b99e7c10e0b2	10	67787299	115670971	29671	-0.0106
af4bdf35-149f-479e-9945-b99e7c10e0b2	10	115673852	115673869	2	-2.5501
af4bdf35-149f-479e-9945-b99e7c10e0b2	10	115673895	127917354	8919	0.0119
af4bdf35-149f-479e-9945-b99e7c10e0b2	10	127925448	128209995	185	0.6868
af4bdf35-149f-479e-9945-b99e7c10e0b2	10	128215559	132055382	2020	0.0164
af4bdf35-149f-479e-9945-b99e7c10e0b2	10	132055400	132183527	80	0.2191
af4bdf35-149f-479e-9945-b99e7c10e0b2	10	132188644	132617792	153	0.6015
af4bdf35-149f-479e-9945-b99e7c10e0b2	10	132621899	133312629	123	0.2528
af4bdf35-149f-479e-9945-b99e7c10e0b2	10	133339792	133411599	31	-0.2204
af4bdf35-149f-479e-9945-b99e7c10e0b2	11	456012	22889074	14560	-0.2161
af4bdf35-149f-479e-9945-b99e7c10e0b2	11	22893149	27182960	2779	-0.273
af4bdf35-149f-479e-9945-b99e7c10e0b2	11	27183350	36391072	5963	-0.2144
af4bdf35-149f-479e-9945-b99e7c10e0b2	11	36391105	42552841	3527	-0.2502
af4bdf35-149f-479e-9945-b99e7c10e0b2	11	42553508	49327815	3515	-0.185
af4bdf35-149f-479e-9945-b99e7c10e0b2	11	49329311	80160516	12142	0.0164
af4bdf35-149f-479e-9945-b99e7c10e0b2	11	80162066	80934943	556	-0.0156
af4bdf35-149f-479e-9945-b99e7c10e0b2	11	80935302	80935449	3	-1.4571
af4bdf35-149f-479e-9945-b99e7c10e0b2	11	80938107	81053113	93	-0.0729
af4bdf35-149f-479e-9945-b99e7c10e0b2	11	81053987	81054080	2	-1.9576
af4bdf35-149f-479e-9945-b99e7c10e0b2	11	81056758	81443783	248	-0.0243
af4bdf35-149f-479e-9945-b99e7c10e0b2	11	81446307	81447120	3	-1.785
af4bdf35-149f-479e-9945-b99e7c10e0b2	11	81448012	96442367	8961	-0.0234
af4bdf35-149f-479e-9945-b99e7c10e0b2	11	96443277	96443590	2	-2.161
af4bdf35-149f-479e-9945-b99e7c10e0b2	11	96447445	100252591	2484	-0.0448
af4bdf35-149f-479e-9945-b99e7c10e0b2	11	100252982	100253016	2	-1.7914
af4bdf35-149f-479e-9945-b99e7c10e0b2	11	100254360	109792842	5708	-0.0257
af4bdf35-149f-479e-9945-b99e7c10e0b2	11	109798973	125999304	11302	0.0142
af4bdf35-149f-479e-9945-b99e7c10e0b2	11	126000087	126000925	2	-2.0378
af4bdf35-149f-479e-9945-b99e7c10e0b2	11	126003958	131332756	3827	-0.0153
af4bdf35-149f-479e-9945-b99e7c10e0b2	11	131333146	131335043	5	-1.0916
af4bdf35-149f-479e-9945-b99e7c10e0b2	11	131337701	134272740	1812	0.0109
af4bdf35-149f-479e-9945-b99e7c10e0b2	12	780472	29401872	17064	-0.5962
af4bdf35-149f-479e-9945-b99e7c10e0b2	12	29405572	31072776	1289	-0.0098
af4bdf35-149f-479e-9945-b99e7c10e0b2	12	31080036	40620389	2285	-0.605
af4bdf35-149f-479e-9945-b99e7c10e0b2	12	40623065	47693435	3899	-0.0296
af4bdf35-149f-479e-9945-b99e7c10e0b2	12	47695758	51816307	2079	0.0018
af4bdf35-149f-479e-9945-b99e7c10e0b2	12	51817321	51817736	2	-1.3339
af4bdf35-149f-479e-9945-b99e7c10e0b2	12	51823113	58481041	3593	0.0117
af4bdf35-149f-479e-9945-b99e7c10e0b2	12	58481098	64985485	3888	-0.0287
af4bdf35-149f-479e-9945-b99e7c10e0b2	12	64985593	64986187	2	-1.4905
af4bdf35-149f-479e-9945-b99e7c10e0b2	12	64986666	72622465	4992	-0.0198
af4bdf35-149f-479e-9945-b99e7c10e0b2	12	72622488	82573232	6014	-0.0394
af4bdf35-149f-479e-9945-b99e7c10e0b2	12	82574262	82574507	5	-1.2281
af4bdf35-149f-479e-9945-b99e7c10e0b2	12	82579556	92270944	5557	-0.0549
af4bdf35-149f-479e-9945-b99e7c10e0b2	12	92271362	99430634	4877	-0.016
af4bdf35-149f-479e-9945-b99e7c10e0b2	12	99435302	99541379	67	-0.6314
af4bdf35-149f-479e-9945-b99e7c10e0b2	12	99542492	132605822	18586	0.0053
af4bdf35-149f-479e-9945-b99e7c10e0b2	13	18874255	20782771	640	0.4088
af4bdf35-149f-479e-9945-b99e7c10e0b2	13	20788975	48348203	18038	-0.5673
af4bdf35-149f-479e-9945-b99e7c10e0b2	13	48351055	48351149	2	-3.8927
af4bdf35-149f-479e-9945-b99e7c10e0b2	13	48351233	55118304	2921	-0.5316
af4bdf35-149f-479e-9945-b99e7c10e0b2	13	55118339	69082619	6744	-0.5944
af4bdf35-149f-479e-9945-b99e7c10e0b2	13	69083104	98696562	18276	-0.5572
af4bdf35-149f-479e-9945-b99e7c10e0b2	13	98705267	99078762	259	0.4614
af4bdf35-149f-479e-9945-b99e7c10e0b2	13	99081870	107348823	5594	-0.552
af4bdf35-149f-479e-9945-b99e7c10e0b2	13	107349901	107349909	2	-3.343
af4bdf35-149f-479e-9945-b99e7c10e0b2	13	107352819	113609404	4160	-0.5167
af4bdf35-149f-479e-9945-b99e7c10e0b2	13	113610162	113610202	2	-5.0421
af4bdf35-149f-479e-9945-b99e7c10e0b2	13	113610875	114226675	131	-0.4716
af4bdf35-149f-479e-9945-b99e7c10e0b2	14	20033191	23939116	1509	0.9313
af4bdf35-149f-479e-9945-b99e7c10e0b2	14	23939187	24031630	32	0.4411
af4bdf35-149f-479e-9945-b99e7c10e0b2	14	24031792	26294421	1447	0.915
af4bdf35-149f-479e-9945-b99e7c10e0b2	14	26300516	26300519	3	-0.5689
af4bdf35-149f-479e-9945-b99e7c10e0b2	14	26300708	39506860	7748	0.8989
af4bdf35-149f-479e-9945-b99e7c10e0b2	14	39513223	39521500	7	-0.5196
af4bdf35-149f-479e-9945-b99e7c10e0b2	14	39530479	49332642	4341	0.8726
af4bdf35-149f-479e-9945-b99e7c10e0b2	14	49332795	61558622	7865	0.9206
af4bdf35-149f-479e-9945-b99e7c10e0b2	14	61563901	98061134	22924	-0.6101
af4bdf35-149f-479e-9945-b99e7c10e0b2	14	98061997	98066027	2	-3.9525
af4bdf35-149f-479e-9945-b99e7c10e0b2	14	98067934	99203668	881	-0.5989
af4bdf35-149f-479e-9945-b99e7c10e0b2	14	99204019	99209287	5	-3.1302
af4bdf35-149f-479e-9945-b99e7c10e0b2	14	99209902	101066883	1056	-0.6337
af4bdf35-149f-479e-9945-b99e7c10e0b2	14	101066951	101073047	9	-3.108
af4bdf35-149f-479e-9945-b99e7c10e0b2	14	101075297	105533894	1786	-0.6194
af4bdf35-149f-479e-9945-b99e7c10e0b2	15	23437561	34262156	4631	-0.013
af4bdf35-149f-479e-9945-b99e7c10e0b2	15	34262872	34262896	2	1.5184
af4bdf35-149f-479e-9945-b99e7c10e0b2	15	34280876	79332139	26836	-0.0015
af4bdf35-149f-479e-9945-b99e7c10e0b2	15	79332466	79332569	2	-1.4799
af4bdf35-149f-479e-9945-b99e7c10e0b2	15	79333240	81901292	1779	-0.0031
af4bdf35-149f-479e-9945-b99e7c10e0b2	15	81901441	81901744	2	-1.902
af4bdf35-149f-479e-9945-b99e7c10e0b2	15	81914089	101344124	11492	0.0084
af4bdf35-149f-479e-9945-b99e7c10e0b2	16	603333	31841585	14020	0.0255
af4bdf35-149f-479e-9945-b99e7c10e0b2	16	46470502	53104140	4157	-0.568
af4bdf35-149f-479e-9945-b99e7c10e0b2	16	53108005	53124785	11	0.3721
af4bdf35-149f-479e-9945-b99e7c10e0b2	16	53127315	57887848	3319	-0.6057
af4bdf35-149f-479e-9945-b99e7c10e0b2	16	57887939	57892943	5	-3.5259
af4bdf35-149f-479e-9945-b99e7c10e0b2	16	57893053	58532605	393	-0.6102
af4bdf35-149f-479e-9945-b99e7c10e0b2	16	58534213	58586607	31	0.3592
af4bdf35-149f-479e-9945-b99e7c10e0b2	16	58591813	60033450	944	-0.6237
af4bdf35-149f-479e-9945-b99e7c10e0b2	16	60039596	60042592	5	0.4814
af4bdf35-149f-479e-9945-b99e7c10e0b2	16	60071814	60590261	304	-0.642
af4bdf35-149f-479e-9945-b99e7c10e0b2	16	60592390	60697448	68	0.3673
af4bdf35-149f-479e-9945-b99e7c10e0b2	16	60699699	61357657	401	-0.6305
af4bdf35-149f-479e-9945-b99e7c10e0b2	16	61358940	61414212	28	0.3377
af4bdf35-149f-479e-9945-b99e7c10e0b2	16	61419670	65131825	2400	-0.6395
af4bdf35-149f-479e-9945-b99e7c10e0b2	16	65134184	67652219	1538	-0.5584
af4bdf35-149f-479e-9945-b99e7c10e0b2	16	67671627	67690670	6	0.4813
af4bdf35-149f-479e-9945-b99e7c10e0b2	16	67697498	71196176	1339	-0.5595
af4bdf35-149f-479e-9945-b99e7c10e0b2	16	71196226	71629510	273	-0.6278
af4bdf35-149f-479e-9945-b99e7c10e0b2	16	71631868	71666601	20	0.4116
af4bdf35-149f-479e-9945-b99e7c10e0b2	16	71670412	78249791	4248	-0.591
af4bdf35-149f-479e-9945-b99e7c10e0b2	16	78250915	78251581	2	-3.8896
af4bdf35-149f-479e-9945-b99e7c10e0b2	16	78252383	79922229	1606	-0.6191
af4bdf35-149f-479e-9945-b99e7c10e0b2	16	79922710	79982760	79	0.4642
af4bdf35-149f-479e-9945-b99e7c10e0b2	16	79985135	81937748	1427	-0.6133
af4bdf35-149f-479e-9945-b99e7c10e0b2	16	81937798	82076275	114	0.4313
af4bdf35-149f-479e-9945-b99e7c10e0b2	16	82079036	89317317	4284	-0.6203
af4bdf35-149f-479e-9945-b99e7c10e0b2	17	1074619	6633425	2743	0.4146
af4bdf35-149f-479e-9945-b99e7c10e0b2	17	6634410	19480594	6271	-0.5958
af4bdf35-149f-479e-9945-b99e7c10e0b2	17	19481886	65605712	19220	0.3983
af4bdf35-149f-479e-9945-b99e7c10e0b2	17	65607449	65607517	2	-0.9451
af4bdf35-149f-479e-9945-b99e7c10e0b2	17	65609071	66611247	567	0.3976
af4bdf35-149f-479e-9945-b99e7c10e0b2	17	66611276	66625266	12	0.2986
af4bdf35-149f-479e-9945-b99e7c10e0b2	17	66625754	66626079	3	1.5001
af4bdf35-149f-479e-9945-b99e7c10e0b2	17	66627196	68814606	1301	0.4259
af4bdf35-149f-479e-9945-b99e7c10e0b2	17	68814746	72145977	2396	0.363
af4bdf35-149f-479e-9945-b99e7c10e0b2	17	72146455	72558392	332	0.4029
af4bdf35-149f-479e-9945-b99e7c10e0b2	17	72558668	82291884	4040	0.4393
af4bdf35-149f-479e-9945-b99e7c10e0b2	17	82294743	82762370	227	0.3515
af4bdf35-149f-479e-9945-b99e7c10e0b2	17	82768207	82955792	107	0.4996
af4bdf35-149f-479e-9945-b99e7c10e0b2	17	82959140	82959812	2	-0.0391
af4bdf35-149f-479e-9945-b99e7c10e0b2	18	326691	8331235	4294	0.3888
af4bdf35-149f-479e-9945-b99e7c10e0b2	18	8331684	8869782	503	0.4772
af4bdf35-149f-479e-9945-b99e7c10e0b2	18	8870957	25416010	5949	0.4035
af4bdf35-149f-479e-9945-b99e7c10e0b2	18	25419973	32397782	4319	0.3673
af4bdf35-149f-479e-9945-b99e7c10e0b2	18	32401062	32401065	3	-0.7577
af4bdf35-149f-479e-9945-b99e7c10e0b2	18	32402540	35967182	2045	0.3616
af4bdf35-149f-479e-9945-b99e7c10e0b2	18	35970090	36663290	552	0.4347
af4bdf35-149f-479e-9945-b99e7c10e0b2	18	36664009	37221461	346	0.3444
af4bdf35-149f-479e-9945-b99e7c10e0b2	18	37223761	37600999	253	0.4818
af4bdf35-149f-479e-9945-b99e7c10e0b2	18	37601915	44831696	4218	0.3738
af4bdf35-149f-479e-9945-b99e7c10e0b2	18	44833075	51013159	4228	0.4308
af4bdf35-149f-479e-9945-b99e7c10e0b2	18	51015636	57079287	3872	0.388
af4bdf35-149f-479e-9945-b99e7c10e0b2	18	57079317	59743933	1905	0.4398
af4bdf35-149f-479e-9945-b99e7c10e0b2	18	59744183	74918857	7473	0.3879
af4bdf35-149f-479e-9945-b99e7c10e0b2	18	74920641	79349796	2975	0.4368
af4bdf35-149f-479e-9945-b99e7c10e0b2	19	283868	15990122	6082	0.1481
af4bdf35-149f-479e-9945-b99e7c10e0b2	19	15993431	15993540	2	-1.588
af4bdf35-149f-479e-9945-b99e7c10e0b2	19	15997407	16702881	344	0.1346
af4bdf35-149f-479e-9945-b99e7c10e0b2	19	16704096	16704882	3	-1.5752
af4bdf35-149f-479e-9945-b99e7c10e0b2	19	16706196	16977489	116	0.1749
af4bdf35-149f-479e-9945-b99e7c10e0b2	19	16977648	29267881	3685	-0.0345
af4bdf35-149f-479e-9945-b99e7c10e0b2	19	29271213	29289906	26	-0.6326
af4bdf35-149f-479e-9945-b99e7c10e0b2	19	29291823	56097272	12605	-0.0361
af4bdf35-149f-479e-9945-b99e7c10e0b2	19	56097675	56175024	30	0.4628
af4bdf35-149f-479e-9945-b99e7c10e0b2	19	56184925	58370362	1228	-0.0388
af4bdf35-149f-479e-9945-b99e7c10e0b2	20	472817	4485349	2451	0.4315
af4bdf35-149f-479e-9945-b99e7c10e0b2	20	4485987	63588502	35068	0.0189
af4bdf35-149f-479e-9945-b99e7c10e0b2	21	13974127	30039057	10385	0.3397
af4bdf35-149f-479e-9945-b99e7c10e0b2	21	30039101	30039221	2	2.133
af4bdf35-149f-479e-9945-b99e7c10e0b2	21	30049061	30880915	424	0.354
af4bdf35-149f-479e-9945-b99e7c10e0b2	21	30884958	32195266	897	0.4227
af4bdf35-149f-479e-9945-b99e7c10e0b2	21	32195451	41027772	6215	0.3874
af4bdf35-149f-479e-9945-b99e7c10e0b2	21	41028854	45011200	2211	0.4324
af4bdf35-149f-479e-9945-b99e7c10e0b2	21	45014386	45015695	2	-1.0774
af4bdf35-149f-479e-9945-b99e7c10e0b2	21	45020924	46173586	404	0.4211
af4bdf35-149f-479e-9945-b99e7c10e0b2	21	46178267	46182047	2	-0.7976
af4bdf35-149f-479e-9945-b99e7c10e0b2	21	46188666	46262057	49	0.389
af4bdf35-149f-479e-9945-b99e7c10e0b2	22	16934932	48940621	17063	-0.0006
af4bdf35-149f-479e-9945-b99e7c10e0b2	X	3236359	31845196	13051	0.0067
af4bdf35-149f-479e-9945-b99e7c10e0b2	X	31846269	32023463	140	-2.4718
af4bdf35-149f-479e-9945-b99e7c10e0b2	X	32023606	32294947	209	-1.6009
af4bdf35-149f-479e-9945-b99e7c10e0b2	X	32295373	32298429	3	-2.6075
af4bdf35-149f-479e-9945-b99e7c10e0b2	X	32300430	37304251	1769	-0.0029
af4bdf35-149f-479e-9945-b99e7c10e0b2	X	37309593	37310030	2	-1.737
af4bdf35-149f-479e-9945-b99e7c10e0b2	X	37310034	80067801	14992	0.0338
af4bdf35-149f-479e-9945-b99e7c10e0b2	X	80068535	106972552	11339	-0.0125
af4bdf35-149f-479e-9945-b99e7c10e0b2	X	106972629	155677414	22247	0.0187
