GDC_Aliquot	Chromosome	Start	End	Num_Probes	Segment_Mean
50efa72d-44c3-4921-a289-9664df662f8e	1	3301765	4625588	904	-0.025
50efa72d-44c3-4921-a289-9664df662f8e	1	4625850	4891804	206	0.1488
50efa72d-44c3-4921-a289-9664df662f8e	1	4897068	5176218	219	-0.0422
50efa72d-44c3-4921-a289-9664df662f8e	1	5176710	5478406	173	0.0881
50efa72d-44c3-4921-a289-9664df662f8e	1	5480192	5480263	2	-1.266
50efa72d-44c3-4921-a289-9664df662f8e	1	5482609	5773853	275	0.1359
50efa72d-44c3-4921-a289-9664df662f8e	1	5775005	9344634	1901	0.0012
50efa72d-44c3-4921-a289-9664df662f8e	1	9344921	31148580	11325	0.1639
50efa72d-44c3-4921-a289-9664df662f8e	1	31150820	31152499	2	-1.3473
50efa72d-44c3-4921-a289-9664df662f8e	1	31152542	48232680	9219	0.1598
50efa72d-44c3-4921-a289-9664df662f8e	1	48236776	50155409	949	0.096
50efa72d-44c3-4921-a289-9664df662f8e	1	50156353	53947301	1893	0.1743
50efa72d-44c3-4921-a289-9664df662f8e	1	53951046	54953122	581	0.2944
50efa72d-44c3-4921-a289-9664df662f8e	1	54953303	56260369	991	0.1877
50efa72d-44c3-4921-a289-9664df662f8e	1	56261887	58221201	1659	0.1329
50efa72d-44c3-4921-a289-9664df662f8e	1	58222008	60299596	1419	0.1942
50efa72d-44c3-4921-a289-9664df662f8e	1	60303626	63432357	2151	0.2767
50efa72d-44c3-4921-a289-9664df662f8e	1	63432739	64165129	516	0.3647
50efa72d-44c3-4921-a289-9664df662f8e	1	64176389	64338964	144	0.2402
50efa72d-44c3-4921-a289-9664df662f8e	1	64339048	68241787	2883	0.1792
50efa72d-44c3-4921-a289-9664df662f8e	1	68242951	77028349	4929	0.288
50efa72d-44c3-4921-a289-9664df662f8e	1	77028994	78700773	906	0.2164
50efa72d-44c3-4921-a289-9664df662f8e	1	78701246	83771438	3021	0.1379
50efa72d-44c3-4921-a289-9664df662f8e	1	83772091	93065643	5815	0.1871
50efa72d-44c3-4921-a289-9664df662f8e	1	93070601	93553298	211	0.3246
50efa72d-44c3-4921-a289-9664df662f8e	1	93554740	101288635	4858	0.204
50efa72d-44c3-4921-a289-9664df662f8e	1	101291001	119041345	10366	0.1414
50efa72d-44c3-4921-a289-9664df662f8e	1	119043103	119457824	265	0.3376
50efa72d-44c3-4921-a289-9664df662f8e	1	119458196	161936819	6696	0.2314
50efa72d-44c3-4921-a289-9664df662f8e	1	161936880	163662937	1432	0.2742
50efa72d-44c3-4921-a289-9664df662f8e	1	163664732	163726893	32	-0.1657
50efa72d-44c3-4921-a289-9664df662f8e	1	163727043	163864160	50	0.2284
50efa72d-44c3-4921-a289-9664df662f8e	1	163864330	168058500	3234	-0.2129
50efa72d-44c3-4921-a289-9664df662f8e	1	168067497	168200009	74	0.1509
50efa72d-44c3-4921-a289-9664df662f8e	1	168200214	173680297	3782	0.0151
50efa72d-44c3-4921-a289-9664df662f8e	1	173680855	176441130	1256	-0.0381
50efa72d-44c3-4921-a289-9664df662f8e	1	176442437	176843760	249	0.0148
50efa72d-44c3-4921-a289-9664df662f8e	1	176844294	177089235	185	-0.1595
50efa72d-44c3-4921-a289-9664df662f8e	1	177089754	177483412	275	0.2172
50efa72d-44c3-4921-a289-9664df662f8e	1	177483673	188994452	7453	-0.1861
50efa72d-44c3-4921-a289-9664df662f8e	1	188998569	189289682	176	0.2006
50efa72d-44c3-4921-a289-9664df662f8e	1	189577840	189883490	245	-0.1713
50efa72d-44c3-4921-a289-9664df662f8e	1	189890383	190560372	386	0.2141
50efa72d-44c3-4921-a289-9664df662f8e	1	190566148	190720348	114	-0.2111
50efa72d-44c3-4921-a289-9664df662f8e	1	190722655	193677192	1821	0.2422
50efa72d-44c3-4921-a289-9664df662f8e	1	193678498	199331617	3140	-0.1777
50efa72d-44c3-4921-a289-9664df662f8e	1	199331651	199461256	120	0.0348
50efa72d-44c3-4921-a289-9664df662f8e	1	199463326	207603135	5112	-0.1817
50efa72d-44c3-4921-a289-9664df662f8e	1	207608650	207681482	51	0.218
50efa72d-44c3-4921-a289-9664df662f8e	1	207681771	207766193	56	-0.2395
50efa72d-44c3-4921-a289-9664df662f8e	1	207769292	207902549	94	0.2465
50efa72d-44c3-4921-a289-9664df662f8e	1	207903511	208141018	211	-0.19
50efa72d-44c3-4921-a289-9664df662f8e	1	208143380	208890700	610	0.223
50efa72d-44c3-4921-a289-9664df662f8e	1	208891071	218815947	6813	-0.177
50efa72d-44c3-4921-a289-9664df662f8e	1	218819044	218864176	35	0.3504
50efa72d-44c3-4921-a289-9664df662f8e	1	218864540	220653603	1208	-0.1711
50efa72d-44c3-4921-a289-9664df662f8e	1	220653934	221372755	444	0.0026
50efa72d-44c3-4921-a289-9664df662f8e	1	221374258	224226382	1718	-0.1596
50efa72d-44c3-4921-a289-9664df662f8e	1	224228069	224770377	391	0.2606
50efa72d-44c3-4921-a289-9664df662f8e	1	224771144	227064721	1245	-0.1642
50efa72d-44c3-4921-a289-9664df662f8e	1	227064750	227087342	17	0.3814
50efa72d-44c3-4921-a289-9664df662f8e	1	227091957	231680391	2735	-0.1847
50efa72d-44c3-4921-a289-9664df662f8e	1	231680425	231831116	28	0.1609
50efa72d-44c3-4921-a289-9664df662f8e	1	231838645	232484557	594	-0.2137
50efa72d-44c3-4921-a289-9664df662f8e	1	232484718	232605331	85	0.0756
50efa72d-44c3-4921-a289-9664df662f8e	1	232606280	239438540	5003	-0.1805
50efa72d-44c3-4921-a289-9664df662f8e	1	239441308	239637621	142	0.2352
50efa72d-44c3-4921-a289-9664df662f8e	1	239644620	246026700	4207	-0.1915
50efa72d-44c3-4921-a289-9664df662f8e	1	246435044	247650984	435	-0.0089
50efa72d-44c3-4921-a289-9664df662f8e	2	480597	1913832	189	0.0171
50efa72d-44c3-4921-a289-9664df662f8e	2	1913944	82991034	48106	-0.1775
50efa72d-44c3-4921-a289-9664df662f8e	2	82992865	83928458	524	0.2422
50efa72d-44c3-4921-a289-9664df662f8e	2	83928921	88625583	1840	0.4448
50efa72d-44c3-4921-a289-9664df662f8e	2	88629456	88830496	110	0.2389
50efa72d-44c3-4921-a289-9664df662f8e	2	88831240	109700833	7938	0.0034
50efa72d-44c3-4921-a289-9664df662f8e	2	109701359	123767132	6993	0.1653
50efa72d-44c3-4921-a289-9664df662f8e	2	123770045	141451178	8548	-0.0096
50efa72d-44c3-4921-a289-9664df662f8e	2	141453499	141454548	2	-1.5862
50efa72d-44c3-4921-a289-9664df662f8e	2	141455656	181720929	24095	0.0044
50efa72d-44c3-4921-a289-9664df662f8e	2	181721838	181893769	97	-0.1898
50efa72d-44c3-4921-a289-9664df662f8e	2	181897079	188228036	2815	-0.0005
50efa72d-44c3-4921-a289-9664df662f8e	2	188229539	196668567	4061	0.0368
50efa72d-44c3-4921-a289-9664df662f8e	2	196668641	197994459	608	0.0046
50efa72d-44c3-4921-a289-9664df662f8e	2	197997750	204300718	3477	-0.1698
50efa72d-44c3-4921-a289-9664df662f8e	2	204301062	204773994	299	-0.002
50efa72d-44c3-4921-a289-9664df662f8e	2	204775815	211071266	3818	-0.1741
50efa72d-44c3-4921-a289-9664df662f8e	2	211075645	211247765	130	0.0167
50efa72d-44c3-4921-a289-9664df662f8e	2	211251374	212726291	940	-0.2152
50efa72d-44c3-4921-a289-9664df662f8e	2	212726577	213094031	256	-0.0206
50efa72d-44c3-4921-a289-9664df662f8e	2	213096754	213580128	247	-0.1851
50efa72d-44c3-4921-a289-9664df662f8e	2	213580686	213670692	49	0.078
50efa72d-44c3-4921-a289-9664df662f8e	2	213688259	216316293	1646	-0.1576
50efa72d-44c3-4921-a289-9664df662f8e	2	216319846	217288117	729	0.0364
50efa72d-44c3-4921-a289-9664df662f8e	2	217288292	218305739	629	-0.1398
50efa72d-44c3-4921-a289-9664df662f8e	2	218305802	219185164	418	0.0158
50efa72d-44c3-4921-a289-9664df662f8e	2	219186791	237512235	11399	-0.1698
50efa72d-44c3-4921-a289-9664df662f8e	2	237513194	241537572	2219	-0.3886
50efa72d-44c3-4921-a289-9664df662f8e	3	2170634	2218880	35	0.1069
50efa72d-44c3-4921-a289-9664df662f8e	3	2221008	2323342	92	-0.2061
50efa72d-44c3-4921-a289-9664df662f8e	3	2323439	16223552	8533	0.1665
50efa72d-44c3-4921-a289-9664df662f8e	3	16234209	16670981	347	0.4585
50efa72d-44c3-4921-a289-9664df662f8e	3	16672492	17885781	624	0.3065
50efa72d-44c3-4921-a289-9664df662f8e	3	17886202	19186845	669	0.4052
50efa72d-44c3-4921-a289-9664df662f8e	3	19188144	20475779	714	0.1272
50efa72d-44c3-4921-a289-9664df662f8e	3	20475880	21357520	400	0.2326
50efa72d-44c3-4921-a289-9664df662f8e	3	21358049	21390523	16	0.165
50efa72d-44c3-4921-a289-9664df662f8e	3	21393692	21416748	30	-0.1602
50efa72d-44c3-4921-a289-9664df662f8e	3	21430583	26647653	3005	0.1456
50efa72d-44c3-4921-a289-9664df662f8e	3	26648507	31169031	2948	0.2138
50efa72d-44c3-4921-a289-9664df662f8e	3	31170262	43645781	7447	0.1585
50efa72d-44c3-4921-a289-9664df662f8e	3	43646274	59656619	8672	0.1844
50efa72d-44c3-4921-a289-9664df662f8e	3	59658507	61989275	729	0.138
50efa72d-44c3-4921-a289-9664df662f8e	3	61990872	62188858	201	0.0005
50efa72d-44c3-4921-a289-9664df662f8e	3	62189079	66759518	3546	0.1723
50efa72d-44c3-4921-a289-9664df662f8e	3	66759531	69930560	2265	0.1309
50efa72d-44c3-4921-a289-9664df662f8e	3	69931458	74146795	2974	0.1785
50efa72d-44c3-4921-a289-9664df662f8e	3	74148754	76707391	1128	0.106
50efa72d-44c3-4921-a289-9664df662f8e	3	76707508	77309814	362	0.302
50efa72d-44c3-4921-a289-9664df662f8e	3	77312945	82426562	2789	0.1497
50efa72d-44c3-4921-a289-9664df662f8e	3	82427326	89085797	3151	0.1336
50efa72d-44c3-4921-a289-9664df662f8e	3	89089119	89376780	254	-0.0158
50efa72d-44c3-4921-a289-9664df662f8e	3	89376803	97478757	2061	0.1125
50efa72d-44c3-4921-a289-9664df662f8e	3	97481264	99043651	854	0.1799
50efa72d-44c3-4921-a289-9664df662f8e	3	99044482	112800570	7677	-0.0047
50efa72d-44c3-4921-a289-9664df662f8e	3	112803126	115554609	1545	0.1607
50efa72d-44c3-4921-a289-9664df662f8e	3	115555140	116095094	354	0.2965
50efa72d-44c3-4921-a289-9664df662f8e	3	116095533	119123188	2078	0.1464
50efa72d-44c3-4921-a289-9664df662f8e	3	119125973	145301091	14629	-0.1812
50efa72d-44c3-4921-a289-9664df662f8e	3	145303506	158026426	6788	0.1684
50efa72d-44c3-4921-a289-9664df662f8e	3	158026653	160885453	1564	0.4617
50efa72d-44c3-4921-a289-9664df662f8e	3	160887061	168579398	3375	0.3792
50efa72d-44c3-4921-a289-9664df662f8e	3	168588068	173052490	2614	0.5908
50efa72d-44c3-4921-a289-9664df662f8e	3	173054713	177292790	1799	0.5218
50efa72d-44c3-4921-a289-9664df662f8e	3	177295915	179074880	989	0.5843
50efa72d-44c3-4921-a289-9664df662f8e	3	179076451	179913302	604	0.48
50efa72d-44c3-4921-a289-9664df662f8e	3	179915686	179915867	3	-0.4271
50efa72d-44c3-4921-a289-9664df662f8e	3	179923641	183252136	1758	0.4989
50efa72d-44c3-4921-a289-9664df662f8e	3	183252406	184751287	313	0.5455
50efa72d-44c3-4921-a289-9664df662f8e	3	184751325	185060412	170	0.4182
50efa72d-44c3-4921-a289-9664df662f8e	3	185062631	186115191	652	0.2702
50efa72d-44c3-4921-a289-9664df662f8e	3	186118892	188313304	1580	0.4042
50efa72d-44c3-4921-a289-9664df662f8e	3	188322802	190385749	1430	0.3348
50efa72d-44c3-4921-a289-9664df662f8e	3	190386075	191136639	486	0.156
50efa72d-44c3-4921-a289-9664df662f8e	3	191139256	191262744	84	0.4522
50efa72d-44c3-4921-a289-9664df662f8e	3	191263008	191573634	221	0.2691
50efa72d-44c3-4921-a289-9664df662f8e	3	191573710	191719093	112	0.4861
50efa72d-44c3-4921-a289-9664df662f8e	3	191719766	192375848	309	0.5748
50efa72d-44c3-4921-a289-9664df662f8e	3	192375876	194171463	1060	0.4519
50efa72d-44c3-4921-a289-9664df662f8e	3	194172611	196017117	684	0.3103
50efa72d-44c3-4921-a289-9664df662f8e	3	196019900	197242908	293	0.6851
50efa72d-44c3-4921-a289-9664df662f8e	3	197243254	197812401	151	0.4374
50efa72d-44c3-4921-a289-9664df662f8e	4	1059384	2390363	466	-0.0196
50efa72d-44c3-4921-a289-9664df662f8e	4	2390547	2404734	8	0.2732
50efa72d-44c3-4921-a289-9664df662f8e	4	2404772	2660549	81	0.0436
50efa72d-44c3-4921-a289-9664df662f8e	4	2666004	7170012	2798	0.309
50efa72d-44c3-4921-a289-9664df662f8e	4	7170040	8259085	750	0.3686
50efa72d-44c3-4921-a289-9664df662f8e	4	8261771	12221485	2257	0.2928
50efa72d-44c3-4921-a289-9664df662f8e	4	12221670	14097328	1310	0.4348
50efa72d-44c3-4921-a289-9664df662f8e	4	14097559	15481185	1070	0.5083
50efa72d-44c3-4921-a289-9664df662f8e	4	15482186	19749982	2902	0.4608
50efa72d-44c3-4921-a289-9664df662f8e	4	19750308	20790649	561	0.9467
50efa72d-44c3-4921-a289-9664df662f8e	4	20790941	20799049	6	0.2679
50efa72d-44c3-4921-a289-9664df662f8e	4	20801782	21584912	598	0.5402
50efa72d-44c3-4921-a289-9664df662f8e	4	21585000	27455424	3801	0.4315
50efa72d-44c3-4921-a289-9664df662f8e	4	27455939	35369593	4633	-0.0315
50efa72d-44c3-4921-a289-9664df662f8e	4	35413916	36900501	938	0.412
50efa72d-44c3-4921-a289-9664df662f8e	4	36901862	39219951	1688	0.29
50efa72d-44c3-4921-a289-9664df662f8e	4	39221118	45384563	3138	0.4003
50efa72d-44c3-4921-a289-9664df662f8e	4	45384973	46056407	325	0.0867
50efa72d-44c3-4921-a289-9664df662f8e	4	46061736	52615288	1461	-0.0356
50efa72d-44c3-4921-a289-9664df662f8e	4	52621950	52622575	2	-1.6813
50efa72d-44c3-4921-a289-9664df662f8e	4	52625851	53037963	236	-0.0046
50efa72d-44c3-4921-a289-9664df662f8e	4	53040249	54948185	1507	-0.1839
50efa72d-44c3-4921-a289-9664df662f8e	4	54949058	67236698	6884	-0.2172
50efa72d-44c3-4921-a289-9664df662f8e	4	67238772	67252667	10	-0.8488
50efa72d-44c3-4921-a289-9664df662f8e	4	67258185	71009520	1425	-0.2182
50efa72d-44c3-4921-a289-9664df662f8e	4	71009569	168660797	54736	-0.1908
50efa72d-44c3-4921-a289-9664df662f8e	4	168661300	168661383	2	-2.1044
50efa72d-44c3-4921-a289-9664df662f8e	4	168664163	169020908	269	-0.1844
50efa72d-44c3-4921-a289-9664df662f8e	4	169022937	169023640	2	-1.4505
50efa72d-44c3-4921-a289-9664df662f8e	4	169024748	173768070	2510	-0.2027
50efa72d-44c3-4921-a289-9664df662f8e	4	173769125	187842528	7104	-0.4044
50efa72d-44c3-4921-a289-9664df662f8e	5	913983	4551935	2333	-0.0261
50efa72d-44c3-4921-a289-9664df662f8e	5	4552551	13975021	6624	0.3843
50efa72d-44c3-4921-a289-9664df662f8e	5	13977999	14331832	355	0.2919
50efa72d-44c3-4921-a289-9664df662f8e	5	14332216	17874582	1681	0.4168
50efa72d-44c3-4921-a289-9664df662f8e	5	17875204	31102970	7008	0.3382
50efa72d-44c3-4921-a289-9664df662f8e	5	31103937	37316981	3643	0.4171
50efa72d-44c3-4921-a289-9664df662f8e	5	37319241	39998371	1720	0.5961
50efa72d-44c3-4921-a289-9664df662f8e	5	39998743	42319826	1388	0.1736
50efa72d-44c3-4921-a289-9664df662f8e	5	42320578	44805901	1168	0.4921
50efa72d-44c3-4921-a289-9664df662f8e	5	44806890	44856926	21	0.5994
50efa72d-44c3-4921-a289-9664df662f8e	5	44858158	45310953	183	0.7555
50efa72d-44c3-4921-a289-9664df662f8e	5	45353165	51714491	482	0.6238
50efa72d-44c3-4921-a289-9664df662f8e	5	51716290	52035856	171	0.253
50efa72d-44c3-4921-a289-9664df662f8e	5	52038269	116772969	35409	-0.1796
50efa72d-44c3-4921-a289-9664df662f8e	5	116776654	117140144	169	-0.4383
50efa72d-44c3-4921-a289-9664df662f8e	5	117140417	119095347	1242	-0.2098
50efa72d-44c3-4921-a289-9664df662f8e	5	119095966	151371996	19138	-0.171
50efa72d-44c3-4921-a289-9664df662f8e	5	151372208	155136266	2489	-0.1977
50efa72d-44c3-4921-a289-9664df662f8e	5	155136325	155147863	10	-0.7809
50efa72d-44c3-4921-a289-9664df662f8e	5	155150177	180934240	15871	-0.1974
50efa72d-44c3-4921-a289-9664df662f8e	6	1011760	24947577	16971	-0.0079
50efa72d-44c3-4921-a289-9664df662f8e	6	24950971	24951581	5	-1.0555
50efa72d-44c3-4921-a289-9664df662f8e	6	24954007	45239266	9809	-0.0039
50efa72d-44c3-4921-a289-9664df662f8e	6	45239521	45489244	119	-0.1592
50efa72d-44c3-4921-a289-9664df662f8e	6	45489508	46518034	636	0.0138
50efa72d-44c3-4921-a289-9664df662f8e	6	46519924	46658149	95	-0.1623
50efa72d-44c3-4921-a289-9664df662f8e	6	46659009	46847254	112	-0.0169
50efa72d-44c3-4921-a289-9664df662f8e	6	46847314	57347009	6388	-0.1881
50efa72d-44c3-4921-a289-9664df662f8e	6	61527062	71155798	5145	-0.0306
50efa72d-44c3-4921-a289-9664df662f8e	6	71156880	87374600	9181	0.0043
50efa72d-44c3-4921-a289-9664df662f8e	6	87375482	104369069	9227	-0.0427
50efa72d-44c3-4921-a289-9664df662f8e	6	104369510	120921582	9466	-0.0102
50efa72d-44c3-4921-a289-9664df662f8e	6	120921673	120934555	10	-0.6165
50efa72d-44c3-4921-a289-9664df662f8e	6	120935158	122725462	945	0.0183
50efa72d-44c3-4921-a289-9664df662f8e	6	122725777	125118610	1459	-0.0657
50efa72d-44c3-4921-a289-9664df662f8e	6	125118774	147882632	14040	-0.0113
50efa72d-44c3-4921-a289-9664df662f8e	6	147882697	170596889	13551	-0.0321
50efa72d-44c3-4921-a289-9664df662f8e	7	665647	6029688	1998	-0.2094
50efa72d-44c3-4921-a289-9664df662f8e	7	6030297	7127209	314	0.0032
50efa72d-44c3-4921-a289-9664df662f8e	7	7127996	8495856	887	0.1144
50efa72d-44c3-4921-a289-9664df662f8e	7	8496254	13965878	3144	-0.055
50efa72d-44c3-4921-a289-9664df662f8e	7	13966314	20433657	3462	-0.0159
50efa72d-44c3-4921-a289-9664df662f8e	7	20434158	27128597	4770	-0.0602
50efa72d-44c3-4921-a289-9664df662f8e	7	27132952	28056580	626	0.112
50efa72d-44c3-4921-a289-9664df662f8e	7	28057349	28343277	172	0.283
50efa72d-44c3-4921-a289-9664df662f8e	7	28343805	36476538	5179	0.1298
50efa72d-44c3-4921-a289-9664df662f8e	7	36476722	36479661	4	-0.8385
50efa72d-44c3-4921-a289-9664df662f8e	7	36482272	38206882	1300	0.1128
50efa72d-44c3-4921-a289-9664df662f8e	7	38207062	38210085	2	-1.0694
50efa72d-44c3-4921-a289-9664df662f8e	7	38217251	38475747	105	0.1368
50efa72d-44c3-4921-a289-9664df662f8e	7	38477731	49120936	6524	0.1654
50efa72d-44c3-4921-a289-9664df662f8e	7	49120949	57864241	5094	0.1276
50efa72d-44c3-4921-a289-9664df662f8e	7	57876479	69069834	2077	-0.017
50efa72d-44c3-4921-a289-9664df662f8e	7	69069923	69358651	173	-0.094
50efa72d-44c3-4921-a289-9664df662f8e	7	69361190	71689955	1361	-0.2428
50efa72d-44c3-4921-a289-9664df662f8e	7	71690267	111812635	19571	-0.1807
50efa72d-44c3-4921-a289-9664df662f8e	7	111813114	112202199	288	-0.4635
50efa72d-44c3-4921-a289-9664df662f8e	7	112202533	126807872	7840	-0.1822
50efa72d-44c3-4921-a289-9664df662f8e	7	126898912	126965372	14	0.0858
50efa72d-44c3-4921-a289-9664df662f8e	7	126965648	129574333	1333	0.2724
50efa72d-44c3-4921-a289-9664df662f8e	7	129576712	141967622	7387	0.1418
50efa72d-44c3-4921-a289-9664df662f8e	7	141970392	155889335	6862	-0.053
50efa72d-44c3-4921-a289-9664df662f8e	7	155889462	158592540	1446	0.1387
50efa72d-44c3-4921-a289-9664df662f8e	8	667625	1989832	672	-0.1875
50efa72d-44c3-4921-a289-9664df662f8e	8	1989868	13125297	4937	-0.4349
50efa72d-44c3-4921-a289-9664df662f8e	8	13129116	13129317	3	-2.6442
50efa72d-44c3-4921-a289-9664df662f8e	8	13130947	15621807	1887	-0.4136
50efa72d-44c3-4921-a289-9664df662f8e	8	15626501	35895262	13693	-0.1899
50efa72d-44c3-4921-a289-9664df662f8e	8	35895422	54611193	8167	0.0022
50efa72d-44c3-4921-a289-9664df662f8e	8	54612078	56736431	1215	0.1387
50efa72d-44c3-4921-a289-9664df662f8e	8	56738256	68216643	6813	-0.0226
50efa72d-44c3-4921-a289-9664df662f8e	8	68221043	70493053	1419	0.031
50efa72d-44c3-4921-a289-9664df662f8e	8	70493585	75417916	3063	-0.0152
50efa72d-44c3-4921-a289-9664df662f8e	8	75419074	76719534	746	0.1438
50efa72d-44c3-4921-a289-9664df662f8e	8	76720595	77025468	170	-0.0012
50efa72d-44c3-4921-a289-9664df662f8e	8	77025942	82796887	3146	0.1244
50efa72d-44c3-4921-a289-9664df662f8e	8	82798173	90597558	4131	0.2781
50efa72d-44c3-4921-a289-9664df662f8e	8	90597807	94706505	2343	0.1532
50efa72d-44c3-4921-a289-9664df662f8e	8	94706577	97494100	1832	0.3264
50efa72d-44c3-4921-a289-9664df662f8e	8	97499548	97709620	106	0.1332
50efa72d-44c3-4921-a289-9664df662f8e	8	97712792	98087225	242	0.6584
50efa72d-44c3-4921-a289-9664df662f8e	8	98088867	100023799	918	0.3281
50efa72d-44c3-4921-a289-9664df662f8e	8	100028097	106508184	3574	0.1764
50efa72d-44c3-4921-a289-9664df662f8e	8	106508432	107409387	604	0.3459
50efa72d-44c3-4921-a289-9664df662f8e	8	107409403	109122209	954	0.1316
50efa72d-44c3-4921-a289-9664df662f8e	8	109123212	120817097	6842	-0.0207
50efa72d-44c3-4921-a289-9664df662f8e	8	120818055	122871253	1336	0.0531
50efa72d-44c3-4921-a289-9664df662f8e	8	122873738	123052311	122	-0.0361
50efa72d-44c3-4921-a289-9664df662f8e	8	123053256	123054137	2	-2.3265
50efa72d-44c3-4921-a289-9664df662f8e	8	123058192	134751825	8448	0.0126
50efa72d-44c3-4921-a289-9664df662f8e	8	134751897	134822257	53	-0.7
50efa72d-44c3-4921-a289-9664df662f8e	8	134824640	144182542	4786	-0.0229
50efa72d-44c3-4921-a289-9664df662f8e	9	789794	1875786	510	-0.0096
50efa72d-44c3-4921-a289-9664df662f8e	9	1876048	2632447	736	0.2775
50efa72d-44c3-4921-a289-9664df662f8e	9	2633548	3435928	624	0.4047
50efa72d-44c3-4921-a289-9664df662f8e	9	3437594	4888401	1149	0.5669
50efa72d-44c3-4921-a289-9664df662f8e	9	4888441	10372205	2825	0.4014
50efa72d-44c3-4921-a289-9664df662f8e	9	10373948	10774743	236	0.2786
50efa72d-44c3-4921-a289-9664df662f8e	9	10774973	12531493	274	0.4226
50efa72d-44c3-4921-a289-9664df662f8e	9	12531726	18870443	5041	0.0289
50efa72d-44c3-4921-a289-9664df662f8e	9	18873245	68423153	12203	-0.0115
50efa72d-44c3-4921-a289-9664df662f8e	9	68424128	77942687	6693	0.1696
50efa72d-44c3-4921-a289-9664df662f8e	9	77943248	78828260	590	-0.0017
50efa72d-44c3-4921-a289-9664df662f8e	9	78828276	78908085	69	0.1747
50efa72d-44c3-4921-a289-9664df662f8e	9	78912127	78920042	12	0.625
50efa72d-44c3-4921-a289-9664df662f8e	9	78923576	86568009	5225	0.1398
50efa72d-44c3-4921-a289-9664df662f8e	9	86572060	87288161	575	0.2432
50efa72d-44c3-4921-a289-9664df662f8e	9	87289014	109534473	14404	0.1636
50efa72d-44c3-4921-a289-9664df662f8e	9	109539679	116479945	4715	0.2126
50efa72d-44c3-4921-a289-9664df662f8e	9	116481479	119907344	2753	0.1479
50efa72d-44c3-4921-a289-9664df662f8e	9	119907792	122205497	1494	0.205
50efa72d-44c3-4921-a289-9664df662f8e	9	122205631	124384648	1379	0.1607
50efa72d-44c3-4921-a289-9664df662f8e	9	124390377	132058011	4304	-0.0044
50efa72d-44c3-4921-a289-9664df662f8e	9	132061414	137409572	2444	-0.1189
50efa72d-44c3-4921-a289-9664df662f8e	9	137412474	138044505	227	-0.0213
50efa72d-44c3-4921-a289-9664df662f8e	10	366509	809167	153	-0.4276
50efa72d-44c3-4921-a289-9664df662f8e	10	809323	811211	2	1.2897
50efa72d-44c3-4921-a289-9664df662f8e	10	812082	1950452	569	-0.4092
50efa72d-44c3-4921-a289-9664df662f8e	10	1957133	5719686	2704	0.0249
50efa72d-44c3-4921-a289-9664df662f8e	10	5720585	7619490	1548	-0.0337
50efa72d-44c3-4921-a289-9664df662f8e	10	7620399	9056421	1134	0.0178
50efa72d-44c3-4921-a289-9664df662f8e	10	9058840	11589333	1912	-0.0499
50efa72d-44c3-4921-a289-9664df662f8e	10	11598550	36721224	17259	-0.0032
50efa72d-44c3-4921-a289-9664df662f8e	10	36721369	37573051	457	0.1357
50efa72d-44c3-4921-a289-9664df662f8e	10	37574727	42465844	527	-0.0097
50efa72d-44c3-4921-a289-9664df662f8e	10	42466828	43427480	580	0.1477
50efa72d-44c3-4921-a289-9664df662f8e	10	43427871	44700404	981	0.2086
50efa72d-44c3-4921-a289-9664df662f8e	10	44700866	52680936	3320	0.1453
50efa72d-44c3-4921-a289-9664df662f8e	10	52681824	57381181	2460	0.1082
50efa72d-44c3-4921-a289-9664df662f8e	10	57381603	67753574	6427	0.1514
50efa72d-44c3-4921-a289-9664df662f8e	10	67754201	75145940	4143	0.2364
50efa72d-44c3-4921-a289-9664df662f8e	10	75146814	75147252	2	-1.2004
50efa72d-44c3-4921-a289-9664df662f8e	10	75150835	75482615	176	0.2563
50efa72d-44c3-4921-a289-9664df662f8e	10	75486007	75490730	5	0.8027
50efa72d-44c3-4921-a289-9664df662f8e	10	75492264	76059704	395	0.2301
50efa72d-44c3-4921-a289-9664df662f8e	10	76060004	80450623	2831	0.0693
50efa72d-44c3-4921-a289-9664df662f8e	10	80450760	86585859	4381	0.0288
50efa72d-44c3-4921-a289-9664df662f8e	10	86589241	103138673	9508	0.0685
50efa72d-44c3-4921-a289-9664df662f8e	10	103140674	103304932	65	0.3469
50efa72d-44c3-4921-a289-9664df662f8e	10	103307546	105138170	1197	0.0617
50efa72d-44c3-4921-a289-9664df662f8e	10	105138196	109823938	3030	0.0077
50efa72d-44c3-4921-a289-9664df662f8e	10	109823952	130381157	14819	0.0583
50efa72d-44c3-4921-a289-9664df662f8e	10	130383003	133411599	697	-0.4389
50efa72d-44c3-4921-a289-9664df662f8e	11	456012	6605445	2948	0.0021
50efa72d-44c3-4921-a289-9664df662f8e	11	6607812	11897364	3756	-0.1897
50efa72d-44c3-4921-a289-9664df662f8e	11	11898117	13275750	1198	0.0588
50efa72d-44c3-4921-a289-9664df662f8e	11	13280374	26533849	8980	-0.0021
50efa72d-44c3-4921-a289-9664df662f8e	11	26533867	36721850	6669	0.0412
50efa72d-44c3-4921-a289-9664df662f8e	11	36722007	45378268	5291	-0.0062
50efa72d-44c3-4921-a289-9664df662f8e	11	45378354	47404084	932	-0.1755
50efa72d-44c3-4921-a289-9664df662f8e	11	47407014	48240186	393	-0.387
50efa72d-44c3-4921-a289-9664df662f8e	11	48243748	49614391	333	0.3196
50efa72d-44c3-4921-a289-9664df662f8e	11	49616660	56450505	290	-0.1844
50efa72d-44c3-4921-a289-9664df662f8e	11	56451734	66439241	4590	0.0014
50efa72d-44c3-4921-a289-9664df662f8e	11	66442020	81037162	7775	-0.1905
50efa72d-44c3-4921-a289-9664df662f8e	11	81038407	81883994	558	-0.0269
50efa72d-44c3-4921-a289-9664df662f8e	11	81884484	81893079	4	-0.9351
50efa72d-44c3-4921-a289-9664df662f8e	11	81893321	82516477	411	-0.0558
50efa72d-44c3-4921-a289-9664df662f8e	11	82516510	90098873	4232	0.0134
50efa72d-44c3-4921-a289-9664df662f8e	11	90098900	91871516	1169	-0.0357
50efa72d-44c3-4921-a289-9664df662f8e	11	91876076	91892496	32	-0.351
50efa72d-44c3-4921-a289-9664df662f8e	11	91895342	118599395	17264	-0.0044
50efa72d-44c3-4921-a289-9664df662f8e	11	118601732	134272740	10734	-0.1758
50efa72d-44c3-4921-a289-9664df662f8e	12	780472	1757038	214	0.3263
50efa72d-44c3-4921-a289-9664df662f8e	12	1757633	1801237	27	0.5855
50efa72d-44c3-4921-a289-9664df662f8e	12	1802664	2575536	510	-0.1651
50efa72d-44c3-4921-a289-9664df662f8e	12	2576678	3759143	716	0.0231
50efa72d-44c3-4921-a289-9664df662f8e	12	3759340	13801041	5935	-0.1805
50efa72d-44c3-4921-a289-9664df662f8e	12	13801196	14724175	517	-0.0249
50efa72d-44c3-4921-a289-9664df662f8e	12	14727175	15364452	409	0.1601
50efa72d-44c3-4921-a289-9664df662f8e	12	15374290	22754185	4489	-0.0199
50efa72d-44c3-4921-a289-9664df662f8e	12	22760488	25115707	1457	-0.1821
50efa72d-44c3-4921-a289-9664df662f8e	12	25122563	25804986	549	-0.0105
50efa72d-44c3-4921-a289-9664df662f8e	12	25806403	25938733	130	0.2157
50efa72d-44c3-4921-a289-9664df662f8e	12	25943520	26566908	458	0.0077
50efa72d-44c3-4921-a289-9664df662f8e	12	26568249	32768632	3975	-0.1751
50efa72d-44c3-4921-a289-9664df662f8e	12	32769072	32841703	48	0.0956
50efa72d-44c3-4921-a289-9664df662f8e	12	32841895	42454197	2497	-0.0396
50efa72d-44c3-4921-a289-9664df662f8e	12	42454404	52214928	4994	0.0056
50efa72d-44c3-4921-a289-9664df662f8e	12	52216454	81080957	17393	-0.1741
50efa72d-44c3-4921-a289-9664df662f8e	12	81081358	105363847	15065	0.0054
50efa72d-44c3-4921-a289-9664df662f8e	12	105364462	110545883	3174	0.1581
50efa72d-44c3-4921-a289-9664df662f8e	12	110546763	127006387	9646	-0.0077
50efa72d-44c3-4921-a289-9664df662f8e	12	127006456	127009134	4	-1.2768
50efa72d-44c3-4921-a289-9664df662f8e	12	127010817	132605822	2140	-0.0482
50efa72d-44c3-4921-a289-9664df662f8e	13	18874255	54923961	21614	-0.1824
50efa72d-44c3-4921-a289-9664df662f8e	13	54926625	55208130	151	-0.0055
50efa72d-44c3-4921-a289-9664df662f8e	13	55211722	61056224	3005	-0.1843
50efa72d-44c3-4921-a289-9664df662f8e	13	61065097	61078775	13	0.241
50efa72d-44c3-4921-a289-9664df662f8e	13	61080904	61096906	7	-0.127
50efa72d-44c3-4921-a289-9664df662f8e	13	61101227	61112410	15	0.2556
50efa72d-44c3-4921-a289-9664df662f8e	13	61113016	68096172	3065	-0.2056
50efa72d-44c3-4921-a289-9664df662f8e	13	68103738	68188158	40	0.1569
50efa72d-44c3-4921-a289-9664df662f8e	13	68190183	70105855	1128	-0.197
50efa72d-44c3-4921-a289-9664df662f8e	13	70105872	71290679	680	-0.0143
50efa72d-44c3-4921-a289-9664df662f8e	13	71291818	74139020	1941	-0.1738
50efa72d-44c3-4921-a289-9664df662f8e	13	74140206	80395108	4162	-0.0098
50efa72d-44c3-4921-a289-9664df662f8e	13	80401826	80886956	277	0.1347
50efa72d-44c3-4921-a289-9664df662f8e	13	80893647	83471678	1450	-0.0378
50efa72d-44c3-4921-a289-9664df662f8e	13	83471778	83703228	100	-0.238
50efa72d-44c3-4921-a289-9664df662f8e	13	83708519	85932882	1314	-0.009
50efa72d-44c3-4921-a289-9664df662f8e	13	85933105	91825978	3335	0.1149
50efa72d-44c3-4921-a289-9664df662f8e	13	91826512	102000431	6711	0.1653
50efa72d-44c3-4921-a289-9664df662f8e	13	102000850	109075717	5050	0.1296
50efa72d-44c3-4921-a289-9664df662f8e	13	109076582	114226675	2937	0.1717
50efa72d-44c3-4921-a289-9664df662f8e	14	20033191	21635545	910	-0.2058
50efa72d-44c3-4921-a289-9664df662f8e	14	22664303	22975462	77	0.5375
50efa72d-44c3-4921-a289-9664df662f8e	14	22989947	25550840	1487	-0.1854
50efa72d-44c3-4921-a289-9664df662f8e	14	25551426	26979216	933	-0.035
50efa72d-44c3-4921-a289-9664df662f8e	14	26979880	28253166	563	0.3697
50efa72d-44c3-4921-a289-9664df662f8e	14	28265836	29773779	857	0.9373
50efa72d-44c3-4921-a289-9664df662f8e	14	29776670	30273456	286	0.4716
50efa72d-44c3-4921-a289-9664df662f8e	14	30275989	32489799	1235	0.6429
50efa72d-44c3-4921-a289-9664df662f8e	14	32492075	33115967	460	0.8101
50efa72d-44c3-4921-a289-9664df662f8e	14	33116990	33163264	53	1.0121
50efa72d-44c3-4921-a289-9664df662f8e	14	33165838	33373688	197	0.7561
50efa72d-44c3-4921-a289-9664df662f8e	14	33374150	36021617	1573	0.5607
50efa72d-44c3-4921-a289-9664df662f8e	14	36022670	36824171	624	0.3791
50efa72d-44c3-4921-a289-9664df662f8e	14	36824279	37567944	452	0.5387
50efa72d-44c3-4921-a289-9664df662f8e	14	37576057	41835426	2222	0.4214
50efa72d-44c3-4921-a289-9664df662f8e	14	41836171	43237809	724	0.3509
50efa72d-44c3-4921-a289-9664df662f8e	14	43240737	45300952	507	0.2513
50efa72d-44c3-4921-a289-9664df662f8e	14	45306044	49143575	1817	0.3663
50efa72d-44c3-4921-a289-9664df662f8e	14	49143746	53673006	2897	0.4455
50efa72d-44c3-4921-a289-9664df662f8e	14	53675485	57957526	2921	0.2863
50efa72d-44c3-4921-a289-9664df662f8e	14	57957793	62124298	2496	0.6125
50efa72d-44c3-4921-a289-9664df662f8e	14	62130899	65553755	2152	0.2702
50efa72d-44c3-4921-a289-9664df662f8e	14	65554239	68926311	1811	0.5107
50efa72d-44c3-4921-a289-9664df662f8e	14	68928864	70638041	1029	0.3483
50efa72d-44c3-4921-a289-9664df662f8e	14	70639070	76357348	3503	0.4796
50efa72d-44c3-4921-a289-9664df662f8e	14	76358905	77318441	631	0.2721
50efa72d-44c3-4921-a289-9664df662f8e	14	77319582	77686363	241	0.2004
50efa72d-44c3-4921-a289-9664df662f8e	14	77686378	88261699	6917	-0.058
50efa72d-44c3-4921-a289-9664df662f8e	14	88262408	91367116	1732	0.1301
50efa72d-44c3-4921-a289-9664df662f8e	14	91370109	99118938	5523	0.102
50efa72d-44c3-4921-a289-9664df662f8e	14	99120643	99180229	48	0.2807
50efa72d-44c3-4921-a289-9664df662f8e	14	99182157	104930356	2725	0.1475
50efa72d-44c3-4921-a289-9664df662f8e	14	104935842	105533894	182	0.2757
50efa72d-44c3-4921-a289-9664df662f8e	15	23437561	30916222	2767	-0.0293
50efa72d-44c3-4921-a289-9664df662f8e	15	30916546	45049520	7789	0.0228
50efa72d-44c3-4921-a289-9664df662f8e	15	45051850	47309551	1358	0.2779
50efa72d-44c3-4921-a289-9664df662f8e	15	47310128	47519999	181	0.1818
50efa72d-44c3-4921-a289-9664df662f8e	15	47522548	47536202	16	-0.5319
50efa72d-44c3-4921-a289-9664df662f8e	15	47540380	52441053	2954	0.1917
50efa72d-44c3-4921-a289-9664df662f8e	15	52441101	55744235	2323	0.1312
50efa72d-44c3-4921-a289-9664df662f8e	15	55744805	57129157	699	0.1941
50efa72d-44c3-4921-a289-9664df662f8e	15	57129821	57140046	2	-1.2119
50efa72d-44c3-4921-a289-9664df662f8e	15	57140550	59141343	1299	0.1776
50efa72d-44c3-4921-a289-9664df662f8e	15	59141746	59314308	156	0.0208
50efa72d-44c3-4921-a289-9664df662f8e	15	59314808	74324236	9673	0.1749
50efa72d-44c3-4921-a289-9664df662f8e	15	74324289	101226617	15490	0.0115
50efa72d-44c3-4921-a289-9664df662f8e	15	101226962	101344124	77	-0.3518
50efa72d-44c3-4921-a289-9664df662f8e	16	603333	5327485	1808	0.0242
50efa72d-44c3-4921-a289-9664df662f8e	16	5327507	10529475	3476	-0.025
50efa72d-44c3-4921-a289-9664df662f8e	16	10529511	18797081	2963	0.038
50efa72d-44c3-4921-a289-9664df662f8e	16	18798018	28042551	4892	-0.1894
50efa72d-44c3-4921-a289-9664df662f8e	16	28043411	29299741	305	-0.0232
50efa72d-44c3-4921-a289-9664df662f8e	16	29300575	31469797	419	-0.191
50efa72d-44c3-4921-a289-9664df662f8e	16	31474174	46590879	190	0.0124
50efa72d-44c3-4921-a289-9664df662f8e	16	46597673	89317317	27136	-0.1976
50efa72d-44c3-4921-a289-9664df662f8e	17	1074619	5414172	1901	0.1833
50efa72d-44c3-4921-a289-9664df662f8e	17	5417140	7602939	1279	-0.1788
50efa72d-44c3-4921-a289-9664df662f8e	17	7609303	7819047	90	-0.5264
50efa72d-44c3-4921-a289-9664df662f8e	17	7830661	9077444	696	-0.1666
50efa72d-44c3-4921-a289-9664df662f8e	17	9089480	16433974	3876	-0.0118
50efa72d-44c3-4921-a289-9664df662f8e	17	16436778	21774057	1899	0.1686
50efa72d-44c3-4921-a289-9664df662f8e	17	26943491	33553127	3287	-0.1962
50efa72d-44c3-4921-a289-9664df662f8e	17	33554867	48770375	6002	-0.0385
50efa72d-44c3-4921-a289-9664df662f8e	17	48771025	50898497	1113	0.2824
50efa72d-44c3-4921-a289-9664df662f8e	17	50900288	52872660	1168	0.0744
50efa72d-44c3-4921-a289-9664df662f8e	17	53239515	55259910	1285	0.2039
50efa72d-44c3-4921-a289-9664df662f8e	17	55261711	61603974	3826	0.1023
50efa72d-44c3-4921-a289-9664df662f8e	17	61606458	64544572	1307	0.4084
50efa72d-44c3-4921-a289-9664df662f8e	17	64544682	69312455	2763	0.1176
50efa72d-44c3-4921-a289-9664df662f8e	17	69313121	70581791	844	0.0651
50efa72d-44c3-4921-a289-9664df662f8e	17	70584869	80178715	4956	0.1389
50efa72d-44c3-4921-a289-9664df662f8e	17	80179398	82959812	992	-0.0011
50efa72d-44c3-4921-a289-9664df662f8e	18	326691	340963	10	-0.0424
50efa72d-44c3-4921-a289-9664df662f8e	18	341085	1592250	467	0.1342
50efa72d-44c3-4921-a289-9664df662f8e	18	1592793	1713410	40	0.4541
50efa72d-44c3-4921-a289-9664df662f8e	18	2079539	2498727	281	0.9365
50efa72d-44c3-4921-a289-9664df662f8e	18	2499145	11919476	6134	0.4414
50efa72d-44c3-4921-a289-9664df662f8e	18	11919594	14620708	1327	0.3075
50efa72d-44c3-4921-a289-9664df662f8e	18	14628043	23194936	1033	-0.1807
50efa72d-44c3-4921-a289-9664df662f8e	18	23196919	23225242	28	0.3821
50efa72d-44c3-4921-a289-9664df662f8e	18	23225710	23683708	260	0.7442
50efa72d-44c3-4921-a289-9664df662f8e	18	23685001	23887629	114	1.0343
50efa72d-44c3-4921-a289-9664df662f8e	18	23890788	23913711	14	0.8466
50efa72d-44c3-4921-a289-9664df662f8e	18	23913926	24118072	135	0.5144
50efa72d-44c3-4921-a289-9664df662f8e	18	24118246	26714834	1744	0.4228
50efa72d-44c3-4921-a289-9664df662f8e	18	26714864	27810288	743	0.2975
50efa72d-44c3-4921-a289-9664df662f8e	18	27810314	28725605	554	0.1937
50efa72d-44c3-4921-a289-9664df662f8e	18	28725722	29012455	125	0.5633
50efa72d-44c3-4921-a289-9664df662f8e	18	29015591	29550314	276	0.3296
50efa72d-44c3-4921-a289-9664df662f8e	18	29550341	34766372	3194	0.1606
50efa72d-44c3-4921-a289-9664df662f8e	18	34766965	36767799	1310	0.3622
50efa72d-44c3-4921-a289-9664df662f8e	18	36768212	37360216	300	0.1625
50efa72d-44c3-4921-a289-9664df662f8e	18	37361354	38390597	712	0.3131
50efa72d-44c3-4921-a289-9664df662f8e	18	38393820	39034417	454	0.7172
50efa72d-44c3-4921-a289-9664df662f8e	18	39042075	39343276	168	0.5062
50efa72d-44c3-4921-a289-9664df662f8e	18	39343974	39597800	58	0.765
50efa72d-44c3-4921-a289-9664df662f8e	18	39598958	43864850	2482	0.1762
50efa72d-44c3-4921-a289-9664df662f8e	18	43870808	48269668	2893	0.0025
50efa72d-44c3-4921-a289-9664df662f8e	18	48273218	48433278	126	0.669
50efa72d-44c3-4921-a289-9664df662f8e	18	48437144	48565494	81	0.4334
50efa72d-44c3-4921-a289-9664df662f8e	18	48566000	48816071	210	-0.3799
50efa72d-44c3-4921-a289-9664df662f8e	18	48820108	50247712	901	0.4313
50efa72d-44c3-4921-a289-9664df662f8e	18	50247782	50250842	2	-0.8308
50efa72d-44c3-4921-a289-9664df662f8e	18	50252713	50421119	112	0.4003
50efa72d-44c3-4921-a289-9664df662f8e	18	50423389	56913222	4191	-0.4107
50efa72d-44c3-4921-a289-9664df662f8e	18	56914856	57689714	596	0.0119
50efa72d-44c3-4921-a289-9664df662f8e	18	57690159	58040147	242	0.1765
50efa72d-44c3-4921-a289-9664df662f8e	18	58046697	58532890	293	-0.1704
50efa72d-44c3-4921-a289-9664df662f8e	18	58532918	59168002	407	0.0426
50efa72d-44c3-4921-a289-9664df662f8e	18	59172477	59492623	264	-0.407
50efa72d-44c3-4921-a289-9664df662f8e	18	59493155	59737207	217	0.3142
50efa72d-44c3-4921-a289-9664df662f8e	18	59738713	62773871	1871	-0.4031
50efa72d-44c3-4921-a289-9664df662f8e	18	62780844	63052250	145	0.0287
50efa72d-44c3-4921-a289-9664df662f8e	18	63053007	63376740	336	0.1771
50efa72d-44c3-4921-a289-9664df662f8e	18	63380300	63963812	421	0.0475
50efa72d-44c3-4921-a289-9664df662f8e	18	63963931	64080594	86	-0.3342
50efa72d-44c3-4921-a289-9664df662f8e	18	64083824	64790472	337	-0.0048
50efa72d-44c3-4921-a289-9664df662f8e	18	64791034	68685139	1843	-0.1803
50efa72d-44c3-4921-a289-9664df662f8e	18	68686764	71068741	1456	-0.3926
50efa72d-44c3-4921-a289-9664df662f8e	18	71068891	71340217	186	-0.1791
50efa72d-44c3-4921-a289-9664df662f8e	18	71342414	74671016	652	-0.446
50efa72d-44c3-4921-a289-9664df662f8e	18	74672902	76130334	1128	-0.1715
50efa72d-44c3-4921-a289-9664df662f8e	18	76130401	76668782	360	-0.0156
50efa72d-44c3-4921-a289-9664df662f8e	18	76668835	76797347	38	-0.1852
50efa72d-44c3-4921-a289-9664df662f8e	18	76798068	78812354	1308	-0.4212
50efa72d-44c3-4921-a289-9664df662f8e	18	78827084	78982920	88	-0.1852
50efa72d-44c3-4921-a289-9664df662f8e	18	78983237	79349796	206	-0.4032
50efa72d-44c3-4921-a289-9664df662f8e	19	283868	1107161	156	-0.0411
50efa72d-44c3-4921-a289-9664df662f8e	19	1118034	9859767	3113	-0.1909
50efa72d-44c3-4921-a289-9664df662f8e	19	9860960	10065948	106	-0.4332
50efa72d-44c3-4921-a289-9664df662f8e	19	10066953	27757658	5682	-0.181
50efa72d-44c3-4921-a289-9664df662f8e	19	27757812	58370362	15083	-0.0139
50efa72d-44c3-4921-a289-9664df662f8e	20	472817	2527892	1392	0.0066
50efa72d-44c3-4921-a289-9664df662f8e	20	2529762	3025484	327	-0.193
50efa72d-44c3-4921-a289-9664df662f8e	20	3027364	3822799	431	-0.0126
50efa72d-44c3-4921-a289-9664df662f8e	20	3823017	9076671	3059	-0.2181
50efa72d-44c3-4921-a289-9664df662f8e	20	9077267	10216813	838	-0.0177
50efa72d-44c3-4921-a289-9664df662f8e	20	10216930	10429783	181	-0.1583
50efa72d-44c3-4921-a289-9664df662f8e	20	10433995	10543686	84	0.0009
50efa72d-44c3-4921-a289-9664df662f8e	20	10544965	11758425	923	-0.199
50efa72d-44c3-4921-a289-9664df662f8e	20	11760625	17225062	3680	-0.046
50efa72d-44c3-4921-a289-9664df662f8e	20	17230420	20889208	2892	-0.1971
50efa72d-44c3-4921-a289-9664df662f8e	20	20889321	31247668	3146	-0.4286
50efa72d-44c3-4921-a289-9664df662f8e	20	31256075	31283384	15	-0.045
50efa72d-44c3-4921-a289-9664df662f8e	20	31286861	31834775	265	0.8117
50efa72d-44c3-4921-a289-9664df662f8e	20	31839611	32323950	214	-0.004
50efa72d-44c3-4921-a289-9664df662f8e	20	32324673	33038911	383	-0.1846
50efa72d-44c3-4921-a289-9664df662f8e	20	33039712	33070055	26	-0.0336
50efa72d-44c3-4921-a289-9664df662f8e	20	33071739	33312969	187	0.3472
50efa72d-44c3-4921-a289-9664df662f8e	20	33316866	33395842	51	0.4936
50efa72d-44c3-4921-a289-9664df662f8e	20	33399514	34458221	427	0.7038
50efa72d-44c3-4921-a289-9664df662f8e	20	34467575	35409190	443	-0.0467
50efa72d-44c3-4921-a289-9664df662f8e	20	35412098	35925808	231	0.4833
50efa72d-44c3-4921-a289-9664df662f8e	20	35928809	36344191	174	-0.6995
50efa72d-44c3-4921-a289-9664df662f8e	20	36347834	63588502	18175	-0.1792
50efa72d-44c3-4921-a289-9664df662f8e	21	13974127	18071506	2509	0.013
50efa72d-44c3-4921-a289-9664df662f8e	21	18071856	18481898	287	-0.2006
50efa72d-44c3-4921-a289-9664df662f8e	21	18482227	25880215	4546	-0.0287
50efa72d-44c3-4921-a289-9664df662f8e	21	25885236	26086093	171	0.1512
50efa72d-44c3-4921-a289-9664df662f8e	21	26087306	27186809	929	-0.015
50efa72d-44c3-4921-a289-9664df662f8e	21	27190635	27258103	52	-0.2366
50efa72d-44c3-4921-a289-9664df662f8e	21	27258823	27401196	110	0.0534
50efa72d-44c3-4921-a289-9664df662f8e	21	27401235	27463280	66	0.3526
50efa72d-44c3-4921-a289-9664df662f8e	21	27463377	29918000	1635	-0.0049
50efa72d-44c3-4921-a289-9664df662f8e	21	29920618	30115598	139	-0.1672
50efa72d-44c3-4921-a289-9664df662f8e	21	30115687	30643863	317	-0.0006
50efa72d-44c3-4921-a289-9664df662f8e	21	30644858	31089136	193	-0.2088
50efa72d-44c3-4921-a289-9664df662f8e	21	31095334	31112882	14	0.0038
50efa72d-44c3-4921-a289-9664df662f8e	21	31113690	34818303	2354	0.1458
50efa72d-44c3-4921-a289-9664df662f8e	21	34818526	35684840	713	-0.1586
50efa72d-44c3-4921-a289-9664df662f8e	21	35685218	35735148	37	0.1424
50efa72d-44c3-4921-a289-9664df662f8e	21	35737023	36531894	416	-0.1523
50efa72d-44c3-4921-a289-9664df662f8e	21	36532287	36970210	290	0.0096
50efa72d-44c3-4921-a289-9664df662f8e	21	36971181	37137322	90	0.1667
50efa72d-44c3-4921-a289-9664df662f8e	21	37137969	37139543	2	-0.9461
50efa72d-44c3-4921-a289-9664df662f8e	21	37144964	38331339	820	0.1409
50efa72d-44c3-4921-a289-9664df662f8e	21	38333015	38496791	285	0.0324
50efa72d-44c3-4921-a289-9664df662f8e	21	38496805	38496818	2	1.3441
50efa72d-44c3-4921-a289-9664df662f8e	21	38497336	40022745	1104	0.0059
50efa72d-44c3-4921-a289-9664df662f8e	21	40029474	40783712	672	-0.0545
50efa72d-44c3-4921-a289-9664df662f8e	21	40783820	45897667	2691	-0.1893
50efa72d-44c3-4921-a289-9664df662f8e	21	45902422	46262057	145	0.0854
50efa72d-44c3-4921-a289-9664df662f8e	22	16934932	16961316	16	-0.1859
50efa72d-44c3-4921-a289-9664df662f8e	22	16961333	18130790	753	-0.0105
50efa72d-44c3-4921-a289-9664df662f8e	22	18130970	23479094	105	0.2068
50efa72d-44c3-4921-a289-9664df662f8e	22	23483227	25223372	837	-0.0123
50efa72d-44c3-4921-a289-9664df662f8e	22	25223726	33444174	5559	-0.1876
50efa72d-44c3-4921-a289-9664df662f8e	22	33446468	47736014	8753	0.0094
50efa72d-44c3-4921-a289-9664df662f8e	22	47736510	47963676	195	0.2983
50efa72d-44c3-4921-a289-9664df662f8e	22	47963966	48940621	860	-0.4546
50efa72d-44c3-4921-a289-9664df662f8e	X	3236359	12061566	2786	-0.3334
50efa72d-44c3-4921-a289-9664df662f8e	X	12064473	17516488	3018	0.0494
50efa72d-44c3-4921-a289-9664df662f8e	X	17519817	18789880	596	0.2161
50efa72d-44c3-4921-a289-9664df662f8e	X	18790067	29653077	5465	0.3132
50efa72d-44c3-4921-a289-9664df662f8e	X	29653449	34746302	2065	0.1602
50efa72d-44c3-4921-a289-9664df662f8e	X	34747890	35745048	555	0.1209
50efa72d-44c3-4921-a289-9664df662f8e	X	35747123	35747306	2	-1.154
50efa72d-44c3-4921-a289-9664df662f8e	X	35749652	37313677	693	0.0944
50efa72d-44c3-4921-a289-9664df662f8e	X	37322112	41056445	1934	0.1727
50efa72d-44c3-4921-a289-9664df662f8e	X	41059073	43186443	727	0.0179
50efa72d-44c3-4921-a289-9664df662f8e	X	43186489	52554140	4033	-0.2027
50efa72d-44c3-4921-a289-9664df662f8e	X	52556190	52657472	54	-0.0281
50efa72d-44c3-4921-a289-9664df662f8e	X	52789762	62952913	1988	0.0953
50efa72d-44c3-4921-a289-9664df662f8e	X	62953249	76444905	4818	-0.0248
50efa72d-44c3-4921-a289-9664df662f8e	X	76448539	77345208	307	0.0853
50efa72d-44c3-4921-a289-9664df662f8e	X	77353761	77538155	32	-0.3816
50efa72d-44c3-4921-a289-9664df662f8e	X	77544303	77619890	8	0.2258
50efa72d-44c3-4921-a289-9664df662f8e	X	77619913	77654992	4	0.7484
50efa72d-44c3-4921-a289-9664df662f8e	X	77660177	77986011	27	-0.0356
50efa72d-44c3-4921-a289-9664df662f8e	X	77987717	79341934	641	0.1592
50efa72d-44c3-4921-a289-9664df662f8e	X	79346136	80705949	710	0.2804
50efa72d-44c3-4921-a289-9664df662f8e	X	80708345	82103539	633	0.0999
50efa72d-44c3-4921-a289-9664df662f8e	X	82107062	86556020	1974	-0.0434
50efa72d-44c3-4921-a289-9664df662f8e	X	86556365	87756544	741	0.1584
50efa72d-44c3-4921-a289-9664df662f8e	X	87758095	91530448	1091	0.0014
50efa72d-44c3-4921-a289-9664df662f8e	X	91535841	92528057	335	-0.1942
50efa72d-44c3-4921-a289-9664df662f8e	X	92529058	94340835	730	-0.0019
50efa72d-44c3-4921-a289-9664df662f8e	X	94341096	94675110	153	0.1892
50efa72d-44c3-4921-a289-9664df662f8e	X	94675729	105836196	4870	0.017
50efa72d-44c3-4921-a289-9664df662f8e	X	105836312	116688162	4937	-0.1662
50efa72d-44c3-4921-a289-9664df662f8e	X	116691088	144477565	12783	-0.0277
50efa72d-44c3-4921-a289-9664df662f8e	X	144478111	147026418	1586	-0.189
50efa72d-44c3-4921-a289-9664df662f8e	X	147026935	148954718	1156	-0.0039
50efa72d-44c3-4921-a289-9664df662f8e	X	148955188	154554965	2261	0.0664
50efa72d-44c3-4921-a289-9664df662f8e	X	155651443	155677414	16	-0.2237
