GDC_Aliquot	Chromosome	Start	End	Num_Probes	Segment_Mean
bfae7468-70d5-4411-aa91-d05c8663a567	1	3301765	18869731	8664	-0.125
bfae7468-70d5-4411-aa91-d05c8663a567	1	18872401	48061862	15330	-0.0849
bfae7468-70d5-4411-aa91-d05c8663a567	1	48064586	53995988	2962	-0.0362
bfae7468-70d5-4411-aa91-d05c8663a567	1	53996030	55048858	646	-0.0893
bfae7468-70d5-4411-aa91-d05c8663a567	1	55050064	56025105	761	0.0193
bfae7468-70d5-4411-aa91-d05c8663a567	1	56026064	65355481	6822	-0.0141
bfae7468-70d5-4411-aa91-d05c8663a567	1	65356699	83927926	10990	0.0296
bfae7468-70d5-4411-aa91-d05c8663a567	1	83930662	108807336	14473	-1.2472
bfae7468-70d5-4411-aa91-d05c8663a567	1	108807942	119816579	6693	-1.373
bfae7468-70d5-4411-aa91-d05c8663a567	1	119817520	119984772	102	-1.1539
bfae7468-70d5-4411-aa91-d05c8663a567	1	146716041	150288580	154	0.5403
bfae7468-70d5-4411-aa91-d05c8663a567	1	150290036	150891045	193	0.3079
bfae7468-70d5-4411-aa91-d05c8663a567	1	150893765	151007099	48	0.4663
bfae7468-70d5-4411-aa91-d05c8663a567	1	151007805	151979219	439	0.5837
bfae7468-70d5-4411-aa91-d05c8663a567	1	151979451	152772486	405	0.3237
bfae7468-70d5-4411-aa91-d05c8663a567	1	152774650	153067689	200	1.2548
bfae7468-70d5-4411-aa91-d05c8663a567	1	153068094	153160508	63	1.7683
bfae7468-70d5-4411-aa91-d05c8663a567	1	153161611	153181232	26	0.3793
bfae7468-70d5-4411-aa91-d05c8663a567	1	153187352	153412880	160	1.6969
bfae7468-70d5-4411-aa91-d05c8663a567	1	153414604	153614081	90	0.283
bfae7468-70d5-4411-aa91-d05c8663a567	1	153616299	153650036	19	1.1742
bfae7468-70d5-4411-aa91-d05c8663a567	1	153653450	153908533	79	0.2974
bfae7468-70d5-4411-aa91-d05c8663a567	1	153910253	153914817	6	0.8197
bfae7468-70d5-4411-aa91-d05c8663a567	1	153918335	154362941	183	1.0452
bfae7468-70d5-4411-aa91-d05c8663a567	1	154369831	154745432	208	1.5953
bfae7468-70d5-4411-aa91-d05c8663a567	1	154746302	154907910	119	1.8443
bfae7468-70d5-4411-aa91-d05c8663a567	1	154910068	154984186	33	1.0293
bfae7468-70d5-4411-aa91-d05c8663a567	1	154987406	155210675	82	0.1805
bfae7468-70d5-4411-aa91-d05c8663a567	1	155241876	155454274	116	0.4575
bfae7468-70d5-4411-aa91-d05c8663a567	1	155460853	155880767	162	1.6986
bfae7468-70d5-4411-aa91-d05c8663a567	1	155888005	155904432	14	0.5476
bfae7468-70d5-4411-aa91-d05c8663a567	1	155904777	156424283	215	0.4732
bfae7468-70d5-4411-aa91-d05c8663a567	1	156424339	158427806	1265	0.3384
bfae7468-70d5-4411-aa91-d05c8663a567	1	158437089	158595832	99	0.1522
bfae7468-70d5-4411-aa91-d05c8663a567	1	158595879	159391920	489	0.3575
bfae7468-70d5-4411-aa91-d05c8663a567	1	159393018	160395484	645	-0.1038
bfae7468-70d5-4411-aa91-d05c8663a567	1	160395953	160413894	18	1.1381
bfae7468-70d5-4411-aa91-d05c8663a567	1	160418223	160474972	47	-0.0761
bfae7468-70d5-4411-aa91-d05c8663a567	1	160483095	161184704	441	1.1688
bfae7468-70d5-4411-aa91-d05c8663a567	1	161192091	162858419	1044	-0.0897
bfae7468-70d5-4411-aa91-d05c8663a567	1	162861527	163868489	757	0.0235
bfae7468-70d5-4411-aa91-d05c8663a567	1	163872533	166648881	2200	0.3875
bfae7468-70d5-4411-aa91-d05c8663a567	1	166650909	168055241	1010	-0.0362
bfae7468-70d5-4411-aa91-d05c8663a567	1	168058500	168830350	564	0.7608
bfae7468-70d5-4411-aa91-d05c8663a567	1	168830661	168873178	49	0.4761
bfae7468-70d5-4411-aa91-d05c8663a567	1	168873191	168877418	7	0.8548
bfae7468-70d5-4411-aa91-d05c8663a567	1	168877466	168905115	32	0.3524
bfae7468-70d5-4411-aa91-d05c8663a567	1	168905168	169236425	283	0.0439
bfae7468-70d5-4411-aa91-d05c8663a567	1	169238714	169374785	64	0.4328
bfae7468-70d5-4411-aa91-d05c8663a567	1	169375690	169436612	32	0.0422
bfae7468-70d5-4411-aa91-d05c8663a567	1	169441000	169645462	170	1.2633
bfae7468-70d5-4411-aa91-d05c8663a567	1	169646782	169820396	147	0.0609
bfae7468-70d5-4411-aa91-d05c8663a567	1	169825028	169852603	27	0.4722
bfae7468-70d5-4411-aa91-d05c8663a567	1	169852928	170144105	208	0.744
bfae7468-70d5-4411-aa91-d05c8663a567	1	170146216	170210046	49	1.6037
bfae7468-70d5-4411-aa91-d05c8663a567	1	170211946	170397330	156	0.8089
bfae7468-70d5-4411-aa91-d05c8663a567	1	170397969	171432073	609	0.4883
bfae7468-70d5-4411-aa91-d05c8663a567	1	171437869	171501484	43	-0.12
bfae7468-70d5-4411-aa91-d05c8663a567	1	171505447	171894896	271	0.4158
bfae7468-70d5-4411-aa91-d05c8663a567	1	171898055	171930662	32	1.4408
bfae7468-70d5-4411-aa91-d05c8663a567	1	171938348	172035965	59	2.0453
bfae7468-70d5-4411-aa91-d05c8663a567	1	172041468	172710564	449	1.5745
bfae7468-70d5-4411-aa91-d05c8663a567	1	172715512	172771665	43	0.3948
bfae7468-70d5-4411-aa91-d05c8663a567	1	172771814	172796720	16	0.8883
bfae7468-70d5-4411-aa91-d05c8663a567	1	172804927	172992071	116	1.5341
bfae7468-70d5-4411-aa91-d05c8663a567	1	172992253	173282894	171	0.792
bfae7468-70d5-4411-aa91-d05c8663a567	1	173286257	174901931	825	-0.0083
bfae7468-70d5-4411-aa91-d05c8663a567	1	174912579	174929387	14	1.893
bfae7468-70d5-4411-aa91-d05c8663a567	1	174932989	174947026	10	1.5618
bfae7468-70d5-4411-aa91-d05c8663a567	1	174957818	175022666	37	1.0113
bfae7468-70d5-4411-aa91-d05c8663a567	1	175031221	175796653	323	-0.0575
bfae7468-70d5-4411-aa91-d05c8663a567	1	175800018	175898173	64	0.3274
bfae7468-70d5-4411-aa91-d05c8663a567	1	175898663	176167402	139	0.7412
bfae7468-70d5-4411-aa91-d05c8663a567	1	176175109	176443608	90	0.3592
bfae7468-70d5-4411-aa91-d05c8663a567	1	176446882	176702485	153	0.7211
bfae7468-70d5-4411-aa91-d05c8663a567	1	176705643	176975329	182	0.3622
bfae7468-70d5-4411-aa91-d05c8663a567	1	176975498	176982273	8	0.174
bfae7468-70d5-4411-aa91-d05c8663a567	1	176985577	177173089	142	-0.1518
bfae7468-70d5-4411-aa91-d05c8663a567	1	177174059	177176639	5	1.628
bfae7468-70d5-4411-aa91-d05c8663a567	1	177177772	177179023	4	-0.0928
bfae7468-70d5-4411-aa91-d05c8663a567	1	177183180	177193673	14	1.1502
bfae7468-70d5-4411-aa91-d05c8663a567	1	177196010	180105371	1882	-0.0971
bfae7468-70d5-4411-aa91-d05c8663a567	1	180111155	180158613	37	1.2181
bfae7468-70d5-4411-aa91-d05c8663a567	1	180163553	182645168	1722	-0.0776
bfae7468-70d5-4411-aa91-d05c8663a567	1	182645208	185981578	2090	-0.0258
bfae7468-70d5-4411-aa91-d05c8663a567	1	185982002	186172941	122	0.1742
bfae7468-70d5-4411-aa91-d05c8663a567	1	186178825	192772601	3836	0.0113
bfae7468-70d5-4411-aa91-d05c8663a567	1	192775660	195922628	1934	-0.0437
bfae7468-70d5-4411-aa91-d05c8663a567	1	195924924	200256594	2456	0.0059
bfae7468-70d5-4411-aa91-d05c8663a567	1	200256985	200486966	159	-0.1569
bfae7468-70d5-4411-aa91-d05c8663a567	1	200488758	201682634	821	0.0254
bfae7468-70d5-4411-aa91-d05c8663a567	1	201685486	201760782	55	1.5274
bfae7468-70d5-4411-aa91-d05c8663a567	1	201764240	202765884	558	-0.0032
bfae7468-70d5-4411-aa91-d05c8663a567	1	202766623	204309899	970	-0.0966
bfae7468-70d5-4411-aa91-d05c8663a567	1	204310156	208627762	2853	-0.0172
bfae7468-70d5-4411-aa91-d05c8663a567	1	208627981	208688127	47	1.1164
bfae7468-70d5-4411-aa91-d05c8663a567	1	208688902	209631227	717	-0.0177
bfae7468-70d5-4411-aa91-d05c8663a567	1	209631319	211172158	1114	0.3137
bfae7468-70d5-4411-aa91-d05c8663a567	1	211175293	212228406	612	0.2178
bfae7468-70d5-4411-aa91-d05c8663a567	1	212229021	212344595	68	0.4618
bfae7468-70d5-4411-aa91-d05c8663a567	1	212344780	213018576	460	0.1539
bfae7468-70d5-4411-aa91-d05c8663a567	1	213019950	213034726	7	1.5582
bfae7468-70d5-4411-aa91-d05c8663a567	1	213036579	214255385	814	0.1382
bfae7468-70d5-4411-aa91-d05c8663a567	1	214255468	214313002	34	0.4801
bfae7468-70d5-4411-aa91-d05c8663a567	1	214315834	214730999	342	0.1698
bfae7468-70d5-4411-aa91-d05c8663a567	1	214731775	214773871	29	0.3145
bfae7468-70d5-4411-aa91-d05c8663a567	1	214779767	217464477	1899	0.4632
bfae7468-70d5-4411-aa91-d05c8663a567	1	217472185	217490221	11	-0.3511
bfae7468-70d5-4411-aa91-d05c8663a567	1	217558206	220267376	1827	0.9518
bfae7468-70d5-4411-aa91-d05c8663a567	1	220269027	220271583	4	2.164
bfae7468-70d5-4411-aa91-d05c8663a567	1	220277030	220793634	305	0.9047
bfae7468-70d5-4411-aa91-d05c8663a567	1	220793942	220798492	4	1.6918
bfae7468-70d5-4411-aa91-d05c8663a567	1	220799860	221248491	300	0.8883
bfae7468-70d5-4411-aa91-d05c8663a567	1	221251096	222429009	848	0.7458
bfae7468-70d5-4411-aa91-d05c8663a567	1	222431797	223162647	342	0.6077
bfae7468-70d5-4411-aa91-d05c8663a567	1	223164180	223516735	239	0.7036
bfae7468-70d5-4411-aa91-d05c8663a567	1	223519820	226027181	1348	0.5818
bfae7468-70d5-4411-aa91-d05c8663a567	1	226027361	226034956	6	1.2818
bfae7468-70d5-4411-aa91-d05c8663a567	1	226036945	226335859	128	0.5157
bfae7468-70d5-4411-aa91-d05c8663a567	1	226339170	226376365	25	1.6241
bfae7468-70d5-4411-aa91-d05c8663a567	1	226376990	226390465	14	0.4481
bfae7468-70d5-4411-aa91-d05c8663a567	1	226391305	226397815	5	1.1285
bfae7468-70d5-4411-aa91-d05c8663a567	1	226402008	226473678	59	0.5218
bfae7468-70d5-4411-aa91-d05c8663a567	1	226475098	226490683	11	0.8632
bfae7468-70d5-4411-aa91-d05c8663a567	1	226490767	226511500	14	0.5284
bfae7468-70d5-4411-aa91-d05c8663a567	1	226514156	226542735	20	1.4975
bfae7468-70d5-4411-aa91-d05c8663a567	1	226544978	227871607	848	0.5458
bfae7468-70d5-4411-aa91-d05c8663a567	1	227877095	229184321	574	0.427
bfae7468-70d5-4411-aa91-d05c8663a567	1	229184334	231463022	1624	0.5115
bfae7468-70d5-4411-aa91-d05c8663a567	1	231465611	231857992	110	-0.3529
bfae7468-70d5-4411-aa91-d05c8663a567	1	231858248	231858527	2	1.0843
bfae7468-70d5-4411-aa91-d05c8663a567	1	231863112	232159803	250	-0.4041
bfae7468-70d5-4411-aa91-d05c8663a567	1	232161725	232184733	31	1.598
bfae7468-70d5-4411-aa91-d05c8663a567	1	232185845	232395807	172	1.2037
bfae7468-70d5-4411-aa91-d05c8663a567	1	232396030	233415786	799	-0.3741
bfae7468-70d5-4411-aa91-d05c8663a567	1	233416519	233434979	13	1.8545
bfae7468-70d5-4411-aa91-d05c8663a567	1	233435333	233447825	10	0.689
bfae7468-70d5-4411-aa91-d05c8663a567	1	233448165	234025053	493	-0.4039
bfae7468-70d5-4411-aa91-d05c8663a567	1	234028094	234044119	20	0.8358
bfae7468-70d5-4411-aa91-d05c8663a567	1	234049875	234399968	278	-0.3514
bfae7468-70d5-4411-aa91-d05c8663a567	1	234400564	234405569	4	0.9352
bfae7468-70d5-4411-aa91-d05c8663a567	1	234405876	235002601	430	-0.3662
bfae7468-70d5-4411-aa91-d05c8663a567	1	235079870	235101118	7	1.4446
bfae7468-70d5-4411-aa91-d05c8663a567	1	235103144	237229794	1412	-0.4253
bfae7468-70d5-4411-aa91-d05c8663a567	1	237231463	237538903	237	1.1865
bfae7468-70d5-4411-aa91-d05c8663a567	1	237539387	237540155	6	0.8542
bfae7468-70d5-4411-aa91-d05c8663a567	1	237541239	239774135	1693	-0.3596
bfae7468-70d5-4411-aa91-d05c8663a567	1	239779310	239802455	27	1.3937
bfae7468-70d5-4411-aa91-d05c8663a567	1	239806797	241129221	1035	-0.3823
bfae7468-70d5-4411-aa91-d05c8663a567	1	241134600	241272371	116	0.6672
bfae7468-70d5-4411-aa91-d05c8663a567	1	241274911	241651974	311	-0.3237
bfae7468-70d5-4411-aa91-d05c8663a567	1	241694837	242502490	550	0.5898
bfae7468-70d5-4411-aa91-d05c8663a567	1	242504311	242700120	169	1.4591
bfae7468-70d5-4411-aa91-d05c8663a567	1	242700841	244353010	926	0.7223
bfae7468-70d5-4411-aa91-d05c8663a567	1	244353452	245487127	535	0.633
bfae7468-70d5-4411-aa91-d05c8663a567	1	245487446	245763346	205	0.7587
bfae7468-70d5-4411-aa91-d05c8663a567	1	245765106	245781588	20	1.2538
bfae7468-70d5-4411-aa91-d05c8663a567	1	245794526	246435044	191	0.754
bfae7468-70d5-4411-aa91-d05c8663a567	1	246436444	247650984	431	1.4736
bfae7468-70d5-4411-aa91-d05c8663a567	2	480597	2481360	568	0.1952
bfae7468-70d5-4411-aa91-d05c8663a567	2	2481981	4053302	1074	0.1301
bfae7468-70d5-4411-aa91-d05c8663a567	2	4053776	5200012	808	0.2087
bfae7468-70d5-4411-aa91-d05c8663a567	2	5200369	5780881	465	0.4313
bfae7468-70d5-4411-aa91-d05c8663a567	2	5780963	10426288	3275	0.7323
bfae7468-70d5-4411-aa91-d05c8663a567	2	10426678	12829767	1812	0.5443
bfae7468-70d5-4411-aa91-d05c8663a567	2	12829846	14650145	1026	0.2318
bfae7468-70d5-4411-aa91-d05c8663a567	2	14661499	14868947	150	0.4758
bfae7468-70d5-4411-aa91-d05c8663a567	2	14930968	16333738	981	0.5819
bfae7468-70d5-4411-aa91-d05c8663a567	2	16337878	17500399	828	0.6953
bfae7468-70d5-4411-aa91-d05c8663a567	2	17502159	19003096	1087	0.6125
bfae7468-70d5-4411-aa91-d05c8663a567	2	19003480	23886625	3190	0.5205
bfae7468-70d5-4411-aa91-d05c8663a567	2	23886808	27876530	1761	0.4533
bfae7468-70d5-4411-aa91-d05c8663a567	2	27876940	29483405	946	0.5003
bfae7468-70d5-4411-aa91-d05c8663a567	2	29485838	30083241	513	0.2259
bfae7468-70d5-4411-aa91-d05c8663a567	2	30084313	31314952	861	0.4908
bfae7468-70d5-4411-aa91-d05c8663a567	2	31315169	31363712	45	0.1658
bfae7468-70d5-4411-aa91-d05c8663a567	2	31365571	34656430	1461	0.5596
bfae7468-70d5-4411-aa91-d05c8663a567	2	34658647	44101859	5275	0.254
bfae7468-70d5-4411-aa91-d05c8663a567	2	44110615	44193013	52	0.5815
bfae7468-70d5-4411-aa91-d05c8663a567	2	44199698	88830496	24427	0.2469
bfae7468-70d5-4411-aa91-d05c8663a567	2	88831240	102246181	3352	-0.0138
bfae7468-70d5-4411-aa91-d05c8663a567	2	102246761	119085500	8792	0.0244
bfae7468-70d5-4411-aa91-d05c8663a567	2	119086427	122323959	1882	-0.0531
bfae7468-70d5-4411-aa91-d05c8663a567	2	122324045	126742262	1923	0.0229
bfae7468-70d5-4411-aa91-d05c8663a567	2	126743900	131565438	2264	-0.034
bfae7468-70d5-4411-aa91-d05c8663a567	2	131567144	139645633	4117	0.0111
bfae7468-70d5-4411-aa91-d05c8663a567	2	139646716	149653054	5644	0.07
bfae7468-70d5-4411-aa91-d05c8663a567	2	149654412	178482944	17411	0.1038
bfae7468-70d5-4411-aa91-d05c8663a567	2	178483680	199340780	10451	0.1255
bfae7468-70d5-4411-aa91-d05c8663a567	2	199344712	216146114	9838	0.0938
bfae7468-70d5-4411-aa91-d05c8663a567	2	216146712	218222677	1430	0.0648
bfae7468-70d5-4411-aa91-d05c8663a567	2	218223273	219785169	771	-0.0066
bfae7468-70d5-4411-aa91-d05c8663a567	2	219786336	230862578	7025	0.0816
bfae7468-70d5-4411-aa91-d05c8663a567	2	230862684	241537572	6250	-0.01
bfae7468-70d5-4411-aa91-d05c8663a567	3	2170634	8516829	3595	0.0417
bfae7468-70d5-4411-aa91-d05c8663a567	3	8517604	15158999	4324	-0.021
bfae7468-70d5-4411-aa91-d05c8663a567	3	15161665	16512462	925	0.0263
bfae7468-70d5-4411-aa91-d05c8663a567	3	16518841	31699805	8858	0.0738
bfae7468-70d5-4411-aa91-d05c8663a567	3	31700434	33134301	860	-0.0016
bfae7468-70d5-4411-aa91-d05c8663a567	3	33134588	36821590	2168	0.0695
bfae7468-70d5-4411-aa91-d05c8663a567	3	36822104	47322863	6071	0.0248
bfae7468-70d5-4411-aa91-d05c8663a567	3	47327649	54996093	3646	-0.0203
bfae7468-70d5-4411-aa91-d05c8663a567	3	54996177	56982282	1440	0.0527
bfae7468-70d5-4411-aa91-d05c8663a567	3	56986881	58882699	1023	-0.0175
bfae7468-70d5-4411-aa91-d05c8663a567	3	58883409	73139549	9349	0.0478
bfae7468-70d5-4411-aa91-d05c8663a567	3	73142913	90156090	8748	0.0888
bfae7468-70d5-4411-aa91-d05c8663a567	3	90162349	120876218	15210	0.0228
bfae7468-70d5-4411-aa91-d05c8663a567	3	120882037	124589872	2050	-0.0195
bfae7468-70d5-4411-aa91-d05c8663a567	3	124590491	129618758	2827	-0.0764
bfae7468-70d5-4411-aa91-d05c8663a567	3	129620627	138869122	5146	-0.0218
bfae7468-70d5-4411-aa91-d05c8663a567	3	138869239	138871764	2	-1.5963
bfae7468-70d5-4411-aa91-d05c8663a567	3	138873791	143097066	2379	-0.0266
bfae7468-70d5-4411-aa91-d05c8663a567	3	143098626	144993956	996	0.066
bfae7468-70d5-4411-aa91-d05c8663a567	3	144995041	166524640	10870	0.0188
bfae7468-70d5-4411-aa91-d05c8663a567	3	166524840	169480009	1573	0.0805
bfae7468-70d5-4411-aa91-d05c8663a567	3	169481222	173243347	2126	0.0185
bfae7468-70d5-4411-aa91-d05c8663a567	3	173243970	181499137	4070	0.0815
bfae7468-70d5-4411-aa91-d05c8663a567	3	181499316	187393736	2987	0.0304
bfae7468-70d5-4411-aa91-d05c8663a567	3	187393769	197812401	5484	0.0903
bfae7468-70d5-4411-aa91-d05c8663a567	4	1059384	7099993	3267	-0.602
bfae7468-70d5-4411-aa91-d05c8663a567	4	7100007	8704538	1021	-0.7045
bfae7468-70d5-4411-aa91-d05c8663a567	4	9587686	10702513	808	-0.5923
bfae7468-70d5-4411-aa91-d05c8663a567	4	10703288	13911952	2377	-0.479
bfae7468-70d5-4411-aa91-d05c8663a567	4	13912749	13928991	18	-1.1372
bfae7468-70d5-4411-aa91-d05c8663a567	4	13929367	16556154	1947	-0.4802
bfae7468-70d5-4411-aa91-d05c8663a567	4	16565625	17009067	297	1.1155
bfae7468-70d5-4411-aa91-d05c8663a567	4	17015592	17789831	629	-0.5239
bfae7468-70d5-4411-aa91-d05c8663a567	4	17793031	23611513	3608	-0.4408
bfae7468-70d5-4411-aa91-d05c8663a567	4	23613665	27781445	2730	-0.5079
bfae7468-70d5-4411-aa91-d05c8663a567	4	27781459	27783095	3	-2.3106
bfae7468-70d5-4411-aa91-d05c8663a567	4	27783535	27864061	43	-0.4314
bfae7468-70d5-4411-aa91-d05c8663a567	4	27865601	28296795	295	0.6905
bfae7468-70d5-4411-aa91-d05c8663a567	4	28301080	28426605	78	1.5249
bfae7468-70d5-4411-aa91-d05c8663a567	4	28430834	37139393	5077	-0.4195
bfae7468-70d5-4411-aa91-d05c8663a567	4	37139529	37689584	419	1.4804
bfae7468-70d5-4411-aa91-d05c8663a567	4	37689708	38437443	600	1.1827
bfae7468-70d5-4411-aa91-d05c8663a567	4	38442892	38451703	3	0.0916
bfae7468-70d5-4411-aa91-d05c8663a567	4	38468085	38687298	148	1.1483
bfae7468-70d5-4411-aa91-d05c8663a567	4	38687421	38689042	2	0.6268
bfae7468-70d5-4411-aa91-d05c8663a567	4	38693868	51833610	4804	-0.4659
bfae7468-70d5-4411-aa91-d05c8663a567	4	51834605	89646687	21639	0.0188
bfae7468-70d5-4411-aa91-d05c8663a567	4	89654848	89682505	11	-0.9296
bfae7468-70d5-4411-aa91-d05c8663a567	4	89685975	106565102	9158	0.0358
bfae7468-70d5-4411-aa91-d05c8663a567	4	106579107	106579145	2	-3.6666
bfae7468-70d5-4411-aa91-d05c8663a567	4	106579682	116457600	5676	0.0266
bfae7468-70d5-4411-aa91-d05c8663a567	4	116460237	116585820	73	-1.1895
bfae7468-70d5-4411-aa91-d05c8663a567	4	116590549	155143796	20891	0.0255
bfae7468-70d5-4411-aa91-d05c8663a567	4	155144883	167041491	6724	0.0637
bfae7468-70d5-4411-aa91-d05c8663a567	4	167042531	181719533	7886	0.0189
bfae7468-70d5-4411-aa91-d05c8663a567	4	181719599	187842528	2804	-0.0565
bfae7468-70d5-4411-aa91-d05c8663a567	5	913983	1937749	150	1.8875
bfae7468-70d5-4411-aa91-d05c8663a567	5	1937809	2134774	133	1.637
bfae7468-70d5-4411-aa91-d05c8663a567	5	2134893	2410218	275	1.4057
bfae7468-70d5-4411-aa91-d05c8663a567	5	2412744	2725699	293	1.7784
bfae7468-70d5-4411-aa91-d05c8663a567	5	2725860	4191474	1236	1.6415
bfae7468-70d5-4411-aa91-d05c8663a567	5	4193664	7970458	2961	0.3595
bfae7468-70d5-4411-aa91-d05c8663a567	5	7975058	9215219	1004	1.7096
bfae7468-70d5-4411-aa91-d05c8663a567	5	9218832	10059339	647	1.5705
bfae7468-70d5-4411-aa91-d05c8663a567	5	10059358	11199616	682	1.225
bfae7468-70d5-4411-aa91-d05c8663a567	5	11200233	11864370	515	1.0355
bfae7468-70d5-4411-aa91-d05c8663a567	5	11865482	12406331	297	0.8337
bfae7468-70d5-4411-aa91-d05c8663a567	5	12406822	12776133	152	1.1173
bfae7468-70d5-4411-aa91-d05c8663a567	5	13169467	14123398	718	1.3604
bfae7468-70d5-4411-aa91-d05c8663a567	5	14124800	15291289	844	1.532
bfae7468-70d5-4411-aa91-d05c8663a567	5	15309875	16071608	67	1.168
bfae7468-70d5-4411-aa91-d05c8663a567	5	16075454	17265505	779	0.3836
bfae7468-70d5-4411-aa91-d05c8663a567	5	17270333	17316955	26	1.8424
bfae7468-70d5-4411-aa91-d05c8663a567	5	17325609	24590757	3613	0.3969
bfae7468-70d5-4411-aa91-d05c8663a567	5	24594289	24771415	101	1.6713
bfae7468-70d5-4411-aa91-d05c8663a567	5	24777133	31316284	3623	0.4215
bfae7468-70d5-4411-aa91-d05c8663a567	5	31316485	35157476	2076	0.377
bfae7468-70d5-4411-aa91-d05c8663a567	5	35159380	45378354	5849	0.4285
bfae7468-70d5-4411-aa91-d05c8663a567	5	45383300	81337377	17182	-0.4588
bfae7468-70d5-4411-aa91-d05c8663a567	5	81337744	131999457	27311	-0.4181
bfae7468-70d5-4411-aa91-d05c8663a567	5	132000412	142484684	5920	-0.5146
bfae7468-70d5-4411-aa91-d05c8663a567	5	142485099	142485690	3	-2.1147
bfae7468-70d5-4411-aa91-d05c8663a567	5	142485948	142727894	205	-0.51
bfae7468-70d5-4411-aa91-d05c8663a567	5	142730184	148791654	3878	-0.4478
bfae7468-70d5-4411-aa91-d05c8663a567	5	148792151	149553877	534	-0.519
bfae7468-70d5-4411-aa91-d05c8663a567	5	149564460	149629281	55	0.0352
bfae7468-70d5-4411-aa91-d05c8663a567	5	149629458	157782192	5359	0.1147
bfae7468-70d5-4411-aa91-d05c8663a567	5	157782564	157906623	81	1.2418
bfae7468-70d5-4411-aa91-d05c8663a567	5	157907931	158145229	179	0.0632
bfae7468-70d5-4411-aa91-d05c8663a567	5	158147613	158331594	129	0.6758
bfae7468-70d5-4411-aa91-d05c8663a567	5	158331852	158556982	139	0.4874
bfae7468-70d5-4411-aa91-d05c8663a567	5	158557471	158676381	100	0.6133
bfae7468-70d5-4411-aa91-d05c8663a567	5	158676558	162890059	2652	0.4415
bfae7468-70d5-4411-aa91-d05c8663a567	5	162890228	163314386	270	0.6499
bfae7468-70d5-4411-aa91-d05c8663a567	5	163381234	163460718	40	0.1074
bfae7468-70d5-4411-aa91-d05c8663a567	5	163464888	163864765	304	0.5741
bfae7468-70d5-4411-aa91-d05c8663a567	5	163864811	165875355	1176	0.6322
bfae7468-70d5-4411-aa91-d05c8663a567	5	165878139	165879234	2	-0.4843
bfae7468-70d5-4411-aa91-d05c8663a567	5	165879298	167803298	1328	0.6226
bfae7468-70d5-4411-aa91-d05c8663a567	5	167803950	171017078	2424	0.5774
bfae7468-70d5-4411-aa91-d05c8663a567	5	171022422	176297585	3242	0.7774
bfae7468-70d5-4411-aa91-d05c8663a567	5	176301391	177477215	440	0.5287
bfae7468-70d5-4411-aa91-d05c8663a567	5	177477875	180934240	1589	0.7479
bfae7468-70d5-4411-aa91-d05c8663a567	6	1011760	1417485	386	-0.5904
bfae7468-70d5-4411-aa91-d05c8663a567	6	1417925	1418652	2	-2.5714
bfae7468-70d5-4411-aa91-d05c8663a567	6	1418932	4253179	2039	-0.5509
bfae7468-70d5-4411-aa91-d05c8663a567	6	4498631	4633599	102	1.1165
bfae7468-70d5-4411-aa91-d05c8663a567	6	4637790	5084176	353	-0.558
bfae7468-70d5-4411-aa91-d05c8663a567	6	5097862	5192680	103	0.218
bfae7468-70d5-4411-aa91-d05c8663a567	6	5193077	9692627	3296	-0.5123
bfae7468-70d5-4411-aa91-d05c8663a567	6	9693600	9694342	3	-3.0442
bfae7468-70d5-4411-aa91-d05c8663a567	6	9696701	38338046	15918	-0.5005
bfae7468-70d5-4411-aa91-d05c8663a567	6	38338577	38355969	21	1.2156
bfae7468-70d5-4411-aa91-d05c8663a567	6	38356242	38405879	43	-0.4918
bfae7468-70d5-4411-aa91-d05c8663a567	6	38407036	38493484	48	1.0101
bfae7468-70d5-4411-aa91-d05c8663a567	6	38496060	38509931	18	-0.5023
bfae7468-70d5-4411-aa91-d05c8663a567	6	38511947	38513041	2	1.4353
bfae7468-70d5-4411-aa91-d05c8663a567	6	38516513	38905571	305	-0.4444
bfae7468-70d5-4411-aa91-d05c8663a567	6	38907135	38907750	3	-2.3954
bfae7468-70d5-4411-aa91-d05c8663a567	6	38907804	38953278	46	-0.4726
bfae7468-70d5-4411-aa91-d05c8663a567	6	38953464	38977001	14	-0.1412
bfae7468-70d5-4411-aa91-d05c8663a567	6	38977843	38987075	9	-0.6365
bfae7468-70d5-4411-aa91-d05c8663a567	6	38992477	39047693	49	0.3254
bfae7468-70d5-4411-aa91-d05c8663a567	6	39056672	39628450	415	-0.5084
bfae7468-70d5-4411-aa91-d05c8663a567	6	39637336	39658952	12	0.3207
bfae7468-70d5-4411-aa91-d05c8663a567	6	39659009	40244981	399	-0.5043
bfae7468-70d5-4411-aa91-d05c8663a567	6	40246379	41252342	817	0.2222
bfae7468-70d5-4411-aa91-d05c8663a567	6	41253267	42854144	929	-0.5245
bfae7468-70d5-4411-aa91-d05c8663a567	6	42857169	42882204	11	1.0446
bfae7468-70d5-4411-aa91-d05c8663a567	6	42883759	43844025	474	-0.5186
bfae7468-70d5-4411-aa91-d05c8663a567	6	43851904	44478253	357	1.0723
bfae7468-70d5-4411-aa91-d05c8663a567	6	44479861	44564575	75	-0.5633
bfae7468-70d5-4411-aa91-d05c8663a567	6	44568921	45015255	246	1.0942
bfae7468-70d5-4411-aa91-d05c8663a567	6	45016125	45194585	45	1.8052
bfae7468-70d5-4411-aa91-d05c8663a567	6	45196618	45629749	253	1.1697
bfae7468-70d5-4411-aa91-d05c8663a567	6	45631566	46540417	538	-0.4759
bfae7468-70d5-4411-aa91-d05c8663a567	6	46549426	46550209	2	2.0415
bfae7468-70d5-4411-aa91-d05c8663a567	6	46554148	46624452	55	-0.4977
bfae7468-70d5-4411-aa91-d05c8663a567	6	46627380	46659009	22	1.1179
bfae7468-70d5-4411-aa91-d05c8663a567	6	46661768	46663371	4	-0.0244
bfae7468-70d5-4411-aa91-d05c8663a567	6	46663859	46681735	14	1.1897
bfae7468-70d5-4411-aa91-d05c8663a567	6	46683993	48115272	987	-0.4625
bfae7468-70d5-4411-aa91-d05c8663a567	6	48119667	48568039	225	1.151
bfae7468-70d5-4411-aa91-d05c8663a567	6	48570559	51501864	1550	-0.4046
bfae7468-70d5-4411-aa91-d05c8663a567	6	51507929	51545978	39	1.1593
bfae7468-70d5-4411-aa91-d05c8663a567	6	51546024	51546041	2	-1.4885
bfae7468-70d5-4411-aa91-d05c8663a567	6	51546137	51842768	223	1.1193
bfae7468-70d5-4411-aa91-d05c8663a567	6	51846523	52591035	493	-0.4616
bfae7468-70d5-4411-aa91-d05c8663a567	6	52603322	52653085	44	1.053
bfae7468-70d5-4411-aa91-d05c8663a567	6	52660872	53937509	870	-0.478
bfae7468-70d5-4411-aa91-d05c8663a567	6	53938090	105085511	25791	-0.418
bfae7468-70d5-4411-aa91-d05c8663a567	6	105088616	110575827	3431	-0.4744
bfae7468-70d5-4411-aa91-d05c8663a567	6	110576581	148837265	22683	-0.4196
bfae7468-70d5-4411-aa91-d05c8663a567	6	148838560	150362772	956	-0.4874
bfae7468-70d5-4411-aa91-d05c8663a567	6	150364323	150366038	3	-2.4049
bfae7468-70d5-4411-aa91-d05c8663a567	6	150366901	151276851	663	-0.5312
bfae7468-70d5-4411-aa91-d05c8663a567	6	151276972	157085328	4057	-0.4581
bfae7468-70d5-4411-aa91-d05c8663a567	6	157085839	160739220	2202	-0.5128
bfae7468-70d5-4411-aa91-d05c8663a567	6	160741179	160741374	2	-2.6061
bfae7468-70d5-4411-aa91-d05c8663a567	6	160742228	170596889	4802	-0.5435
bfae7468-70d5-4411-aa91-d05c8663a567	7	664936	2529136	498	0.3214
bfae7468-70d5-4411-aa91-d05c8663a567	7	2538030	7124041	1808	0.2474
bfae7468-70d5-4411-aa91-d05c8663a567	7	7126532	10898778	1748	0.3607
bfae7468-70d5-4411-aa91-d05c8663a567	7	10899112	20351760	5654	0.4033
bfae7468-70d5-4411-aa91-d05c8663a567	7	20352241	22431149	1550	0.3547
bfae7468-70d5-4411-aa91-d05c8663a567	7	22431812	22435330	5	-0.6155
bfae7468-70d5-4411-aa91-d05c8663a567	7	22435855	43727374	13743	0.3523
bfae7468-70d5-4411-aa91-d05c8663a567	7	43727499	45108420	628	0.263
bfae7468-70d5-4411-aa91-d05c8663a567	7	45110041	55072553	6959	0.3471
bfae7468-70d5-4411-aa91-d05c8663a567	7	55072603	63921298	941	0.2542
bfae7468-70d5-4411-aa91-d05c8663a567	7	63924054	69623001	2346	0.3563
bfae7468-70d5-4411-aa91-d05c8663a567	7	69624965	70567904	520	0.4512
bfae7468-70d5-4411-aa91-d05c8663a567	7	70568827	76378492	2076	0.3544
bfae7468-70d5-4411-aa91-d05c8663a567	7	76381139	97688105	11326	0.4839
bfae7468-70d5-4411-aa91-d05c8663a567	7	97688520	102771192	1848	0.3539
bfae7468-70d5-4411-aa91-d05c8663a567	7	102778267	107017864	2615	0.439
bfae7468-70d5-4411-aa91-d05c8663a567	7	107018654	108532679	757	0.4732
bfae7468-70d5-4411-aa91-d05c8663a567	7	108535897	108536531	2	-0.9277
bfae7468-70d5-4411-aa91-d05c8663a567	7	108539074	127618330	10190	0.4845
bfae7468-70d5-4411-aa91-d05c8663a567	7	127618340	149445865	11897	0.4304
bfae7468-70d5-4411-aa91-d05c8663a567	7	149448048	150489784	328	0.3567
bfae7468-70d5-4411-aa91-d05c8663a567	7	150492383	150899401	266	0.4601
bfae7468-70d5-4411-aa91-d05c8663a567	7	150899414	151103652	75	0.2672
bfae7468-70d5-4411-aa91-d05c8663a567	7	151104730	157246788	3324	0.3594
bfae7468-70d5-4411-aa91-d05c8663a567	7	157247889	158592540	618	0.2933
bfae7468-70d5-4411-aa91-d05c8663a567	8	667625	851754	106	-0.6266
bfae7468-70d5-4411-aa91-d05c8663a567	8	851799	851912	2	-2.8148
bfae7468-70d5-4411-aa91-d05c8663a567	8	852842	2941847	717	-0.6418
bfae7468-70d5-4411-aa91-d05c8663a567	8	2945223	3618805	655	-0.4636
bfae7468-70d5-4411-aa91-d05c8663a567	8	3622722	3690728	62	0.9802
bfae7468-70d5-4411-aa91-d05c8663a567	8	3797835	5263833	944	-0.5092
bfae7468-70d5-4411-aa91-d05c8663a567	8	5266686	11517214	2614	0.9443
bfae7468-70d5-4411-aa91-d05c8663a567	8	11517270	17295348	3406	-0.4608
bfae7468-70d5-4411-aa91-d05c8663a567	8	17296103	56511779	21696	-0.5024
bfae7468-70d5-4411-aa91-d05c8663a567	8	56511965	67293885	6280	-0.4459
bfae7468-70d5-4411-aa91-d05c8663a567	8	67303814	67630923	191	0.8378
bfae7468-70d5-4411-aa91-d05c8663a567	8	67644593	73333210	3680	-0.4548
bfae7468-70d5-4411-aa91-d05c8663a567	8	73336811	73528869	166	1.449
bfae7468-70d5-4411-aa91-d05c8663a567	8	73534736	73805656	131	0.8303
bfae7468-70d5-4411-aa91-d05c8663a567	8	73808046	73946366	59	-0.2644
bfae7468-70d5-4411-aa91-d05c8663a567	8	73949538	74339542	303	1.0703
bfae7468-70d5-4411-aa91-d05c8663a567	8	74340395	93669935	10402	-0.4221
bfae7468-70d5-4411-aa91-d05c8663a567	8	93672164	103478645	5848	-0.4792
bfae7468-70d5-4411-aa91-d05c8663a567	8	103478910	122457707	10766	-0.4188
bfae7468-70d5-4411-aa91-d05c8663a567	8	122457739	138069268	11109	-0.4903
bfae7468-70d5-4411-aa91-d05c8663a567	8	138069621	144182542	2509	-0.6012
bfae7468-70d5-4411-aa91-d05c8663a567	9	789794	790037	3	0.3144
bfae7468-70d5-4411-aa91-d05c8663a567	9	790234	11010591	6126	-0.486
bfae7468-70d5-4411-aa91-d05c8663a567	9	11011600	11016456	5	-2.9766
bfae7468-70d5-4411-aa91-d05c8663a567	9	11020591	19670096	5762	-0.4821
bfae7468-70d5-4411-aa91-d05c8663a567	9	19670795	32668705	7802	-0.438
bfae7468-70d5-4411-aa91-d05c8663a567	9	32670662	35466067	1592	-0.5137
bfae7468-70d5-4411-aa91-d05c8663a567	9	35470915	35623946	76	0.0162
bfae7468-70d5-4411-aa91-d05c8663a567	9	35627493	68423153	2020	-0.5442
bfae7468-70d5-4411-aa91-d05c8663a567	9	68424128	69044176	551	0.3716
bfae7468-70d5-4411-aa91-d05c8663a567	9	69044331	69281539	202	0.2356
bfae7468-70d5-4411-aa91-d05c8663a567	9	69282463	69470540	118	0.3181
bfae7468-70d5-4411-aa91-d05c8663a567	9	69471070	76349359	4691	0.3749
bfae7468-70d5-4411-aa91-d05c8663a567	9	76349562	77206936	663	0.2947
bfae7468-70d5-4411-aa91-d05c8663a567	9	77210747	82855945	3788	0.3621
bfae7468-70d5-4411-aa91-d05c8663a567	9	82858436	87562936	3348	0.3224
bfae7468-70d5-4411-aa91-d05c8663a567	9	87563015	98965333	7275	0.2933
bfae7468-70d5-4411-aa91-d05c8663a567	9	98966821	101851508	1766	0.3381
bfae7468-70d5-4411-aa91-d05c8663a567	9	101854188	104747123	1536	0.397
bfae7468-70d5-4411-aa91-d05c8663a567	9	104753533	110373350	4159	0.3184
bfae7468-70d5-4411-aa91-d05c8663a567	9	110373658	110938021	486	0.3987
bfae7468-70d5-4411-aa91-d05c8663a567	9	110941990	127375940	10941	0.3035
bfae7468-70d5-4411-aa91-d05c8663a567	9	127376635	128269960	426	0.2286
bfae7468-70d5-4411-aa91-d05c8663a567	9	128271133	128281970	2	-1.1773
bfae7468-70d5-4411-aa91-d05c8663a567	9	128283884	131553020	1755	0.2136
bfae7468-70d5-4411-aa91-d05c8663a567	9	131553051	132607212	693	0.2855
bfae7468-70d5-4411-aa91-d05c8663a567	9	132609425	138044505	2334	0.2143
bfae7468-70d5-4411-aa91-d05c8663a567	10	366509	3479387	1647	-0.072
bfae7468-70d5-4411-aa91-d05c8663a567	10	3479540	15030987	9021	-0.0178
bfae7468-70d5-4411-aa91-d05c8663a567	10	15031245	15038887	2	-3.2016
bfae7468-70d5-4411-aa91-d05c8663a567	10	15044789	15998462	719	-0.0366
bfae7468-70d5-4411-aa91-d05c8663a567	10	15999012	29368344	8955	0.0181
bfae7468-70d5-4411-aa91-d05c8663a567	10	29368419	30816194	1139	-0.0411
bfae7468-70d5-4411-aa91-d05c8663a567	10	30818124	34448850	2399	0.0243
bfae7468-70d5-4411-aa91-d05c8663a567	10	34460217	50850966	5779	-0.0373
bfae7468-70d5-4411-aa91-d05c8663a567	10	50852902	67676915	10193	0.048
bfae7468-70d5-4411-aa91-d05c8663a567	10	67677124	75453789	4318	-0.0419
bfae7468-70d5-4411-aa91-d05c8663a567	10	75455418	76429305	710	0.0301
bfae7468-70d5-4411-aa91-d05c8663a567	10	76429338	76698017	179	0.1516
bfae7468-70d5-4411-aa91-d05c8663a567	10	76698662	77245229	425	0.0351
bfae7468-70d5-4411-aa91-d05c8663a567	10	77245247	81036874	2374	-0.0446
bfae7468-70d5-4411-aa91-d05c8663a567	10	81037000	95372799	8948	0.0285
bfae7468-70d5-4411-aa91-d05c8663a567	10	95373036	107102312	6983	-0.028
bfae7468-70d5-4411-aa91-d05c8663a567	10	107102369	116073317	5988	0.0221
bfae7468-70d5-4411-aa91-d05c8663a567	10	116073486	121226208	3713	-0.0236
bfae7468-70d5-4411-aa91-d05c8663a567	10	121227577	129482552	6092	-0.0593
bfae7468-70d5-4411-aa91-d05c8663a567	10	129484386	133411599	1373	-0.1177
bfae7468-70d5-4411-aa91-d05c8663a567	11	456012	3832243	1124	-0.6159
bfae7468-70d5-4411-aa91-d05c8663a567	11	3834527	6318754	1633	-0.4972
bfae7468-70d5-4411-aa91-d05c8663a567	11	6325247	6333786	10	2.2381
bfae7468-70d5-4411-aa91-d05c8663a567	11	6335493	20853473	10244	-0.5028
bfae7468-70d5-4411-aa91-d05c8663a567	11	20854148	31788159	6873	-0.431
bfae7468-70d5-4411-aa91-d05c8663a567	11	31789736	34394152	1671	-0.5044
bfae7468-70d5-4411-aa91-d05c8663a567	11	34395119	42305331	4878	-0.441
bfae7468-70d5-4411-aa91-d05c8663a567	11	42305603	43919094	1081	-0.5023
bfae7468-70d5-4411-aa91-d05c8663a567	11	43919284	45948926	1424	-0.5752
bfae7468-70d5-4411-aa91-d05c8663a567	11	45951059	58920175	2998	-0.4813
bfae7468-70d5-4411-aa91-d05c8663a567	11	58920989	58922413	2	-4.0105
bfae7468-70d5-4411-aa91-d05c8663a567	11	58924616	68925568	3967	-0.5359
bfae7468-70d5-4411-aa91-d05c8663a567	11	68928429	71444306	1443	-0.6499
bfae7468-70d5-4411-aa91-d05c8663a567	11	71447387	80011700	4706	-0.5254
bfae7468-70d5-4411-aa91-d05c8663a567	11	80012275	111242154	19074	-0.4369
bfae7468-70d5-4411-aa91-d05c8663a567	11	111244547	134272740	15790	-0.5335
bfae7468-70d5-4411-aa91-d05c8663a567	12	780472	1949529	305	0.3121
bfae7468-70d5-4411-aa91-d05c8663a567	12	1949651	4550455	1752	0.2554
bfae7468-70d5-4411-aa91-d05c8663a567	12	4550569	8969514	2517	0.3254
bfae7468-70d5-4411-aa91-d05c8663a567	12	8976499	10448069	687	0.3979
bfae7468-70d5-4411-aa91-d05c8663a567	12	10454626	15036445	2839	0.3188
bfae7468-70d5-4411-aa91-d05c8663a567	12	15040368	29108168	8798	0.3663
bfae7468-70d5-4411-aa91-d05c8663a567	12	29113086	29379056	170	0.5882
bfae7468-70d5-4411-aa91-d05c8663a567	12	29379450	42125389	4632	0.3977
bfae7468-70d5-4411-aa91-d05c8663a567	12	42128625	42490201	183	2.3671
bfae7468-70d5-4411-aa91-d05c8663a567	12	42492384	42514576	15	0.5012
bfae7468-70d5-4411-aa91-d05c8663a567	12	42518048	42649781	89	2.3546
bfae7468-70d5-4411-aa91-d05c8663a567	12	42651211	42815499	126	0.4334
bfae7468-70d5-4411-aa91-d05c8663a567	12	42818897	43344680	2	-0.6399
bfae7468-70d5-4411-aa91-d05c8663a567	12	43345446	43522814	103	0.389
bfae7468-70d5-4411-aa91-d05c8663a567	12	43529698	43640919	22	2.5114
bfae7468-70d5-4411-aa91-d05c8663a567	12	43645844	46369763	1565	0.3718
bfae7468-70d5-4411-aa91-d05c8663a567	12	46372112	46377134	5	1.9532
bfae7468-70d5-4411-aa91-d05c8663a567	12	46380162	47799113	788	0.3705
bfae7468-70d5-4411-aa91-d05c8663a567	12	47800652	47937523	114	2.5316
bfae7468-70d5-4411-aa91-d05c8663a567	12	47938727	48228171	180	0.3265
bfae7468-70d5-4411-aa91-d05c8663a567	12	48229128	48237476	3	2.7343
bfae7468-70d5-4411-aa91-d05c8663a567	12	48240750	50491142	1026	0.2977
bfae7468-70d5-4411-aa91-d05c8663a567	12	50493635	50573197	41	2.4571
bfae7468-70d5-4411-aa91-d05c8663a567	12	50574871	53785818	1735	0.2889
bfae7468-70d5-4411-aa91-d05c8663a567	12	53787047	53968410	132	2.544
bfae7468-70d5-4411-aa91-d05c8663a567	12	53971452	57511802	1761	0.3144
bfae7468-70d5-4411-aa91-d05c8663a567	12	57511904	58249448	408	2.6565
bfae7468-70d5-4411-aa91-d05c8663a567	12	58253067	58352119	86	0.3481
bfae7468-70d5-4411-aa91-d05c8663a567	12	58356897	58382914	31	2.0605
bfae7468-70d5-4411-aa91-d05c8663a567	12	58385654	58880253	400	0.3514
bfae7468-70d5-4411-aa91-d05c8663a567	12	58885878	58891678	5	2.0837
bfae7468-70d5-4411-aa91-d05c8663a567	12	58895440	58906631	11	0.4504
bfae7468-70d5-4411-aa91-d05c8663a567	12	58907789	58910132	4	2.3289
bfae7468-70d5-4411-aa91-d05c8663a567	12	58910847	58924706	10	0.3872
bfae7468-70d5-4411-aa91-d05c8663a567	12	58932883	59101347	134	2.9059
bfae7468-70d5-4411-aa91-d05c8663a567	12	59108042	59174004	44	2.6277
bfae7468-70d5-4411-aa91-d05c8663a567	12	59179387	59198575	15	1.9411
bfae7468-70d5-4411-aa91-d05c8663a567	12	59199048	59629594	230	2.5896
bfae7468-70d5-4411-aa91-d05c8663a567	12	59632007	59710259	52	1.7578
bfae7468-70d5-4411-aa91-d05c8663a567	12	59710753	59826562	91	1.6434
bfae7468-70d5-4411-aa91-d05c8663a567	12	59827683	61393876	868	0.3911
bfae7468-70d5-4411-aa91-d05c8663a567	12	61399731	61999476	381	2.6141
bfae7468-70d5-4411-aa91-d05c8663a567	12	62000868	64450861	1405	0.3669
bfae7468-70d5-4411-aa91-d05c8663a567	12	64467289	64530692	23	2.4106
bfae7468-70d5-4411-aa91-d05c8663a567	12	64533532	64540145	10	1.639
bfae7468-70d5-4411-aa91-d05c8663a567	12	64541831	64785045	157	2.4234
bfae7468-70d5-4411-aa91-d05c8663a567	12	64785534	64931606	84	2.8958
bfae7468-70d5-4411-aa91-d05c8663a567	12	64931668	64988578	47	2.5158
bfae7468-70d5-4411-aa91-d05c8663a567	12	64990082	65027310	30	1.9278
bfae7468-70d5-4411-aa91-d05c8663a567	12	65030717	65301141	127	0.4058
bfae7468-70d5-4411-aa91-d05c8663a567	12	65304671	65394149	52	2.6452
bfae7468-70d5-4411-aa91-d05c8663a567	12	65410914	65481965	40	1.3279
bfae7468-70d5-4411-aa91-d05c8663a567	12	65486177	65494053	6	0.5292
bfae7468-70d5-4411-aa91-d05c8663a567	12	65499311	65878952	243	1.7347
bfae7468-70d5-4411-aa91-d05c8663a567	12	65884904	65962772	36	2.7705
bfae7468-70d5-4411-aa91-d05c8663a567	12	65964134	66711962	484	0.3855
bfae7468-70d5-4411-aa91-d05c8663a567	12	66716899	66719477	6	1.2488
bfae7468-70d5-4411-aa91-d05c8663a567	12	66720114	67134056	358	1.7862
bfae7468-70d5-4411-aa91-d05c8663a567	12	67136884	67279392	100	2.2152
bfae7468-70d5-4411-aa91-d05c8663a567	12	67279858	67409810	82	2.517
bfae7468-70d5-4411-aa91-d05c8663a567	12	67411746	67834929	309	2.193
bfae7468-70d5-4411-aa91-d05c8663a567	12	67838167	67857323	12	1.4328
bfae7468-70d5-4411-aa91-d05c8663a567	12	67861399	67920529	46	2.4796
bfae7468-70d5-4411-aa91-d05c8663a567	12	67921529	68011805	82	1.4736
bfae7468-70d5-4411-aa91-d05c8663a567	12	68012672	68025050	10	0.4503
bfae7468-70d5-4411-aa91-d05c8663a567	12	68028249	68102910	70	1.4333
bfae7468-70d5-4411-aa91-d05c8663a567	12	68108910	68210054	87	2.2801
bfae7468-70d5-4411-aa91-d05c8663a567	12	68210136	68478916	236	2.7397
bfae7468-70d5-4411-aa91-d05c8663a567	12	68483457	68747184	144	0.3312
bfae7468-70d5-4411-aa91-d05c8663a567	12	68753515	68955236	159	2.8489
bfae7468-70d5-4411-aa91-d05c8663a567	12	68956088	68957655	6	1.7053
bfae7468-70d5-4411-aa91-d05c8663a567	12	68958944	69012335	30	0.3982
bfae7468-70d5-4411-aa91-d05c8663a567	12	69013796	69075850	36	2.2623
bfae7468-70d5-4411-aa91-d05c8663a567	12	69078911	69147002	49	0.3297
bfae7468-70d5-4411-aa91-d05c8663a567	12	69147489	69234476	61	2.5858
bfae7468-70d5-4411-aa91-d05c8663a567	12	69243670	69244870	2	1.6548
bfae7468-70d5-4411-aa91-d05c8663a567	12	69252336	69266218	16	0.4137
bfae7468-70d5-4411-aa91-d05c8663a567	12	69276406	69378431	64	1.3718
bfae7468-70d5-4411-aa91-d05c8663a567	12	69379251	69421980	32	2.9024
bfae7468-70d5-4411-aa91-d05c8663a567	12	69422981	69438287	17	2.2058
bfae7468-70d5-4411-aa91-d05c8663a567	12	69438795	69493007	30	3.0307
bfae7468-70d5-4411-aa91-d05c8663a567	12	69494367	69571519	49	2.2436
bfae7468-70d5-4411-aa91-d05c8663a567	12	69572268	69689434	117	2.7261
bfae7468-70d5-4411-aa91-d05c8663a567	12	69690254	69854689	84	3.1766
bfae7468-70d5-4411-aa91-d05c8663a567	12	69865718	69969849	98	2.4308
bfae7468-70d5-4411-aa91-d05c8663a567	12	69971155	70083083	90	2.1222
bfae7468-70d5-4411-aa91-d05c8663a567	12	70091647	70239181	81	2.5949
bfae7468-70d5-4411-aa91-d05c8663a567	12	70245140	70280875	19	1.8069
bfae7468-70d5-4411-aa91-d05c8663a567	12	70280941	70293633	8	2.7281
bfae7468-70d5-4411-aa91-d05c8663a567	12	70293850	70413308	66	1.8826
bfae7468-70d5-4411-aa91-d05c8663a567	12	70413745	70621538	151	2.4221
bfae7468-70d5-4411-aa91-d05c8663a567	12	70622159	70871797	170	1.8469
bfae7468-70d5-4411-aa91-d05c8663a567	12	70872150	71243682	246	2.3826
bfae7468-70d5-4411-aa91-d05c8663a567	12	71250380	71550434	107	2.0315
bfae7468-70d5-4411-aa91-d05c8663a567	12	71553809	71560511	9	1.5523
bfae7468-70d5-4411-aa91-d05c8663a567	12	71565101	77068654	3132	0.3914
bfae7468-70d5-4411-aa91-d05c8663a567	12	77071741	77171292	87	-0.3792
bfae7468-70d5-4411-aa91-d05c8663a567	12	77179812	77374718	131	2.7951
bfae7468-70d5-4411-aa91-d05c8663a567	12	77375864	77616808	233	2.2091
bfae7468-70d5-4411-aa91-d05c8663a567	12	77616991	77880645	204	2.7553
bfae7468-70d5-4411-aa91-d05c8663a567	12	77880645	78004013	90	2.3976
bfae7468-70d5-4411-aa91-d05c8663a567	12	78004072	78176190	129	2.0481
bfae7468-70d5-4411-aa91-d05c8663a567	12	78177834	78191833	11	2.5666
bfae7468-70d5-4411-aa91-d05c8663a567	12	78191858	78195595	5	3.0155
bfae7468-70d5-4411-aa91-d05c8663a567	12	78196555	78205111	6	4.0405
bfae7468-70d5-4411-aa91-d05c8663a567	12	78211655	78408036	157	2.8905
bfae7468-70d5-4411-aa91-d05c8663a567	12	78409436	78411079	5	1.5516
bfae7468-70d5-4411-aa91-d05c8663a567	12	78411576	78569248	92	2.5844
bfae7468-70d5-4411-aa91-d05c8663a567	12	78611420	78655879	30	1.6164
bfae7468-70d5-4411-aa91-d05c8663a567	12	78659172	79240452	338	-0.4088
bfae7468-70d5-4411-aa91-d05c8663a567	12	79242378	79265618	19	2.038
bfae7468-70d5-4411-aa91-d05c8663a567	12	79267991	79328043	30	1.6853
bfae7468-70d5-4411-aa91-d05c8663a567	12	79328145	79381725	35	2.1771
bfae7468-70d5-4411-aa91-d05c8663a567	12	79383777	79513776	71	2.6332
bfae7468-70d5-4411-aa91-d05c8663a567	12	79519465	79750698	116	2.0706
bfae7468-70d5-4411-aa91-d05c8663a567	12	79759493	79824537	23	-0.4352
bfae7468-70d5-4411-aa91-d05c8663a567	12	79826902	80284235	281	2.3619
bfae7468-70d5-4411-aa91-d05c8663a567	12	80290724	80340690	28	-0.4894
bfae7468-70d5-4411-aa91-d05c8663a567	12	80347211	80554637	149	2.2164
bfae7468-70d5-4411-aa91-d05c8663a567	12	80557507	80720153	102	1.1879
bfae7468-70d5-4411-aa91-d05c8663a567	12	80722188	80956940	166	-0.4146
bfae7468-70d5-4411-aa91-d05c8663a567	12	80966084	80973405	6	1.2763
bfae7468-70d5-4411-aa91-d05c8663a567	12	80976720	81056738	50	-0.3421
bfae7468-70d5-4411-aa91-d05c8663a567	12	81062225	81080279	9	2.5435
bfae7468-70d5-4411-aa91-d05c8663a567	12	81080536	81110295	34	1.9063
bfae7468-70d5-4411-aa91-d05c8663a567	12	81111739	81458233	224	2.4643
bfae7468-70d5-4411-aa91-d05c8663a567	12	81465545	81473682	12	-0.3684
bfae7468-70d5-4411-aa91-d05c8663a567	12	81476940	81505538	15	1.9977
bfae7468-70d5-4411-aa91-d05c8663a567	12	81515053	82871683	763	-0.3967
bfae7468-70d5-4411-aa91-d05c8663a567	12	82872037	82877823	15	2.2146
bfae7468-70d5-4411-aa91-d05c8663a567	12	82883555	83124644	162	-0.4208
bfae7468-70d5-4411-aa91-d05c8663a567	12	83130498	83133932	6	1.8299
bfae7468-70d5-4411-aa91-d05c8663a567	12	83138433	85487266	1345	-0.3731
bfae7468-70d5-4411-aa91-d05c8663a567	12	85488139	85890087	256	1.8317
bfae7468-70d5-4411-aa91-d05c8663a567	12	85895736	85909582	12	-0.4732
bfae7468-70d5-4411-aa91-d05c8663a567	12	85911204	85918073	6	1.8646
bfae7468-70d5-4411-aa91-d05c8663a567	12	85922088	92904450	4029	-0.4081
bfae7468-70d5-4411-aa91-d05c8663a567	12	92912257	93487515	289	3.0317
bfae7468-70d5-4411-aa91-d05c8663a567	12	93489958	95063364	1177	-0.4954
bfae7468-70d5-4411-aa91-d05c8663a567	12	95068458	95082303	8	2.2151
bfae7468-70d5-4411-aa91-d05c8663a567	12	95083875	95286519	115	-0.4792
bfae7468-70d5-4411-aa91-d05c8663a567	12	95287745	95288414	2	3.0239
bfae7468-70d5-4411-aa91-d05c8663a567	12	95291661	95615427	240	-0.5102
bfae7468-70d5-4411-aa91-d05c8663a567	12	95618174	95623108	4	-1.8167
bfae7468-70d5-4411-aa91-d05c8663a567	12	95623148	98869084	2255	-0.4775
bfae7468-70d5-4411-aa91-d05c8663a567	12	98876153	98879812	6	2.2286
bfae7468-70d5-4411-aa91-d05c8663a567	12	98882234	98892918	4	-0.2564
bfae7468-70d5-4411-aa91-d05c8663a567	12	98896362	99008489	48	1.6615
bfae7468-70d5-4411-aa91-d05c8663a567	12	99010725	107201460	5235	-0.4834
bfae7468-70d5-4411-aa91-d05c8663a567	12	107201688	118897833	6990	-0.5443
bfae7468-70d5-4411-aa91-d05c8663a567	12	118899154	118907086	2	-3.0878
bfae7468-70d5-4411-aa91-d05c8663a567	12	118907611	122005628	1634	-0.567
bfae7468-70d5-4411-aa91-d05c8663a567	12	122009006	122236191	79	1.9513
bfae7468-70d5-4411-aa91-d05c8663a567	12	122240514	122262709	11	1.0607
bfae7468-70d5-4411-aa91-d05c8663a567	12	122274294	122285192	9	0.6301
bfae7468-70d5-4411-aa91-d05c8663a567	12	122293340	132605822	4786	-0.5838
bfae7468-70d5-4411-aa91-d05c8663a567	13	18874255	31337808	7516	-0.0365
bfae7468-70d5-4411-aa91-d05c8663a567	13	31347785	109703658	46815	0.0272
bfae7468-70d5-4411-aa91-d05c8663a567	13	109703804	114226675	2429	-0.062
bfae7468-70d5-4411-aa91-d05c8663a567	14	20033191	24290228	1635	0.3052
bfae7468-70d5-4411-aa91-d05c8663a567	14	24290803	28312320	2351	0.3713
bfae7468-70d5-4411-aa91-d05c8663a567	14	28319683	28404145	47	0.2527
bfae7468-70d5-4411-aa91-d05c8663a567	14	28406534	28510565	47	1.1475
bfae7468-70d5-4411-aa91-d05c8663a567	14	28512633	28541106	24	1.64
bfae7468-70d5-4411-aa91-d05c8663a567	14	28547571	33840083	3401	0.3671
bfae7468-70d5-4411-aa91-d05c8663a567	14	33843433	36219354	1235	0.3058
bfae7468-70d5-4411-aa91-d05c8663a567	14	36228937	40207714	2230	0.3545
bfae7468-70d5-4411-aa91-d05c8663a567	14	40207868	47843454	3293	0.3981
bfae7468-70d5-4411-aa91-d05c8663a567	14	47843519	56123211	5154	0.3589
bfae7468-70d5-4411-aa91-d05c8663a567	14	56126034	56189201	29	1.6689
bfae7468-70d5-4411-aa91-d05c8663a567	14	56190012	63441497	4569	0.3757
bfae7468-70d5-4411-aa91-d05c8663a567	14	63444387	65911327	1533	0.3192
bfae7468-70d5-4411-aa91-d05c8663a567	14	65912267	68784198	1525	0.367
bfae7468-70d5-4411-aa91-d05c8663a567	14	68820874	78553693	6134	0.3146
bfae7468-70d5-4411-aa91-d05c8663a567	14	78553817	79582334	690	0.3598
bfae7468-70d5-4411-aa91-d05c8663a567	14	79582919	88504948	5678	0.3991
bfae7468-70d5-4411-aa91-d05c8663a567	14	88505912	101970255	8707	0.3253
bfae7468-70d5-4411-aa91-d05c8663a567	14	101970899	105533894	1329	0.2678
bfae7468-70d5-4411-aa91-d05c8663a567	15	23437561	23685213	175	-0.1134
bfae7468-70d5-4411-aa91-d05c8663a567	15	23685875	45978981	10864	-0.1949
bfae7468-70d5-4411-aa91-d05c8663a567	15	45981737	52343186	3905	-0.1199
bfae7468-70d5-4411-aa91-d05c8663a567	15	52343260	56355997	2696	-0.0607
bfae7468-70d5-4411-aa91-d05c8663a567	15	56356906	56827583	233	0.1325
bfae7468-70d5-4411-aa91-d05c8663a567	15	56830444	56832166	3	-1.1775
bfae7468-70d5-4411-aa91-d05c8663a567	15	56835832	59607603	1807	0.1262
bfae7468-70d5-4411-aa91-d05c8663a567	15	59608484	61886969	1888	0.4972
bfae7468-70d5-4411-aa91-d05c8663a567	15	61892270	61992767	30	1.0693
bfae7468-70d5-4411-aa91-d05c8663a567	15	61992959	62013060	8	0.5153
bfae7468-70d5-4411-aa91-d05c8663a567	15	62016203	62036501	15	0.1159
bfae7468-70d5-4411-aa91-d05c8663a567	15	62040388	62076487	15	0.5399
bfae7468-70d5-4411-aa91-d05c8663a567	15	62080039	65476897	1999	0.1009
bfae7468-70d5-4411-aa91-d05c8663a567	15	65480360	66571046	640	0.2175
bfae7468-70d5-4411-aa91-d05c8663a567	15	66573842	66837074	191	0.6003
bfae7468-70d5-4411-aa91-d05c8663a567	15	66837648	66886058	31	0.9288
bfae7468-70d5-4411-aa91-d05c8663a567	15	66886730	68524284	1106	0.5993
bfae7468-70d5-4411-aa91-d05c8663a567	15	68524670	69929861	902	0.5282
bfae7468-70d5-4411-aa91-d05c8663a567	15	69932833	70153586	138	0.6436
bfae7468-70d5-4411-aa91-d05c8663a567	15	70155243	70851703	446	0.9263
bfae7468-70d5-4411-aa91-d05c8663a567	15	70859462	71387181	290	0.4321
bfae7468-70d5-4411-aa91-d05c8663a567	15	71387620	72464811	640	0.6005
bfae7468-70d5-4411-aa91-d05c8663a567	15	72467982	72575173	49	1.1872
bfae7468-70d5-4411-aa91-d05c8663a567	15	72579285	76552144	1969	0.6112
bfae7468-70d5-4411-aa91-d05c8663a567	15	76552840	76614053	13	0.772
bfae7468-70d5-4411-aa91-d05c8663a567	15	76622896	76747694	57	1.0051
bfae7468-70d5-4411-aa91-d05c8663a567	15	76747786	77009541	104	0.6218
bfae7468-70d5-4411-aa91-d05c8663a567	15	77063624	82573315	3227	0.8723
bfae7468-70d5-4411-aa91-d05c8663a567	15	82576576	88171320	3121	0.7954
bfae7468-70d5-4411-aa91-d05c8663a567	15	88171356	97326136	5789	0.6989
bfae7468-70d5-4411-aa91-d05c8663a567	15	97329842	97924768	434	0.874
bfae7468-70d5-4411-aa91-d05c8663a567	15	97924825	101344124	1854	0.7192
bfae7468-70d5-4411-aa91-d05c8663a567	16	603333	10696010	5427	0.2712
bfae7468-70d5-4411-aa91-d05c8663a567	16	10698040	10703421	4	1.318
bfae7468-70d5-4411-aa91-d05c8663a567	16	10703556	50905156	11066	0.2832
bfae7468-70d5-4411-aa91-d05c8663a567	16	50905524	59006456	5678	0.3293
bfae7468-70d5-4411-aa91-d05c8663a567	16	59006489	65396885	4083	0.3856
bfae7468-70d5-4411-aa91-d05c8663a567	16	65401815	67103696	1146	0.3312
bfae7468-70d5-4411-aa91-d05c8663a567	16	67106455	72100331	2040	0.2921
bfae7468-70d5-4411-aa91-d05c8663a567	16	72102841	77537296	3471	0.3438
bfae7468-70d5-4411-aa91-d05c8663a567	16	77537593	78615101	1021	0.2663
bfae7468-70d5-4411-aa91-d05c8663a567	16	78617098	83029699	3699	0.3159
bfae7468-70d5-4411-aa91-d05c8663a567	16	83109091	89317317	3438	0.2577
bfae7468-70d5-4411-aa91-d05c8663a567	17	1074619	2397831	542	-0.074
bfae7468-70d5-4411-aa91-d05c8663a567	17	2402666	29129237	10108	-0.5805
bfae7468-70d5-4411-aa91-d05c8663a567	17	29129870	31371919	871	-0.4764
bfae7468-70d5-4411-aa91-d05c8663a567	17	31372398	33244810	1089	-0.5613
bfae7468-70d5-4411-aa91-d05c8663a567	17	33244859	33244889	2	-2.7804
bfae7468-70d5-4411-aa91-d05c8663a567	17	33244902	35248815	783	-0.5757
bfae7468-70d5-4411-aa91-d05c8663a567	17	35248893	35249875	2	-2.9136
bfae7468-70d5-4411-aa91-d05c8663a567	17	35253350	39321809	1676	-0.5605
bfae7468-70d5-4411-aa91-d05c8663a567	17	39322736	60997746	10811	-0.5121
bfae7468-70d5-4411-aa91-d05c8663a567	17	60997931	68516100	3858	-0.1574
bfae7468-70d5-4411-aa91-d05c8663a567	17	68516884	72078007	2566	-0.0559
bfae7468-70d5-4411-aa91-d05c8663a567	17	72078826	82959812	4719	-0.1538
bfae7468-70d5-4411-aa91-d05c8663a567	18	326691	928189	85	-0.5984
bfae7468-70d5-4411-aa91-d05c8663a567	18	928209	6767142	3054	-0.4627
bfae7468-70d5-4411-aa91-d05c8663a567	18	6767262	13638408	4734	-0.5151
bfae7468-70d5-4411-aa91-d05c8663a567	18	13638863	13639219	3	-2.6115
bfae7468-70d5-4411-aa91-d05c8663a567	18	13639279	14632450	326	-0.5173
bfae7468-70d5-4411-aa91-d05c8663a567	18	14641845	22320499	565	-0.0272
bfae7468-70d5-4411-aa91-d05c8663a567	18	22320624	22951714	348	0.0657
bfae7468-70d5-4411-aa91-d05c8663a567	18	22956063	23563775	335	-0.0415
bfae7468-70d5-4411-aa91-d05c8663a567	18	23564821	35822826	7522	0.0609
bfae7468-70d5-4411-aa91-d05c8663a567	18	35823072	37689709	1276	-0.0017
bfae7468-70d5-4411-aa91-d05c8663a567	18	37692397	45512798	4676	0.0712
bfae7468-70d5-4411-aa91-d05c8663a567	18	45512864	51509502	4085	0.0035
bfae7468-70d5-4411-aa91-d05c8663a567	18	51509551	63514365	7797	0.0418
bfae7468-70d5-4411-aa91-d05c8663a567	18	63516950	63517079	3	-1.2996
bfae7468-70d5-4411-aa91-d05c8663a567	18	63520039	70555048	3700	0.0773
bfae7468-70d5-4411-aa91-d05c8663a567	18	70555423	76334220	2408	0.0224
bfae7468-70d5-4411-aa91-d05c8663a567	18	76335820	79349796	1847	-0.0383
bfae7468-70d5-4411-aa91-d05c8663a567	19	283868	28127182	9294	0.2517
bfae7468-70d5-4411-aa91-d05c8663a567	19	28128082	29926522	1441	0.4362
bfae7468-70d5-4411-aa91-d05c8663a567	19	29926929	30310460	231	0.2161
bfae7468-70d5-4411-aa91-d05c8663a567	19	30312843	32337232	1462	-0.1599
bfae7468-70d5-4411-aa91-d05c8663a567	19	32338087	32542511	127	2.0083
bfae7468-70d5-4411-aa91-d05c8663a567	19	32543270	34258182	1092	-0.179
bfae7468-70d5-4411-aa91-d05c8663a567	19	34258822	34421630	74	1.7276
bfae7468-70d5-4411-aa91-d05c8663a567	19	34426562	34770164	221	-0.0446
bfae7468-70d5-4411-aa91-d05c8663a567	19	34772054	34882835	67	2.0561
bfae7468-70d5-4411-aa91-d05c8663a567	19	34886199	35012738	77	2.5179
bfae7468-70d5-4411-aa91-d05c8663a567	19	35035008	35175955	89	2.1292
bfae7468-70d5-4411-aa91-d05c8663a567	19	35175971	35606426	299	2.5474
bfae7468-70d5-4411-aa91-d05c8663a567	19	35606959	35980878	138	2.8594
bfae7468-70d5-4411-aa91-d05c8663a567	19	35980934	36033959	26	2.4265
bfae7468-70d5-4411-aa91-d05c8663a567	19	36044818	36233496	89	0.1929
bfae7468-70d5-4411-aa91-d05c8663a567	19	36234777	39847548	1737	-0.1593
bfae7468-70d5-4411-aa91-d05c8663a567	19	39850446	39874001	28	0.3141
bfae7468-70d5-4411-aa91-d05c8663a567	19	39907346	44806461	2060	-0.1372
bfae7468-70d5-4411-aa91-d05c8663a567	19	44815307	46802503	773	0.1913
bfae7468-70d5-4411-aa91-d05c8663a567	19	46805409	49774389	1197	-0.1817
bfae7468-70d5-4411-aa91-d05c8663a567	19	49775914	49807285	13	0.2513
bfae7468-70d5-4411-aa91-d05c8663a567	19	49812166	49871239	27	-0.1155
bfae7468-70d5-4411-aa91-d05c8663a567	19	49874886	50411226	125	0.1757
bfae7468-70d5-4411-aa91-d05c8663a567	19	50420510	50683314	101	-0.2155
bfae7468-70d5-4411-aa91-d05c8663a567	19	50683338	51767765	627	0.2087
bfae7468-70d5-4411-aa91-d05c8663a567	19	52118391	52489214	199	-0.1822
bfae7468-70d5-4411-aa91-d05c8663a567	19	52530843	53051455	119	0.1877
bfae7468-70d5-4411-aa91-d05c8663a567	19	53053571	53404859	176	-0.1701
bfae7468-70d5-4411-aa91-d05c8663a567	19	53514004	54073239	115	0.0775
bfae7468-70d5-4411-aa91-d05c8663a567	19	54073929	55731073	608	0.1761
bfae7468-70d5-4411-aa91-d05c8663a567	19	55731868	57458825	1044	0.364
bfae7468-70d5-4411-aa91-d05c8663a567	19	57459443	57689129	82	0.1374
bfae7468-70d5-4411-aa91-d05c8663a567	19	57689885	57841154	43	0.0326
bfae7468-70d5-4411-aa91-d05c8663a567	19	57841789	58370362	290	-0.3474
bfae7468-70d5-4411-aa91-d05c8663a567	20	472817	6452560	3648	0.4331
bfae7468-70d5-4411-aa91-d05c8663a567	20	6452960	17497136	7511	0.5034
bfae7468-70d5-4411-aa91-d05c8663a567	20	17497373	21817655	3170	0.447
bfae7468-70d5-4411-aa91-d05c8663a567	20	21818987	22341725	338	0.5334
bfae7468-70d5-4411-aa91-d05c8663a567	20	22341874	26217295	2247	0.4255
bfae7468-70d5-4411-aa91-d05c8663a567	20	31247668	33804256	1282	0.2059
bfae7468-70d5-4411-aa91-d05c8663a567	20	33805194	33936250	73	0.5647
bfae7468-70d5-4411-aa91-d05c8663a567	20	33938407	36497251	1118	0.1976
bfae7468-70d5-4411-aa91-d05c8663a567	20	36503417	37037092	235	0.3482
bfae7468-70d5-4411-aa91-d05c8663a567	20	37037143	37093604	102	0.2484
bfae7468-70d5-4411-aa91-d05c8663a567	20	37093618	38643223	948	0.379
bfae7468-70d5-4411-aa91-d05c8663a567	20	38646963	39514185	549	0.5322
bfae7468-70d5-4411-aa91-d05c8663a567	20	39515019	39659004	133	0.3677
bfae7468-70d5-4411-aa91-d05c8663a567	20	39659109	40721711	769	0.5048
bfae7468-70d5-4411-aa91-d05c8663a567	20	40725044	41388341	357	0.2345
bfae7468-70d5-4411-aa91-d05c8663a567	20	41389327	42317493	730	0.6177
bfae7468-70d5-4411-aa91-d05c8663a567	20	42318263	42727034	248	0.2807
bfae7468-70d5-4411-aa91-d05c8663a567	20	42729651	44952454	1469	0.6426
bfae7468-70d5-4411-aa91-d05c8663a567	20	44955320	45753445	484	0.3739
bfae7468-70d5-4411-aa91-d05c8663a567	20	45754535	46112859	175	0.1618
bfae7468-70d5-4411-aa91-d05c8663a567	20	46113425	46652794	396	0.3534
bfae7468-70d5-4411-aa91-d05c8663a567	20	46654242	46768339	71	0.6211
bfae7468-70d5-4411-aa91-d05c8663a567	20	46768454	46889973	89	0.3557
bfae7468-70d5-4411-aa91-d05c8663a567	20	46890618	49084612	1592	0.64
bfae7468-70d5-4411-aa91-d05c8663a567	20	49085052	50718939	869	0.3179
bfae7468-70d5-4411-aa91-d05c8663a567	20	50719940	50857038	62	0.524
bfae7468-70d5-4411-aa91-d05c8663a567	20	50857697	50917430	51	0.3243
bfae7468-70d5-4411-aa91-d05c8663a567	20	50918389	51019576	65	0.6232
bfae7468-70d5-4411-aa91-d05c8663a567	20	51027085	51045048	10	0.3444
bfae7468-70d5-4411-aa91-d05c8663a567	20	51051070	52277015	862	0.6521
bfae7468-70d5-4411-aa91-d05c8663a567	20	52277319	53170211	631	0.7739
bfae7468-70d5-4411-aa91-d05c8663a567	20	53171178	53876661	422	0.6478
bfae7468-70d5-4411-aa91-d05c8663a567	20	53879364	54556618	549	0.7859
bfae7468-70d5-4411-aa91-d05c8663a567	20	54560149	56584542	1531	0.6865
bfae7468-70d5-4411-aa91-d05c8663a567	20	56584684	56611158	22	0.5344
bfae7468-70d5-4411-aa91-d05c8663a567	20	56615053	56619083	3	-0.1838
bfae7468-70d5-4411-aa91-d05c8663a567	20	56619487	56876552	142	0.5365
bfae7468-70d5-4411-aa91-d05c8663a567	20	56877341	57700068	645	0.7225
bfae7468-70d5-4411-aa91-d05c8663a567	20	57704991	58268172	459	1.3009
bfae7468-70d5-4411-aa91-d05c8663a567	20	58273541	60251950	1505	0.8112
bfae7468-70d5-4411-aa91-d05c8663a567	20	60256881	61604476	1045	0.7431
bfae7468-70d5-4411-aa91-d05c8663a567	20	61604506	62713232	571	0.8171
bfae7468-70d5-4411-aa91-d05c8663a567	20	62715254	62763489	24	1.2394
bfae7468-70d5-4411-aa91-d05c8663a567	20	62768210	63588502	247	0.7878
bfae7468-70d5-4411-aa91-d05c8663a567	21	13974127	20008260	3822	0.0099
bfae7468-70d5-4411-aa91-d05c8663a567	21	20011643	21391891	929	1.2585
bfae7468-70d5-4411-aa91-d05c8663a567	21	21392728	30327887	5806	0.0111
bfae7468-70d5-4411-aa91-d05c8663a567	21	30328457	40551864	6943	-0.042
bfae7468-70d5-4411-aa91-d05c8663a567	21	40552449	46262057	3020	-0.1026
bfae7468-70d5-4411-aa91-d05c8663a567	22	16934932	25621172	1724	0.1998
bfae7468-70d5-4411-aa91-d05c8663a567	22	25621736	40515733	9671	0.2221
bfae7468-70d5-4411-aa91-d05c8663a567	22	40520378	45574728	3184	0.1857
bfae7468-70d5-4411-aa91-d05c8663a567	22	45575411	47851856	1472	0.265
bfae7468-70d5-4411-aa91-d05c8663a567	22	47856436	48940621	974	0.2069
bfae7468-70d5-4411-aa91-d05c8663a567	X	3236359	9956805	1753	0.1496
bfae7468-70d5-4411-aa91-d05c8663a567	X	9964098	23353269	6555	0.1924
bfae7468-70d5-4411-aa91-d05c8663a567	X	23354308	24674280	825	0.1291
bfae7468-70d5-4411-aa91-d05c8663a567	X	24676439	29748158	2685	0.2398
bfae7468-70d5-4411-aa91-d05c8663a567	X	29748274	31435616	880	0.1624
bfae7468-70d5-4411-aa91-d05c8663a567	X	31436014	37852498	2571	0.258
bfae7468-70d5-4411-aa91-d05c8663a567	X	37855706	39699096	994	0.1651
bfae7468-70d5-4411-aa91-d05c8663a567	X	39700049	40485986	393	0.0775
bfae7468-70d5-4411-aa91-d05c8663a567	X	40487191	40502165	11	-0.2624
bfae7468-70d5-4411-aa91-d05c8663a567	X	40502332	44171001	1560	0.1799
bfae7468-70d5-4411-aa91-d05c8663a567	X	44173506	67728163	7150	0.0893
bfae7468-70d5-4411-aa91-d05c8663a567	X	67731100	68602724	408	0.2739
bfae7468-70d5-4411-aa91-d05c8663a567	X	68606636	72202087	1524	-0.0572
bfae7468-70d5-4411-aa91-d05c8663a567	X	72206572	72647658	197	0.3067
bfae7468-70d5-4411-aa91-d05c8663a567	X	72648012	75072304	838	0.0216
bfae7468-70d5-4411-aa91-d05c8663a567	X	75073721	86173065	4197	-0.0851
bfae7468-70d5-4411-aa91-d05c8663a567	X	86175063	86520713	222	0.0458
bfae7468-70d5-4411-aa91-d05c8663a567	X	86524313	118135619	13478	-0.0911
bfae7468-70d5-4411-aa91-d05c8663a567	X	118136334	121052641	1542	-0.1649
bfae7468-70d5-4411-aa91-d05c8663a567	X	121053616	129327710	3923	-0.0849
bfae7468-70d5-4411-aa91-d05c8663a567	X	129329552	137936648	3681	-0.1366
bfae7468-70d5-4411-aa91-d05c8663a567	X	137936748	138841147	517	-0.0911
bfae7468-70d5-4411-aa91-d05c8663a567	X	138844062	140487349	604	0.2093
bfae7468-70d5-4411-aa91-d05c8663a567	X	140490974	146246328	2800	-0.103
bfae7468-70d5-4411-aa91-d05c8663a567	X	146246386	146373727	110	0.2457
bfae7468-70d5-4411-aa91-d05c8663a567	X	146373752	153507300	3443	-0.1339
bfae7468-70d5-4411-aa91-d05c8663a567	X	153507368	155677414	353	-0.2393
