GDC_Aliquot	Chromosome	Start	End	Num_Probes	Segment_Mean
0e1347f9-53a6-4608-9da5-ce4934c8cdfb	1	3301765	3558213	115	0.3216
0e1347f9-53a6-4608-9da5-ce4934c8cdfb	1	3558286	8768682	3289	0.0963
0e1347f9-53a6-4608-9da5-ce4934c8cdfb	1	8768988	11659000	1379	0.0431
0e1347f9-53a6-4608-9da5-ce4934c8cdfb	1	11660985	13716929	758	0.0822
0e1347f9-53a6-4608-9da5-ce4934c8cdfb	1	13716956	15223062	1224	0.1377
0e1347f9-53a6-4608-9da5-ce4934c8cdfb	1	15224029	25888112	5703	0.0815
0e1347f9-53a6-4608-9da5-ce4934c8cdfb	1	25888825	29070435	1229	0.0341
0e1347f9-53a6-4608-9da5-ce4934c8cdfb	1	29071253	30605990	1076	0.122
0e1347f9-53a6-4608-9da5-ce4934c8cdfb	1	30607414	33095026	1059	0.0478
0e1347f9-53a6-4608-9da5-ce4934c8cdfb	1	33096815	33577210	274	0.1238
0e1347f9-53a6-4608-9da5-ce4934c8cdfb	1	33577234	33880760	251	0.2111
0e1347f9-53a6-4608-9da5-ce4934c8cdfb	1	33880961	46582589	6821	0.0891
0e1347f9-53a6-4608-9da5-ce4934c8cdfb	1	46583377	49799147	1852	0.1775
0e1347f9-53a6-4608-9da5-ce4934c8cdfb	1	49806962	55043609	2696	0.1213
0e1347f9-53a6-4608-9da5-ce4934c8cdfb	1	55043682	64625677	6998	0.1932
0e1347f9-53a6-4608-9da5-ce4934c8cdfb	1	64625692	67658865	2251	0.16
0e1347f9-53a6-4608-9da5-ce4934c8cdfb	1	67659485	71325069	2090	0.2006
0e1347f9-53a6-4608-9da5-ce4934c8cdfb	1	71327356	71589006	121	-0.5347
0e1347f9-53a6-4608-9da5-ce4934c8cdfb	1	71592684	87813138	9766	0.1951
0e1347f9-53a6-4608-9da5-ce4934c8cdfb	1	87813488	108346044	12024	0.1607
0e1347f9-53a6-4608-9da5-ce4934c8cdfb	1	108346205	114158471	3466	0.1112
0e1347f9-53a6-4608-9da5-ce4934c8cdfb	1	114164148	117265950	2099	0.1531
0e1347f9-53a6-4608-9da5-ce4934c8cdfb	1	117270077	119978092	1577	0.1876
0e1347f9-53a6-4608-9da5-ce4934c8cdfb	1	119979030	152012496	876	-0.0231
0e1347f9-53a6-4608-9da5-ce4934c8cdfb	1	152014151	153684174	959	0.0519
0e1347f9-53a6-4608-9da5-ce4934c8cdfb	1	153685711	156915847	1451	-0.0235
0e1347f9-53a6-4608-9da5-ce4934c8cdfb	1	156916588	160196445	2158	0.0582
0e1347f9-53a6-4608-9da5-ce4934c8cdfb	1	160199134	161865697	889	-0.0102
0e1347f9-53a6-4608-9da5-ce4934c8cdfb	1	161866163	199653885	24168	0.094
0e1347f9-53a6-4608-9da5-ce4934c8cdfb	1	199653960	207945603	5248	0.0406
0e1347f9-53a6-4608-9da5-ce4934c8cdfb	1	207945851	209679691	1409	0.1148
0e1347f9-53a6-4608-9da5-ce4934c8cdfb	1	209683941	213199963	2276	0.0662
0e1347f9-53a6-4608-9da5-ce4934c8cdfb	1	213200578	223474195	6913	0.1099
0e1347f9-53a6-4608-9da5-ce4934c8cdfb	1	223476469	237602575	9114	0.0419
0e1347f9-53a6-4608-9da5-ce4934c8cdfb	1	237602770	238923086	1062	0.1167
0e1347f9-53a6-4608-9da5-ce4934c8cdfb	1	238934033	239974511	757	0.0566
0e1347f9-53a6-4608-9da5-ce4934c8cdfb	1	239977263	239977686	4	-0.7553
0e1347f9-53a6-4608-9da5-ce4934c8cdfb	1	239981248	247650984	4354	0.0326
0e1347f9-53a6-4608-9da5-ce4934c8cdfb	2	480597	6896680	3853	-0.1285
0e1347f9-53a6-4608-9da5-ce4934c8cdfb	2	6899257	11408481	3024	-0.1703
0e1347f9-53a6-4608-9da5-ce4934c8cdfb	2	11408505	15213792	2567	-0.1181
0e1347f9-53a6-4608-9da5-ce4934c8cdfb	2	15214559	15295215	58	-0.6606
0e1347f9-53a6-4608-9da5-ce4934c8cdfb	2	15297066	23642306	5674	-0.1014
0e1347f9-53a6-4608-9da5-ce4934c8cdfb	2	23646777	29149072	2501	-0.1776
0e1347f9-53a6-4608-9da5-ce4934c8cdfb	2	29149093	42518452	7553	-0.1193
0e1347f9-53a6-4608-9da5-ce4934c8cdfb	2	42519209	44154427	993	-0.1766
0e1347f9-53a6-4608-9da5-ce4934c8cdfb	2	44155236	60524171	9605	-0.1154
0e1347f9-53a6-4608-9da5-ce4934c8cdfb	2	60524655	65749161	2639	-0.1538
0e1347f9-53a6-4608-9da5-ce4934c8cdfb	2	65752506	67960303	1630	-0.0924
0e1347f9-53a6-4608-9da5-ce4934c8cdfb	2	67961040	75147768	4061	-0.1539
0e1347f9-53a6-4608-9da5-ce4934c8cdfb	2	75147777	84914494	5262	-0.0967
0e1347f9-53a6-4608-9da5-ce4934c8cdfb	2	84914743	94675975	1362	-0.1688
0e1347f9-53a6-4608-9da5-ce4934c8cdfb	2	94680914	95247542	177	0.1622
0e1347f9-53a6-4608-9da5-ce4934c8cdfb	2	95248731	102261928	3185	0.1178
0e1347f9-53a6-4608-9da5-ce4934c8cdfb	2	102261971	103252131	641	0.1842
0e1347f9-53a6-4608-9da5-ce4934c8cdfb	2	103252655	113977335	5516	0.1597
0e1347f9-53a6-4608-9da5-ce4934c8cdfb	2	113977668	118035528	1934	0.2026
0e1347f9-53a6-4608-9da5-ce4934c8cdfb	2	118037179	119019080	676	0.9968
0e1347f9-53a6-4608-9da5-ce4934c8cdfb	2	119020885	119423410	314	0.2101
0e1347f9-53a6-4608-9da5-ce4934c8cdfb	2	119427493	119434716	6	0.9374
0e1347f9-53a6-4608-9da5-ce4934c8cdfb	2	119436442	122981939	2102	0.2105
0e1347f9-53a6-4608-9da5-ce4934c8cdfb	2	122982638	122997299	13	2.2178
0e1347f9-53a6-4608-9da5-ce4934c8cdfb	2	122999893	123085580	72	0.2803
0e1347f9-53a6-4608-9da5-ce4934c8cdfb	2	123086087	123179979	74	1.0053
0e1347f9-53a6-4608-9da5-ce4934c8cdfb	2	123181815	126366294	1041	0.2314
0e1347f9-53a6-4608-9da5-ce4934c8cdfb	2	126367448	126390882	17	1.8567
0e1347f9-53a6-4608-9da5-ce4934c8cdfb	2	126391024	126889499	339	0.2407
0e1347f9-53a6-4608-9da5-ce4934c8cdfb	2	126889543	128790801	1056	0.1633
0e1347f9-53a6-4608-9da5-ce4934c8cdfb	2	128791709	129946411	837	0.2263
0e1347f9-53a6-4608-9da5-ce4934c8cdfb	2	129955615	130004164	23	1.1322
0e1347f9-53a6-4608-9da5-ce4934c8cdfb	2	130450544	130899349	93	0.6053
0e1347f9-53a6-4608-9da5-ce4934c8cdfb	2	130902965	131084581	99	1.2546
0e1347f9-53a6-4608-9da5-ce4934c8cdfb	2	131085189	131802808	156	0.9483
0e1347f9-53a6-4608-9da5-ce4934c8cdfb	2	131814020	131945704	43	-0.4573
0e1347f9-53a6-4608-9da5-ce4934c8cdfb	2	132603497	132605398	5	2.2233
0e1347f9-53a6-4608-9da5-ce4934c8cdfb	2	132608580	134390870	1245	-0.5333
0e1347f9-53a6-4608-9da5-ce4934c8cdfb	2	134392433	135579999	624	0.4237
0e1347f9-53a6-4608-9da5-ce4934c8cdfb	2	135580304	136522403	588	0.6188
0e1347f9-53a6-4608-9da5-ce4934c8cdfb	2	136522811	139044229	1208	0.4516
0e1347f9-53a6-4608-9da5-ce4934c8cdfb	2	139044602	139487810	259	-0.0447
0e1347f9-53a6-4608-9da5-ce4934c8cdfb	2	139529783	139736819	109	0.7159
0e1347f9-53a6-4608-9da5-ce4934c8cdfb	2	139737067	140826157	629	1.0332
0e1347f9-53a6-4608-9da5-ce4934c8cdfb	2	140832101	141217853	247	1.7071
0e1347f9-53a6-4608-9da5-ce4934c8cdfb	2	141219051	142758215	1047	1.0705
0e1347f9-53a6-4608-9da5-ce4934c8cdfb	2	142761110	143000167	161	1.2333
0e1347f9-53a6-4608-9da5-ce4934c8cdfb	2	143000356	143213903	115	0.7949
0e1347f9-53a6-4608-9da5-ce4934c8cdfb	2	143214632	143469182	146	1.0945
0e1347f9-53a6-4608-9da5-ce4934c8cdfb	2	143470118	145720897	1221	0.8254
0e1347f9-53a6-4608-9da5-ce4934c8cdfb	2	145725368	145916455	115	0.4807
0e1347f9-53a6-4608-9da5-ce4934c8cdfb	2	145920373	146916372	480	-0.4881
0e1347f9-53a6-4608-9da5-ce4934c8cdfb	2	146916488	148911791	993	-0.1002
0e1347f9-53a6-4608-9da5-ce4934c8cdfb	2	148913536	151235642	1575	-0.5094
0e1347f9-53a6-4608-9da5-ce4934c8cdfb	2	151244466	151989512	499	0.3921
0e1347f9-53a6-4608-9da5-ce4934c8cdfb	2	151991990	152585070	422	0.6489
0e1347f9-53a6-4608-9da5-ce4934c8cdfb	2	152587303	152619042	32	0.8974
0e1347f9-53a6-4608-9da5-ce4934c8cdfb	2	152619229	153162038	290	0.6215
0e1347f9-53a6-4608-9da5-ce4934c8cdfb	2	153162962	153357406	128	0.9679
0e1347f9-53a6-4608-9da5-ce4934c8cdfb	2	153357675	153371830	11	1.4862
0e1347f9-53a6-4608-9da5-ce4934c8cdfb	2	153371939	153859859	260	0.6759
0e1347f9-53a6-4608-9da5-ce4934c8cdfb	2	153867051	153888496	21	0.2683
0e1347f9-53a6-4608-9da5-ce4934c8cdfb	2	153888602	153895789	9	0.6735
0e1347f9-53a6-4608-9da5-ce4934c8cdfb	2	153897232	153915776	10	0.1224
0e1347f9-53a6-4608-9da5-ce4934c8cdfb	2	153917016	153950179	20	0.6715
0e1347f9-53a6-4608-9da5-ce4934c8cdfb	2	153955820	154836284	514	0.2759
0e1347f9-53a6-4608-9da5-ce4934c8cdfb	2	154847046	154870453	12	0.8726
0e1347f9-53a6-4608-9da5-ce4934c8cdfb	2	154871134	155026265	83	0.2544
0e1347f9-53a6-4608-9da5-ce4934c8cdfb	2	155081360	155128402	23	0.6575
0e1347f9-53a6-4608-9da5-ce4934c8cdfb	2	155129683	156928905	960	1.1905
0e1347f9-53a6-4608-9da5-ce4934c8cdfb	2	156928944	157842244	461	1.0599
0e1347f9-53a6-4608-9da5-ce4934c8cdfb	2	157845680	162925053	3005	-0.534
0e1347f9-53a6-4608-9da5-ce4934c8cdfb	2	162925277	162925917	2	-2.266
0e1347f9-53a6-4608-9da5-ce4934c8cdfb	2	162926136	169123752	3701	-0.5105
0e1347f9-53a6-4608-9da5-ce4934c8cdfb	2	169124354	175023412	3736	-0.5516
0e1347f9-53a6-4608-9da5-ce4934c8cdfb	2	175027398	175028505	3	-1.6209
0e1347f9-53a6-4608-9da5-ce4934c8cdfb	2	175028605	175419346	202	-0.5669
0e1347f9-53a6-4608-9da5-ce4934c8cdfb	2	175419711	187436609	6544	-0.5168
0e1347f9-53a6-4608-9da5-ce4934c8cdfb	2	187443296	188467045	404	0.2425
0e1347f9-53a6-4608-9da5-ce4934c8cdfb	2	188467843	188575912	36	-0.5464
0e1347f9-53a6-4608-9da5-ce4934c8cdfb	2	188579007	188613155	17	1.1826
0e1347f9-53a6-4608-9da5-ce4934c8cdfb	2	188617051	194854741	3141	-0.5238
0e1347f9-53a6-4608-9da5-ce4934c8cdfb	2	195351205	204386606	4949	0.205
0e1347f9-53a6-4608-9da5-ce4934c8cdfb	2	204387442	205284571	639	0.2791
0e1347f9-53a6-4608-9da5-ce4934c8cdfb	2	205285428	206648972	848	0.2257
0e1347f9-53a6-4608-9da5-ce4934c8cdfb	2	206653460	209721720	1856	-0.5325
0e1347f9-53a6-4608-9da5-ce4934c8cdfb	2	209721961	210823421	583	-0.0471
0e1347f9-53a6-4608-9da5-ce4934c8cdfb	2	210823652	210898870	49	0.2663
0e1347f9-53a6-4608-9da5-ce4934c8cdfb	2	210901808	212570132	1045	0.4976
0e1347f9-53a6-4608-9da5-ce4934c8cdfb	2	212573497	218226086	3629	-0.5193
0e1347f9-53a6-4608-9da5-ce4934c8cdfb	2	218231610	219705123	706	-0.6046
0e1347f9-53a6-4608-9da5-ce4934c8cdfb	2	219706204	225153888	3715	-0.5285
0e1347f9-53a6-4608-9da5-ce4934c8cdfb	2	225157086	228005593	1752	0.2219
0e1347f9-53a6-4608-9da5-ce4934c8cdfb	2	228016900	231850661	2033	-0.5619
0e1347f9-53a6-4608-9da5-ce4934c8cdfb	2	231853432	232648560	356	0.1326
0e1347f9-53a6-4608-9da5-ce4934c8cdfb	2	232649599	233135328	290	0.3367
0e1347f9-53a6-4608-9da5-ce4934c8cdfb	2	233162252	234837478	1257	-0.589
0e1347f9-53a6-4608-9da5-ce4934c8cdfb	2	234839511	234840442	2	-2.1857
0e1347f9-53a6-4608-9da5-ce4934c8cdfb	2	234840729	235282008	261	-0.6096
0e1347f9-53a6-4608-9da5-ce4934c8cdfb	2	235283413	237244987	1306	-0.1296
0e1347f9-53a6-4608-9da5-ce4934c8cdfb	2	237246286	238555669	780	-0.5979
0e1347f9-53a6-4608-9da5-ce4934c8cdfb	2	238562828	239804073	664	0.3999
0e1347f9-53a6-4608-9da5-ce4934c8cdfb	2	239808518	240671904	557	0.7568
0e1347f9-53a6-4608-9da5-ce4934c8cdfb	2	240776486	241537572	387	-0.6252
0e1347f9-53a6-4608-9da5-ce4934c8cdfb	3	2170634	9362746	4266	0.1012
0e1347f9-53a6-4608-9da5-ce4934c8cdfb	3	9363240	15480053	3906	0.0463
0e1347f9-53a6-4608-9da5-ce4934c8cdfb	3	15487069	20888760	3109	0.0837
0e1347f9-53a6-4608-9da5-ce4934c8cdfb	3	20892121	30543764	5631	0.1206
0e1347f9-53a6-4608-9da5-ce4934c8cdfb	3	30544775	44175946	8257	0.0803
0e1347f9-53a6-4608-9da5-ce4934c8cdfb	3	44177006	47095435	1657	0.038
0e1347f9-53a6-4608-9da5-ce4934c8cdfb	3	47099022	50536444	1274	-0.0285
0e1347f9-53a6-4608-9da5-ce4934c8cdfb	3	50537059	53411930	1276	0.0307
0e1347f9-53a6-4608-9da5-ce4934c8cdfb	3	53412346	56445624	2324	0.1061
0e1347f9-53a6-4608-9da5-ce4934c8cdfb	3	56445958	58526558	1130	0.0394
0e1347f9-53a6-4608-9da5-ce4934c8cdfb	3	58529839	90234801	18416	0.103
0e1347f9-53a6-4608-9da5-ce4934c8cdfb	3	90238263	97455264	1734	-0.1578
0e1347f9-53a6-4608-9da5-ce4934c8cdfb	3	97459146	97616061	82	-0.4741
0e1347f9-53a6-4608-9da5-ce4934c8cdfb	3	97620805	97769732	84	0.1878
0e1347f9-53a6-4608-9da5-ce4934c8cdfb	3	97772277	98109800	202	-0.4989
0e1347f9-53a6-4608-9da5-ce4934c8cdfb	3	98113797	110928682	7015	-0.159
0e1347f9-53a6-4608-9da5-ce4934c8cdfb	3	110931877	113577912	1656	0.1189
0e1347f9-53a6-4608-9da5-ce4934c8cdfb	3	113580700	116381941	1607	-0.1612
0e1347f9-53a6-4608-9da5-ce4934c8cdfb	3	116383032	117160281	651	0.0974
0e1347f9-53a6-4608-9da5-ce4934c8cdfb	3	117160432	117162867	5	-0.0749
0e1347f9-53a6-4608-9da5-ce4934c8cdfb	3	117165840	117402818	169	-0.6496
0e1347f9-53a6-4608-9da5-ce4934c8cdfb	3	117406955	117407260	2	-0.408
0e1347f9-53a6-4608-9da5-ce4934c8cdfb	3	117408723	117620479	164	0.1242
0e1347f9-53a6-4608-9da5-ce4934c8cdfb	3	117624366	124934866	4212	-0.1757
0e1347f9-53a6-4608-9da5-ce4934c8cdfb	3	124935024	130268064	2804	-0.2155
0e1347f9-53a6-4608-9da5-ce4934c8cdfb	3	130269038	172161662	22225	-0.1663
0e1347f9-53a6-4608-9da5-ce4934c8cdfb	3	172163909	173340103	763	-0.5509
0e1347f9-53a6-4608-9da5-ce4934c8cdfb	3	173340301	173341131	2	-2.6339
0e1347f9-53a6-4608-9da5-ce4934c8cdfb	3	173341185	175360729	1092	-0.5245
0e1347f9-53a6-4608-9da5-ce4934c8cdfb	3	176041258	176770610	396	-0.137
0e1347f9-53a6-4608-9da5-ce4934c8cdfb	3	176772611	176808497	31	0.1709
0e1347f9-53a6-4608-9da5-ce4934c8cdfb	3	176808548	181027593	2269	-0.169
0e1347f9-53a6-4608-9da5-ce4934c8cdfb	3	181030180	182762121	929	0.129
0e1347f9-53a6-4608-9da5-ce4934c8cdfb	3	182764194	186952810	2005	0.0705
0e1347f9-53a6-4608-9da5-ce4934c8cdfb	3	186954232	187150750	142	0.2936
0e1347f9-53a6-4608-9da5-ce4934c8cdfb	3	187156894	187764981	482	0.0874
0e1347f9-53a6-4608-9da5-ce4934c8cdfb	3	187765546	192735649	3241	0.3599
0e1347f9-53a6-4608-9da5-ce4934c8cdfb	3	192735860	194446122	999	0.1121
0e1347f9-53a6-4608-9da5-ce4934c8cdfb	3	194449202	195112126	369	-0.229
0e1347f9-53a6-4608-9da5-ce4934c8cdfb	3	195112147	197611842	547	0.0355
0e1347f9-53a6-4608-9da5-ce4934c8cdfb	3	197685959	197812401	44	-0.2454
0e1347f9-53a6-4608-9da5-ce4934c8cdfb	4	1059384	1094043	25	0.0074
0e1347f9-53a6-4608-9da5-ce4934c8cdfb	4	1094484	3550042	973	0.0877
0e1347f9-53a6-4608-9da5-ce4934c8cdfb	4	3559260	8693217	3332	0.16
0e1347f9-53a6-4608-9da5-ce4934c8cdfb	4	8695449	9742967	54	0.0845
0e1347f9-53a6-4608-9da5-ce4934c8cdfb	4	9746405	37551306	18292	0.2006
0e1347f9-53a6-4608-9da5-ce4934c8cdfb	4	37553657	39498894	1307	0.1581
0e1347f9-53a6-4608-9da5-ce4934c8cdfb	4	39500436	40969792	694	0.1036
0e1347f9-53a6-4608-9da5-ce4934c8cdfb	4	40971192	85661414	22970	0.1723
0e1347f9-53a6-4608-9da5-ce4934c8cdfb	4	85669857	85808199	126	-0.5464
0e1347f9-53a6-4608-9da5-ce4934c8cdfb	4	85810098	105410724	10877	0.1752
0e1347f9-53a6-4608-9da5-ce4934c8cdfb	4	105412540	106565102	624	-0.0968
0e1347f9-53a6-4608-9da5-ce4934c8cdfb	4	106579107	106579682	3	-0.9447
0e1347f9-53a6-4608-9da5-ce4934c8cdfb	4	106582052	107849092	749	-0.1079
0e1347f9-53a6-4608-9da5-ce4934c8cdfb	4	107850909	187842528	43441	-0.565
0e1347f9-53a6-4608-9da5-ce4934c8cdfb	5	913983	918244	4	-0.1686
0e1347f9-53a6-4608-9da5-ce4934c8cdfb	5	918408	15095270	9844	0.1626
0e1347f9-53a6-4608-9da5-ce4934c8cdfb	5	15095677	34808021	10221	0.1957
0e1347f9-53a6-4608-9da5-ce4934c8cdfb	5	34809820	42706099	4881	0.1603
0e1347f9-53a6-4608-9da5-ce4934c8cdfb	5	42710402	43110753	210	-0.1564
0e1347f9-53a6-4608-9da5-ce4934c8cdfb	5	43118893	44090027	434	0.1954
0e1347f9-53a6-4608-9da5-ce4934c8cdfb	5	44090097	45298509	525	0.3494
0e1347f9-53a6-4608-9da5-ce4934c8cdfb	5	45298733	53103273	1410	0.1216
0e1347f9-53a6-4608-9da5-ce4934c8cdfb	5	53116601	67693419	8715	-0.1817
0e1347f9-53a6-4608-9da5-ce4934c8cdfb	5	67694076	81411157	7238	-0.203
0e1347f9-53a6-4608-9da5-ce4934c8cdfb	5	81412093	130605603	26789	-0.1729
0e1347f9-53a6-4608-9da5-ce4934c8cdfb	5	130617231	135036821	2494	-0.2281
0e1347f9-53a6-4608-9da5-ce4934c8cdfb	5	135036995	137839653	1972	-0.1769
0e1347f9-53a6-4608-9da5-ce4934c8cdfb	5	137840533	142903189	2480	-0.2329
0e1347f9-53a6-4608-9da5-ce4934c8cdfb	5	142905275	150091224	4713	-0.176
0e1347f9-53a6-4608-9da5-ce4934c8cdfb	5	150092922	151266780	734	-0.2459
0e1347f9-53a6-4608-9da5-ce4934c8cdfb	5	151267451	165320735	9047	-0.1788
0e1347f9-53a6-4608-9da5-ce4934c8cdfb	5	165323697	166303441	654	-1.2438
0e1347f9-53a6-4608-9da5-ce4934c8cdfb	5	166307281	175460418	6394	-0.1934
0e1347f9-53a6-4608-9da5-ce4934c8cdfb	5	175461314	180934240	2351	-0.2711
0e1347f9-53a6-4608-9da5-ce4934c8cdfb	6	1011760	2058876	823	0.1078
0e1347f9-53a6-4608-9da5-ce4934c8cdfb	6	2063614	2485574	271	-0.0995
0e1347f9-53a6-4608-9da5-ce4934c8cdfb	6	2489243	12479021	7174	0.1015
0e1347f9-53a6-4608-9da5-ce4934c8cdfb	6	12479392	12516527	35	0.3894
0e1347f9-53a6-4608-9da5-ce4934c8cdfb	6	12516892	12556708	33	0.1028
0e1347f9-53a6-4608-9da5-ce4934c8cdfb	6	12558987	12675959	95	0.3316
0e1347f9-53a6-4608-9da5-ce4934c8cdfb	6	12680791	18477111	3905	0.081
0e1347f9-53a6-4608-9da5-ce4934c8cdfb	6	18478029	24334808	4220	0.1419
0e1347f9-53a6-4608-9da5-ce4934c8cdfb	6	24336064	31238839	2841	0.0659
0e1347f9-53a6-4608-9da5-ce4934c8cdfb	6	32899215	37397087	2417	-0.2402
0e1347f9-53a6-4608-9da5-ce4934c8cdfb	6	37398442	40998463	2652	-0.156
0e1347f9-53a6-4608-9da5-ce4934c8cdfb	6	40999002	41069249	49	0.0299
0e1347f9-53a6-4608-9da5-ce4934c8cdfb	6	41075117	41227735	79	0.1439
0e1347f9-53a6-4608-9da5-ce4934c8cdfb	6	41229778	44330035	1705	0.054
0e1347f9-53a6-4608-9da5-ce4934c8cdfb	6	44330098	45878176	887	0.1268
0e1347f9-53a6-4608-9da5-ce4934c8cdfb	6	45878349	62436201	7323	0.1717
0e1347f9-53a6-4608-9da5-ce4934c8cdfb	6	62436700	74508228	6873	0.1465
0e1347f9-53a6-4608-9da5-ce4934c8cdfb	6	74508364	74510496	2	-1.0341
0e1347f9-53a6-4608-9da5-ce4934c8cdfb	6	74514488	81111415	3569	0.1436
0e1347f9-53a6-4608-9da5-ce4934c8cdfb	6	81111427	81140875	30	0.2663
0e1347f9-53a6-4608-9da5-ce4934c8cdfb	6	81143441	104717492	12919	0.1147
0e1347f9-53a6-4608-9da5-ce4934c8cdfb	6	104718927	111708953	4225	0.073
0e1347f9-53a6-4608-9da5-ce4934c8cdfb	6	111709365	112084861	251	0.1134
0e1347f9-53a6-4608-9da5-ce4934c8cdfb	6	112085021	113459868	917	-0.0732
0e1347f9-53a6-4608-9da5-ce4934c8cdfb	6	113461015	113593131	83	0.9635
0e1347f9-53a6-4608-9da5-ce4934c8cdfb	6	113597448	116920449	1796	-0.0935
0e1347f9-53a6-4608-9da5-ce4934c8cdfb	6	116923295	118170900	728	1.1543
0e1347f9-53a6-4608-9da5-ce4934c8cdfb	6	118173662	118197591	23	-0.0683
0e1347f9-53a6-4608-9da5-ce4934c8cdfb	6	118200315	118208277	9	1.4251
0e1347f9-53a6-4608-9da5-ce4934c8cdfb	6	118211386	118227934	20	-0.1517
0e1347f9-53a6-4608-9da5-ce4934c8cdfb	6	118816495	119003743	81	1.1628
0e1347f9-53a6-4608-9da5-ce4934c8cdfb	6	119004108	119307206	171	0.9513
0e1347f9-53a6-4608-9da5-ce4934c8cdfb	6	119307462	119536862	147	1.2169
0e1347f9-53a6-4608-9da5-ce4934c8cdfb	6	119542313	123678158	2292	-0.0893
0e1347f9-53a6-4608-9da5-ce4934c8cdfb	6	123682552	124504229	508	0.8539
0e1347f9-53a6-4608-9da5-ce4934c8cdfb	6	124504604	124605322	84	1.1007
0e1347f9-53a6-4608-9da5-ce4934c8cdfb	6	124611814	124702197	52	0.9063
0e1347f9-53a6-4608-9da5-ce4934c8cdfb	6	124703365	124739875	23	1.1162
0e1347f9-53a6-4608-9da5-ce4934c8cdfb	6	124749772	126358305	1021	-0.0808
0e1347f9-53a6-4608-9da5-ce4934c8cdfb	6	126362001	126477637	53	0.8391
0e1347f9-53a6-4608-9da5-ce4934c8cdfb	6	126481676	127473593	488	-0.072
0e1347f9-53a6-4608-9da5-ce4934c8cdfb	6	127477176	128418939	565	1.0272
0e1347f9-53a6-4608-9da5-ce4934c8cdfb	6	128420594	133413903	3392	0.9531
0e1347f9-53a6-4608-9da5-ce4934c8cdfb	6	133414899	133416569	7	0.1263
0e1347f9-53a6-4608-9da5-ce4934c8cdfb	6	133417876	134205751	512	0.9466
0e1347f9-53a6-4608-9da5-ce4934c8cdfb	6	134208450	134330837	71	1.3831
0e1347f9-53a6-4608-9da5-ce4934c8cdfb	6	134330854	139244768	3293	0.9086
0e1347f9-53a6-4608-9da5-ce4934c8cdfb	6	139245472	139251504	6	1.5268
0e1347f9-53a6-4608-9da5-ce4934c8cdfb	6	139254715	139266994	7	1.9437
0e1347f9-53a6-4608-9da5-ce4934c8cdfb	6	139272384	139430039	87	1.4357
0e1347f9-53a6-4608-9da5-ce4934c8cdfb	6	139432506	140225174	465	0.691
0e1347f9-53a6-4608-9da5-ce4934c8cdfb	6	140229890	140236063	3	0.0727
0e1347f9-53a6-4608-9da5-ce4934c8cdfb	6	140236841	140274554	16	0.6688
0e1347f9-53a6-4608-9da5-ce4934c8cdfb	6	140281911	140612566	78	0.9385
0e1347f9-53a6-4608-9da5-ce4934c8cdfb	6	140615024	141447761	272	1.1131
0e1347f9-53a6-4608-9da5-ce4934c8cdfb	6	141448187	141584000	76	0.8457
0e1347f9-53a6-4608-9da5-ce4934c8cdfb	6	141584582	142547378	462	1.0966
0e1347f9-53a6-4608-9da5-ce4934c8cdfb	6	142547962	142975709	304	1.2239
0e1347f9-53a6-4608-9da5-ce4934c8cdfb	6	142976370	143290881	193	1.0922
0e1347f9-53a6-4608-9da5-ce4934c8cdfb	6	143291469	143659445	320	1.0061
0e1347f9-53a6-4608-9da5-ce4934c8cdfb	6	143661536	144668311	631	1.1743
0e1347f9-53a6-4608-9da5-ce4934c8cdfb	6	144674380	146494883	1078	0.2765
0e1347f9-53a6-4608-9da5-ce4934c8cdfb	6	146502302	147224057	476	1.2428
0e1347f9-53a6-4608-9da5-ce4934c8cdfb	6	147226520	148660770	1041	2.0224
0e1347f9-53a6-4608-9da5-ce4934c8cdfb	6	148662945	148965064	231	1.6953
0e1347f9-53a6-4608-9da5-ce4934c8cdfb	6	148965462	148972372	10	0.9637
0e1347f9-53a6-4608-9da5-ce4934c8cdfb	6	148973440	149191920	159	1.6578
0e1347f9-53a6-4608-9da5-ce4934c8cdfb	6	149192383	151337170	1427	1.1069
0e1347f9-53a6-4608-9da5-ce4934c8cdfb	6	151338174	152496041	847	-0.0866
0e1347f9-53a6-4608-9da5-ce4934c8cdfb	6	152498992	152680429	153	0.4788
0e1347f9-53a6-4608-9da5-ce4934c8cdfb	6	152686782	152903966	179	-0.0818
0e1347f9-53a6-4608-9da5-ce4934c8cdfb	6	152905259	152908520	8	1.5469
0e1347f9-53a6-4608-9da5-ce4934c8cdfb	6	152908536	153027573	88	1.1846
0e1347f9-53a6-4608-9da5-ce4934c8cdfb	6	153027671	153147363	74	0.9721
0e1347f9-53a6-4608-9da5-ce4934c8cdfb	6	153150857	153603733	314	-0.0773
0e1347f9-53a6-4608-9da5-ce4934c8cdfb	6	153605249	153760543	99	1.2687
0e1347f9-53a6-4608-9da5-ce4934c8cdfb	6	153767098	153917555	122	-0.1101
0e1347f9-53a6-4608-9da5-ce4934c8cdfb	6	153919961	155198754	827	1.0422
0e1347f9-53a6-4608-9da5-ce4934c8cdfb	6	155198824	155744933	390	1.3436
0e1347f9-53a6-4608-9da5-ce4934c8cdfb	6	155751710	156376321	449	0.4573
0e1347f9-53a6-4608-9da5-ce4934c8cdfb	6	156380736	156841229	316	1.4925
0e1347f9-53a6-4608-9da5-ce4934c8cdfb	6	156843416	156915429	54	0.4497
0e1347f9-53a6-4608-9da5-ce4934c8cdfb	6	156916971	156950707	29	1.1734
0e1347f9-53a6-4608-9da5-ce4934c8cdfb	6	156950932	157745348	301	1.4284
0e1347f9-53a6-4608-9da5-ce4934c8cdfb	6	157746544	157865852	71	1.2237
0e1347f9-53a6-4608-9da5-ce4934c8cdfb	6	157866023	158337469	342	1.6888
0e1347f9-53a6-4608-9da5-ce4934c8cdfb	6	158338030	158829051	275	1.2743
0e1347f9-53a6-4608-9da5-ce4934c8cdfb	6	158832240	159346545	344	1.4932
0e1347f9-53a6-4608-9da5-ce4934c8cdfb	6	159351261	159359079	8	-0.1056
0e1347f9-53a6-4608-9da5-ce4934c8cdfb	6	159360693	159677323	245	1.5324
0e1347f9-53a6-4608-9da5-ce4934c8cdfb	6	159678228	160364001	477	0.7748
0e1347f9-53a6-4608-9da5-ce4934c8cdfb	6	160364332	160913528	335	0.5636
0e1347f9-53a6-4608-9da5-ce4934c8cdfb	6	160913530	160947634	26	0.8381
0e1347f9-53a6-4608-9da5-ce4934c8cdfb	6	160947815	161029566	60	0.4941
0e1347f9-53a6-4608-9da5-ce4934c8cdfb	6	161031074	161085907	45	0.7463
0e1347f9-53a6-4608-9da5-ce4934c8cdfb	6	161087739	161178374	65	0.4501
0e1347f9-53a6-4608-9da5-ce4934c8cdfb	6	161178884	161268130	81	0.8153
0e1347f9-53a6-4608-9da5-ce4934c8cdfb	6	161268784	161516075	180	0.4215
0e1347f9-53a6-4608-9da5-ce4934c8cdfb	6	161521829	161568678	42	0.5624
0e1347f9-53a6-4608-9da5-ce4934c8cdfb	6	161568871	161627419	48	0.7332
0e1347f9-53a6-4608-9da5-ce4934c8cdfb	6	161631962	162203144	379	0.541
0e1347f9-53a6-4608-9da5-ce4934c8cdfb	6	162203440	162213369	7	0.2681
0e1347f9-53a6-4608-9da5-ce4934c8cdfb	6	162214013	162831322	76	0.8705
0e1347f9-53a6-4608-9da5-ce4934c8cdfb	6	162835431	163858684	746	0.4619
0e1347f9-53a6-4608-9da5-ce4934c8cdfb	6	163863530	163868381	7	0.9517
0e1347f9-53a6-4608-9da5-ce4934c8cdfb	6	163870711	163886807	19	0.527
0e1347f9-53a6-4608-9da5-ce4934c8cdfb	6	163888170	163919420	23	0.8591
0e1347f9-53a6-4608-9da5-ce4934c8cdfb	6	163926642	163975756	60	0.4679
0e1347f9-53a6-4608-9da5-ce4934c8cdfb	6	164142925	164810053	357	1.6966
0e1347f9-53a6-4608-9da5-ce4934c8cdfb	6	164810621	164925433	87	1.4784
0e1347f9-53a6-4608-9da5-ce4934c8cdfb	6	164929945	164944818	12	1.8386
0e1347f9-53a6-4608-9da5-ce4934c8cdfb	6	164944856	165299429	263	2.1498
0e1347f9-53a6-4608-9da5-ce4934c8cdfb	6	165300271	165852930	411	2.3688
0e1347f9-53a6-4608-9da5-ce4934c8cdfb	6	165857864	166015714	108	1.6228
0e1347f9-53a6-4608-9da5-ce4934c8cdfb	6	166017208	166025402	4	2.7839
0e1347f9-53a6-4608-9da5-ce4934c8cdfb	6	166027174	168575825	880	1.5354
0e1347f9-53a6-4608-9da5-ce4934c8cdfb	6	168575882	168686862	39	1.3182
0e1347f9-53a6-4608-9da5-ce4934c8cdfb	6	168687343	170596889	738	0.7867
0e1347f9-53a6-4608-9da5-ce4934c8cdfb	7	665647	3061645	814	0.0613
0e1347f9-53a6-4608-9da5-ce4934c8cdfb	7	3064868	4656446	740	0.1297
0e1347f9-53a6-4608-9da5-ce4934c8cdfb	7	4659140	7223894	821	0.0602
0e1347f9-53a6-4608-9da5-ce4934c8cdfb	7	7226331	10661069	1545	0.1365
0e1347f9-53a6-4608-9da5-ce4934c8cdfb	7	10661657	10662114	2	-2.1741
0e1347f9-53a6-4608-9da5-ce4934c8cdfb	7	10662626	20746691	6096	0.1533
0e1347f9-53a6-4608-9da5-ce4934c8cdfb	7	20746709	24281949	2560	0.1211
0e1347f9-53a6-4608-9da5-ce4934c8cdfb	7	24282064	35104692	6997	0.159
0e1347f9-53a6-4608-9da5-ce4934c8cdfb	7	35108813	35246957	45	0.4225
0e1347f9-53a6-4608-9da5-ce4934c8cdfb	7	35247624	43649456	5402	0.1451
0e1347f9-53a6-4608-9da5-ce4934c8cdfb	7	43649908	45177327	725	0.0855
0e1347f9-53a6-4608-9da5-ce4934c8cdfb	7	45177416	48131284	2107	0.1562
0e1347f9-53a6-4608-9da5-ce4934c8cdfb	7	48131962	55061930	4805	0.1879
0e1347f9-53a6-4608-9da5-ce4934c8cdfb	7	55062000	55792397	553	0.1565
0e1347f9-53a6-4608-9da5-ce4934c8cdfb	7	55792547	67505949	1385	0.104
0e1347f9-53a6-4608-9da5-ce4934c8cdfb	7	67507231	71783981	2650	0.159
0e1347f9-53a6-4608-9da5-ce4934c8cdfb	7	71785304	72523346	418	0.1098
0e1347f9-53a6-4608-9da5-ce4934c8cdfb	7	72853922	76364983	900	0.0402
0e1347f9-53a6-4608-9da5-ce4934c8cdfb	7	76365883	78824918	1207	0.1472
0e1347f9-53a6-4608-9da5-ce4934c8cdfb	7	78825716	78959855	90	-0.6111
0e1347f9-53a6-4608-9da5-ce4934c8cdfb	7	78962293	96734321	9490	0.1833
0e1347f9-53a6-4608-9da5-ce4934c8cdfb	7	96734413	97969179	704	0.1298
0e1347f9-53a6-4608-9da5-ce4934c8cdfb	7	97970045	102869969	1777	0.0695
0e1347f9-53a6-4608-9da5-ce4934c8cdfb	7	102872041	107805735	2947	0.1351
0e1347f9-53a6-4608-9da5-ce4934c8cdfb	7	107807340	110810973	1743	0.1754
0e1347f9-53a6-4608-9da5-ce4934c8cdfb	7	110819025	110994274	91	-0.5534
0e1347f9-53a6-4608-9da5-ce4934c8cdfb	7	110997513	127402907	8620	0.183
0e1347f9-53a6-4608-9da5-ce4934c8cdfb	7	127403392	131650802	2114	0.1145
0e1347f9-53a6-4608-9da5-ce4934c8cdfb	7	131651764	138288459	4223	0.1662
0e1347f9-53a6-4608-9da5-ce4934c8cdfb	7	138297283	140910209	1412	0.1101
0e1347f9-53a6-4608-9da5-ce4934c8cdfb	7	140910381	148719571	4004	0.1626
0e1347f9-53a6-4608-9da5-ce4934c8cdfb	7	148720071	158592540	4949	0.1283
0e1347f9-53a6-4608-9da5-ce4934c8cdfb	8	667625	5390815	2648	-3.4178
0e1347f9-53a6-4608-9da5-ce4934c8cdfb	8	6348805	6517523	158	-0.5937
0e1347f9-53a6-4608-9da5-ce4934c8cdfb	8	6518383	11791560	2435	-0.6635
0e1347f9-53a6-4608-9da5-ce4934c8cdfb	8	11791683	14990201	1802	-0.5774
0e1347f9-53a6-4608-9da5-ce4934c8cdfb	8	14990404	15523241	410	0.9368
0e1347f9-53a6-4608-9da5-ce4934c8cdfb	8	15528207	18218902	1941	0.3508
0e1347f9-53a6-4608-9da5-ce4934c8cdfb	8	18221615	20879019	2218	-0.6086
0e1347f9-53a6-4608-9da5-ce4934c8cdfb	8	20894961	22021096	881	-0.1816
0e1347f9-53a6-4608-9da5-ce4934c8cdfb	8	22027340	23583736	763	-0.2366
0e1347f9-53a6-4608-9da5-ce4934c8cdfb	8	23584240	26227787	1864	-0.1594
0e1347f9-53a6-4608-9da5-ce4934c8cdfb	8	26231539	28163998	1429	-0.6299
0e1347f9-53a6-4608-9da5-ce4934c8cdfb	8	28164252	28168008	2	-2.301
0e1347f9-53a6-4608-9da5-ce4934c8cdfb	8	28168151	29619204	899	-0.6722
0e1347f9-53a6-4608-9da5-ce4934c8cdfb	8	29619671	37490627	4563	-0.6013
0e1347f9-53a6-4608-9da5-ce4934c8cdfb	8	37493896	43078229	3064	-0.1795
0e1347f9-53a6-4608-9da5-ce4934c8cdfb	8	43080575	49791524	1477	0.5213
0e1347f9-53a6-4608-9da5-ce4934c8cdfb	8	49806777	51742814	1118	0.1101
0e1347f9-53a6-4608-9da5-ce4934c8cdfb	8	51747363	52090742	193	-0.0212
0e1347f9-53a6-4608-9da5-ce4934c8cdfb	8	52092208	52334824	192	0.0458
0e1347f9-53a6-4608-9da5-ce4934c8cdfb	8	52335840	54431855	1156	-0.0606
0e1347f9-53a6-4608-9da5-ce4934c8cdfb	8	54431916	54810162	232	-0.1611
0e1347f9-53a6-4608-9da5-ce4934c8cdfb	8	54813158	56259673	841	0.3534
0e1347f9-53a6-4608-9da5-ce4934c8cdfb	8	56260770	56264349	2	-0.8325
0e1347f9-53a6-4608-9da5-ce4934c8cdfb	8	56267969	57048949	476	0.3584
0e1347f9-53a6-4608-9da5-ce4934c8cdfb	8	57049036	60432997	2182	-0.1638
0e1347f9-53a6-4608-9da5-ce4934c8cdfb	8	60433201	61729502	861	-0.615
0e1347f9-53a6-4608-9da5-ce4934c8cdfb	8	61732545	69561791	4410	0.1847
0e1347f9-53a6-4608-9da5-ce4934c8cdfb	8	69563073	70875793	724	-0.108
0e1347f9-53a6-4608-9da5-ce4934c8cdfb	8	70876209	74385521	2381	0.1915
0e1347f9-53a6-4608-9da5-ce4934c8cdfb	8	74392455	99105825	13744	-0.1214
0e1347f9-53a6-4608-9da5-ce4934c8cdfb	8	99105893	103699344	2675	-0.1568
0e1347f9-53a6-4608-9da5-ce4934c8cdfb	8	103704512	103706271	9	-1.1058
0e1347f9-53a6-4608-9da5-ce4934c8cdfb	8	103714488	122960847	11106	-0.1213
0e1347f9-53a6-4608-9da5-ce4934c8cdfb	8	122962211	128406972	3804	-0.1604
0e1347f9-53a6-4608-9da5-ce4934c8cdfb	8	128407204	138130829	7065	-0.1347
0e1347f9-53a6-4608-9da5-ce4934c8cdfb	8	138131176	138131668	3	-1.4443
0e1347f9-53a6-4608-9da5-ce4934c8cdfb	8	138132671	140179667	1673	-0.1498
0e1347f9-53a6-4608-9da5-ce4934c8cdfb	8	140181944	144182542	804	-0.2311
0e1347f9-53a6-4608-9da5-ce4934c8cdfb	9	789794	3908783	2149	0.1144
0e1347f9-53a6-4608-9da5-ce4934c8cdfb	9	3908919	4154148	275	-0.1464
0e1347f9-53a6-4608-9da5-ce4934c8cdfb	9	4154651	7245728	1435	-0.2134
0e1347f9-53a6-4608-9da5-ce4934c8cdfb	9	7246406	28160346	13772	-0.1557
0e1347f9-53a6-4608-9da5-ce4934c8cdfb	9	28163976	32929896	2456	-0.0826
0e1347f9-53a6-4608-9da5-ce4934c8cdfb	9	32930290	33470361	377	-0.17
0e1347f9-53a6-4608-9da5-ce4934c8cdfb	9	33492001	33492886	3	-1.1703
0e1347f9-53a6-4608-9da5-ce4934c8cdfb	9	33493946	34999196	788	-0.1245
0e1347f9-53a6-4608-9da5-ce4934c8cdfb	9	34999428	37669355	1533	-0.1749
0e1347f9-53a6-4608-9da5-ce4934c8cdfb	9	37670618	38752071	808	-0.1243
0e1347f9-53a6-4608-9da5-ce4934c8cdfb	9	68423153	69108626	616	0.2595
0e1347f9-53a6-4608-9da5-ce4934c8cdfb	9	69110518	69138354	21	0.0008
0e1347f9-53a6-4608-9da5-ce4934c8cdfb	9	69146659	71707525	1858	0.2998
0e1347f9-53a6-4608-9da5-ce4934c8cdfb	9	71707647	72605181	571	0.2376
0e1347f9-53a6-4608-9da5-ce4934c8cdfb	9	72607985	74457398	1099	0.3095
0e1347f9-53a6-4608-9da5-ce4934c8cdfb	9	74458689	87262264	8978	0.2324
0e1347f9-53a6-4608-9da5-ce4934c8cdfb	9	87262765	100082784	8187	0.21
0e1347f9-53a6-4608-9da5-ce4934c8cdfb	9	100083524	111061913	7436	0.2479
0e1347f9-53a6-4608-9da5-ce4934c8cdfb	9	111063194	114770291	2347	0.2013
0e1347f9-53a6-4608-9da5-ce4934c8cdfb	9	114770782	120455432	4349	0.262
0e1347f9-53a6-4608-9da5-ce4934c8cdfb	9	120455446	121464220	605	0.1898
0e1347f9-53a6-4608-9da5-ce4934c8cdfb	9	121465158	127557281	3674	0.1226
0e1347f9-53a6-4608-9da5-ce4934c8cdfb	9	127559161	129425988	811	0.0349
0e1347f9-53a6-4608-9da5-ce4934c8cdfb	9	129429199	133967455	2876	0.0881
0e1347f9-53a6-4608-9da5-ce4934c8cdfb	9	133968603	138044505	1461	0.041
0e1347f9-53a6-4608-9da5-ce4934c8cdfb	10	366509	5403995	3291	-0.2015
0e1347f9-53a6-4608-9da5-ce4934c8cdfb	10	5404831	8375269	2252	-0.2348
0e1347f9-53a6-4608-9da5-ce4934c8cdfb	10	8376127	11069789	2027	-0.1678
0e1347f9-53a6-4608-9da5-ce4934c8cdfb	10	11069803	14795480	3071	-0.2073
0e1347f9-53a6-4608-9da5-ce4934c8cdfb	10	14795584	14800948	4	-0.9915
0e1347f9-53a6-4608-9da5-ce4934c8cdfb	10	14801037	18957788	2911	-0.1981
0e1347f9-53a6-4608-9da5-ce4934c8cdfb	10	18958218	32732530	9199	-0.1776
0e1347f9-53a6-4608-9da5-ce4934c8cdfb	10	32734248	34424158	1205	0.0851
0e1347f9-53a6-4608-9da5-ce4934c8cdfb	10	34425898	35551161	458	0.2368
0e1347f9-53a6-4608-9da5-ce4934c8cdfb	10	35552804	42457632	1840	0.0789
0e1347f9-53a6-4608-9da5-ce4934c8cdfb	10	42457683	67707282	13754	-0.1237
0e1347f9-53a6-4608-9da5-ce4934c8cdfb	10	67711515	75178073	4181	-0.1928
0e1347f9-53a6-4608-9da5-ce4934c8cdfb	10	75178609	96292798	13435	-0.1282
0e1347f9-53a6-4608-9da5-ce4934c8cdfb	10	96293555	98086050	1150	-0.1812
0e1347f9-53a6-4608-9da5-ce4934c8cdfb	10	98086066	99806331	1076	-0.1288
0e1347f9-53a6-4608-9da5-ce4934c8cdfb	10	99806561	104037417	2051	-0.1902
0e1347f9-53a6-4608-9da5-ce4934c8cdfb	10	104038310	117795551	9370	-0.1129
0e1347f9-53a6-4608-9da5-ce4934c8cdfb	10	117802247	117804691	2	-1.3826
0e1347f9-53a6-4608-9da5-ce4934c8cdfb	10	117806027	118193755	267	-0.1046
0e1347f9-53a6-4608-9da5-ce4934c8cdfb	10	118195987	119777745	1012	-0.1743
0e1347f9-53a6-4608-9da5-ce4934c8cdfb	10	119777900	130307241	7971	-0.1409
0e1347f9-53a6-4608-9da5-ce4934c8cdfb	10	130309973	133411599	755	-0.197
0e1347f9-53a6-4608-9da5-ce4934c8cdfb	11	456012	456120	2	-0.7872
0e1347f9-53a6-4608-9da5-ce4934c8cdfb	11	458784	2135814	449	-0.328
0e1347f9-53a6-4608-9da5-ce4934c8cdfb	11	2136291	3983309	773	-0.2392
0e1347f9-53a6-4608-9da5-ce4934c8cdfb	11	3986496	10677365	4363	-0.2034
0e1347f9-53a6-4608-9da5-ce4934c8cdfb	11	10677843	10984150	220	-0.0477
0e1347f9-53a6-4608-9da5-ce4934c8cdfb	11	10984348	11366166	428	-0.2063
0e1347f9-53a6-4608-9da5-ce4934c8cdfb	11	11366308	15939531	3353	-0.2456
0e1347f9-53a6-4608-9da5-ce4934c8cdfb	11	15940805	18224331	1456	-0.6258
0e1347f9-53a6-4608-9da5-ce4934c8cdfb	11	18230557	18514283	149	0.2893
0e1347f9-53a6-4608-9da5-ce4934c8cdfb	11	18514552	20821144	1898	0.1537
0e1347f9-53a6-4608-9da5-ce4934c8cdfb	11	20831067	20993024	183	-0.1019
0e1347f9-53a6-4608-9da5-ce4934c8cdfb	11	20994487	22134644	763	0.1535
0e1347f9-53a6-4608-9da5-ce4934c8cdfb	11	22138737	22349323	105	-0.1413
0e1347f9-53a6-4608-9da5-ce4934c8cdfb	11	22352884	23395255	764	-0.0336
0e1347f9-53a6-4608-9da5-ce4934c8cdfb	11	23395521	25565609	1279	-0.1095
0e1347f9-53a6-4608-9da5-ce4934c8cdfb	11	25582705	28338890	1810	0.1325
0e1347f9-53a6-4608-9da5-ce4934c8cdfb	11	28341493	29972918	965	0.331
0e1347f9-53a6-4608-9da5-ce4934c8cdfb	11	29976427	30166184	105	0.5026
0e1347f9-53a6-4608-9da5-ce4934c8cdfb	11	30166358	31163551	682	0.5978
0e1347f9-53a6-4608-9da5-ce4934c8cdfb	11	31164365	34967743	2431	0.5165
0e1347f9-53a6-4608-9da5-ce4934c8cdfb	11	34972512	37859711	1649	0.3758
0e1347f9-53a6-4608-9da5-ce4934c8cdfb	11	37860481	37967472	69	0.6285
0e1347f9-53a6-4608-9da5-ce4934c8cdfb	11	37967728	38127947	78	0.3745
0e1347f9-53a6-4608-9da5-ce4934c8cdfb	11	38128885	38838102	409	0.1148
0e1347f9-53a6-4608-9da5-ce4934c8cdfb	11	38838472	43635850	3174	0.3799
0e1347f9-53a6-4608-9da5-ce4934c8cdfb	11	43636016	46139018	1718	0.1233
0e1347f9-53a6-4608-9da5-ce4934c8cdfb	11	46144794	48157563	839	0.0534
0e1347f9-53a6-4608-9da5-ce4934c8cdfb	11	48158435	57356258	1223	0.1448
0e1347f9-53a6-4608-9da5-ce4934c8cdfb	11	57358566	61154458	2157	0.0723
0e1347f9-53a6-4608-9da5-ce4934c8cdfb	11	61154490	69018335	2744	-0.0018
0e1347f9-53a6-4608-9da5-ce4934c8cdfb	11	69021240	78428616	4927	0.0747
0e1347f9-53a6-4608-9da5-ce4934c8cdfb	11	78435047	84866255	4162	0.1632
0e1347f9-53a6-4608-9da5-ce4934c8cdfb	11	84869315	88842797	2610	-0.5975
0e1347f9-53a6-4608-9da5-ce4934c8cdfb	11	88843174	89163441	152	-0.4229
0e1347f9-53a6-4608-9da5-ce4934c8cdfb	11	89166004	111493517	13728	-0.5967
0e1347f9-53a6-4608-9da5-ce4934c8cdfb	11	111498368	131742193	14274	-0.6419
0e1347f9-53a6-4608-9da5-ce4934c8cdfb	11	131744187	134272740	1442	-0.6021
0e1347f9-53a6-4608-9da5-ce4934c8cdfb	12	780472	5996333	3356	0.0659
0e1347f9-53a6-4608-9da5-ce4934c8cdfb	12	5996547	8736482	1093	0.019
0e1347f9-53a6-4608-9da5-ce4934c8cdfb	12	8738260	12878955	2303	0.0673
0e1347f9-53a6-4608-9da5-ce4934c8cdfb	12	12879853	17900170	3078	0.1176
0e1347f9-53a6-4608-9da5-ce4934c8cdfb	12	17913271	21289921	2014	0.1631
0e1347f9-53a6-4608-9da5-ce4934c8cdfb	12	21292057	29503701	5370	0.1229
0e1347f9-53a6-4608-9da5-ce4934c8cdfb	12	29504767	30532978	815	0.1748
0e1347f9-53a6-4608-9da5-ce4934c8cdfb	12	30533138	40267601	2474	0.1135
0e1347f9-53a6-4608-9da5-ce4934c8cdfb	12	40279924	40332126	22	2.5115
0e1347f9-53a6-4608-9da5-ce4934c8cdfb	12	40343313	40645564	220	0.2026
0e1347f9-53a6-4608-9da5-ce4934c8cdfb	12	40646415	40666731	16	2.2074
0e1347f9-53a6-4608-9da5-ce4934c8cdfb	12	40667898	41485311	584	0.1829
0e1347f9-53a6-4608-9da5-ce4934c8cdfb	12	41489723	41599613	108	0.4502
0e1347f9-53a6-4608-9da5-ce4934c8cdfb	12	41599715	42155270	340	0.1675
0e1347f9-53a6-4608-9da5-ce4934c8cdfb	12	42158004	44512721	1030	-0.1188
0e1347f9-53a6-4608-9da5-ce4934c8cdfb	12	44516285	44875857	221	0.7179
0e1347f9-53a6-4608-9da5-ce4934c8cdfb	12	44883384	45833867	546	0.5101
0e1347f9-53a6-4608-9da5-ce4934c8cdfb	12	45836893	46173411	199	0.1278
0e1347f9-53a6-4608-9da5-ce4934c8cdfb	12	46174105	46617325	231	-0.1859
0e1347f9-53a6-4608-9da5-ce4934c8cdfb	12	46623729	46691127	32	2.858
0e1347f9-53a6-4608-9da5-ce4934c8cdfb	12	46694361	47490198	525	-0.2028
0e1347f9-53a6-4608-9da5-ce4934c8cdfb	12	47494713	47550395	38	3.1788
0e1347f9-53a6-4608-9da5-ce4934c8cdfb	12	47664492	48513377	526	-0.2074
0e1347f9-53a6-4608-9da5-ce4934c8cdfb	12	48516156	48517434	2	-1.6236
0e1347f9-53a6-4608-9da5-ce4934c8cdfb	12	48523224	57219437	4436	-0.2402
0e1347f9-53a6-4608-9da5-ce4934c8cdfb	12	57223164	57327672	34	2.0257
0e1347f9-53a6-4608-9da5-ce4934c8cdfb	12	57336106	57381721	27	-0.3029
0e1347f9-53a6-4608-9da5-ce4934c8cdfb	12	57391640	57458585	36	1.2362
0e1347f9-53a6-4608-9da5-ce4934c8cdfb	12	57465648	57593426	68	-0.232
0e1347f9-53a6-4608-9da5-ce4934c8cdfb	12	57595260	57875881	125	3.0507
0e1347f9-53a6-4608-9da5-ce4934c8cdfb	12	57881393	58578588	521	-0.1418
0e1347f9-53a6-4608-9da5-ce4934c8cdfb	12	58580942	58947388	275	2.3181
0e1347f9-53a6-4608-9da5-ce4934c8cdfb	12	58951688	59166658	161	-0.0859
0e1347f9-53a6-4608-9da5-ce4934c8cdfb	12	59167001	59305143	89	0.977
0e1347f9-53a6-4608-9da5-ce4934c8cdfb	12	59313477	60478823	690	-0.1219
0e1347f9-53a6-4608-9da5-ce4934c8cdfb	12	60486777	60510656	17	1.0433
0e1347f9-53a6-4608-9da5-ce4934c8cdfb	12	60517792	61380445	467	-0.1507
0e1347f9-53a6-4608-9da5-ce4934c8cdfb	12	61391353	61517128	91	1.2287
0e1347f9-53a6-4608-9da5-ce4934c8cdfb	12	61517235	61653852	82	0.9999
0e1347f9-53a6-4608-9da5-ce4934c8cdfb	12	61654697	61681561	14	-0.063
0e1347f9-53a6-4608-9da5-ce4934c8cdfb	12	61683998	61710655	10	0.8995
0e1347f9-53a6-4608-9da5-ce4934c8cdfb	12	61713683	61766953	33	-0.08
0e1347f9-53a6-4608-9da5-ce4934c8cdfb	12	61775299	61804490	24	2.3768
0e1347f9-53a6-4608-9da5-ce4934c8cdfb	12	61808789	61831030	20	-0.0339
0e1347f9-53a6-4608-9da5-ce4934c8cdfb	12	61832250	61860665	28	1.626
0e1347f9-53a6-4608-9da5-ce4934c8cdfb	12	61860923	61916660	33	2.3323
0e1347f9-53a6-4608-9da5-ce4934c8cdfb	12	61929187	61973285	36	-0.0899
0e1347f9-53a6-4608-9da5-ce4934c8cdfb	12	61982978	62062360	55	2.6968
0e1347f9-53a6-4608-9da5-ce4934c8cdfb	12	62065818	62068515	3	0.0095
0e1347f9-53a6-4608-9da5-ce4934c8cdfb	12	62069155	62146588	60	2.5183
0e1347f9-53a6-4608-9da5-ce4934c8cdfb	12	62149368	62337878	95	-0.1779
0e1347f9-53a6-4608-9da5-ce4934c8cdfb	12	62353465	62444534	45	3.2552
0e1347f9-53a6-4608-9da5-ce4934c8cdfb	12	62444815	62575946	76	-0.1624
0e1347f9-53a6-4608-9da5-ce4934c8cdfb	12	62581386	62626965	26	0.9383
0e1347f9-53a6-4608-9da5-ce4934c8cdfb	12	62627928	63395202	611	-0.1268
0e1347f9-53a6-4608-9da5-ce4934c8cdfb	12	63397634	63422424	19	0.9402
0e1347f9-53a6-4608-9da5-ce4934c8cdfb	12	63425574	63526209	58	-0.1485
0e1347f9-53a6-4608-9da5-ce4934c8cdfb	12	63751525	63757570	3	2.0723
0e1347f9-53a6-4608-9da5-ce4934c8cdfb	12	63757922	63812588	30	-0.0604
0e1347f9-53a6-4608-9da5-ce4934c8cdfb	12	63833786	63857118	15	2.6778
0e1347f9-53a6-4608-9da5-ce4934c8cdfb	12	63862272	63976568	60	-0.1517
0e1347f9-53a6-4608-9da5-ce4934c8cdfb	12	63980359	64160890	121	0.885
0e1347f9-53a6-4608-9da5-ce4934c8cdfb	12	64163657	64194896	18	-0.2095
0e1347f9-53a6-4608-9da5-ce4934c8cdfb	12	64202946	64210904	7	2.3136
0e1347f9-53a6-4608-9da5-ce4934c8cdfb	12	64211013	65012057	462	-0.1728
0e1347f9-53a6-4608-9da5-ce4934c8cdfb	12	65012727	65018638	6	2.3485
0e1347f9-53a6-4608-9da5-ce4934c8cdfb	12	65020594	65074471	32	-0.1948
0e1347f9-53a6-4608-9da5-ce4934c8cdfb	12	65079951	65152565	37	1.0553
0e1347f9-53a6-4608-9da5-ce4934c8cdfb	12	65161499	65220886	28	2.6112
0e1347f9-53a6-4608-9da5-ce4934c8cdfb	12	65226370	65764738	310	-0.1476
0e1347f9-53a6-4608-9da5-ce4934c8cdfb	12	65769672	65962772	101	0.8977
0e1347f9-53a6-4608-9da5-ce4934c8cdfb	12	65964134	65984926	16	-0.1246
0e1347f9-53a6-4608-9da5-ce4934c8cdfb	12	65988752	66022038	22	0.1127
0e1347f9-53a6-4608-9da5-ce4934c8cdfb	12	66027514	66666987	417	-0.1594
0e1347f9-53a6-4608-9da5-ce4934c8cdfb	12	66669431	66711962	30	3.3348
0e1347f9-53a6-4608-9da5-ce4934c8cdfb	12	66716899	66905393	178	-0.0933
0e1347f9-53a6-4608-9da5-ce4934c8cdfb	12	66914521	66951722	37	2.261
0e1347f9-53a6-4608-9da5-ce4934c8cdfb	12	66956343	67015747	53	1.1755
0e1347f9-53a6-4608-9da5-ce4934c8cdfb	12	67018170	67156655	117	2.6662
0e1347f9-53a6-4608-9da5-ce4934c8cdfb	12	67159565	67279392	78	1.1505
0e1347f9-53a6-4608-9da5-ce4934c8cdfb	12	67279858	67350594	44	1.5364
0e1347f9-53a6-4608-9da5-ce4934c8cdfb	12	67352063	67433157	59	3.116
0e1347f9-53a6-4608-9da5-ce4934c8cdfb	12	67433579	67436183	7	2.1139
0e1347f9-53a6-4608-9da5-ce4934c8cdfb	12	67436492	67445010	9	1.2744
0e1347f9-53a6-4608-9da5-ce4934c8cdfb	12	67445079	67454521	14	2.4211
0e1347f9-53a6-4608-9da5-ce4934c8cdfb	12	67458687	67523806	42	1.1625
0e1347f9-53a6-4608-9da5-ce4934c8cdfb	12	67524559	67536020	9	2.202
0e1347f9-53a6-4608-9da5-ce4934c8cdfb	12	67536270	67547214	12	2.8734
0e1347f9-53a6-4608-9da5-ce4934c8cdfb	12	67557486	67663658	97	2.1288
0e1347f9-53a6-4608-9da5-ce4934c8cdfb	12	67664467	68202881	403	2.6702
0e1347f9-53a6-4608-9da5-ce4934c8cdfb	12	68207951	68601645	310	-0.1609
0e1347f9-53a6-4608-9da5-ce4934c8cdfb	12	68601924	68745010	70	1.4749
0e1347f9-53a6-4608-9da5-ce4934c8cdfb	12	68745902	68778271	18	-0.1901
0e1347f9-53a6-4608-9da5-ce4934c8cdfb	12	68780869	68990702	167	3.3526
0e1347f9-53a6-4608-9da5-ce4934c8cdfb	12	69002931	69183959	129	-0.1043
0e1347f9-53a6-4608-9da5-ce4934c8cdfb	12	69189254	69212471	18	2.239
0e1347f9-53a6-4608-9da5-ce4934c8cdfb	12	69214596	69225217	7	3.3648
0e1347f9-53a6-4608-9da5-ce4934c8cdfb	12	69225956	69230707	3	2.2844
0e1347f9-53a6-4608-9da5-ce4934c8cdfb	12	69234245	69431331	128	-0.1589
0e1347f9-53a6-4608-9da5-ce4934c8cdfb	12	69436863	69626819	122	3.0951
0e1347f9-53a6-4608-9da5-ce4934c8cdfb	12	69628658	70216822	421	2.7878
0e1347f9-53a6-4608-9da5-ce4934c8cdfb	12	70227036	70596274	237	-0.124
0e1347f9-53a6-4608-9da5-ce4934c8cdfb	12	70598937	70705319	74	2.2992
0e1347f9-53a6-4608-9da5-ce4934c8cdfb	12	70713030	70729668	17	1.0696
0e1347f9-53a6-4608-9da5-ce4934c8cdfb	12	70731198	70743704	6	1.4032
0e1347f9-53a6-4608-9da5-ce4934c8cdfb	12	70749428	70755844	8	2.7657
0e1347f9-53a6-4608-9da5-ce4934c8cdfb	12	70758769	70772495	11	-0.1559
0e1347f9-53a6-4608-9da5-ce4934c8cdfb	12	70773802	70917990	110	2.2307
0e1347f9-53a6-4608-9da5-ce4934c8cdfb	12	70918707	71472182	266	3.1044
0e1347f9-53a6-4608-9da5-ce4934c8cdfb	12	71472405	71517950	23	2.1357
0e1347f9-53a6-4608-9da5-ce4934c8cdfb	12	71520977	71568686	47	1.5009
0e1347f9-53a6-4608-9da5-ce4934c8cdfb	12	71571599	71889499	174	1.852
0e1347f9-53a6-4608-9da5-ce4934c8cdfb	12	71894982	72041862	118	-0.1424
0e1347f9-53a6-4608-9da5-ce4934c8cdfb	12	72050566	72102173	22	2.3391
0e1347f9-53a6-4608-9da5-ce4934c8cdfb	12	72107292	72254607	79	-0.1468
0e1347f9-53a6-4608-9da5-ce4934c8cdfb	12	72259918	72361293	82	2.1081
0e1347f9-53a6-4608-9da5-ce4934c8cdfb	12	72361695	72371106	4	0.2949
0e1347f9-53a6-4608-9da5-ce4934c8cdfb	12	72374775	72399256	16	2.7797
0e1347f9-53a6-4608-9da5-ce4934c8cdfb	12	72400355	72470597	40	0.1914
0e1347f9-53a6-4608-9da5-ce4934c8cdfb	12	72478469	72556007	44	2.1821
0e1347f9-53a6-4608-9da5-ce4934c8cdfb	12	72557110	72558315	5	0.1542
0e1347f9-53a6-4608-9da5-ce4934c8cdfb	12	72561465	72618793	39	2.0502
0e1347f9-53a6-4608-9da5-ce4934c8cdfb	12	72619695	72670984	29	-0.1403
0e1347f9-53a6-4608-9da5-ce4934c8cdfb	12	72707335	72745798	19	0.2703
0e1347f9-53a6-4608-9da5-ce4934c8cdfb	12	72746358	73036918	92	-0.1021
0e1347f9-53a6-4608-9da5-ce4934c8cdfb	12	73037507	73072309	28	2.2825
0e1347f9-53a6-4608-9da5-ce4934c8cdfb	12	73075717	73106100	18	-0.0892
0e1347f9-53a6-4608-9da5-ce4934c8cdfb	12	73108510	73183758	45	2.3037
0e1347f9-53a6-4608-9da5-ce4934c8cdfb	12	73192206	73223855	23	-0.1217
0e1347f9-53a6-4608-9da5-ce4934c8cdfb	12	73226020	73778388	289	3.3157
0e1347f9-53a6-4608-9da5-ce4934c8cdfb	12	73780150	74213383	173	-0.1262
0e1347f9-53a6-4608-9da5-ce4934c8cdfb	12	74228404	74397890	82	2.655
0e1347f9-53a6-4608-9da5-ce4934c8cdfb	12	74399014	74607335	156	1.853
0e1347f9-53a6-4608-9da5-ce4934c8cdfb	12	74613069	74674917	40	2.5391
0e1347f9-53a6-4608-9da5-ce4934c8cdfb	12	74677510	74769702	67	-0.1347
0e1347f9-53a6-4608-9da5-ce4934c8cdfb	12	74770312	74957013	123	3.0637
0e1347f9-53a6-4608-9da5-ce4934c8cdfb	12	74957578	74991381	19	2.3814
0e1347f9-53a6-4608-9da5-ce4934c8cdfb	12	74992928	75111119	76	1.835
0e1347f9-53a6-4608-9da5-ce4934c8cdfb	12	75111671	75153298	37	2.4568
0e1347f9-53a6-4608-9da5-ce4934c8cdfb	12	75154154	75163029	7	2.692
0e1347f9-53a6-4608-9da5-ce4934c8cdfb	12	75170277	75837644	456	-0.1128
0e1347f9-53a6-4608-9da5-ce4934c8cdfb	12	75841747	75907611	62	2.0023
0e1347f9-53a6-4608-9da5-ce4934c8cdfb	12	75908224	76039456	93	-0.1586
0e1347f9-53a6-4608-9da5-ce4934c8cdfb	12	76041606	76079992	25	0.8668
0e1347f9-53a6-4608-9da5-ce4934c8cdfb	12	76126180	76580906	251	-0.1327
0e1347f9-53a6-4608-9da5-ce4934c8cdfb	12	76587370	76692857	63	3.3604
0e1347f9-53a6-4608-9da5-ce4934c8cdfb	12	76693993	76718847	29	2.5892
0e1347f9-53a6-4608-9da5-ce4934c8cdfb	12	76719262	76757342	21	3.2347
0e1347f9-53a6-4608-9da5-ce4934c8cdfb	12	76760946	76869704	60	0.1637
0e1347f9-53a6-4608-9da5-ce4934c8cdfb	12	76872184	76892216	14	1.0265
0e1347f9-53a6-4608-9da5-ce4934c8cdfb	12	76895284	77171292	199	0.2158
0e1347f9-53a6-4608-9da5-ce4934c8cdfb	12	77179812	77371094	126	0.9757
0e1347f9-53a6-4608-9da5-ce4934c8cdfb	12	77371888	77436516	60	0.4906
0e1347f9-53a6-4608-9da5-ce4934c8cdfb	12	77438342	77553811	118	0.2665
0e1347f9-53a6-4608-9da5-ce4934c8cdfb	12	77555239	77840313	238	2.3409
0e1347f9-53a6-4608-9da5-ce4934c8cdfb	12	77840745	77860565	18	2.9091
0e1347f9-53a6-4608-9da5-ce4934c8cdfb	12	77869217	77870896	5	-0.0181
0e1347f9-53a6-4608-9da5-ce4934c8cdfb	12	77871586	77880488	5	2.4517
0e1347f9-53a6-4608-9da5-ce4934c8cdfb	12	77880645	78157934	210	3.0733
0e1347f9-53a6-4608-9da5-ce4934c8cdfb	12	78158245	78191833	23	2.1226
0e1347f9-53a6-4608-9da5-ce4934c8cdfb	12	78191858	78241412	37	2.7673
0e1347f9-53a6-4608-9da5-ce4934c8cdfb	12	78245164	78395459	126	2.3123
0e1347f9-53a6-4608-9da5-ce4934c8cdfb	12	78398400	78412430	16	-0.0971
0e1347f9-53a6-4608-9da5-ce4934c8cdfb	12	78416349	78461822	35	0.9987
0e1347f9-53a6-4608-9da5-ce4934c8cdfb	12	78463995	84044996	3271	-0.1135
0e1347f9-53a6-4608-9da5-ce4934c8cdfb	12	84047464	84338410	191	2.0701
0e1347f9-53a6-4608-9da5-ce4934c8cdfb	12	84339056	84441385	59	2.9799
0e1347f9-53a6-4608-9da5-ce4934c8cdfb	12	84444477	84464393	14	1.9048
0e1347f9-53a6-4608-9da5-ce4934c8cdfb	12	84469929	84486354	9	3.0027
0e1347f9-53a6-4608-9da5-ce4934c8cdfb	12	84486998	84517802	28	2.2209
0e1347f9-53a6-4608-9da5-ce4934c8cdfb	12	84524970	85393777	485	-0.1387
0e1347f9-53a6-4608-9da5-ce4934c8cdfb	12	85395583	89066044	1919	-0.0927
0e1347f9-53a6-4608-9da5-ce4934c8cdfb	12	89068558	92595715	2293	-0.1381
0e1347f9-53a6-4608-9da5-ce4934c8cdfb	12	92596627	92597369	2	2.9529
0e1347f9-53a6-4608-9da5-ce4934c8cdfb	12	92603396	93164179	312	-0.1433
0e1347f9-53a6-4608-9da5-ce4934c8cdfb	12	93165393	93165855	3	1.614
0e1347f9-53a6-4608-9da5-ce4934c8cdfb	12	93168847	95385572	1527	-0.1609
0e1347f9-53a6-4608-9da5-ce4934c8cdfb	12	95386818	95442970	73	2.5198
0e1347f9-53a6-4608-9da5-ce4934c8cdfb	12	95445232	95867169	256	2.7987
0e1347f9-53a6-4608-9da5-ce4934c8cdfb	12	95867582	96310531	290	2.5183
0e1347f9-53a6-4608-9da5-ce4934c8cdfb	12	96310676	96536563	147	1.5303
0e1347f9-53a6-4608-9da5-ce4934c8cdfb	12	96542400	96618734	40	2.4965
0e1347f9-53a6-4608-9da5-ce4934c8cdfb	12	96619827	96764723	102	1.751
0e1347f9-53a6-4608-9da5-ce4934c8cdfb	12	96776669	96871839	58	2.6047
0e1347f9-53a6-4608-9da5-ce4934c8cdfb	12	96877777	96984171	65	1.8028
0e1347f9-53a6-4608-9da5-ce4934c8cdfb	12	96988768	99444312	1731	-0.1201
0e1347f9-53a6-4608-9da5-ce4934c8cdfb	12	99445209	99527513	55	2.3566
0e1347f9-53a6-4608-9da5-ce4934c8cdfb	12	99528663	99599628	41	3.0918
0e1347f9-53a6-4608-9da5-ce4934c8cdfb	12	99659878	99784741	33	2.0778
0e1347f9-53a6-4608-9da5-ce4934c8cdfb	12	99784872	99831771	21	0.3222
0e1347f9-53a6-4608-9da5-ce4934c8cdfb	12	99833020	99865217	21	2.1343
0e1347f9-53a6-4608-9da5-ce4934c8cdfb	12	99865542	99959831	55	2.7294
0e1347f9-53a6-4608-9da5-ce4934c8cdfb	12	99962489	99975366	10	0.1556
0e1347f9-53a6-4608-9da5-ce4934c8cdfb	12	99977146	100008614	14	0.6165
0e1347f9-53a6-4608-9da5-ce4934c8cdfb	12	100009526	100027510	13	0.2899
0e1347f9-53a6-4608-9da5-ce4934c8cdfb	12	100030535	100040174	6	0.4966
0e1347f9-53a6-4608-9da5-ce4934c8cdfb	12	100058771	100108391	22	2.3065
0e1347f9-53a6-4608-9da5-ce4934c8cdfb	12	100110121	100129718	8	0.4363
0e1347f9-53a6-4608-9da5-ce4934c8cdfb	12	100132131	100141745	3	3.0348
0e1347f9-53a6-4608-9da5-ce4934c8cdfb	12	100148505	100182103	18	0.185
0e1347f9-53a6-4608-9da5-ce4934c8cdfb	12	100184668	100197473	9	2.3082
0e1347f9-53a6-4608-9da5-ce4934c8cdfb	12	100201669	105389992	3396	-0.1308
0e1347f9-53a6-4608-9da5-ce4934c8cdfb	12	105392975	105419710	29	2.2741
0e1347f9-53a6-4608-9da5-ce4934c8cdfb	12	105422598	106585970	904	-0.1258
0e1347f9-53a6-4608-9da5-ce4934c8cdfb	12	106590566	106626925	18	2.6198
0e1347f9-53a6-4608-9da5-ce4934c8cdfb	12	106627023	108594981	1306	-0.1438
0e1347f9-53a6-4608-9da5-ce4934c8cdfb	12	108596225	112388722	1669	-0.1957
0e1347f9-53a6-4608-9da5-ce4934c8cdfb	12	112389165	117706819	3682	-0.6301
0e1347f9-53a6-4608-9da5-ce4934c8cdfb	12	117708425	120095892	1462	-0.154
0e1347f9-53a6-4608-9da5-ce4934c8cdfb	12	120095905	124966959	2344	-0.2236
0e1347f9-53a6-4608-9da5-ce4934c8cdfb	12	124971959	126362142	1107	-0.1357
0e1347f9-53a6-4608-9da5-ce4934c8cdfb	12	126364472	126438258	61	0.4817
0e1347f9-53a6-4608-9da5-ce4934c8cdfb	12	126748833	127155377	370	-0.1069
0e1347f9-53a6-4608-9da5-ce4934c8cdfb	12	127156382	127335169	139	0.1865
0e1347f9-53a6-4608-9da5-ce4934c8cdfb	12	127335487	127346606	9	-0.2755
0e1347f9-53a6-4608-9da5-ce4934c8cdfb	12	127347647	128243236	283	-0.4987
0e1347f9-53a6-4608-9da5-ce4934c8cdfb	12	128244698	128879065	294	0.2031
0e1347f9-53a6-4608-9da5-ce4934c8cdfb	12	128881869	128978936	78	0.5628
0e1347f9-53a6-4608-9da5-ce4934c8cdfb	12	128979542	129318981	298	0.1524
0e1347f9-53a6-4608-9da5-ce4934c8cdfb	12	130590621	132443378	863	-0.6638
0e1347f9-53a6-4608-9da5-ce4934c8cdfb	12	132449408	132605822	26	0.0149
0e1347f9-53a6-4608-9da5-ce4934c8cdfb	13	18874255	19430792	353	0.0882
0e1347f9-53a6-4608-9da5-ce4934c8cdfb	13	19530371	21695169	804	-0.1792
0e1347f9-53a6-4608-9da5-ce4934c8cdfb	13	21701255	28851751	4612	-0.5151
0e1347f9-53a6-4608-9da5-ce4934c8cdfb	13	28852167	29092868	150	-0.1093
0e1347f9-53a6-4608-9da5-ce4934c8cdfb	13	29093051	32040962	2088	-0.4957
0e1347f9-53a6-4608-9da5-ce4934c8cdfb	13	32042832	36134972	2776	-0.0896
0e1347f9-53a6-4608-9da5-ce4934c8cdfb	13	36135246	42129258	4004	-0.446
0e1347f9-53a6-4608-9da5-ce4934c8cdfb	13	42129546	49561327	4767	-0.3925
0e1347f9-53a6-4608-9da5-ce4934c8cdfb	13	49564173	49923945	150	-0.453
0e1347f9-53a6-4608-9da5-ce4934c8cdfb	13	51050074	52896048	859	0.182
0e1347f9-53a6-4608-9da5-ce4934c8cdfb	13	52899304	53577468	434	-0.043
0e1347f9-53a6-4608-9da5-ce4934c8cdfb	13	53578905	83057518	16340	-0.3661
0e1347f9-53a6-4608-9da5-ce4934c8cdfb	13	83062043	85486884	1342	-0.0354
0e1347f9-53a6-4608-9da5-ce4934c8cdfb	13	85489759	102801685	10953	0.2436
0e1347f9-53a6-4608-9da5-ce4934c8cdfb	13	102802019	106232795	2217	0.0073
0e1347f9-53a6-4608-9da5-ce4934c8cdfb	13	106235315	106551848	259	0.4582
0e1347f9-53a6-4608-9da5-ce4934c8cdfb	13	106555440	108778776	1721	0.6209
0e1347f9-53a6-4608-9da5-ce4934c8cdfb	13	108787313	109414777	479	0.414
0e1347f9-53a6-4608-9da5-ce4934c8cdfb	13	109414835	109414852	2	-1.2001
0e1347f9-53a6-4608-9da5-ce4934c8cdfb	13	109414886	109473870	44	0.3863
0e1347f9-53a6-4608-9da5-ce4934c8cdfb	13	109473987	109474189	3	-0.5738
0e1347f9-53a6-4608-9da5-ce4934c8cdfb	13	109474283	110988737	1188	0.4067
0e1347f9-53a6-4608-9da5-ce4934c8cdfb	13	110988925	112442770	835	0.1672
0e1347f9-53a6-4608-9da5-ce4934c8cdfb	13	112444198	112535807	56	0.3573
0e1347f9-53a6-4608-9da5-ce4934c8cdfb	13	112542284	114226675	560	0.6183
0e1347f9-53a6-4608-9da5-ce4934c8cdfb	14	20033191	24381395	1702	0.0766
0e1347f9-53a6-4608-9da5-ce4934c8cdfb	14	24382840	56283473	17918	0.1364
0e1347f9-53a6-4608-9da5-ce4934c8cdfb	14	56284499	56285879	2	1.2823
0e1347f9-53a6-4608-9da5-ce4934c8cdfb	14	56286001	63478073	4518	0.1311
0e1347f9-53a6-4608-9da5-ce4934c8cdfb	14	63478145	77986829	8731	0.0805
0e1347f9-53a6-4608-9da5-ce4934c8cdfb	14	77987056	88696896	6955	0.1441
0e1347f9-53a6-4608-9da5-ce4934c8cdfb	14	88698109	93424879	2724	0.0543
0e1347f9-53a6-4608-9da5-ce4934c8cdfb	14	93428140	101483585	5718	0.0911
0e1347f9-53a6-4608-9da5-ce4934c8cdfb	14	101487157	105533894	1521	0.0343
0e1347f9-53a6-4608-9da5-ce4934c8cdfb	15	23437561	40218115	8493	0.0344
0e1347f9-53a6-4608-9da5-ce4934c8cdfb	15	40219750	45503084	2289	-0.0608
0e1347f9-53a6-4608-9da5-ce4934c8cdfb	15	45506550	49945366	2821	0.0279
0e1347f9-53a6-4608-9da5-ce4934c8cdfb	15	49953951	53174363	1971	0.3013
0e1347f9-53a6-4608-9da5-ce4934c8cdfb	15	53174742	58527557	3504	0.0171
0e1347f9-53a6-4608-9da5-ce4934c8cdfb	15	58530247	59853000	845	-0.0478
0e1347f9-53a6-4608-9da5-ce4934c8cdfb	15	59853498	62858590	2434	0.0083
0e1347f9-53a6-4608-9da5-ce4934c8cdfb	15	62861848	70882295	4867	-0.0364
0e1347f9-53a6-4608-9da5-ce4934c8cdfb	15	70885869	71624582	466	0.0396
0e1347f9-53a6-4608-9da5-ce4934c8cdfb	15	71624842	78921873	3527	-0.036
0e1347f9-53a6-4608-9da5-ce4934c8cdfb	15	78922050	85043473	3465	0.0031
0e1347f9-53a6-4608-9da5-ce4934c8cdfb	15	85044923	85178296	85	1.9273
0e1347f9-53a6-4608-9da5-ce4934c8cdfb	15	85179906	85591322	41	0.0202
0e1347f9-53a6-4608-9da5-ce4934c8cdfb	15	85595629	89603653	2792	0.2607
0e1347f9-53a6-4608-9da5-ce4934c8cdfb	15	89603680	91129606	777	0.1593
0e1347f9-53a6-4608-9da5-ce4934c8cdfb	15	91133330	97429425	4173	0.2682
0e1347f9-53a6-4608-9da5-ce4934c8cdfb	15	97438448	97517912	65	-0.0218
0e1347f9-53a6-4608-9da5-ce4934c8cdfb	15	97518482	97569110	42	0.3416
0e1347f9-53a6-4608-9da5-ce4934c8cdfb	15	97569388	99384561	1287	0.013
0e1347f9-53a6-4608-9da5-ce4934c8cdfb	15	99384816	101344124	848	0.2459
0e1347f9-53a6-4608-9da5-ce4934c8cdfb	16	603333	5181187	1709	0.0217
0e1347f9-53a6-4608-9da5-ce4934c8cdfb	16	5182757	10717830	3735	0.1172
0e1347f9-53a6-4608-9da5-ce4934c8cdfb	16	10721616	12137481	880	0.0547
0e1347f9-53a6-4608-9da5-ce4934c8cdfb	16	12137882	27937887	6747	0.1019
0e1347f9-53a6-4608-9da5-ce4934c8cdfb	16	27939579	31812037	951	0.0199
0e1347f9-53a6-4608-9da5-ce4934c8cdfb	16	31812529	56351727	6653	-0.1673
0e1347f9-53a6-4608-9da5-ce4934c8cdfb	16	56355568	58664744	1338	-0.2308
0e1347f9-53a6-4608-9da5-ce4934c8cdfb	16	58664913	66261357	5058	-0.1481
0e1347f9-53a6-4608-9da5-ce4934c8cdfb	16	66262656	71264810	2019	-0.2446
0e1347f9-53a6-4608-9da5-ce4934c8cdfb	16	71265331	78384091	4648	-0.172
0e1347f9-53a6-4608-9da5-ce4934c8cdfb	16	78385608	78422158	34	-0.6228
0e1347f9-53a6-4608-9da5-ce4934c8cdfb	16	78424574	79826460	1323	-0.1621
0e1347f9-53a6-4608-9da5-ce4934c8cdfb	16	79826617	79827157	2	-1.7144
0e1347f9-53a6-4608-9da5-ce4934c8cdfb	16	79833296	81067166	1064	-0.1517
0e1347f9-53a6-4608-9da5-ce4934c8cdfb	16	81068264	82067024	690	-0.2356
0e1347f9-53a6-4608-9da5-ce4934c8cdfb	16	82069945	83792080	1703	-0.1633
0e1347f9-53a6-4608-9da5-ce4934c8cdfb	16	83793013	89317317	2644	-0.2294
0e1347f9-53a6-4608-9da5-ce4934c8cdfb	17	1074619	9162821	4014	0.0324
0e1347f9-53a6-4608-9da5-ce4934c8cdfb	17	9165131	15819539	3563	0.1138
0e1347f9-53a6-4608-9da5-ce4934c8cdfb	17	15826449	32485343	4575	0.0499
0e1347f9-53a6-4608-9da5-ce4934c8cdfb	17	32490272	35003233	1197	0.108
0e1347f9-53a6-4608-9da5-ce4934c8cdfb	17	35004347	41564629	2962	0.0421
0e1347f9-53a6-4608-9da5-ce4934c8cdfb	17	41570766	43186631	767	-0.0308
0e1347f9-53a6-4608-9da5-ce4934c8cdfb	17	43189750	50838691	3029	0.0348
0e1347f9-53a6-4608-9da5-ce4934c8cdfb	17	50838714	56861535	3783	0.1266
0e1347f9-53a6-4608-9da5-ce4934c8cdfb	17	56862354	65204273	4116	0.0562
0e1347f9-53a6-4608-9da5-ce4934c8cdfb	17	65206786	67036777	1221	0.1133
0e1347f9-53a6-4608-9da5-ce4934c8cdfb	17	67038851	68469002	704	0.0425
0e1347f9-53a6-4608-9da5-ce4934c8cdfb	17	68473049	69692395	788	0.1029
0e1347f9-53a6-4608-9da5-ce4934c8cdfb	17	69692899	72487631	2143	0.1359
0e1347f9-53a6-4608-9da5-ce4934c8cdfb	17	72489582	74731034	1005	0.0854
0e1347f9-53a6-4608-9da5-ce4934c8cdfb	17	74732122	82959812	3416	0.0101
0e1347f9-53a6-4608-9da5-ce4934c8cdfb	18	326691	897610	55	-0.5981
0e1347f9-53a6-4608-9da5-ce4934c8cdfb	18	898923	2463096	715	-0.366
0e1347f9-53a6-4608-9da5-ce4934c8cdfb	18	2463131	2470600	4	-0.8368
0e1347f9-53a6-4608-9da5-ce4934c8cdfb	18	2475342	3764252	707	-0.1932
0e1347f9-53a6-4608-9da5-ce4934c8cdfb	18	3768176	4155685	350	0.1308
0e1347f9-53a6-4608-9da5-ce4934c8cdfb	18	4159349	4444195	237	0.3686
0e1347f9-53a6-4608-9da5-ce4934c8cdfb	18	4444254	4734814	175	0.177
0e1347f9-53a6-4608-9da5-ce4934c8cdfb	18	4735179	5671689	582	-0.0524
0e1347f9-53a6-4608-9da5-ce4934c8cdfb	18	5675167	6602285	198	0.3325
0e1347f9-53a6-4608-9da5-ce4934c8cdfb	18	6603955	6604732	3	-0.5846
0e1347f9-53a6-4608-9da5-ce4934c8cdfb	18	6610813	9289744	2019	0.337
0e1347f9-53a6-4608-9da5-ce4934c8cdfb	18	9292304	10435591	888	0.1297
0e1347f9-53a6-4608-9da5-ce4934c8cdfb	18	10435871	11673157	841	0.2074
0e1347f9-53a6-4608-9da5-ce4934c8cdfb	18	11678947	22880220	2374	0.1166
0e1347f9-53a6-4608-9da5-ce4934c8cdfb	18	22881594	23059491	69	0.0672
0e1347f9-53a6-4608-9da5-ce4934c8cdfb	18	23062210	23064520	3	-0.6742
0e1347f9-53a6-4608-9da5-ce4934c8cdfb	18	23065349	23653051	345	0.0451
0e1347f9-53a6-4608-9da5-ce4934c8cdfb	18	23657872	24036433	212	0.1444
0e1347f9-53a6-4608-9da5-ce4934c8cdfb	18	24037883	24509404	339	0.0787
0e1347f9-53a6-4608-9da5-ce4934c8cdfb	18	24510939	25237619	552	0.1628
0e1347f9-53a6-4608-9da5-ce4934c8cdfb	18	25238296	31662329	3926	-0.0609
0e1347f9-53a6-4608-9da5-ce4934c8cdfb	18	31663900	35500232	2339	-0.3529
0e1347f9-53a6-4608-9da5-ce4934c8cdfb	18	35501190	35501196	2	-2.383
0e1347f9-53a6-4608-9da5-ce4934c8cdfb	18	35501777	37813740	1503	-0.3228
0e1347f9-53a6-4608-9da5-ce4934c8cdfb	18	37816156	45572740	4648	-0.4117
0e1347f9-53a6-4608-9da5-ce4934c8cdfb	18	45572993	51230127	3845	-0.463
0e1347f9-53a6-4608-9da5-ce4934c8cdfb	18	51232292	57251182	3806	-0.4112
0e1347f9-53a6-4608-9da5-ce4934c8cdfb	18	57254055	67615108	6346	-0.0893
0e1347f9-53a6-4608-9da5-ce4934c8cdfb	18	67615239	69354234	899	-0.0162
0e1347f9-53a6-4608-9da5-ce4934c8cdfb	18	69354250	71382253	1237	-0.0799
0e1347f9-53a6-4608-9da5-ce4934c8cdfb	18	73699619	78921541	3495	0.0754
0e1347f9-53a6-4608-9da5-ce4934c8cdfb	18	78922035	79349796	248	0.2714
0e1347f9-53a6-4608-9da5-ce4934c8cdfb	19	283868	3542985	800	0.9834
0e1347f9-53a6-4608-9da5-ce4934c8cdfb	19	3554785	5118606	357	0.2344
0e1347f9-53a6-4608-9da5-ce4934c8cdfb	19	5142462	5180237	25	-0.2501
0e1347f9-53a6-4608-9da5-ce4934c8cdfb	19	5184438	5603654	207	-0.7417
0e1347f9-53a6-4608-9da5-ce4934c8cdfb	19	5606709	21409694	6526	-0.0206
0e1347f9-53a6-4608-9da5-ce4934c8cdfb	19	21410626	27757927	1146	0.0469
0e1347f9-53a6-4608-9da5-ce4934c8cdfb	19	27758174	30238427	1887	0.1651
0e1347f9-53a6-4608-9da5-ce4934c8cdfb	19	30239366	32794751	1774	0.5522
0e1347f9-53a6-4608-9da5-ce4934c8cdfb	19	32798364	34324901	988	-0.1681
0e1347f9-53a6-4608-9da5-ce4934c8cdfb	19	34325099	38214502	2027	0.0784
0e1347f9-53a6-4608-9da5-ce4934c8cdfb	19	38216349	43897907	2257	-0.2158
0e1347f9-53a6-4608-9da5-ce4934c8cdfb	19	43898741	44704977	548	-0.1367
0e1347f9-53a6-4608-9da5-ce4934c8cdfb	19	44705412	47487205	1071	-0.2074
0e1347f9-53a6-4608-9da5-ce4934c8cdfb	19	47487369	54090930	2471	-0.1463
0e1347f9-53a6-4608-9da5-ce4934c8cdfb	19	54090942	56058831	786	-0.2525
0e1347f9-53a6-4608-9da5-ce4934c8cdfb	19	56060856	56337742	121	0.4403
0e1347f9-53a6-4608-9da5-ce4934c8cdfb	19	56350563	56871395	340	0.9084
0e1347f9-53a6-4608-9da5-ce4934c8cdfb	19	56874691	57459443	395	0.4232
0e1347f9-53a6-4608-9da5-ce4934c8cdfb	19	57510923	58370362	416	-0.2925
0e1347f9-53a6-4608-9da5-ce4934c8cdfb	20	472817	5377322	3077	-0.2818
0e1347f9-53a6-4608-9da5-ce4934c8cdfb	20	5378314	6271891	412	0.0241
0e1347f9-53a6-4608-9da5-ce4934c8cdfb	20	6272418	16514274	6808	0.1123
0e1347f9-53a6-4608-9da5-ce4934c8cdfb	20	16514307	20431755	3239	0.0814
0e1347f9-53a6-4608-9da5-ce4934c8cdfb	20	20432157	31472798	3531	0.1136
0e1347f9-53a6-4608-9da5-ce4934c8cdfb	20	31473420	38011461	3265	0.0524
0e1347f9-53a6-4608-9da5-ce4934c8cdfb	20	38013721	43062610	3453	0.143
0e1347f9-53a6-4608-9da5-ce4934c8cdfb	20	43064813	44249919	814	0.3242
0e1347f9-53a6-4608-9da5-ce4934c8cdfb	20	44250193	50583150	4016	0.4854
0e1347f9-53a6-4608-9da5-ce4934c8cdfb	20	50583425	51198213	393	0.2969
0e1347f9-53a6-4608-9da5-ce4934c8cdfb	20	51200228	52092891	619	0.0962
0e1347f9-53a6-4608-9da5-ce4934c8cdfb	20	52094848	53427809	947	0.1506
0e1347f9-53a6-4608-9da5-ce4934c8cdfb	20	53433789	53885573	228	0.0623
0e1347f9-53a6-4608-9da5-ce4934c8cdfb	20	53889922	56229588	1798	0.1599
0e1347f9-53a6-4608-9da5-ce4934c8cdfb	20	56229782	56987407	567	0.101
0e1347f9-53a6-4608-9da5-ce4934c8cdfb	20	56989636	61883012	3722	-0.1823
0e1347f9-53a6-4608-9da5-ce4934c8cdfb	20	61886923	61887793	6	2.4289
0e1347f9-53a6-4608-9da5-ce4934c8cdfb	20	61891959	62572896	305	1.9426
0e1347f9-53a6-4608-9da5-ce4934c8cdfb	20	62597349	62696652	65	2.569
0e1347f9-53a6-4608-9da5-ce4934c8cdfb	20	62698759	63588502	281	-0.2756
0e1347f9-53a6-4608-9da5-ce4934c8cdfb	21	13974127	14661805	430	0.1075
0e1347f9-53a6-4608-9da5-ce4934c8cdfb	21	14662010	23093333	5181	0.1763
0e1347f9-53a6-4608-9da5-ce4934c8cdfb	21	23093541	32448459	6271	0.1169
0e1347f9-53a6-4608-9da5-ce4934c8cdfb	21	32448528	34188108	1117	0.0293
0e1347f9-53a6-4608-9da5-ce4934c8cdfb	21	34188388	42035071	5765	0.1143
0e1347f9-53a6-4608-9da5-ce4934c8cdfb	21	42036055	42962716	684	0.0556
0e1347f9-53a6-4608-9da5-ce4934c8cdfb	21	42963142	42971065	3	-0.8334
0e1347f9-53a6-4608-9da5-ce4934c8cdfb	21	42971700	46262057	1150	0.0568
0e1347f9-53a6-4608-9da5-ce4934c8cdfb	22	16934932	21741482	772	-0.7064
0e1347f9-53a6-4608-9da5-ce4934c8cdfb	22	21742513	21949041	93	-0.0103
0e1347f9-53a6-4608-9da5-ce4934c8cdfb	22	23474170	23670385	77	0.5038
0e1347f9-53a6-4608-9da5-ce4934c8cdfb	22	23670579	25217707	756	0.6759
0e1347f9-53a6-4608-9da5-ce4934c8cdfb	22	25218969	29091391	2880	0.7381
0e1347f9-53a6-4608-9da5-ce4934c8cdfb	22	29092656	32321836	1751	0.6595
0e1347f9-53a6-4608-9da5-ce4934c8cdfb	22	32322859	35979189	2959	0.5585
0e1347f9-53a6-4608-9da5-ce4934c8cdfb	22	35994836	40165146	1998	0.4743
0e1347f9-53a6-4608-9da5-ce4934c8cdfb	22	40171115	41104141	446	0.6577
0e1347f9-53a6-4608-9da5-ce4934c8cdfb	22	41109615	41110589	3	-0.0971
0e1347f9-53a6-4608-9da5-ce4934c8cdfb	22	41110604	41703164	395	0.6031
0e1347f9-53a6-4608-9da5-ce4934c8cdfb	22	41704271	42163788	230	0.4583
0e1347f9-53a6-4608-9da5-ce4934c8cdfb	22	42167275	43966935	1017	0.7047
0e1347f9-53a6-4608-9da5-ce4934c8cdfb	22	43971243	47023922	2133	0.5167
0e1347f9-53a6-4608-9da5-ce4934c8cdfb	22	47026257	48940621	1575	0.5665
0e1347f9-53a6-4608-9da5-ce4934c8cdfb	X	3236359	14599675	4492	0.5224
0e1347f9-53a6-4608-9da5-ce4934c8cdfb	X	14599974	18811512	1924	0.589
0e1347f9-53a6-4608-9da5-ce4934c8cdfb	X	18814070	20133900	375	0.298
0e1347f9-53a6-4608-9da5-ce4934c8cdfb	X	20134104	28525130	4448	0.4147
0e1347f9-53a6-4608-9da5-ce4934c8cdfb	X	28534489	40112161	5372	0.4709
0e1347f9-53a6-4608-9da5-ce4934c8cdfb	X	40117600	43094181	1187	0.4241
0e1347f9-53a6-4608-9da5-ce4934c8cdfb	X	43095803	43176139	42	0.5326
0e1347f9-53a6-4608-9da5-ce4934c8cdfb	X	43176842	46667264	1773	0.206
0e1347f9-53a6-4608-9da5-ce4934c8cdfb	X	46667801	49608138	1064	0.0839
0e1347f9-53a6-4608-9da5-ce4934c8cdfb	X	49608964	51133327	785	0.1658
0e1347f9-53a6-4608-9da5-ce4934c8cdfb	X	51137401	52233460	362	0.1087
0e1347f9-53a6-4608-9da5-ce4934c8cdfb	X	52237418	64596624	2607	0.3917
0e1347f9-53a6-4608-9da5-ce4934c8cdfb	X	64598531	64751338	67	2.7557
0e1347f9-53a6-4608-9da5-ce4934c8cdfb	X	64757087	65286767	223	0.355
0e1347f9-53a6-4608-9da5-ce4934c8cdfb	X	65290794	67321272	751	0.079
0e1347f9-53a6-4608-9da5-ce4934c8cdfb	X	67329416	67412795	41	0.4162
0e1347f9-53a6-4608-9da5-ce4934c8cdfb	X	67414734	70208190	1230	0.1008
0e1347f9-53a6-4608-9da5-ce4934c8cdfb	X	70216853	76696813	2107	0.0372
0e1347f9-53a6-4608-9da5-ce4934c8cdfb	X	76705860	77067532	200	0.1127
0e1347f9-53a6-4608-9da5-ce4934c8cdfb	X	77070100	77110999	4	0.4023
0e1347f9-53a6-4608-9da5-ce4934c8cdfb	X	77345208	77467351	29	2.6382
0e1347f9-53a6-4608-9da5-ce4934c8cdfb	X	77504860	77814813	25	-0.1076
0e1347f9-53a6-4608-9da5-ce4934c8cdfb	X	77847032	78142530	84	2.6778
0e1347f9-53a6-4608-9da5-ce4934c8cdfb	X	78143581	78188236	10	0.4503
0e1347f9-53a6-4608-9da5-ce4934c8cdfb	X	78195069	78239463	22	2.5923
0e1347f9-53a6-4608-9da5-ce4934c8cdfb	X	78243702	78282545	22	0.4022
0e1347f9-53a6-4608-9da5-ce4934c8cdfb	X	78283620	78333451	16	2.7006
0e1347f9-53a6-4608-9da5-ce4934c8cdfb	X	78353824	78423209	36	0.369
0e1347f9-53a6-4608-9da5-ce4934c8cdfb	X	78453230	78464964	11	2.3864
0e1347f9-53a6-4608-9da5-ce4934c8cdfb	X	78477263	82901277	2137	0.0553
0e1347f9-53a6-4608-9da5-ce4934c8cdfb	X	82905867	82956802	31	2.5068
0e1347f9-53a6-4608-9da5-ce4934c8cdfb	X	82961444	83004412	51	0.1126
0e1347f9-53a6-4608-9da5-ce4934c8cdfb	X	83005748	83030348	19	2.5938
0e1347f9-53a6-4608-9da5-ce4934c8cdfb	X	83033123	84180895	471	0.0658
0e1347f9-53a6-4608-9da5-ce4934c8cdfb	X	84181709	106455575	9262	-0.3573
0e1347f9-53a6-4608-9da5-ce4934c8cdfb	X	106456276	106457404	2	-1.8572
0e1347f9-53a6-4608-9da5-ce4934c8cdfb	X	106459971	128694742	10459	-0.3657
0e1347f9-53a6-4608-9da5-ce4934c8cdfb	X	128697047	128714203	13	-1.9724
0e1347f9-53a6-4608-9da5-ce4934c8cdfb	X	128715365	150808433	10571	-0.364
0e1347f9-53a6-4608-9da5-ce4934c8cdfb	X	150808860	152652178	1014	-0.2938
0e1347f9-53a6-4608-9da5-ce4934c8cdfb	X	152654676	155677414	399	-0.3793
