GDC_Aliquot	Chromosome	Start	End	Num_Probes	Segment_Mean
11967ba0-a030-4a07-9576-03f774e89959	1	3301765	38994378	19196	-0.0408
11967ba0-a030-4a07-9576-03f774e89959	1	38998381	51659281	6529	0.1899
11967ba0-a030-4a07-9576-03f774e89959	1	51662219	53550680	1037	0.3778
11967ba0-a030-4a07-9576-03f774e89959	1	53551884	54890557	802	0.1929
11967ba0-a030-4a07-9576-03f774e89959	1	54893407	67107555	8944	0.5827
11967ba0-a030-4a07-9576-03f774e89959	1	67107605	67270298	115	0.4131
11967ba0-a030-4a07-9576-03f774e89959	1	67272676	67500479	164	0.5637
11967ba0-a030-4a07-9576-03f774e89959	1	67502878	68320210	617	0.4107
11967ba0-a030-4a07-9576-03f774e89959	1	68324208	68776080	285	0.3671
11967ba0-a030-4a07-9576-03f774e89959	1	68778535	101070222	19212	0.1885
11967ba0-a030-4a07-9576-03f774e89959	1	101070740	102698962	1000	0.5233
11967ba0-a030-4a07-9576-03f774e89959	1	102699674	109600187	3537	0.1702
11967ba0-a030-4a07-9576-03f774e89959	1	109601133	110017996	197	0.3999
11967ba0-a030-4a07-9576-03f774e89959	1	110027454	110176246	100	0.1981
11967ba0-a030-4a07-9576-03f774e89959	1	110176467	112405275	1637	-0.072
11967ba0-a030-4a07-9576-03f774e89959	1	112406968	119965901	4622	0.1978
11967ba0-a030-4a07-9576-03f774e89959	1	119967232	247650984	61515	-0.0894
11967ba0-a030-4a07-9576-03f774e89959	2	480597	2696068	756	-0.1491
11967ba0-a030-4a07-9576-03f774e89959	2	2697202	2734532	29	-0.0798
11967ba0-a030-4a07-9576-03f774e89959	2	2735024	2905614	144	0.1894
11967ba0-a030-4a07-9576-03f774e89959	2	2906038	67190264	38536	0.1099
11967ba0-a030-4a07-9576-03f774e89959	2	67202014	96889002	11834	0.1471
11967ba0-a030-4a07-9576-03f774e89959	2	96890675	134816593	19360	0.1715
11967ba0-a030-4a07-9576-03f774e89959	2	134816849	141731887	3738	0.146
11967ba0-a030-4a07-9576-03f774e89959	2	141732138	153318252	6798	-0.084
11967ba0-a030-4a07-9576-03f774e89959	2	153318598	153847722	293	-0.4263
11967ba0-a030-4a07-9576-03f774e89959	2	153853400	154004717	96	0.1685
11967ba0-a030-4a07-9576-03f774e89959	2	154004835	154075645	26	-0.0652
11967ba0-a030-4a07-9576-03f774e89959	2	154075886	154553398	301	-0.4091
11967ba0-a030-4a07-9576-03f774e89959	2	154556406	160339999	3292	-0.0945
11967ba0-a030-4a07-9576-03f774e89959	2	160340357	160360210	2	1.4673
11967ba0-a030-4a07-9576-03f774e89959	2	160361024	166088818	3149	-0.0807
11967ba0-a030-4a07-9576-03f774e89959	2	166096160	241537572	43598	-0.3822
11967ba0-a030-4a07-9576-03f774e89959	3	2170634	3503732	776	0.1143
11967ba0-a030-4a07-9576-03f774e89959	3	3504221	14768783	6927	0.1415
11967ba0-a030-4a07-9576-03f774e89959	3	14769106	90294151	43481	0.1143
11967ba0-a030-4a07-9576-03f774e89959	3	90315110	90436812	14	-0.3583
11967ba0-a030-4a07-9576-03f774e89959	3	90453712	97147066	1570	0.126
11967ba0-a030-4a07-9576-03f774e89959	3	97148194	97230485	34	0.5115
11967ba0-a030-4a07-9576-03f774e89959	3	97230795	97260885	19	0.2202
11967ba0-a030-4a07-9576-03f774e89959	3	97264935	97293204	13	0.5541
11967ba0-a030-4a07-9576-03f774e89959	3	97296681	97350617	20	0.1355
11967ba0-a030-4a07-9576-03f774e89959	3	97350999	98333659	538	0.5191
11967ba0-a030-4a07-9576-03f774e89959	3	98334189	98357342	13	0.0822
11967ba0-a030-4a07-9576-03f774e89959	3	98361061	98497408	79	0.4936
11967ba0-a030-4a07-9576-03f774e89959	3	98499845	98980287	241	0.1485
11967ba0-a030-4a07-9576-03f774e89959	3	98982977	99399853	238	-0.347
11967ba0-a030-4a07-9576-03f774e89959	3	99400526	99602265	102	0.1305
11967ba0-a030-4a07-9576-03f774e89959	3	99603594	104213928	2454	0.4853
11967ba0-a030-4a07-9576-03f774e89959	3	104219922	105086840	629	0.1217
11967ba0-a030-4a07-9576-03f774e89959	3	105088009	105177936	49	0.4892
11967ba0-a030-4a07-9576-03f774e89959	3	105181943	105209162	10	0.0684
11967ba0-a030-4a07-9576-03f774e89959	3	105209604	105434827	132	0.5199
11967ba0-a030-4a07-9576-03f774e89959	3	105443414	105470937	23	0.1639
11967ba0-a030-4a07-9576-03f774e89959	3	105479530	105501181	19	0.5839
11967ba0-a030-4a07-9576-03f774e89959	3	105501746	106430731	501	0.1403
11967ba0-a030-4a07-9576-03f774e89959	3	106438970	106468555	24	0.5889
11967ba0-a030-4a07-9576-03f774e89959	3	106468864	106501463	28	0.0844
11967ba0-a030-4a07-9576-03f774e89959	3	106501867	106639479	101	0.566
11967ba0-a030-4a07-9576-03f774e89959	3	106645530	109300867	1358	0.15
11967ba0-a030-4a07-9576-03f774e89959	3	109302203	110662154	735	-0.111
11967ba0-a030-4a07-9576-03f774e89959	3	110672187	110701063	17	0.4458
11967ba0-a030-4a07-9576-03f774e89959	3	110705136	110723222	13	-0.1558
11967ba0-a030-4a07-9576-03f774e89959	3	110724168	110771036	31	0.3274
11967ba0-a030-4a07-9576-03f774e89959	3	110771133	110788047	19	-0.1994
11967ba0-a030-4a07-9576-03f774e89959	3	110791682	110928682	63	0.2786
11967ba0-a030-4a07-9576-03f774e89959	3	110931877	111140477	81	-0.1082
11967ba0-a030-4a07-9576-03f774e89959	3	111141341	111869217	466	-0.3973
11967ba0-a030-4a07-9576-03f774e89959	3	111870537	112131213	200	-0.0754
11967ba0-a030-4a07-9576-03f774e89959	3	112132970	112374566	155	0.3044
11967ba0-a030-4a07-9576-03f774e89959	3	112395969	112507087	75	-0.1526
11967ba0-a030-4a07-9576-03f774e89959	3	112515947	113209454	440	0.3308
11967ba0-a030-4a07-9576-03f774e89959	3	113217762	113246145	28	-0.1231
11967ba0-a030-4a07-9576-03f774e89959	3	113251775	113280764	31	0.3222
11967ba0-a030-4a07-9576-03f774e89959	3	113281756	116072281	1572	-0.1014
11967ba0-a030-4a07-9576-03f774e89959	3	116084696	118258934	1617	0.3288
11967ba0-a030-4a07-9576-03f774e89959	3	118263144	118297848	29	-0.0918
11967ba0-a030-4a07-9576-03f774e89959	3	118302085	118312355	10	0.3269
11967ba0-a030-4a07-9576-03f774e89959	3	118312512	118805818	297	-0.1202
11967ba0-a030-4a07-9576-03f774e89959	3	118806461	118809592	2	-1.3623
11967ba0-a030-4a07-9576-03f774e89959	3	118811404	119370241	270	-0.0988
11967ba0-a030-4a07-9576-03f774e89959	3	119371620	135783531	9494	-0.3945
11967ba0-a030-4a07-9576-03f774e89959	3	135787183	135840015	26	0.4714
11967ba0-a030-4a07-9576-03f774e89959	3	135841811	135891979	34	-0.0532
11967ba0-a030-4a07-9576-03f774e89959	3	135894087	136443210	224	0.7805
11967ba0-a030-4a07-9576-03f774e89959	3	136450267	137274745	349	0.9353
11967ba0-a030-4a07-9576-03f774e89959	3	137276306	138304365	518	0.7644
11967ba0-a030-4a07-9576-03f774e89959	3	138306294	138339374	22	0.4463
11967ba0-a030-4a07-9576-03f774e89959	3	138340212	138559364	106	-0.3605
11967ba0-a030-4a07-9576-03f774e89959	3	138566528	139425773	381	0.5015
11967ba0-a030-4a07-9576-03f774e89959	3	139427603	139513072	47	-0.4097
11967ba0-a030-4a07-9576-03f774e89959	3	139513542	139638999	94	-0.0529
11967ba0-a030-4a07-9576-03f774e89959	3	139639366	142100008	1647	-0.4034
11967ba0-a030-4a07-9576-03f774e89959	3	142375789	142706338	151	0.9712
11967ba0-a030-4a07-9576-03f774e89959	3	142711933	142741794	12	0.4609
11967ba0-a030-4a07-9576-03f774e89959	3	142749128	187351395	22805	-0.406
11967ba0-a030-4a07-9576-03f774e89959	3	187362056	188325444	712	0.1749
11967ba0-a030-4a07-9576-03f774e89959	3	188327228	189588574	867	0.5262
11967ba0-a030-4a07-9576-03f774e89959	3	189589344	189601130	3	-0.959
11967ba0-a030-4a07-9576-03f774e89959	3	189601908	191290893	1145	0.5552
11967ba0-a030-4a07-9576-03f774e89959	3	191291210	197402802	2715	0.1916
11967ba0-a030-4a07-9576-03f774e89959	3	197406004	197812401	88	-0.4535
11967ba0-a030-4a07-9576-03f774e89959	4	1059384	3461725	983	0.1848
11967ba0-a030-4a07-9576-03f774e89959	4	3462155	6321322	1810	0.2904
11967ba0-a030-4a07-9576-03f774e89959	4	6321525	10282003	2024	0.196
11967ba0-a030-4a07-9576-03f774e89959	4	10282941	47369572	23092	0.1531
11967ba0-a030-4a07-9576-03f774e89959	4	47373194	48026135	391	0.1887
11967ba0-a030-4a07-9576-03f774e89959	4	48026425	52641778	466	-0.0962
11967ba0-a030-4a07-9576-03f774e89959	4	52641989	56162806	2393	-0.0524
11967ba0-a030-4a07-9576-03f774e89959	4	56163669	124720173	38408	-0.1006
11967ba0-a030-4a07-9576-03f774e89959	4	124723041	124724803	2	1.7857
11967ba0-a030-4a07-9576-03f774e89959	4	124724814	143525366	10038	-0.0956
11967ba0-a030-4a07-9576-03f774e89959	4	143533934	187842528	23711	-0.4009
11967ba0-a030-4a07-9576-03f774e89959	5	914118	2302280	419	-0.1011
11967ba0-a030-4a07-9576-03f774e89959	5	2302399	16434916	9814	0.1733
11967ba0-a030-4a07-9576-03f774e89959	5	16439044	16439642	2	-1.5943
11967ba0-a030-4a07-9576-03f774e89959	5	16441477	26693722	5268	0.1355
11967ba0-a030-4a07-9576-03f774e89959	5	26701735	27392038	379	0.5457
11967ba0-a030-4a07-9576-03f774e89959	5	27392493	50828231	10212	0.3548
11967ba0-a030-4a07-9576-03f774e89959	5	50829022	54254622	2065	0.129
11967ba0-a030-4a07-9576-03f774e89959	5	54260252	54344145	54	0.5212
11967ba0-a030-4a07-9576-03f774e89959	5	54344409	54431409	58	0.1478
11967ba0-a030-4a07-9576-03f774e89959	5	54434179	54434388	2	-1.322
11967ba0-a030-4a07-9576-03f774e89959	5	54434818	55196794	568	0.1432
11967ba0-a030-4a07-9576-03f774e89959	5	55206057	58667156	2200	0.3442
11967ba0-a030-4a07-9576-03f774e89959	5	58667916	64399982	3012	0.1236
11967ba0-a030-4a07-9576-03f774e89959	5	64400801	64406048	2	-1.4139
11967ba0-a030-4a07-9576-03f774e89959	5	64411530	84475618	11066	0.0947
11967ba0-a030-4a07-9576-03f774e89959	5	84477642	93575746	4624	0.0502
11967ba0-a030-4a07-9576-03f774e89959	5	93587868	95864408	1219	0.0805
11967ba0-a030-4a07-9576-03f774e89959	5	95865999	97045155	712	0.273
11967ba0-a030-4a07-9576-03f774e89959	5	97045359	107013057	4159	0.0585
11967ba0-a030-4a07-9576-03f774e89959	5	107016179	107164387	91	0.2095
11967ba0-a030-4a07-9576-03f774e89959	5	107164962	114714292	4986	0.2922
11967ba0-a030-4a07-9576-03f774e89959	5	114715739	114903581	115	0.0455
11967ba0-a030-4a07-9576-03f774e89959	5	114910879	120293578	3156	0.4755
11967ba0-a030-4a07-9576-03f774e89959	5	120293875	120479825	126	0.2847
11967ba0-a030-4a07-9576-03f774e89959	5	120482097	120803077	177	0.0408
11967ba0-a030-4a07-9576-03f774e89959	5	120804426	133243791	7009	0.2861
11967ba0-a030-4a07-9576-03f774e89959	5	133243967	164971983	19860	0.333
11967ba0-a030-4a07-9576-03f774e89959	5	164972831	165831009	554	0.1411
11967ba0-a030-4a07-9576-03f774e89959	5	165831166	176943401	7250	0.2136
11967ba0-a030-4a07-9576-03f774e89959	5	176943656	180934240	1830	0.1357
11967ba0-a030-4a07-9576-03f774e89959	6	1011760	1154947	138	0.6026
11967ba0-a030-4a07-9576-03f774e89959	6	1156732	1622611	378	-0.3721
11967ba0-a030-4a07-9576-03f774e89959	6	1628667	1637389	8	0.8035
11967ba0-a030-4a07-9576-03f774e89959	6	1637507	1653328	15	-0.5171
11967ba0-a030-4a07-9576-03f774e89959	6	1655275	1686365	26	0.2275
11967ba0-a030-4a07-9576-03f774e89959	6	1688157	5193379	2444	-0.391
11967ba0-a030-4a07-9576-03f774e89959	6	5199797	5260152	49	0.7544
11967ba0-a030-4a07-9576-03f774e89959	6	5270217	7671398	1839	-0.4086
11967ba0-a030-4a07-9576-03f774e89959	6	7673306	7913450	213	0.592
11967ba0-a030-4a07-9576-03f774e89959	6	7918078	16494030	5885	-0.4097
11967ba0-a030-4a07-9576-03f774e89959	6	16497581	16701103	183	0.4987
11967ba0-a030-4a07-9576-03f774e89959	6	16708541	17044037	278	-0.3703
11967ba0-a030-4a07-9576-03f774e89959	6	17046289	17092655	17	0.477
11967ba0-a030-4a07-9576-03f774e89959	6	17096123	25450258	5818	-0.4033
11967ba0-a030-4a07-9576-03f774e89959	6	25735847	26305179	358	0.4949
11967ba0-a030-4a07-9576-03f774e89959	6	26311013	30058573	1255	-0.4175
11967ba0-a030-4a07-9576-03f774e89959	6	30065913	30155390	36	1.3908
11967ba0-a030-4a07-9576-03f774e89959	6	30160096	34195382	1116	-0.4173
11967ba0-a030-4a07-9576-03f774e89959	6	34202228	34255625	13	2.2499
11967ba0-a030-4a07-9576-03f774e89959	6	34258242	35336869	474	-0.423
11967ba0-a030-4a07-9576-03f774e89959	6	35346873	35380213	22	2.4134
11967ba0-a030-4a07-9576-03f774e89959	6	35381962	35605468	84	1.6392
11967ba0-a030-4a07-9576-03f774e89959	6	35607747	35735435	62	-0.3933
11967ba0-a030-4a07-9576-03f774e89959	6	35737595	35758078	6	1.6895
11967ba0-a030-4a07-9576-03f774e89959	6	35759813	35836979	38	-0.4091
11967ba0-a030-4a07-9576-03f774e89959	6	35838659	35852767	19	1.5122
11967ba0-a030-4a07-9576-03f774e89959	6	35853562	35919689	29	-0.3768
11967ba0-a030-4a07-9576-03f774e89959	6	35922966	35967118	20	1.7899
11967ba0-a030-4a07-9576-03f774e89959	6	35969025	35971227	2	0.0898
11967ba0-a030-4a07-9576-03f774e89959	6	35971911	36830180	549	-0.4375
11967ba0-a030-4a07-9576-03f774e89959	6	36841722	37535093	450	0.1465
11967ba0-a030-4a07-9576-03f774e89959	6	37540330	38025623	315	1.6647
11967ba0-a030-4a07-9576-03f774e89959	6	38037321	38132561	61	0.1908
11967ba0-a030-4a07-9576-03f774e89959	6	38137962	38207045	55	2.0705
11967ba0-a030-4a07-9576-03f774e89959	6	38207238	38329775	80	2.3593
11967ba0-a030-4a07-9576-03f774e89959	6	38329914	38676798	244	2.5647
11967ba0-a030-4a07-9576-03f774e89959	6	38676881	39701050	771	2.3389
11967ba0-a030-4a07-9576-03f774e89959	6	39702264	39999784	231	1.8726
11967ba0-a030-4a07-9576-03f774e89959	6	40001016	40142880	80	2.2277
11967ba0-a030-4a07-9576-03f774e89959	6	40143688	40165175	23	1.8325
11967ba0-a030-4a07-9576-03f774e89959	6	40165342	40248217	50	2.7014
11967ba0-a030-4a07-9576-03f774e89959	6	40248543	40788020	529	2.0314
11967ba0-a030-4a07-9576-03f774e89959	6	40789700	41011955	147	0.1925
11967ba0-a030-4a07-9576-03f774e89959	6	41015244	41751372	493	1.732
11967ba0-a030-4a07-9576-03f774e89959	6	41757536	42252177	273	1.3147
11967ba0-a030-4a07-9576-03f774e89959	6	42252613	42514829	147	1.0902
11967ba0-a030-4a07-9576-03f774e89959	6	42518909	43077724	268	1.4054
11967ba0-a030-4a07-9576-03f774e89959	6	43103552	43605277	252	0.5117
11967ba0-a030-4a07-9576-03f774e89959	6	43609032	43670899	24	0.1563
11967ba0-a030-4a07-9576-03f774e89959	6	43675951	44479861	463	1.4578
11967ba0-a030-4a07-9576-03f774e89959	6	44481479	45131568	355	1.7385
11967ba0-a030-4a07-9576-03f774e89959	6	45134813	45146133	3	1.0125
11967ba0-a030-4a07-9576-03f774e89959	6	45148411	46362332	704	0.1641
11967ba0-a030-4a07-9576-03f774e89959	6	46362556	46392560	17	0.7233
11967ba0-a030-4a07-9576-03f774e89959	6	46393672	46456854	31	0.1693
11967ba0-a030-4a07-9576-03f774e89959	6	46460429	46498659	24	0.7067
11967ba0-a030-4a07-9576-03f774e89959	6	46498928	46958100	327	0.1682
11967ba0-a030-4a07-9576-03f774e89959	6	46960032	46960083	2	-1.3608
11967ba0-a030-4a07-9576-03f774e89959	6	46963821	48456823	945	0.1615
11967ba0-a030-4a07-9576-03f774e89959	6	48462328	48572898	73	0.8148
11967ba0-a030-4a07-9576-03f774e89959	6	48578086	51664186	1681	0.1489
11967ba0-a030-4a07-9576-03f774e89959	6	51664303	51685114	13	0.6726
11967ba0-a030-4a07-9576-03f774e89959	6	51686190	51767191	48	0.1594
11967ba0-a030-4a07-9576-03f774e89959	6	51771791	51774440	7	0.9412
11967ba0-a030-4a07-9576-03f774e89959	6	51778142	51792064	12	0.1289
11967ba0-a030-4a07-9576-03f774e89959	6	51800799	51815909	29	0.7105
11967ba0-a030-4a07-9576-03f774e89959	6	51818576	51834606	18	0.3345
11967ba0-a030-4a07-9576-03f774e89959	6	51836124	51859642	18	0.7133
11967ba0-a030-4a07-9576-03f774e89959	6	51862530	55360286	2317	0.1499
11967ba0-a030-4a07-9576-03f774e89959	6	55372925	55476809	83	1.865
11967ba0-a030-4a07-9576-03f774e89959	6	55476897	55491265	10	2.5387
11967ba0-a030-4a07-9576-03f774e89959	6	55491895	55912558	262	1.7789
11967ba0-a030-4a07-9576-03f774e89959	6	55916475	63981306	1894	0.1414
11967ba0-a030-4a07-9576-03f774e89959	6	63986685	63997323	10	1.957
11967ba0-a030-4a07-9576-03f774e89959	6	64002318	64272021	106	0.1668
11967ba0-a030-4a07-9576-03f774e89959	6	64273209	64277380	5	1.9595
11967ba0-a030-4a07-9576-03f774e89959	6	64277814	67274853	1788	0.1264
11967ba0-a030-4a07-9576-03f774e89959	6	67278584	67383513	55	2.1934
11967ba0-a030-4a07-9576-03f774e89959	6	67388178	71134960	2018	0.1368
11967ba0-a030-4a07-9576-03f774e89959	6	71137746	71250414	82	1.8127
11967ba0-a030-4a07-9576-03f774e89959	6	71255912	77666691	3840	0.1314
11967ba0-a030-4a07-9576-03f774e89959	6	77669582	77681987	10	1.7807
11967ba0-a030-4a07-9576-03f774e89959	6	77690728	77712474	14	0.1312
11967ba0-a030-4a07-9576-03f774e89959	6	77712642	77833282	67	1.7145
11967ba0-a030-4a07-9576-03f774e89959	6	77835702	77876112	33	0.7661
11967ba0-a030-4a07-9576-03f774e89959	6	77883980	78040466	84	0.1218
11967ba0-a030-4a07-9576-03f774e89959	6	78040584	78058378	10	0.8838
11967ba0-a030-4a07-9576-03f774e89959	6	78061243	78403328	108	0.1183
11967ba0-a030-4a07-9576-03f774e89959	6	78404881	80297081	902	1.9066
11967ba0-a030-4a07-9576-03f774e89959	6	80297329	80320575	14	2.5857
11967ba0-a030-4a07-9576-03f774e89959	6	80320904	80347520	28	1.7773
11967ba0-a030-4a07-9576-03f774e89959	6	80348320	80771667	283	2.2313
11967ba0-a030-4a07-9576-03f774e89959	6	80772942	80867110	26	1.7144
11967ba0-a030-4a07-9576-03f774e89959	6	80873285	81533604	454	0.4903
11967ba0-a030-4a07-9576-03f774e89959	6	81538426	81595392	38	0.1671
11967ba0-a030-4a07-9576-03f774e89959	6	81598902	81623185	19	1.8866
11967ba0-a030-4a07-9576-03f774e89959	6	81626625	81768232	68	0.149
11967ba0-a030-4a07-9576-03f774e89959	6	81778793	81987161	112	0.4984
11967ba0-a030-4a07-9576-03f774e89959	6	81987464	82429789	209	0.146
11967ba0-a030-4a07-9576-03f774e89959	6	82432226	82442257	7	0.8727
11967ba0-a030-4a07-9576-03f774e89959	6	82442503	83435334	536	0.1368
11967ba0-a030-4a07-9576-03f774e89959	6	83442610	83462121	17	0.5553
11967ba0-a030-4a07-9576-03f774e89959	6	83463947	83491411	28	0.6485
11967ba0-a030-4a07-9576-03f774e89959	6	83504009	84506753	642	0.9996
11967ba0-a030-4a07-9576-03f774e89959	6	84508850	85445938	617	1.1614
11967ba0-a030-4a07-9576-03f774e89959	6	85451551	85479802	18	0.7643
11967ba0-a030-4a07-9576-03f774e89959	6	85480248	85483756	3	1.2618
11967ba0-a030-4a07-9576-03f774e89959	6	85485580	85531802	16	0.8208
11967ba0-a030-4a07-9576-03f774e89959	6	85540712	91234880	3385	0.1237
11967ba0-a030-4a07-9576-03f774e89959	6	91239044	91597887	142	1.0382
11967ba0-a030-4a07-9576-03f774e89959	6	91601192	92231388	370	1.981
11967ba0-a030-4a07-9576-03f774e89959	6	92233095	93065860	569	1.7881
11967ba0-a030-4a07-9576-03f774e89959	6	93066575	93597628	363	2.0459
11967ba0-a030-4a07-9576-03f774e89959	6	93601457	93768888	95	0.077
11967ba0-a030-4a07-9576-03f774e89959	6	94556105	94624007	35	2.0776
11967ba0-a030-4a07-9576-03f774e89959	6	95386776	98883711	2031	0.0856
11967ba0-a030-4a07-9576-03f774e89959	6	98884972	98895004	11	1.8673
11967ba0-a030-4a07-9576-03f774e89959	6	98898408	103415226	2576	0.1053
11967ba0-a030-4a07-9576-03f774e89959	6	103416572	103661954	188	0.2894
11967ba0-a030-4a07-9576-03f774e89959	6	103666178	103814239	85	0.0632
11967ba0-a030-4a07-9576-03f774e89959	6	103815363	104061215	83	1.8935
11967ba0-a030-4a07-9576-03f774e89959	6	104092079	104283938	104	0.0525
11967ba0-a030-4a07-9576-03f774e89959	6	104286440	104518699	166	1.6696
11967ba0-a030-4a07-9576-03f774e89959	6	104526947	105373637	496	0.1086
11967ba0-a030-4a07-9576-03f774e89959	6	105374290	105397682	12	0.4626
11967ba0-a030-4a07-9576-03f774e89959	6	105399407	105448520	19	0.9851
11967ba0-a030-4a07-9576-03f774e89959	6	105448968	105469785	17	0.6353
11967ba0-a030-4a07-9576-03f774e89959	6	105469846	106109209	428	0.9847
11967ba0-a030-4a07-9576-03f774e89959	6	106110609	106385090	196	0.773
11967ba0-a030-4a07-9576-03f774e89959	6	106389828	110470107	2489	0.1223
11967ba0-a030-4a07-9576-03f774e89959	6	110470149	110929245	251	0.3013
11967ba0-a030-4a07-9576-03f774e89959	6	110966817	111021736	42	0.6313
11967ba0-a030-4a07-9576-03f774e89959	6	111022191	111066124	27	0.2503
11967ba0-a030-4a07-9576-03f774e89959	6	111073308	111143942	35	1.1174
11967ba0-a030-4a07-9576-03f774e89959	6	111144967	111302068	97	0.2814
11967ba0-a030-4a07-9576-03f774e89959	6	111302523	111365275	28	1.225
11967ba0-a030-4a07-9576-03f774e89959	6	111371042	111488177	50	0.2479
11967ba0-a030-4a07-9576-03f774e89959	6	111489237	111573787	48	1.3776
11967ba0-a030-4a07-9576-03f774e89959	6	111576156	111603207	26	1.9101
11967ba0-a030-4a07-9576-03f774e89959	6	111603647	113543919	1299	2.1016
11967ba0-a030-4a07-9576-03f774e89959	6	113555486	116757837	1729	1.8971
11967ba0-a030-4a07-9576-03f774e89959	6	116759894	118227934	872	1.7002
11967ba0-a030-4a07-9576-03f774e89959	6	118816495	119014700	88	0.2694
11967ba0-a030-4a07-9576-03f774e89959	6	119018169	119073477	32	1.7155
11967ba0-a030-4a07-9576-03f774e89959	6	119075929	119079309	2	3.6066
11967ba0-a030-4a07-9576-03f774e89959	6	119081767	119485136	250	1.7892
11967ba0-a030-4a07-9576-03f774e89959	6	119485152	121708118	1234	1.4754
11967ba0-a030-4a07-9576-03f774e89959	6	121714435	122029691	179	1.6683
11967ba0-a030-4a07-9576-03f774e89959	6	122030068	122206671	104	1.8558
11967ba0-a030-4a07-9576-03f774e89959	6	122219343	122645862	228	2.0403
11967ba0-a030-4a07-9576-03f774e89959	6	122645961	123804563	638	1.8631
11967ba0-a030-4a07-9576-03f774e89959	6	123809857	124933916	716	0.1388
11967ba0-a030-4a07-9576-03f774e89959	6	124941677	125056521	90	1.4118
11967ba0-a030-4a07-9576-03f774e89959	6	125057007	125285885	173	1.1951
11967ba0-a030-4a07-9576-03f774e89959	6	125286157	125463984	134	0.9614
11967ba0-a030-4a07-9576-03f774e89959	6	125464011	126203488	435	1.4747
11967ba0-a030-4a07-9576-03f774e89959	6	126205787	126499995	136	1.2148
11967ba0-a030-4a07-9576-03f774e89959	6	126501403	127376847	422	0.7828
11967ba0-a030-4a07-9576-03f774e89959	6	127384334	127947229	345	1.1747
11967ba0-a030-4a07-9576-03f774e89959	6	127950105	128933489	573	0.7704
11967ba0-a030-4a07-9576-03f774e89959	6	128935307	129481977	409	0.1726
11967ba0-a030-4a07-9576-03f774e89959	6	129484088	129517589	29	0.8559
11967ba0-a030-4a07-9576-03f774e89959	6	129519416	129524370	8	0.2791
11967ba0-a030-4a07-9576-03f774e89959	6	129526214	130900557	972	0.8348
11967ba0-a030-4a07-9576-03f774e89959	6	130900762	130918550	12	0.1906
11967ba0-a030-4a07-9576-03f774e89959	6	130919001	130964613	31	0.8597
11967ba0-a030-4a07-9576-03f774e89959	6	130964943	130984417	17	0.3606
11967ba0-a030-4a07-9576-03f774e89959	6	130987259	131001286	10	0.7293
11967ba0-a030-4a07-9576-03f774e89959	6	131002715	131007720	7	0.4191
11967ba0-a030-4a07-9576-03f774e89959	6	131010167	131080043	49	0.2957
11967ba0-a030-4a07-9576-03f774e89959	6	131088156	131097882	5	-0.4386
11967ba0-a030-4a07-9576-03f774e89959	6	131101423	131549327	265	0.2596
11967ba0-a030-4a07-9576-03f774e89959	6	131552813	131575860	10	0.8509
11967ba0-a030-4a07-9576-03f774e89959	6	131578364	131600844	16	0.1965
11967ba0-a030-4a07-9576-03f774e89959	6	131603141	131605194	4	1.0032
11967ba0-a030-4a07-9576-03f774e89959	6	131607712	131730567	56	0.2588
11967ba0-a030-4a07-9576-03f774e89959	6	131734481	131753442	10	0.9151
11967ba0-a030-4a07-9576-03f774e89959	6	131755188	131922396	111	0.2769
11967ba0-a030-4a07-9576-03f774e89959	6	131929001	131936884	8	0.8735
11967ba0-a030-4a07-9576-03f774e89959	6	131939019	133434069	1070	0.2398
11967ba0-a030-4a07-9576-03f774e89959	6	133435192	135580307	1464	0.3942
11967ba0-a030-4a07-9576-03f774e89959	6	135582179	137045414	937	0.538
11967ba0-a030-4a07-9576-03f774e89959	6	137045486	138096182	717	0.4009
11967ba0-a030-4a07-9576-03f774e89959	6	138096278	138098070	3	1.3489
11967ba0-a030-4a07-9576-03f774e89959	6	138099187	138137283	28	0.3345
11967ba0-a030-4a07-9576-03f774e89959	6	138137475	138491393	233	0.9129
11967ba0-a030-4a07-9576-03f774e89959	6	138491480	138753143	172	1.293
11967ba0-a030-4a07-9576-03f774e89959	6	138754204	139369934	372	0.9221
11967ba0-a030-4a07-9576-03f774e89959	6	139370563	139679343	199	1.1085
11967ba0-a030-4a07-9576-03f774e89959	6	139687565	139923393	159	0.656
11967ba0-a030-4a07-9576-03f774e89959	6	139925442	142362251	961	0.4657
11967ba0-a030-4a07-9576-03f774e89959	6	142365148	142395463	17	0.0018
11967ba0-a030-4a07-9576-03f774e89959	6	142401441	142408124	5	0.8889
11967ba0-a030-4a07-9576-03f774e89959	6	142416038	143130944	456	0.0697
11967ba0-a030-4a07-9576-03f774e89959	6	143135470	144272915	815	0.4439
11967ba0-a030-4a07-9576-03f774e89959	6	144274957	144318889	28	0.0942
11967ba0-a030-4a07-9576-03f774e89959	6	144319204	145111190	529	0.7522
11967ba0-a030-4a07-9576-03f774e89959	6	145113059	145165617	23	1.1749
11967ba0-a030-4a07-9576-03f774e89959	6	145170599	146100824	500	0.7503
11967ba0-a030-4a07-9576-03f774e89959	6	146104728	146110450	2	-0.4361
11967ba0-a030-4a07-9576-03f774e89959	6	146110733	146494173	235	0.7188
11967ba0-a030-4a07-9576-03f774e89959	6	146494883	148190654	1183	0.072
11967ba0-a030-4a07-9576-03f774e89959	6	148195490	148237453	30	0.7749
11967ba0-a030-4a07-9576-03f774e89959	6	148240922	148933118	494	0.0538
11967ba0-a030-4a07-9576-03f774e89959	6	148933534	148999279	70	0.7503
11967ba0-a030-4a07-9576-03f774e89959	6	149000610	149383376	267	0.0516
11967ba0-a030-4a07-9576-03f774e89959	6	149385687	149404969	13	0.7193
11967ba0-a030-4a07-9576-03f774e89959	6	149408621	149527843	78	0.0565
11967ba0-a030-4a07-9576-03f774e89959	6	149527922	149565632	12	0.7573
11967ba0-a030-4a07-9576-03f774e89959	6	149570954	149660533	36	0.0537
11967ba0-a030-4a07-9576-03f774e89959	6	149661942	149678651	10	0.6922
11967ba0-a030-4a07-9576-03f774e89959	6	149680660	151805972	1427	0.0908
11967ba0-a030-4a07-9576-03f774e89959	6	151806344	152380743	484	0.738
11967ba0-a030-4a07-9576-03f774e89959	6	152387662	153920483	1112	0.0523
11967ba0-a030-4a07-9576-03f774e89959	6	153927215	153948407	25	0.7547
11967ba0-a030-4a07-9576-03f774e89959	6	153951128	153966269	10	0.1085
11967ba0-a030-4a07-9576-03f774e89959	6	153968021	153972373	6	0.6983
11967ba0-a030-4a07-9576-03f774e89959	6	153975194	155166138	754	0.0724
11967ba0-a030-4a07-9576-03f774e89959	6	155168917	155175205	6	-0.3504
11967ba0-a030-4a07-9576-03f774e89959	6	155175606	155188108	9	0.8014
11967ba0-a030-4a07-9576-03f774e89959	6	155190646	155255311	51	0.0889
11967ba0-a030-4a07-9576-03f774e89959	6	155258222	155283866	17	0.8387
11967ba0-a030-4a07-9576-03f774e89959	6	155287167	158703620	2105	0.0861
11967ba0-a030-4a07-9576-03f774e89959	6	158706468	159004675	146	0.6818
11967ba0-a030-4a07-9576-03f774e89959	6	159005707	159818069	598	0.0878
11967ba0-a030-4a07-9576-03f774e89959	6	159821797	164282848	2718	0.2584
11967ba0-a030-4a07-9576-03f774e89959	6	164283260	164383355	2	1.5643
11967ba0-a030-4a07-9576-03f774e89959	6	164391556	167930914	1965	0.2599
11967ba0-a030-4a07-9576-03f774e89959	6	167931668	170596889	801	0.0752
11967ba0-a030-4a07-9576-03f774e89959	7	664936	22412464	11242	-0.1315
11967ba0-a030-4a07-9576-03f774e89959	7	22412565	24591626	1606	-0.1014
11967ba0-a030-4a07-9576-03f774e89959	7	24593513	24605842	4	-1.1978
11967ba0-a030-4a07-9576-03f774e89959	7	24607354	47945666	14844	-0.0987
11967ba0-a030-4a07-9576-03f774e89959	7	47949556	48802217	514	-0.1434
11967ba0-a030-4a07-9576-03f774e89959	7	48804218	50892846	1521	0.3855
11967ba0-a030-4a07-9576-03f774e89959	7	50895831	67941298	5108	0.152
11967ba0-a030-4a07-9576-03f774e89959	7	67941563	67941816	2	1.5008
11967ba0-a030-4a07-9576-03f774e89959	7	67943833	81095089	6277	0.1541
11967ba0-a030-4a07-9576-03f774e89959	7	81099767	90755557	4428	-0.0926
11967ba0-a030-4a07-9576-03f774e89959	7	90756015	109409015	10071	0.1483
11967ba0-a030-4a07-9576-03f774e89959	7	109409228	109976220	310	-0.1163
11967ba0-a030-4a07-9576-03f774e89959	7	109976922	111783742	739	0.1183
11967ba0-a030-4a07-9576-03f774e89959	7	111784136	112791360	419	0.3349
11967ba0-a030-4a07-9576-03f774e89959	7	112842662	113405416	337	0.1296
11967ba0-a030-4a07-9576-03f774e89959	7	113409295	115185552	865	0.3231
11967ba0-a030-4a07-9576-03f774e89959	7	115187155	116400485	711	0.1567
11967ba0-a030-4a07-9576-03f774e89959	7	116404512	116404634	2	1.2506
11967ba0-a030-4a07-9576-03f774e89959	7	116406280	116680985	188	0.1807
11967ba0-a030-4a07-9576-03f774e89959	7	116682977	117830726	766	-0.1113
11967ba0-a030-4a07-9576-03f774e89959	7	117840181	118226949	214	0.126
11967ba0-a030-4a07-9576-03f774e89959	7	118229046	119274056	492	-0.1066
11967ba0-a030-4a07-9576-03f774e89959	7	119275994	120126450	398	0.1115
11967ba0-a030-4a07-9576-03f774e89959	7	120126816	120451606	146	0.3475
11967ba0-a030-4a07-9576-03f774e89959	7	120451995	127367409	3916	0.1537
11967ba0-a030-4a07-9576-03f774e89959	7	127367715	129263423	901	-0.1011
11967ba0-a030-4a07-9576-03f774e89959	7	129272356	153152683	12937	0.1565
11967ba0-a030-4a07-9576-03f774e89959	7	153155753	156287513	1711	-0.3928
11967ba0-a030-4a07-9576-03f774e89959	7	156287891	157454693	647	-0.0851
11967ba0-a030-4a07-9576-03f774e89959	7	157458055	158592540	498	-0.4314
11967ba0-a030-4a07-9576-03f774e89959	8	667625	6421695	2677	-0.8456
11967ba0-a030-4a07-9576-03f774e89959	8	6421703	6421858	2	-3.7244
11967ba0-a030-4a07-9576-03f774e89959	8	6421990	6960925	508	-0.8439
11967ba0-a030-4a07-9576-03f774e89959	8	6960993	54765222	26134	-0.4046
11967ba0-a030-4a07-9576-03f774e89959	8	54765874	57655128	1726	0.1751
11967ba0-a030-4a07-9576-03f774e89959	8	57655985	65501928	4791	-0.0945
11967ba0-a030-4a07-9576-03f774e89959	8	65513697	67550444	912	0.1425
11967ba0-a030-4a07-9576-03f774e89959	8	67553445	68868749	907	-0.3912
11967ba0-a030-4a07-9576-03f774e89959	8	68869398	69502074	408	0.1746
11967ba0-a030-4a07-9576-03f774e89959	8	69507978	69650816	116	-0.0733
11967ba0-a030-4a07-9576-03f774e89959	8	69659387	69759565	97	0.2194
11967ba0-a030-4a07-9576-03f774e89959	8	69764822	70037770	147	-0.0574
11967ba0-a030-4a07-9576-03f774e89959	8	70039964	70201386	118	0.1914
11967ba0-a030-4a07-9576-03f774e89959	8	70202890	70534036	163	-0.0751
11967ba0-a030-4a07-9576-03f774e89959	8	70549286	70617238	40	0.1667
11967ba0-a030-4a07-9576-03f774e89959	8	70626451	71444041	462	-0.0751
11967ba0-a030-4a07-9576-03f774e89959	8	71448195	71522425	45	0.2275
11967ba0-a030-4a07-9576-03f774e89959	8	71527648	71761831	163	-0.0934
11967ba0-a030-4a07-9576-03f774e89959	8	71762925	72312940	400	0.1852
11967ba0-a030-4a07-9576-03f774e89959	8	72313385	72416455	61	0.0876
11967ba0-a030-4a07-9576-03f774e89959	8	72416564	72560636	100	-0.0883
11967ba0-a030-4a07-9576-03f774e89959	8	72562314	72817862	164	0.1605
11967ba0-a030-4a07-9576-03f774e89959	8	72818631	73534736	544	-0.064
11967ba0-a030-4a07-9576-03f774e89959	8	73535055	73811452	136	0.1733
11967ba0-a030-4a07-9576-03f774e89959	8	73821429	75037769	758	-0.0847
11967ba0-a030-4a07-9576-03f774e89959	8	75038654	75344251	123	-0.7965
11967ba0-a030-4a07-9576-03f774e89959	8	75358422	76643065	745	-0.4342
11967ba0-a030-4a07-9576-03f774e89959	8	76643710	78864199	1174	-0.8531
11967ba0-a030-4a07-9576-03f774e89959	8	78943550	79458713	327	-0.3979
11967ba0-a030-4a07-9576-03f774e89959	8	79459298	90029146	5601	-0.8328
11967ba0-a030-4a07-9576-03f774e89959	8	90029685	90639545	375	-0.1005
11967ba0-a030-4a07-9576-03f774e89959	8	90639786	91182749	243	0.3631
11967ba0-a030-4a07-9576-03f774e89959	8	91184436	92521968	758	0.1512
11967ba0-a030-4a07-9576-03f774e89959	8	92522486	92553007	16	0.0143
11967ba0-a030-4a07-9576-03f774e89959	8	92553007	92554983	5	-0.5204
11967ba0-a030-4a07-9576-03f774e89959	8	92561009	92618028	50	0.0904
11967ba0-a030-4a07-9576-03f774e89959	8	92618856	93732822	628	-0.4088
11967ba0-a030-4a07-9576-03f774e89959	8	93733120	97359634	2308	-0.8259
11967ba0-a030-4a07-9576-03f774e89959	8	97360270	100724847	1803	-0.3942
11967ba0-a030-4a07-9576-03f774e89959	8	100733333	102065439	899	0.1795
11967ba0-a030-4a07-9576-03f774e89959	8	102067184	102095739	16	0.7774
11967ba0-a030-4a07-9576-03f774e89959	8	102097693	102200086	78	0.1581
11967ba0-a030-4a07-9576-03f774e89959	8	102200781	103444665	721	0.7891
11967ba0-a030-4a07-9576-03f774e89959	8	103446644	105777792	1325	0.5191
11967ba0-a030-4a07-9576-03f774e89959	8	105778053	105971462	84	0.8699
11967ba0-a030-4a07-9576-03f774e89959	8	106483031	106594501	79	0.5151
11967ba0-a030-4a07-9576-03f774e89959	8	106594598	106599748	5	0.8022
11967ba0-a030-4a07-9576-03f774e89959	8	106600740	107673418	700	0.343
11967ba0-a030-4a07-9576-03f774e89959	8	107678601	107750645	46	0.6155
11967ba0-a030-4a07-9576-03f774e89959	8	107750944	108683475	566	0.3541
11967ba0-a030-4a07-9576-03f774e89959	8	108688184	108780542	69	0.5691
11967ba0-a030-4a07-9576-03f774e89959	8	108944839	109698795	440	0.3508
11967ba0-a030-4a07-9576-03f774e89959	8	109698975	109898352	95	0.5679
11967ba0-a030-4a07-9576-03f774e89959	8	109899396	110365423	232	0.2912
11967ba0-a030-4a07-9576-03f774e89959	8	110365956	110414745	23	0.5882
11967ba0-a030-4a07-9576-03f774e89959	8	110414967	110494336	35	0.2642
11967ba0-a030-4a07-9576-03f774e89959	8	110496100	110668558	114	0.6695
11967ba0-a030-4a07-9576-03f774e89959	8	110669065	114156672	1822	0.321
11967ba0-a030-4a07-9576-03f774e89959	8	114169343	114524980	150	0.5396
11967ba0-a030-4a07-9576-03f774e89959	8	114526786	120582144	3858	0.3528
11967ba0-a030-4a07-9576-03f774e89959	8	120582361	120816679	175	0.6754
11967ba0-a030-4a07-9576-03f774e89959	8	120817097	121880606	668	0.3534
11967ba0-a030-4a07-9576-03f774e89959	8	121881846	122032377	85	0.5692
11967ba0-a030-4a07-9576-03f774e89959	8	122033141	122034277	2	-0.5084
11967ba0-a030-4a07-9576-03f774e89959	8	122038380	123032645	697	0.5406
11967ba0-a030-4a07-9576-03f774e89959	8	123034817	129647413	4553	0.3532
11967ba0-a030-4a07-9576-03f774e89959	8	129648314	132984451	2324	0.5218
11967ba0-a030-4a07-9576-03f774e89959	8	132984483	138745810	4408	0.3539
11967ba0-a030-4a07-9576-03f774e89959	8	138746508	138796566	49	-0.0077
11967ba0-a030-4a07-9576-03f774e89959	8	138798683	139003986	168	0.425
11967ba0-a030-4a07-9576-03f774e89959	8	139004186	141323933	1276	-0.0537
11967ba0-a030-4a07-9576-03f774e89959	8	142423108	142704241	82	0.1847
11967ba0-a030-4a07-9576-03f774e89959	8	142705043	143145109	166	0.3578
11967ba0-a030-4a07-9576-03f774e89959	8	143145992	143654258	138	0.2052
11967ba0-a030-4a07-9576-03f774e89959	8	143654491	144182542	111	0.0847
11967ba0-a030-4a07-9576-03f774e89959	9	789794	3300150	1790	-0.8045
11967ba0-a030-4a07-9576-03f774e89959	9	3301744	7057837	1897	0.4027
11967ba0-a030-4a07-9576-03f774e89959	9	7057850	9989684	1954	0.2682
11967ba0-a030-4a07-9576-03f774e89959	9	9992348	10894763	479	-0.0606
11967ba0-a030-4a07-9576-03f774e89959	9	10894863	11275227	209	-0.1233
11967ba0-a030-4a07-9576-03f774e89959	9	12527414	31577570	12744	-0.3761
11967ba0-a030-4a07-9576-03f774e89959	9	31579535	33682264	1430	-0.3086
11967ba0-a030-4a07-9576-03f774e89959	9	33682276	33682692	2	-1.8812
11967ba0-a030-4a07-9576-03f774e89959	9	33683010	33952155	180	-0.2988
11967ba0-a030-4a07-9576-03f774e89959	9	33956090	35752436	862	-0.3767
11967ba0-a030-4a07-9576-03f774e89959	9	35767159	36308399	321	-0.1112
11967ba0-a030-4a07-9576-03f774e89959	9	36310762	38752071	1662	-0.0184
11967ba0-a030-4a07-9576-03f774e89959	9	68423153	116033985	31945	0.1578
11967ba0-a030-4a07-9576-03f774e89959	9	116034587	116634689	412	0.7913
11967ba0-a030-4a07-9576-03f774e89959	9	116635375	130207691	8548	0.1599
11967ba0-a030-4a07-9576-03f774e89959	9	130215368	131565542	901	1.0077
11967ba0-a030-4a07-9576-03f774e89959	9	131567841	138044505	3032	0.712
11967ba0-a030-4a07-9576-03f774e89959	10	366509	4083923	2190	-0.398
11967ba0-a030-4a07-9576-03f774e89959	10	4084708	17502975	10393	-0.0721
11967ba0-a030-4a07-9576-03f774e89959	10	17503814	28694391	7247	-0.1052
11967ba0-a030-4a07-9576-03f774e89959	10	28694542	38770921	6393	-0.0827
11967ba0-a030-4a07-9576-03f774e89959	10	42450960	45607523	1991	-0.0025
11967ba0-a030-4a07-9576-03f774e89959	10	45608280	49419360	1214	-0.0843
11967ba0-a030-4a07-9576-03f774e89959	10	49425759	49426070	2	-2.4851
11967ba0-a030-4a07-9576-03f774e89959	10	49426396	55653675	3326	-0.0905
11967ba0-a030-4a07-9576-03f774e89959	10	55653768	58544566	1600	-0.1423
11967ba0-a030-4a07-9576-03f774e89959	10	58544847	98022542	24304	-0.0901
11967ba0-a030-4a07-9576-03f774e89959	10	98023046	98023573	2	-2.057
11967ba0-a030-4a07-9576-03f774e89959	10	98028166	98474731	301	-0.0353
11967ba0-a030-4a07-9576-03f774e89959	10	98476619	111937608	8173	-0.0978
11967ba0-a030-4a07-9576-03f774e89959	10	111938747	133411599	14030	-0.0678
11967ba0-a030-4a07-9576-03f774e89959	11	456012	36942293	23648	-0.3939
11967ba0-a030-4a07-9576-03f774e89959	11	36942730	38008351	197	-0.0957
11967ba0-a030-4a07-9576-03f774e89959	11	38008770	41419277	2162	-0.4059
11967ba0-a030-4a07-9576-03f774e89959	11	41423328	56446732	4697	0.1643
11967ba0-a030-4a07-9576-03f774e89959	11	56447255	69291284	5637	-0.0928
11967ba0-a030-4a07-9576-03f774e89959	11	69300416	69708781	245	0.1906
11967ba0-a030-4a07-9576-03f774e89959	11	69715985	87792008	10538	-0.0781
11967ba0-a030-4a07-9576-03f774e89959	11	87794685	88297289	345	0.1487
11967ba0-a030-4a07-9576-03f774e89959	11	88305583	97377216	5445	-0.0826
11967ba0-a030-4a07-9576-03f774e89959	11	97378676	105405394	5099	0.1468
11967ba0-a030-4a07-9576-03f774e89959	11	105416514	109638836	2374	-0.4003
11967ba0-a030-4a07-9576-03f774e89959	11	109642334	115135657	3730	-0.8281
11967ba0-a030-4a07-9576-03f774e89959	11	115135702	115137655	3	-6.8251
11967ba0-a030-4a07-9576-03f774e89959	11	115137885	115238939	74	-1.2788
11967ba0-a030-4a07-9576-03f774e89959	11	115239743	115307338	48	-0.4244
11967ba0-a030-4a07-9576-03f774e89959	11	115311457	116386667	786	-1.6304
11967ba0-a030-4a07-9576-03f774e89959	11	116389118	116581817	175	-0.322
11967ba0-a030-4a07-9576-03f774e89959	11	116583544	116587334	5	-1.8598
11967ba0-a030-4a07-9576-03f774e89959	11	116588390	116920594	228	-0.3327
11967ba0-a030-4a07-9576-03f774e89959	11	116921435	119627852	1736	-0.7872
11967ba0-a030-4a07-9576-03f774e89959	11	119628037	119630169	3	-3.173
11967ba0-a030-4a07-9576-03f774e89959	11	119630310	123723736	2970	-0.7793
11967ba0-a030-4a07-9576-03f774e89959	11	123725219	123747769	18	-0.1622
11967ba0-a030-4a07-9576-03f774e89959	11	123748409	124172177	310	-0.3935
11967ba0-a030-4a07-9576-03f774e89959	11	124172629	124175958	6	0.4339
11967ba0-a030-4a07-9576-03f774e89959	11	124177963	124292454	81	-0.418
11967ba0-a030-4a07-9576-03f774e89959	11	124292576	125313584	695	-0.0349
11967ba0-a030-4a07-9576-03f774e89959	11	125314315	127768027	1773	-0.7661
11967ba0-a030-4a07-9576-03f774e89959	11	127775792	128953889	1020	-1.5592
11967ba0-a030-4a07-9576-03f774e89959	11	128956807	129091800	69	-0.3179
11967ba0-a030-4a07-9576-03f774e89959	11	129092775	129132832	29	-1.5669
11967ba0-a030-4a07-9576-03f774e89959	11	129135000	134272740	3142	-0.2941
11967ba0-a030-4a07-9576-03f774e89959	12	780472	4304846	1900	-0.0412
11967ba0-a030-4a07-9576-03f774e89959	12	4304960	4313271	2	1.4605
11967ba0-a030-4a07-9576-03f774e89959	12	4315842	8130940	2373	-0.0622
11967ba0-a030-4a07-9576-03f774e89959	12	8134356	8144088	8	0.6002
11967ba0-a030-4a07-9576-03f774e89959	12	8147236	8481837	38	-0.0968
11967ba0-a030-4a07-9576-03f774e89959	12	8482933	8783341	140	0.327
11967ba0-a030-4a07-9576-03f774e89959	12	8785124	9216080	256	-0.0707
11967ba0-a030-4a07-9576-03f774e89959	12	9218527	9736480	131	0.5744
11967ba0-a030-4a07-9576-03f774e89959	12	9741565	9747292	10	-0.0479
11967ba0-a030-4a07-9576-03f774e89959	12	9747912	9764815	12	0.6309
11967ba0-a030-4a07-9576-03f774e89959	12	9766743	9841689	46	-0.1073
11967ba0-a030-4a07-9576-03f774e89959	12	9848199	9857034	9	0.5402
11967ba0-a030-4a07-9576-03f774e89959	12	9860368	11524796	791	-0.0962
11967ba0-a030-4a07-9576-03f774e89959	12	11526040	11695664	129	0.6282
11967ba0-a030-4a07-9576-03f774e89959	12	11699561	11720354	24	-0.0678
11967ba0-a030-4a07-9576-03f774e89959	12	11723460	11735489	17	0.6832
11967ba0-a030-4a07-9576-03f774e89959	12	11737574	22639759	6816	-0.0863
11967ba0-a030-4a07-9576-03f774e89959	12	22642997	22651341	11	0.4991
11967ba0-a030-4a07-9576-03f774e89959	12	22664511	22728399	59	-0.0861
11967ba0-a030-4a07-9576-03f774e89959	12	22729984	22742937	15	0.8218
11967ba0-a030-4a07-9576-03f774e89959	12	22743273	22745311	4	-0.0321
11967ba0-a030-4a07-9576-03f774e89959	12	22752078	22783303	25	0.8825
11967ba0-a030-4a07-9576-03f774e89959	12	22784609	52555091	14235	-0.0948
11967ba0-a030-4a07-9576-03f774e89959	12	52556073	52647138	87	1.9023
11967ba0-a030-4a07-9576-03f774e89959	12	52647851	52699119	52	2.5505
11967ba0-a030-4a07-9576-03f774e89959	12	52700545	52713254	10	0.4073
11967ba0-a030-4a07-9576-03f774e89959	12	52717543	57742013	2548	-0.0962
11967ba0-a030-4a07-9576-03f774e89959	12	57744988	57993172	129	2.741
11967ba0-a030-4a07-9576-03f774e89959	12	57997091	58049492	35	1.2736
11967ba0-a030-4a07-9576-03f774e89959	12	58076366	58180645	98	-0.058
11967ba0-a030-4a07-9576-03f774e89959	12	58181504	58239259	35	0.3548
11967ba0-a030-4a07-9576-03f774e89959	12	58242782	58245354	5	1.5561
11967ba0-a030-4a07-9576-03f774e89959	12	58246082	58288882	25	0.3146
11967ba0-a030-4a07-9576-03f774e89959	12	58291263	58345910	52	2.4214
11967ba0-a030-4a07-9576-03f774e89959	12	58346231	58346609	4	4.4432
11967ba0-a030-4a07-9576-03f774e89959	12	58346952	58356958	10	2.8723
11967ba0-a030-4a07-9576-03f774e89959	12	58358580	60580578	1460	-0.0929
11967ba0-a030-4a07-9576-03f774e89959	12	60582870	60615645	20	1.9521
11967ba0-a030-4a07-9576-03f774e89959	12	60617033	60726201	59	-0.116
11967ba0-a030-4a07-9576-03f774e89959	12	60730069	60907092	91	2.8204
11967ba0-a030-4a07-9576-03f774e89959	12	60914738	61329214	233	-0.0859
11967ba0-a030-4a07-9576-03f774e89959	12	61344447	61362869	16	2.1733
11967ba0-a030-4a07-9576-03f774e89959	12	61362883	61900013	335	-0.1169
11967ba0-a030-4a07-9576-03f774e89959	12	61900030	61901088	3	-1.1149
11967ba0-a030-4a07-9576-03f774e89959	12	61907216	62105890	135	-0.0944
11967ba0-a030-4a07-9576-03f774e89959	12	62108447	62170698	44	1.446
11967ba0-a030-4a07-9576-03f774e89959	12	62170883	62251279	42	2.1182
11967ba0-a030-4a07-9576-03f774e89959	12	62255091	63519520	871	-0.0999
11967ba0-a030-4a07-9576-03f774e89959	12	63520650	68620951	3198	-0.4121
11967ba0-a030-4a07-9576-03f774e89959	12	68626627	69541507	598	2.5973
11967ba0-a030-4a07-9576-03f774e89959	12	69546700	69689434	136	1.9943
11967ba0-a030-4a07-9576-03f774e89959	12	69690254	69698135	9	2.5545
11967ba0-a030-4a07-9576-03f774e89959	12	69703484	69706171	3	0.9312
11967ba0-a030-4a07-9576-03f774e89959	12	69708817	69901498	115	-0.3677
11967ba0-a030-4a07-9576-03f774e89959	12	69905012	69960909	41	1.0027
11967ba0-a030-4a07-9576-03f774e89959	12	69960969	69971155	15	2.0398
11967ba0-a030-4a07-9576-03f774e89959	12	69973851	70055166	67	1.0878
11967ba0-a030-4a07-9576-03f774e89959	12	70056441	70348338	158	1.3743
11967ba0-a030-4a07-9576-03f774e89959	12	70348697	70449646	68	1.7712
11967ba0-a030-4a07-9576-03f774e89959	12	70454794	70471798	10	1.1598
11967ba0-a030-4a07-9576-03f774e89959	12	70475672	70541541	41	0.4781
11967ba0-a030-4a07-9576-03f774e89959	12	70543270	71198668	471	-0.3967
11967ba0-a030-4a07-9576-03f774e89959	12	71201990	72585319	729	0.4741
11967ba0-a030-4a07-9576-03f774e89959	12	72585447	73084188	204	0.6256
11967ba0-a030-4a07-9576-03f774e89959	12	73085236	74105903	476	0.4873
11967ba0-a030-4a07-9576-03f774e89959	12	74111037	74124440	13	1.8179
11967ba0-a030-4a07-9576-03f774e89959	12	74128263	74145087	14	0.3944
11967ba0-a030-4a07-9576-03f774e89959	12	74146812	74203021	36	1.5853
11967ba0-a030-4a07-9576-03f774e89959	12	74203643	74301644	27	0.8021
11967ba0-a030-4a07-9576-03f774e89959	12	74301900	74518333	151	0.1379
11967ba0-a030-4a07-9576-03f774e89959	12	74521030	74534728	11	1.4591
11967ba0-a030-4a07-9576-03f774e89959	12	74534781	75025938	317	0.1697
11967ba0-a030-4a07-9576-03f774e89959	12	75030073	75163029	105	1.3288
11967ba0-a030-4a07-9576-03f774e89959	12	75170277	75193400	18	0.7668
11967ba0-a030-4a07-9576-03f774e89959	12	75196980	75308950	72	0.1427
11967ba0-a030-4a07-9576-03f774e89959	12	75311761	75338662	14	1.3829
11967ba0-a030-4a07-9576-03f774e89959	12	75339052	75548607	124	0.9357
11967ba0-a030-4a07-9576-03f774e89959	12	75551127	75575565	20	0.1143
11967ba0-a030-4a07-9576-03f774e89959	12	75578247	75603542	16	3.1665
11967ba0-a030-4a07-9576-03f774e89959	12	75604180	75663311	45	2.2437
11967ba0-a030-4a07-9576-03f774e89959	12	75663852	75677216	10	3.1823
11967ba0-a030-4a07-9576-03f774e89959	12	75683866	75694782	13	0.2235
11967ba0-a030-4a07-9576-03f774e89959	12	75695159	75716569	25	0.8015
11967ba0-a030-4a07-9576-03f774e89959	12	75720674	75727134	11	0.2392
11967ba0-a030-4a07-9576-03f774e89959	12	75732464	75785817	44	2.3437
11967ba0-a030-4a07-9576-03f774e89959	12	75787025	75948252	132	0.5586
11967ba0-a030-4a07-9576-03f774e89959	12	75951553	77119138	684	0.1456
11967ba0-a030-4a07-9576-03f774e89959	12	77120394	77488227	260	2.0247
11967ba0-a030-4a07-9576-03f774e89959	12	77490149	77609589	145	0.1803
11967ba0-a030-4a07-9576-03f774e89959	12	77612103	77630867	14	2.2056
11967ba0-a030-4a07-9576-03f774e89959	12	77631351	77912398	215	0.1362
11967ba0-a030-4a07-9576-03f774e89959	12	77912904	77939006	21	0.9363
11967ba0-a030-4a07-9576-03f774e89959	12	77941557	77946982	10	1.5264
11967ba0-a030-4a07-9576-03f774e89959	12	77949864	77954320	6	0.3713
11967ba0-a030-4a07-9576-03f774e89959	12	77954471	78037713	59	0.1056
11967ba0-a030-4a07-9576-03f774e89959	12	78037866	78325040	222	0.4669
11967ba0-a030-4a07-9576-03f774e89959	12	78326780	78349767	25	0.577
11967ba0-a030-4a07-9576-03f774e89959	12	78350305	78376775	16	0.8942
11967ba0-a030-4a07-9576-03f774e89959	12	78377551	78381622	4	0.4501
11967ba0-a030-4a07-9576-03f774e89959	12	78383668	78614883	118	0.987
11967ba0-a030-4a07-9576-03f774e89959	12	78620825	79133473	297	0.7727
11967ba0-a030-4a07-9576-03f774e89959	12	79139412	79380015	148	0.1395
11967ba0-a030-4a07-9576-03f774e89959	12	79381468	79462323	59	2.3051
11967ba0-a030-4a07-9576-03f774e89959	12	79465000	79501347	10	3.1527
11967ba0-a030-4a07-9576-03f774e89959	12	79506031	79556027	26	2.0399
11967ba0-a030-4a07-9576-03f774e89959	12	79557786	79698031	73	1.1591
11967ba0-a030-4a07-9576-03f774e89959	12	79701402	80461327	448	0.1621
11967ba0-a030-4a07-9576-03f774e89959	12	80467889	80977767	335	-0.4263
11967ba0-a030-4a07-9576-03f774e89959	12	80983480	81010323	16	2.297
11967ba0-a030-4a07-9576-03f774e89959	12	81013898	81030416	12	-0.4517
11967ba0-a030-4a07-9576-03f774e89959	12	81031415	81113573	65	2.6168
11967ba0-a030-4a07-9576-03f774e89959	12	81114939	81505538	250	-0.4314
11967ba0-a030-4a07-9576-03f774e89959	12	81515053	81535193	14	1.3116
11967ba0-a030-4a07-9576-03f774e89959	12	81537599	81571984	25	-0.4083
11967ba0-a030-4a07-9576-03f774e89959	12	81573043	81590013	12	0.8575
11967ba0-a030-4a07-9576-03f774e89959	12	81591613	81600187	5	-0.3686
11967ba0-a030-4a07-9576-03f774e89959	12	81605617	81709178	65	2.6855
11967ba0-a030-4a07-9576-03f774e89959	12	81709671	82065531	208	-0.4063
11967ba0-a030-4a07-9576-03f774e89959	12	82070725	82247428	113	2.235
11967ba0-a030-4a07-9576-03f774e89959	12	82248285	82258068	9	-0.3389
11967ba0-a030-4a07-9576-03f774e89959	12	82259261	82265530	13	1.3317
11967ba0-a030-4a07-9576-03f774e89959	12	82268955	82540157	121	-0.3812
11967ba0-a030-4a07-9576-03f774e89959	12	82540630	82579556	36	0.0088
11967ba0-a030-4a07-9576-03f774e89959	12	82591744	82838474	113	0.7625
11967ba0-a030-4a07-9576-03f774e89959	12	82838499	82877823	49	0.9438
11967ba0-a030-4a07-9576-03f774e89959	12	82883555	83024574	91	1.6224
11967ba0-a030-4a07-9576-03f774e89959	12	83025480	83194142	114	0.9078
11967ba0-a030-4a07-9576-03f774e89959	12	83194205	83451415	142	1.2955
11967ba0-a030-4a07-9576-03f774e89959	12	83451478	83525088	44	0.939
11967ba0-a030-4a07-9576-03f774e89959	12	83528121	83557897	20	0.4129
11967ba0-a030-4a07-9576-03f774e89959	12	83566735	83646522	34	-0.4295
11967ba0-a030-4a07-9576-03f774e89959	12	83649567	83657601	10	1.7027
11967ba0-a030-4a07-9576-03f774e89959	12	83657933	83658148	2	0.3468
11967ba0-a030-4a07-9576-03f774e89959	12	83659067	83691456	23	-0.5235
11967ba0-a030-4a07-9576-03f774e89959	12	83699149	83719530	6	0.4218
11967ba0-a030-4a07-9576-03f774e89959	12	83720772	83755144	20	1.9254
11967ba0-a030-4a07-9576-03f774e89959	12	83755373	83844429	72	0.1397
11967ba0-a030-4a07-9576-03f774e89959	12	83849619	83856080	6	1.4431
11967ba0-a030-4a07-9576-03f774e89959	12	83856873	84076175	116	2.6597
11967ba0-a030-4a07-9576-03f774e89959	12	84076499	84153745	49	2.2261
11967ba0-a030-4a07-9576-03f774e89959	12	84156343	84173832	12	1.6131
11967ba0-a030-4a07-9576-03f774e89959	12	84174702	84267134	65	1.196
11967ba0-a030-4a07-9576-03f774e89959	12	84271283	84299095	20	-0.0814
11967ba0-a030-4a07-9576-03f774e89959	12	84300992	84378473	59	1.8578
11967ba0-a030-4a07-9576-03f774e89959	12	84381922	85922088	889	-0.1396
11967ba0-a030-4a07-9576-03f774e89959	12	85923152	86435291	264	0.606
11967ba0-a030-4a07-9576-03f774e89959	12	86437958	86517083	29	3.1654
11967ba0-a030-4a07-9576-03f774e89959	12	86595651	87122537	233	0.6267
11967ba0-a030-4a07-9576-03f774e89959	12	87123373	87458777	201	0.4561
11967ba0-a030-4a07-9576-03f774e89959	12	87460412	87518997	33	0.8525
11967ba0-a030-4a07-9576-03f774e89959	12	87521174	87621409	52	0.4701
11967ba0-a030-4a07-9576-03f774e89959	12	87624463	87773212	57	0.9541
11967ba0-a030-4a07-9576-03f774e89959	12	87776863	87792685	12	1.4416
11967ba0-a030-4a07-9576-03f774e89959	12	87798121	87886404	45	1.094
11967ba0-a030-4a07-9576-03f774e89959	12	87891019	87982825	58	1.5414
11967ba0-a030-4a07-9576-03f774e89959	12	87983168	88036290	37	2.6219
11967ba0-a030-4a07-9576-03f774e89959	12	88036416	88196171	75	1.5055
11967ba0-a030-4a07-9576-03f774e89959	12	88205323	88322055	62	2.0428
11967ba0-a030-4a07-9576-03f774e89959	12	88326719	88732007	250	2.4325
11967ba0-a030-4a07-9576-03f774e89959	12	88732185	88894123	86	2.8893
11967ba0-a030-4a07-9576-03f774e89959	12	88898953	89025825	76	1.237
11967ba0-a030-4a07-9576-03f774e89959	12	89029521	89068558	23	0.7459
11967ba0-a030-4a07-9576-03f774e89959	12	89068961	89133814	62	1.1129
11967ba0-a030-4a07-9576-03f774e89959	12	89150367	89206601	43	2.1939
11967ba0-a030-4a07-9576-03f774e89959	12	89210108	90115351	500	0.9286
11967ba0-a030-4a07-9576-03f774e89959	12	90121587	90504131	242	2.6751
11967ba0-a030-4a07-9576-03f774e89959	12	90507965	90815795	175	0.9686
11967ba0-a030-4a07-9576-03f774e89959	12	90821905	91219067	259	0.498
11967ba0-a030-4a07-9576-03f774e89959	12	91221009	91538013	213	0.9082
11967ba0-a030-4a07-9576-03f774e89959	12	91539156	91547716	5	1.9941
11967ba0-a030-4a07-9576-03f774e89959	12	91550327	93304074	1161	0.9631
11967ba0-a030-4a07-9576-03f774e89959	12	93314348	93358559	26	1.7778
11967ba0-a030-4a07-9576-03f774e89959	12	93361694	93468886	40	0.8654
11967ba0-a030-4a07-9576-03f774e89959	12	93469213	94563358	800	-0.3817
11967ba0-a030-4a07-9576-03f774e89959	12	94566536	95016396	378	0.5158
11967ba0-a030-4a07-9576-03f774e89959	12	95017715	95234600	126	-0.3816
11967ba0-a030-4a07-9576-03f774e89959	12	95243802	95247746	5	0.2638
11967ba0-a030-4a07-9576-03f774e89959	12	95252453	95261223	8	-0.4957
11967ba0-a030-4a07-9576-03f774e89959	12	95262141	95292476	18	0.5069
11967ba0-a030-4a07-9576-03f774e89959	12	95296153	95310266	8	1.1787
11967ba0-a030-4a07-9576-03f774e89959	12	95310807	95311212	3	0.5055
11967ba0-a030-4a07-9576-03f774e89959	12	95315363	95812567	358	-0.4069
11967ba0-a030-4a07-9576-03f774e89959	12	95819727	95835883	15	1.8965
11967ba0-a030-4a07-9576-03f774e89959	12	95843317	95953238	59	-0.3578
11967ba0-a030-4a07-9576-03f774e89959	12	95955279	95978713	28	0.5354
11967ba0-a030-4a07-9576-03f774e89959	12	95979343	95985667	8	-0.2731
11967ba0-a030-4a07-9576-03f774e89959	12	95988476	96016539	31	0.4414
11967ba0-a030-4a07-9576-03f774e89959	12	96020977	96034137	9	-0.2976
11967ba0-a030-4a07-9576-03f774e89959	12	96043275	96101714	40	0.4068
11967ba0-a030-4a07-9576-03f774e89959	12	96106074	96122843	7	1.2734
11967ba0-a030-4a07-9576-03f774e89959	12	96123232	96129215	6	0.36
11967ba0-a030-4a07-9576-03f774e89959	12	96129584	96289410	108	2.4372
11967ba0-a030-4a07-9576-03f774e89959	12	96294954	96700927	243	0.4809
11967ba0-a030-4a07-9576-03f774e89959	12	96707559	96734447	24	1.9686
11967ba0-a030-4a07-9576-03f774e89959	12	96734867	96824025	54	0.603
11967ba0-a030-4a07-9576-03f774e89959	12	96828875	96844839	17	2.4911
11967ba0-a030-4a07-9576-03f774e89959	12	96847862	97152067	204	0.6271
11967ba0-a030-4a07-9576-03f774e89959	12	97152614	97160509	11	2.8779
11967ba0-a030-4a07-9576-03f774e89959	12	97162733	97264802	79	0.6362
11967ba0-a030-4a07-9576-03f774e89959	12	97265140	97287926	22	1.6171
11967ba0-a030-4a07-9576-03f774e89959	12	97290494	98282309	811	0.6263
11967ba0-a030-4a07-9576-03f774e89959	12	98284338	98385490	70	1.1228
11967ba0-a030-4a07-9576-03f774e89959	12	98390902	98602614	127	0.7034
11967ba0-a030-4a07-9576-03f774e89959	12	98605532	99281228	402	0.5233
11967ba0-a030-4a07-9576-03f774e89959	12	99282852	99947965	308	0.1392
11967ba0-a030-4a07-9576-03f774e89959	12	99958096	100040174	47	0.8094
11967ba0-a030-4a07-9576-03f774e89959	12	100058771	100141745	33	2.3245
11967ba0-a030-4a07-9576-03f774e89959	12	100148505	100209646	33	0.8054
11967ba0-a030-4a07-9576-03f774e89959	12	100211952	100225817	11	2.0772
11967ba0-a030-4a07-9576-03f774e89959	12	100226446	100412202	89	2.7609
11967ba0-a030-4a07-9576-03f774e89959	12	100415510	100643724	114	1.4799
11967ba0-a030-4a07-9576-03f774e89959	12	100648166	100897712	183	0.962
11967ba0-a030-4a07-9576-03f774e89959	12	100900011	100904324	7	2.4918
11967ba0-a030-4a07-9576-03f774e89959	12	100913432	101310049	300	0.9471
11967ba0-a030-4a07-9576-03f774e89959	12	101311289	101379596	39	1.7412
11967ba0-a030-4a07-9576-03f774e89959	12	101380461	101517577	58	0.9197
11967ba0-a030-4a07-9576-03f774e89959	12	101518116	101551958	24	0.792
11967ba0-a030-4a07-9576-03f774e89959	12	101552215	101987351	307	0.476
11967ba0-a030-4a07-9576-03f774e89959	12	101995230	102282214	128	0.9193
11967ba0-a030-4a07-9576-03f774e89959	12	102283136	102539965	146	0.4812
11967ba0-a030-4a07-9576-03f774e89959	12	102540345	102630731	77	1.9433
11967ba0-a030-4a07-9576-03f774e89959	12	102637418	102734271	57	0.4212
11967ba0-a030-4a07-9576-03f774e89959	12	102736284	102746782	10	1.6583
11967ba0-a030-4a07-9576-03f774e89959	12	102747026	103413150	415	0.5073
11967ba0-a030-4a07-9576-03f774e89959	12	103415426	103464029	29	0.2144
11967ba0-a030-4a07-9576-03f774e89959	12	103468752	103600148	98	0.528
11967ba0-a030-4a07-9576-03f774e89959	12	103615140	103972562	326	0.1557
11967ba0-a030-4a07-9576-03f774e89959	12	103972767	104024483	48	0.4817
11967ba0-a030-4a07-9576-03f774e89959	12	104028432	104848387	552	-0.3885
11967ba0-a030-4a07-9576-03f774e89959	12	104848720	104866635	13	0.4556
11967ba0-a030-4a07-9576-03f774e89959	12	104869169	104897116	14	-0.4272
11967ba0-a030-4a07-9576-03f774e89959	12	104898264	104904419	8	-1.0906
11967ba0-a030-4a07-9576-03f774e89959	12	104910774	105018820	41	-0.2483
11967ba0-a030-4a07-9576-03f774e89959	12	105021158	105022401	4	-1.3586
11967ba0-a030-4a07-9576-03f774e89959	12	105023509	106910681	1407	-0.3445
11967ba0-a030-4a07-9576-03f774e89959	12	106915397	107734780	567	0.4896
11967ba0-a030-4a07-9576-03f774e89959	12	107737346	107743208	6	2.4764
11967ba0-a030-4a07-9576-03f774e89959	12	107748010	107882662	30	0.4967
11967ba0-a030-4a07-9576-03f774e89959	12	107887459	107902726	15	2.0222
11967ba0-a030-4a07-9576-03f774e89959	12	107905667	107915849	11	1.0296
11967ba0-a030-4a07-9576-03f774e89959	12	107918568	108451797	387	0.5172
11967ba0-a030-4a07-9576-03f774e89959	12	108453050	108463816	13	1.1008
11967ba0-a030-4a07-9576-03f774e89959	12	108464858	108880764	242	0.5058
11967ba0-a030-4a07-9576-03f774e89959	12	108889796	108911745	14	1.3284
11967ba0-a030-4a07-9576-03f774e89959	12	108912851	109108878	82	0.4679
11967ba0-a030-4a07-9576-03f774e89959	12	109232663	110682600	713	-0.3675
11967ba0-a030-4a07-9576-03f774e89959	12	110684896	110708998	12	2.1929
11967ba0-a030-4a07-9576-03f774e89959	12	110711281	110739865	18	0.6921
11967ba0-a030-4a07-9576-03f774e89959	12	110749035	112548127	862	-0.3428
11967ba0-a030-4a07-9576-03f774e89959	12	112551237	112727097	140	2.6321
11967ba0-a030-4a07-9576-03f774e89959	12	112727217	112744534	30	1.9486
11967ba0-a030-4a07-9576-03f774e89959	12	112748198	113408699	383	-0.3527
11967ba0-a030-4a07-9576-03f774e89959	12	113410729	113414715	4	1.7205
11967ba0-a030-4a07-9576-03f774e89959	12	113420451	113533451	54	-0.3327
11967ba0-a030-4a07-9576-03f774e89959	12	113537204	113575480	39	1.4719
11967ba0-a030-4a07-9576-03f774e89959	12	113580506	113636981	45	-0.2776
11967ba0-a030-4a07-9576-03f774e89959	12	113639399	114212690	256	0.2073
11967ba0-a030-4a07-9576-03f774e89959	12	114218064	114267781	43	1.2187
11967ba0-a030-4a07-9576-03f774e89959	12	114268212	114324157	59	2.1802
11967ba0-a030-4a07-9576-03f774e89959	12	114326420	114460326	110	0.235
11967ba0-a030-4a07-9576-03f774e89959	12	114463472	114616412	113	0.8172
11967ba0-a030-4a07-9576-03f774e89959	12	114617992	114652604	2	-0.5146
11967ba0-a030-4a07-9576-03f774e89959	12	114652728	114953593	126	0.7946
11967ba0-a030-4a07-9576-03f774e89959	12	114953680	114971186	15	1.4149
11967ba0-a030-4a07-9576-03f774e89959	12	114974938	115036127	54	0.6493
11967ba0-a030-4a07-9576-03f774e89959	12	115038150	115057424	11	2.1403
11967ba0-a030-4a07-9576-03f774e89959	12	115064658	115084435	15	1.0113
11967ba0-a030-4a07-9576-03f774e89959	12	115085032	115653779	570	-0.3299
11967ba0-a030-4a07-9576-03f774e89959	12	115656853	115908743	255	2.6163
11967ba0-a030-4a07-9576-03f774e89959	12	115909655	117495394	978	-0.3705
11967ba0-a030-4a07-9576-03f774e89959	12	117498174	117520889	18	1.7069
11967ba0-a030-4a07-9576-03f774e89959	12	117525538	120892389	2028	-0.3619
11967ba0-a030-4a07-9576-03f774e89959	12	120898003	120910846	13	0.819
11967ba0-a030-4a07-9576-03f774e89959	12	120915824	120934435	12	1.6589
11967ba0-a030-4a07-9576-03f774e89959	12	120937228	120951159	11	2.3477
11967ba0-a030-4a07-9576-03f774e89959	12	120958617	121082377	78	1.3981
11967ba0-a030-4a07-9576-03f774e89959	12	121083101	122005628	418	-0.3682
11967ba0-a030-4a07-9576-03f774e89959	12	122009006	122013964	4	2.9162
11967ba0-a030-4a07-9576-03f774e89959	12	122024580	122063550	20	-0.3631
11967ba0-a030-4a07-9576-03f774e89959	12	122113467	122396157	126	0.1799
11967ba0-a030-4a07-9576-03f774e89959	12	122401672	125051507	1303	-0.368
11967ba0-a030-4a07-9576-03f774e89959	12	125054248	125179811	63	0.6485
11967ba0-a030-4a07-9576-03f774e89959	12	125181905	130983224	2771	-0.324
11967ba0-a030-4a07-9576-03f774e89959	12	130984447	131006773	12	2.3806
11967ba0-a030-4a07-9576-03f774e89959	12	131006982	131153186	110	-0.3098
11967ba0-a030-4a07-9576-03f774e89959	12	131154006	131157683	7	2.5579
11967ba0-a030-4a07-9576-03f774e89959	12	131158700	131203939	30	-0.3579
11967ba0-a030-4a07-9576-03f774e89959	12	131208410	131796551	328	-0.0133
11967ba0-a030-4a07-9576-03f774e89959	12	131806318	132605822	145	-0.3623
11967ba0-a030-4a07-9576-03f774e89959	13	18874255	45149943	16609	-0.1616
11967ba0-a030-4a07-9576-03f774e89959	13	45151513	45307401	78	-0.835
11967ba0-a030-4a07-9576-03f774e89959	13	45310931	45963981	430	-0.1662
11967ba0-a030-4a07-9576-03f774e89959	13	45968441	45970919	2	-1.8876
11967ba0-a030-4a07-9576-03f774e89959	13	45972633	48311075	1550	-0.1785
11967ba0-a030-4a07-9576-03f774e89959	13	48311283	48311593	2	-1.9656
11967ba0-a030-4a07-9576-03f774e89959	13	48311660	51205712	1096	-0.1741
11967ba0-a030-4a07-9576-03f774e89959	13	51208838	51347698	97	0.3262
11967ba0-a030-4a07-9576-03f774e89959	13	51348849	51727600	169	0.1883
11967ba0-a030-4a07-9576-03f774e89959	13	51729003	51876481	114	0.298
11967ba0-a030-4a07-9576-03f774e89959	13	51878749	52479867	210	-0.1761
11967ba0-a030-4a07-9576-03f774e89959	13	52483236	53074629	326	0.2652
11967ba0-a030-4a07-9576-03f774e89959	13	53077139	56433908	1597	-0.1983
11967ba0-a030-4a07-9576-03f774e89959	13	56443026	57496265	308	0.1726
11967ba0-a030-4a07-9576-03f774e89959	13	57496316	57891851	151	-0.2139
11967ba0-a030-4a07-9576-03f774e89959	13	57892929	60222775	1445	-0.8244
11967ba0-a030-4a07-9576-03f774e89959	13	60226799	63021991	1538	-0.1454
11967ba0-a030-4a07-9576-03f774e89959	13	63026004	63482557	231	-0.8299
11967ba0-a030-4a07-9576-03f774e89959	13	63492412	64376151	47	-0.2531
11967ba0-a030-4a07-9576-03f774e89959	13	64376290	66252186	1064	-0.8246
11967ba0-a030-4a07-9576-03f774e89959	13	66265295	67824521	646	-0.1641
11967ba0-a030-4a07-9576-03f774e89959	13	67826253	68130415	108	-0.8198
11967ba0-a030-4a07-9576-03f774e89959	13	68141446	70027732	1096	-0.1514
11967ba0-a030-4a07-9576-03f774e89959	13	70032953	70160420	70	0.2548
11967ba0-a030-4a07-9576-03f774e89959	13	70201639	91710933	13140	-0.1611
11967ba0-a030-4a07-9576-03f774e89959	13	91711699	114226675	14742	-0.1332
11967ba0-a030-4a07-9576-03f774e89959	14	20033191	21284260	733	-0.1028
11967ba0-a030-4a07-9576-03f774e89959	14	21284364	21635439	173	0.6127
11967ba0-a030-4a07-9576-03f774e89959	14	21635545	24099130	655	-0.0917
11967ba0-a030-4a07-9576-03f774e89959	14	24100525	24176827	31	0.7043
11967ba0-a030-4a07-9576-03f774e89959	14	24180463	59055615	19848	-0.0869
11967ba0-a030-4a07-9576-03f774e89959	14	59057134	65930468	4175	0.1507
11967ba0-a030-4a07-9576-03f774e89959	14	65930487	66334161	251	-0.1038
11967ba0-a030-4a07-9576-03f774e89959	14	66338648	70447107	2282	0.1427
11967ba0-a030-4a07-9576-03f774e89959	14	70455052	71931755	834	0.4976
11967ba0-a030-4a07-9576-03f774e89959	14	71942635	73043271	916	0.1661
11967ba0-a030-4a07-9576-03f774e89959	14	73055591	73703292	289	0.526
11967ba0-a030-4a07-9576-03f774e89959	14	73709615	74249972	290	0.1146
11967ba0-a030-4a07-9576-03f774e89959	14	74258344	75115075	435	0.5186
11967ba0-a030-4a07-9576-03f774e89959	14	75117121	79676214	3144	0.1599
11967ba0-a030-4a07-9576-03f774e89959	14	79679916	80308006	430	0.5309
11967ba0-a030-4a07-9576-03f774e89959	14	80308011	80449247	85	0.2111
11967ba0-a030-4a07-9576-03f774e89959	14	80450225	80605216	92	0.4932
11967ba0-a030-4a07-9576-03f774e89959	14	80605252	88561547	5037	0.1475
11967ba0-a030-4a07-9576-03f774e89959	14	88561667	89598386	497	-0.0744
11967ba0-a030-4a07-9576-03f774e89959	14	89600107	90810908	737	0.1492
11967ba0-a030-4a07-9576-03f774e89959	14	90810975	92210194	799	-0.0798
11967ba0-a030-4a07-9576-03f774e89959	14	92211184	92225091	20	0.1048
11967ba0-a030-4a07-9576-03f774e89959	14	92235092	92851221	449	0.3525
11967ba0-a030-4a07-9576-03f774e89959	14	92859356	93642519	378	0.1427
11967ba0-a030-4a07-9576-03f774e89959	14	93643378	93661108	2	1.3857
11967ba0-a030-4a07-9576-03f774e89959	14	93666748	94345133	481	0.1776
11967ba0-a030-4a07-9576-03f774e89959	14	94345527	94441907	88	-0.0873
11967ba0-a030-4a07-9576-03f774e89959	14	94442807	99115837	3566	-0.8311
11967ba0-a030-4a07-9576-03f774e89959	14	99115850	99805310	449	-0.383
11967ba0-a030-4a07-9576-03f774e89959	14	99806897	99832677	19	0.6519
11967ba0-a030-4a07-9576-03f774e89959	14	99838729	100916831	563	-0.4051
11967ba0-a030-4a07-9576-03f774e89959	14	100918300	102323959	726	-0.8353
11967ba0-a030-4a07-9576-03f774e89959	14	102328276	102377801	23	0.3795
11967ba0-a030-4a07-9576-03f774e89959	14	102383330	102688607	133	0.8289
11967ba0-a030-4a07-9576-03f774e89959	14	102690692	103516541	432	1.2489
11967ba0-a030-4a07-9576-03f774e89959	14	103516696	105533894	601	0.8359
11967ba0-a030-4a07-9576-03f774e89959	15	23437561	85781242	34886	0.166
11967ba0-a030-4a07-9576-03f774e89959	15	85789733	85861103	51	0.7916
11967ba0-a030-4a07-9576-03f774e89959	15	85861389	86018947	109	0.1499
11967ba0-a030-4a07-9576-03f774e89959	15	86019918	86038639	20	0.7485
11967ba0-a030-4a07-9576-03f774e89959	15	86042671	94480860	5331	0.1704
11967ba0-a030-4a07-9576-03f774e89959	15	94495765	94602725	61	0.8389
11967ba0-a030-4a07-9576-03f774e89959	15	94605046	95135408	418	0.1624
11967ba0-a030-4a07-9576-03f774e89959	15	95136910	95201270	56	0.7688
11967ba0-a030-4a07-9576-03f774e89959	15	95210055	96240377	816	0.18
11967ba0-a030-4a07-9576-03f774e89959	15	96244532	96576681	216	0.845
11967ba0-a030-4a07-9576-03f774e89959	15	96578959	101344124	2751	0.1885
11967ba0-a030-4a07-9576-03f774e89959	16	603333	4466091	1346	0.1221
11967ba0-a030-4a07-9576-03f774e89959	16	4468651	28036976	11774	0.1746
11967ba0-a030-4a07-9576-03f774e89959	16	28037468	28158393	99	0.1323
11967ba0-a030-4a07-9576-03f774e89959	16	28159689	28161788	2	-1.2201
11967ba0-a030-4a07-9576-03f774e89959	16	28164890	31841585	795	0.1024
11967ba0-a030-4a07-9576-03f774e89959	16	46470502	46738584	81	-0.2367
11967ba0-a030-4a07-9576-03f774e89959	16	46740477	47747620	403	-0.3938
11967ba0-a030-4a07-9576-03f774e89959	16	47748063	48261871	264	-0.1088
11967ba0-a030-4a07-9576-03f774e89959	16	48262922	48274176	6	0.3643
11967ba0-a030-4a07-9576-03f774e89959	16	48274201	48307297	14	0.5538
11967ba0-a030-4a07-9576-03f774e89959	16	48307833	48555434	132	0.9484
11967ba0-a030-4a07-9576-03f774e89959	16	48555858	48913245	220	0.729
11967ba0-a030-4a07-9576-03f774e89959	16	48913356	48955258	37	0.1046
11967ba0-a030-4a07-9576-03f774e89959	16	48959446	49176633	204	-0.3783
11967ba0-a030-4a07-9576-03f774e89959	16	49178101	49203839	32	0.4924
11967ba0-a030-4a07-9576-03f774e89959	16	49207864	50584825	889	-0.3934
11967ba0-a030-4a07-9576-03f774e89959	16	50585960	50675812	59	-0.0238
11967ba0-a030-4a07-9576-03f774e89959	16	50676945	51105404	322	-0.4272
11967ba0-a030-4a07-9576-03f774e89959	16	51107476	51395036	203	0.7435
11967ba0-a030-4a07-9576-03f774e89959	16	51396062	51707634	240	0.8943
11967ba0-a030-4a07-9576-03f774e89959	16	51709144	51939857	186	-0.096
11967ba0-a030-4a07-9576-03f774e89959	16	51940978	56048250	3154	-0.3943
11967ba0-a030-4a07-9576-03f774e89959	16	56048931	56096720	34	1.1436
11967ba0-a030-4a07-9576-03f774e89959	16	56098762	56402447	174	0.7626
11967ba0-a030-4a07-9576-03f774e89959	16	56412700	56538461	65	-0.3446
11967ba0-a030-4a07-9576-03f774e89959	16	56542758	56798162	155	1.0562
11967ba0-a030-4a07-9576-03f774e89959	16	56798390	57720356	546	0.7427
11967ba0-a030-4a07-9576-03f774e89959	16	57721764	57878991	80	0.1157
11967ba0-a030-4a07-9576-03f774e89959	16	57880901	58152617	155	0.7325
11967ba0-a030-4a07-9576-03f774e89959	16	58154170	58887000	466	1.1353
11967ba0-a030-4a07-9576-03f774e89959	16	58887034	59174809	189	0.7554
11967ba0-a030-4a07-9576-03f774e89959	16	59176381	59199331	21	0.1348
11967ba0-a030-4a07-9576-03f774e89959	16	59204221	59267010	42	-0.351
11967ba0-a030-4a07-9576-03f774e89959	16	59267892	59304225	31	0.7668
11967ba0-a030-4a07-9576-03f774e89959	16	59308479	64669663	3343	-0.4199
11967ba0-a030-4a07-9576-03f774e89959	16	64678514	65127542	354	0.7496
11967ba0-a030-4a07-9576-03f774e89959	16	65131493	65171121	36	-0.3985
11967ba0-a030-4a07-9576-03f774e89959	16	65173059	65282975	94	0.2132
11967ba0-a030-4a07-9576-03f774e89959	16	65286628	89317317	14887	-0.401
11967ba0-a030-4a07-9576-03f774e89959	17	1074619	7989856	3328	0.1584
11967ba0-a030-4a07-9576-03f774e89959	17	7994460	8316160	137	0.8906
11967ba0-a030-4a07-9576-03f774e89959	17	8316394	8664241	210	0.4132
11967ba0-a030-4a07-9576-03f774e89959	17	8667900	13082590	3075	0.2019
11967ba0-a030-4a07-9576-03f774e89959	17	13084152	16937575	1250	0.3703
11967ba0-a030-4a07-9576-03f774e89959	17	16937892	26983019	1743	0.1617
11967ba0-a030-4a07-9576-03f774e89959	17	26986664	82959812	27486	-0.0848
11967ba0-a030-4a07-9576-03f774e89959	18	326691	5613347	2787	0.1904
11967ba0-a030-4a07-9576-03f774e89959	18	5613600	8843162	1986	0.2344
11967ba0-a030-4a07-9576-03f774e89959	18	8843645	31028828	9412	0.1706
11967ba0-a030-4a07-9576-03f774e89959	18	31030540	79349796	28685	-0.3952
11967ba0-a030-4a07-9576-03f774e89959	19	283868	23079486	8587	0.1183
11967ba0-a030-4a07-9576-03f774e89959	19	23083253	23144761	31	0.6738
11967ba0-a030-4a07-9576-03f774e89959	19	23150444	23501309	187	0.1041
11967ba0-a030-4a07-9576-03f774e89959	19	23503402	23531914	14	0.6483
11967ba0-a030-4a07-9576-03f774e89959	19	23532326	27749470	233	0.1636
11967ba0-a030-4a07-9576-03f774e89959	19	27749586	28145325	273	0.7778
11967ba0-a030-4a07-9576-03f774e89959	19	28146293	29374174	1011	0.1615
11967ba0-a030-4a07-9576-03f774e89959	19	29374438	29415654	42	0.6019
11967ba0-a030-4a07-9576-03f774e89959	19	29421109	29432913	13	0.1166
11967ba0-a030-4a07-9576-03f774e89959	19	29434882	29457118	21	0.8545
11967ba0-a030-4a07-9576-03f774e89959	19	29465292	29599257	103	0.1303
11967ba0-a030-4a07-9576-03f774e89959	19	29599620	29607146	18	0.8154
11967ba0-a030-4a07-9576-03f774e89959	19	29615062	29799904	111	0.1649
11967ba0-a030-4a07-9576-03f774e89959	19	29800496	29831394	46	0.7609
11967ba0-a030-4a07-9576-03f774e89959	19	29834349	30164254	218	0.1912
11967ba0-a030-4a07-9576-03f774e89959	19	30167702	30250716	44	0.7406
11967ba0-a030-4a07-9576-03f774e89959	19	30254263	30265211	7	0.0594
11967ba0-a030-4a07-9576-03f774e89959	19	30277548	30335338	46	0.7455
11967ba0-a030-4a07-9576-03f774e89959	19	30335791	30383994	38	0.1149
11967ba0-a030-4a07-9576-03f774e89959	19	30384614	30428083	39	0.8493
11967ba0-a030-4a07-9576-03f774e89959	19	30433481	40524803	5739	0.1371
11967ba0-a030-4a07-9576-03f774e89959	19	40525487	52205734	4683	-0.1294
11967ba0-a030-4a07-9576-03f774e89959	19	52206493	57050875	1941	0.1226
11967ba0-a030-4a07-9576-03f774e89959	19	57052048	58370362	677	-0.1312
11967ba0-a030-4a07-9576-03f774e89959	20	472817	20341821	13462	0.1682
11967ba0-a030-4a07-9576-03f774e89959	20	20343466	20343661	2	-1.8165
11967ba0-a030-4a07-9576-03f774e89959	20	20343697	25368846	3194	0.1704
11967ba0-a030-4a07-9576-03f774e89959	20	25368902	37394136	3254	0.1237
11967ba0-a030-4a07-9576-03f774e89959	20	37404136	63588502	17594	0.1809
11967ba0-a030-4a07-9576-03f774e89959	21	13974127	46262057	20567	-0.0846
11967ba0-a030-4a07-9576-03f774e89959	22	16934932	36869037	9727	-0.3825
11967ba0-a030-4a07-9576-03f774e89959	22	36879544	37767770	494	-0.0941
11967ba0-a030-4a07-9576-03f774e89959	22	37768099	38394179	262	-0.3524
11967ba0-a030-4a07-9576-03f774e89959	22	38394523	39604540	531	-0.1091
11967ba0-a030-4a07-9576-03f774e89959	22	39605675	40998877	614	-0.3941
11967ba0-a030-4a07-9576-03f774e89959	22	40999121	41178098	234	-0.1103
11967ba0-a030-4a07-9576-03f774e89959	22	41178211	48787097	5092	-0.3913
11967ba0-a030-4a07-9576-03f774e89959	22	48791005	48940621	68	-0.0352
11967ba0-a030-4a07-9576-03f774e89959	X	3236359	36137107	14707	-0.4799
11967ba0-a030-4a07-9576-03f774e89959	X	36140179	36143726	4	-4.513
11967ba0-a030-4a07-9576-03f774e89959	X	36150284	36192283	37	-0.5215
11967ba0-a030-4a07-9576-03f774e89959	X	36192615	155677414	49075	0.1601
