GDC_Aliquot	Chromosome	Start	End	Num_Probes	Segment_Mean
2c850f85-09bb-449e-9970-75df77a94f71	1	3301765	247650984	129374	0.0004
2c850f85-09bb-449e-9970-75df77a94f71	2	480597	226692935	123155	0.0049
2c850f85-09bb-449e-9970-75df77a94f71	2	226694601	226704609	9	-1.0343
2c850f85-09bb-449e-9970-75df77a94f71	2	226705277	234353102	4348	0.0077
2c850f85-09bb-449e-9970-75df77a94f71	2	234353509	234358324	3	-1.424
2c850f85-09bb-449e-9970-75df77a94f71	2	234360118	241537572	4338	0.0116
2c850f85-09bb-449e-9970-75df77a94f71	3	2170634	61141148	33622	0.001
2c850f85-09bb-449e-9970-75df77a94f71	3	61141532	61142344	3	-1.546
2c850f85-09bb-449e-9970-75df77a94f71	3	61145227	197812401	73243	0.0013
2c850f85-09bb-449e-9970-75df77a94f71	4	1059384	25372477	15280	0.0013
2c850f85-09bb-449e-9970-75df77a94f71	4	25372485	25374453	2	1.5102
2c850f85-09bb-449e-9970-75df77a94f71	4	25378823	60184691	18235	0.0004
2c850f85-09bb-449e-9970-75df77a94f71	4	60185761	60185774	2	-1.6175
2c850f85-09bb-449e-9970-75df77a94f71	4	60186586	105371118	24947	0.0038
2c850f85-09bb-449e-9970-75df77a94f71	4	105374690	105376032	2	-1.9251
2c850f85-09bb-449e-9970-75df77a94f71	4	105376072	157168327	28588	0.0016
2c850f85-09bb-449e-9970-75df77a94f71	4	157173197	157182272	3	-1.6665
2c850f85-09bb-449e-9970-75df77a94f71	4	157182661	173267011	8778	0.0035
2c850f85-09bb-449e-9970-75df77a94f71	4	173267063	173269073	3	-1.7513
2c850f85-09bb-449e-9970-75df77a94f71	4	173274350	187842528	7353	0.0011
2c850f85-09bb-449e-9970-75df77a94f71	5	913983	180934240	100855	0.0005
2c850f85-09bb-449e-9970-75df77a94f71	6	1011760	170596889	96893	0.0016
2c850f85-09bb-449e-9970-75df77a94f71	7	664936	7897725	2996	-0.0067
2c850f85-09bb-449e-9970-75df77a94f71	7	7898713	7898737	2	-1.9514
2c850f85-09bb-449e-9970-75df77a94f71	7	7898965	49324720	25571	0.0001
2c850f85-09bb-449e-9970-75df77a94f71	7	49325095	49339038	13	-0.4771
2c850f85-09bb-449e-9970-75df77a94f71	7	49339555	143507648	45372	0.0023
2c850f85-09bb-449e-9970-75df77a94f71	7	143923163	143940557	8	1.0572
2c850f85-09bb-449e-9970-75df77a94f71	7	143940653	143970628	27	0.6655
2c850f85-09bb-449e-9970-75df77a94f71	7	143973144	156309367	6610	0.0048
2c850f85-09bb-449e-9970-75df77a94f71	7	156310230	156310458	2	-2.4529
2c850f85-09bb-449e-9970-75df77a94f71	7	156312687	157929111	894	0.0065
2c850f85-09bb-449e-9970-75df77a94f71	7	157931756	157931787	2	-1.5673
2c850f85-09bb-449e-9970-75df77a94f71	7	157934600	158592540	232	-0.0223
2c850f85-09bb-449e-9970-75df77a94f71	8	667625	144182542	81994	0.0014
2c850f85-09bb-449e-9970-75df77a94f71	9	789794	138044505	68297	0.0008
2c850f85-09bb-449e-9970-75df77a94f71	10	366509	133411599	81089	-0.0006
2c850f85-09bb-449e-9970-75df77a94f71	11	456012	116810292	65365	0.0008
2c850f85-09bb-449e-9970-75df77a94f71	11	116812778	116814051	4	-1.13
2c850f85-09bb-449e-9970-75df77a94f71	11	116819862	134272740	11988	0.0022
2c850f85-09bb-449e-9970-75df77a94f71	12	780472	132605822	74167	0.0001
2c850f85-09bb-449e-9970-75df77a94f71	13	18874255	114226675	56803	0.0016
2c850f85-09bb-449e-9970-75df77a94f71	14	20033191	66119200	25732	0.002
2c850f85-09bb-449e-9970-75df77a94f71	14	66119265	66119383	2	-1.8968
2c850f85-09bb-449e-9970-75df77a94f71	14	66120262	105533894	23910	-0.0019
2c850f85-09bb-449e-9970-75df77a94f71	15	23437561	101344124	44664	0.0018
2c850f85-09bb-449e-9970-75df77a94f71	16	603333	6537303	2741	-0.006
2c850f85-09bb-449e-9970-75df77a94f71	16	6538518	6538801	2	-1.6665
2c850f85-09bb-449e-9970-75df77a94f71	16	6538851	89317317	38393	0.0015
2c850f85-09bb-449e-9970-75df77a94f71	17	1074619	82959812	37215	-0.0003
2c850f85-09bb-449e-9970-75df77a94f71	18	326691	38996910	19178	0.0037
2c850f85-09bb-449e-9970-75df77a94f71	18	39001059	39001539	2	-1.3292
2c850f85-09bb-449e-9970-75df77a94f71	18	39008746	44724320	3169	-0.0069
2c850f85-09bb-449e-9970-75df77a94f71	18	44728007	44728023	2	-2.4958
2c850f85-09bb-449e-9970-75df77a94f71	18	44728207	79349796	20479	-0.0006
2c850f85-09bb-449e-9970-75df77a94f71	19	283868	58370362	24119	-0.0063
2c850f85-09bb-449e-9970-75df77a94f71	20	472817	63588502	37489	-0.0013
2c850f85-09bb-449e-9970-75df77a94f71	21	13974127	46262057	20547	-0.0001
2c850f85-09bb-449e-9970-75df77a94f71	22	16934932	32258975	6264	-0.0025
2c850f85-09bb-449e-9970-75df77a94f71	22	32258988	32260574	3	-1.2096
2c850f85-09bb-449e-9970-75df77a94f71	22	32262293	48940621	10787	-0.0039
2c850f85-09bb-449e-9970-75df77a94f71	X	3236359	155677414	63237	0.0068
