GDC_Aliquot	Chromosome	Start	End	Num_Probes	Segment_Mean
d6cd0da2-bedb-4fa1-959f-5115871702bf	1	3301765	170460572	81024	0.0017
d6cd0da2-bedb-4fa1-959f-5115871702bf	1	170460651	170461178	2	-1.4841
d6cd0da2-bedb-4fa1-959f-5115871702bf	1	170461814	247650984	48660	0.0019
d6cd0da2-bedb-4fa1-959f-5115871702bf	2	480597	56307903	33250	-0.0045
d6cd0da2-bedb-4fa1-959f-5115871702bf	2	56311325	56314123	9	-0.9206
d6cd0da2-bedb-4fa1-959f-5115871702bf	2	56322854	241537572	98893	-0.0024
d6cd0da2-bedb-4fa1-959f-5115871702bf	3	2170634	185131416	100109	0.0016
d6cd0da2-bedb-4fa1-959f-5115871702bf	3	185133320	185141032	2	-1.4639
d6cd0da2-bedb-4fa1-959f-5115871702bf	3	185142244	197812401	7028	0.0007
d6cd0da2-bedb-4fa1-959f-5115871702bf	4	1059384	187842528	103453	0.0037
d6cd0da2-bedb-4fa1-959f-5115871702bf	5	913983	108560625	57025	0.0028
d6cd0da2-bedb-4fa1-959f-5115871702bf	5	108561122	108569161	8	-0.9416
d6cd0da2-bedb-4fa1-959f-5115871702bf	5	108570834	180934240	44033	0.0005
d6cd0da2-bedb-4fa1-959f-5115871702bf	6	1011760	144765495	81658	0.0023
d6cd0da2-bedb-4fa1-959f-5115871702bf	6	144767978	144768625	4	-0.9942
d6cd0da2-bedb-4fa1-959f-5115871702bf	6	144773401	170596889	15457	0.0052
d6cd0da2-bedb-4fa1-959f-5115871702bf	7	664936	158592540	81915	0.004
d6cd0da2-bedb-4fa1-959f-5115871702bf	8	667625	144182542	82215	-0.0025
d6cd0da2-bedb-4fa1-959f-5115871702bf	9	789794	138044505	68452	0.001
d6cd0da2-bedb-4fa1-959f-5115871702bf	10	366509	76633391	45164	0.0009
d6cd0da2-bedb-4fa1-959f-5115871702bf	10	76634145	76634313	3	-1.5129
d6cd0da2-bedb-4fa1-959f-5115871702bf	10	76634657	107698840	19330	0
d6cd0da2-bedb-4fa1-959f-5115871702bf	10	107699288	107699887	2	-1.3496
d6cd0da2-bedb-4fa1-959f-5115871702bf	10	107699956	133411599	16759	0.0075
d6cd0da2-bedb-4fa1-959f-5115871702bf	11	456012	102780856	56621	0.0018
d6cd0da2-bedb-4fa1-959f-5115871702bf	11	102784326	102789366	6	-0.9856
d6cd0da2-bedb-4fa1-959f-5115871702bf	11	102790143	134272740	20917	0.003
d6cd0da2-bedb-4fa1-959f-5115871702bf	12	780472	132605822	74322	0.002
d6cd0da2-bedb-4fa1-959f-5115871702bf	13	18874255	93867772	43678	0.0019
d6cd0da2-bedb-4fa1-959f-5115871702bf	13	93869515	93924094	28	0.5131
d6cd0da2-bedb-4fa1-959f-5115871702bf	13	93924942	114226675	13261	0.0063
d6cd0da2-bedb-4fa1-959f-5115871702bf	14	20033191	99690434	47184	0.0031
d6cd0da2-bedb-4fa1-959f-5115871702bf	14	99691454	99694043	2	1.3281
d6cd0da2-bedb-4fa1-959f-5115871702bf	14	99696040	105533894	2584	0.0034
d6cd0da2-bedb-4fa1-959f-5115871702bf	15	23437561	101344124	44772	-0.001
d6cd0da2-bedb-4fa1-959f-5115871702bf	16	603333	66001840	26851	0.0014
d6cd0da2-bedb-4fa1-959f-5115871702bf	16	66002241	66009478	5	-1.1093
d6cd0da2-bedb-4fa1-959f-5115871702bf	16	66010002	89317317	14331	-0.0005
d6cd0da2-bedb-4fa1-959f-5115871702bf	17	1074619	66258467	28656	0.0026
d6cd0da2-bedb-4fa1-959f-5115871702bf	17	66262739	66262794	2	-1.831
d6cd0da2-bedb-4fa1-959f-5115871702bf	17	66263211	76589737	5977	0.0032
d6cd0da2-bedb-4fa1-959f-5115871702bf	17	76589865	76592348	2	-1.3469
d6cd0da2-bedb-4fa1-959f-5115871702bf	17	76592551	82959812	2628	0.0102
d6cd0da2-bedb-4fa1-959f-5115871702bf	18	326691	79349796	42943	0.0028
d6cd0da2-bedb-4fa1-959f-5115871702bf	19	283868	58370362	24151	0.0068
d6cd0da2-bedb-4fa1-959f-5115871702bf	20	472817	63588502	37544	0.0008
d6cd0da2-bedb-4fa1-959f-5115871702bf	21	13974127	27589994	8759	0.0002
d6cd0da2-bedb-4fa1-959f-5115871702bf	21	27593248	27601183	9	0.6501
d6cd0da2-bedb-4fa1-959f-5115871702bf	21	27605139	46262057	11826	0.0001
d6cd0da2-bedb-4fa1-959f-5115871702bf	22	16934932	48940621	17091	0.0017
d6cd0da2-bedb-4fa1-959f-5115871702bf	X	3236359	146304706	59924	0.0049
d6cd0da2-bedb-4fa1-959f-5115871702bf	X	146304842	146305041	3	-2.6199
d6cd0da2-bedb-4fa1-959f-5115871702bf	X	146305783	155677414	3898	-0.0006
